0.01   197.4397032003342   197.4396904944975
0.010293154462191829   199.6469605143   199.6469444110361
0.010594902878253955   201.78095444358243   201.7809382243838
0.010905497183778876   203.83544450093532   203.83543073044132
0.011225196699963396   205.8039514473713   205.80394111134606
0.011554268350120923   207.67996089834205   207.6799533693983
0.011892986882540897   209.45696040391965   209.4569542915108
0.012241635099881474   211.12846559471055   211.12845971989327
0.012600504095286909   212.68803096626257   212.68802442392843
0.012969893495426888   214.12909574427908   214.1290878741163
0.013350111710660605   215.4445233223267   215.4445135668236
0.013741476192534558   216.62712757363383   216.62711544815758
0.014144313698828986   217.6698437642923   217.6698288910973
0.01455896056637426   218.56555787793272   218.5655404612314
0.014985762991865008   219.30718847590575   219.3071696847052
0.01542507732090645   219.8878967493186   219.88787873488815
0.015877270345534218   220.30095328310446   220.30093822945105
0.016342719610456153   220.53949776681338   220.539485444595
0.016821813728271667   220.596976429804   220.59696379907203
0.017314952703931925   220.46723999407385   220.46722151388988
0.017822548268711737   220.1443690085993   220.14433964151758
0.01834502422397195   219.6228348813702   219.62279180772177
0.018882816794999403   218.89769337500644   218.89763599064548
0.019436374995219892   217.9645600185397   217.96448783691105
0.02000616100108813   216.8195981796276   216.81950708158342
0.020592650537967844   215.4596984119509   215.45958034833575
0.021196333277324068   213.8825903662116   213.88243418794963
0.02181771324555934   212.08715947814025   212.08695557613285
0.022457309244835088   210.07327922274368   210.07302134988382
0.02311565528622961   207.84172150034195   207.84140666931486
0.023793301035594242   205.39474145193194   205.3943680901554
0.024490812272480036   202.73623376740463   202.7357994202441
0.025208771362518027   199.87100242750722   199.87050368770252
0.0259477777436476   196.80513213575009   196.80456554978016
0.02670844842659881   193.5474348142852   193.54680053135257
0.027491418510046592   190.1079020724555   190.10720463997305
0.028297341710866907   186.49719622795456   186.4964442523285
0.029126890909937666   182.7287792639476   182.72798448850747
0.029980758713939952   178.8184910912491   178.81766753059463
0.030859658033628758   174.7822203683347   174.78138398544684
0.031764322679055976   170.6372030415869   170.6363730477313
0.03269550797224261   166.40483734378557   166.40404064980396
0.033653991377811755   162.1064658950847   162.1057370655579
0.03464057315210884   157.76266142161228   157.7620408306348
0.03565607701135116   153.3968697692674   153.3963932857936
0.036701350819364466   149.0335328497351   149.03322574088378
0.03777726729548091   144.69507933449964   144.69495712461546
0.038884724743189276   140.40483291531814   140.40491415525022
0.04002464780014597   136.1900789075817   136.19041000331777
0.041197988210172884   132.0758179845131   132.07647306262453
0.04240572561788674   128.0835700533829   128.08463486727868
0.04364886838662332   124.22863057946535   124.23009997879447
0.04492845444033957   120.52249327429438   120.52423361091705
0.04624555213019635   116.97498024712543   116.97674612497919
0.04760126112654554   113.60076813127931   113.60231975999838
0.04899671333706607   110.42228535648151   110.42354743398188
0.05043307385181555   107.45992830733242   107.46098551818119
0.05191154191598653   104.72322046155172   104.72426175549604
0.053433351931179485   102.19041046400159   102.19157985989716
0.05499977448602865   99.83496464637528   99.8363348190911
0.05661211741704101   97.63274339659684   97.63430352078194
0.05827172690053434   95.56185489867009   95.5634476825043
0.05997998857658587   93.60216895599012   93.60348660950031
0.06173832870592997   91.73011227910229   91.73075615853267
0.0635482153607709   89.91430233448848   89.91388227271439
0.06541115965050462   88.12377148434109   88.12192753872567
0.06732871698337338   86.32075458054793   86.31727027993534
0.06930248836510605   84.46500001875634   84.45986357634419
0.07133412173562886   82.51591393322646   82.50930531968727
0.07342531334496233   80.4306430901592   80.42291783158558
0.07557780916945323   78.17351834279117   78.16514580717414
0.07779340636952398   75.72193739540825   75.7133416024183
0.08007395479015682   73.06464135225389   73.05616917280375
0.08242135850536496   70.2124239235854   70.20434399826644
0.08483757740794096   67.18909926636401   67.18163481059213
0.08732462884580919   64.04014451798699   64.03359445147329
0.08988458930634863   60.81857622017044   60.813338266788534
0.09251959615009227   57.58608116168466   57.58266247042603
0.09523184939525078   54.40535156532166   54.404257419154646
0.09802361355455057   51.3399702198427   51.341553415513594
0.10089721952591899   48.45422126048068   48.45846160446235
0.10385506653859616   45.80607938166594   45.812521888926504
0.10689962415629803   43.44198969785481   43.449878891743914
0.11003343433910281   41.39547366412277   41.40386464893112
0.11325911356578279   39.669177288565706   39.677120649809346
0.11657935501835284   38.245239081521284   38.251861501598086
0.11999693083066039   37.07215447458396   37.07673550510581
0.12351469440289359   36.082808235890596   36.084737890285055
0.12713558278394044   35.19386408653821   35.19259801931007
0.13086261912358757   34.318130164837115   34.313408960436895
0.13469891519660646   33.372246270805185   33.36424153542497
0.13864767400083483   32.286764245251675   32.276112459011465
0.14271219243142114   31.019785103406846   31.007525929526107
0.14689586403346616   29.56292031184099   29.550436236586027
0.1512021818353596   27.94432166042449   27.933259922755912
0.15563474126517718   26.223541610602805   26.215549099900986
0.16019724315257297   24.484255986567028   24.480404796133964
0.1648934968186736   22.824317407079345   22.824662304278704
0.1697274232565544   21.338400614426217   21.341941344076467
0.17470305840495237   20.09165047629606   20.096766324894656
0.17982455651794954   19.098277680601388   19.103509251735453
0.18509619363343993   18.324793860382925   18.328483311376054
0.19052237114327647   17.707930774478115   17.708347536493097
0.19610761946807834   17.166623989737893   17.162700148332064
0.20185660183976684   16.608060336256177   16.60014819150919
0.20777411819498756   15.949364807744162   15.939015059086609
0.21386510918267082   15.154486401421957   15.143751891992052
0.22013466028907505   14.24891260956947   14.23971409322903
0.22658800608375756   13.298284072174033   13.292218569564136
0.23323053459001789   12.383290802466389   12.380879251036944
0.2400677917834628   11.577749218408359   11.577958864158347
0.24710548622244882   10.923923831291294   10.924738136043631
0.25434949381426813   10.412897893195296   10.412328469911182
0.2618058627210567   9.994624240545209   9.990941866654781
0.2694808184095226   9.596720258653475   9.589837770704275
0.27738076884870827   9.15398590724636   9.145363316716441
0.2855123098601282   8.645063104099552   8.636444969475598
0.29388223062474755   8.09652456973868   8.08969864748892
0.3024975193514008   7.558834183108955   7.554468232566988
0.31136536911138296   7.083623330332746   7.080828153564029
0.3204931838440838   6.693070184358298   6.689969362511334
0.32988858453867975   6.366795013722578   6.362067434096608
0.3395594155970457   6.062933218212085   6.0562296413440455
0.34951375138319807   5.7439454407535635   5.736292306925822
0.3597599029647371   5.400990532352134   5.393830010948972
0.37030642505191835   5.05771846026021   5.0518562691784235
0.3811621231401457   4.74405585958695   4.739144800807148
0.3923360608618501   4.473113876345115   4.467986497790214
0.4038375675538918   4.233869396609141   4.227735463289135
0.41567624604680364   4.002798696275769   3.9958347745088965
0.42786198068238046   3.7671014677966226   3.760146224989533
0.4404049455663077   3.533797706235201   3.5274610133492588
0.4533156130627191   3.3173290720036084   3.31142876448045
0.4666047625377753   3.123583296280688   3.1174845280875525
0.4802834893595659   2.9447950275469714   2.9382090865122876
0.49436321416184764   2.771101648930638   2.7643524168627924
0.5088556923793517   2.6013264546468364   2.5948125237714716
0.5237730240626238   2.441627715546217   2.435358481400817
0.5391276639805903   2.2949844836576894   2.2886571668435978
0.5549324320192869   2.1579634729552213   2.151462984313236
0.5712005238854289   2.026546234411477   2.020070621069608
0.5879455221237613   1.901325525242005   1.895015252114921
0.6051814074573895   1.7844413129354608   1.778207832509321
0.622922570460556   1.675296683257456   1.6690506430170167
0.6411838235736077   1.5719279985455654   1.565733537860495
0.6599804134701901   1.474066714499741   1.467996382206339
0.6793280337869897   1.3822908053005272   1.3763195796450498
0.6992428382266549   1.296291996706232   1.29038777417654
0.7197414540448374   1.21529812049309   1.2094814071132607
0.7408409959326054   1.1390304647521263   1.1333217742962742
0.7625590803058332   1.0672570799508203   1.0616729136694285
0.7849138400134885   0.9997527409663665   0.9943060885070738
0.8079239394770964   0.9362992609208595   0.9310000528849165
0.8316085902740278   0.8766857337855364   0.8715412492775405
0.8559875671776167   0.8207087119846784   0.8157239444380923
0.8810812246675007   0.7681715366815575   0.7633496306961001
0.9069105139239728   0.7188764189942708   0.7142201833041439
0.9334970003205227   0.6726301095008896   0.6681427175568881
0.960862881429187   0.6292504345454651   0.6249351825223457
0.9890310055537336   0.5885657858151171   0.5844258827011124
1.0180248908061487   0.5504145211666327   0.5464529217495198
1.047868744742366   0.5146443990249062   0.5108636740151212
1.0785874845736239   0.481112044471751   0.47751428262102524
1.1102067579703248   0.4496827035889474   0.44626940249029207
1.1427529644757777   0.4202309310941488   0.41700273670227783
1.1762532775476793   0.3926388014797817   0.3895954680599407
1.210735667245765   0.36679488752122197   0.36393534418516793
1.246228923584555   0.34259394365157103   0.33991636254792995
1.2827626805706884   0.31993660257810713   0.3174384675114194
1.3203674409449337   0.2987290836778932   0.2964072582829687
1.3590746016495152   0.2788829129468223   0.27673370768141003
1.3989164800420282   0.26031456418899707   0.25833376192354074
1.4399263408778291   0.24294503455943506   0.24112784041376173
1.4821384240834183   0.22669989545945826   0.22504101465016754
1.525587973344019   0.21150911011878748   0.21000284642097677
1.5703112655292182   0.1973067916713336   0.19594713564006708
1.6163456409812174   0.18403097329072385   0.18281168102547038
1.6637295346910133   0.17162338987613404   0.17053805306777456
1.7125025083885144   0.1600292708576569   0.1590713791164537
1.7627052835733923   0.14919714977189596   0.14836017514248057
1.814379775514258   0.13907868070278964   0.13835616973575066
1.8675691282445197   0.1296284487163559   0.12901404868009678
1.922317750584177   0.12080380148322892   0.1202912776492146
1.9786713532176083   0.11256469110511551   0.11214794220190338
2.0366769868582977   0.10487352424989974   0.10454659611929162
2.0963830815323896   0.09769502021458323   0.09745211771933594
2.1578394870138577   0.0909960756912669   0.090831570706938
2.2210975144450407   0.08474561705035873   0.08465400133722063
2.286209979177315   0.07891448558355894   0.07889033628769691
2.3532312448676476   0.07347534973297469   0.07351336100726047
2.4222172688678643   0.06840259694521852   0.0684976087457843
2.4932256489445366   0.06367223032246729   0.06381925155823946
2.5663156713684585   0.059261771131005905   0.0594559978573459
2.641548360413907   0.05515016686132879   0.05538699613991572
2.7189865293089923   0.0513177074432473   0.05159275191038479
2.798694832679631   0.047745970871111265   0.04805511245897651
2.8807398205309562   0.044417725176425595   0.04475713375369116
2.9651899938111903   0.04131683412848503   0.041682949986224425
3.05211586160442   0.03842819084580435   0.038817707950255964
3.1415899999999994   0.03573765546910671   0.03614750592066256
