0.01   9319.986037565062   9319.318059713167
0.010293154462191829   9419.945667503724   9419.236609544645
0.010594902878253955   9515.88616154966   9515.132298687508
0.010905497183778876   9607.496571282978   9606.693492288503
0.011225196699963396   9694.45728002167   9693.600193655364
0.011554268350120923   9776.437482173365   9775.521675811578
0.011892986882540897   9853.106540511446   9852.12743819473
0.012241635099881474   9924.131513864619   9923.084562172728
0.012600504095286909   9989.159402591113   9988.039390098362
0.012969893495426888   10047.834480056401   10046.635323517134
0.013350111710660605   10099.806839815668   10098.521599703987
0.013741476192534558   10144.72043185331   10143.341500239187
0.014144313698828986   10182.214127444753   10180.733435510265
0.01455896056637426   10211.93808322605   10210.347147984077
0.014985762991865008   10233.549707931112   10231.839484929647
0.01542507732090645   10246.698183260238   10244.8584396293
0.015877270345534218   10251.04619842099   10249.065422738597
0.016342719610456153   10246.27701361434   10244.142462106709
0.016821813728271667   10232.082351907458   10229.779723648448
0.017314952703931925   10208.168969640546   10205.682201107495
0.017822548268711737   10174.273475841223   10171.584871550804
0.01834502422397195   10130.16144676318   10127.251831699876
0.018882816794999403   10075.624233583965   10072.473114604445
0.019436374995219892   10010.490513737892   10007.076289755069
0.02000616100108813   9934.631312368689   9930.931493228836
0.020592650537967844   9847.969131267362   9843.960413615247
0.021196333277324068   9750.476577573496   9746.135029718445
0.02181771324555934   9642.174198510065   9637.475584573405
0.022457309244835088   9523.152078759882   9518.073428148902
0.02311565528622961   9393.585749217054   9388.107831041187
0.023793301035594242   9253.702277495155   9247.809957903668
0.024490812272480036   9103.789550942167   9097.472214637195
0.025208771362518027   8944.268001621385   8937.521753040917
0.0259477777436476   8775.630802273094   8768.459123510453
0.02670844842659881   8598.40695938746   8590.820433820121
0.027491418510046592   8413.250494356878   8405.26900427396
0.028297341710866907   8220.955777888865   8212.611116424223
0.029126890909937666   8022.32791820551   8013.662839793774
0.029980758713939952   7818.221548852546   7809.288915782837
0.030859658033628758   7609.713211705078   7600.576470106052
0.031764322679055976   7397.900806799585   7388.632832702123
0.03269550797224261   7183.834377317014   7174.515768286252
0.033653991377811755   6968.693677901268   6959.411539244041
0.03464057315210884   6753.74933579608   6744.59602963416
0.03565607701135116   6540.165231342645   6531.236759357676
0.036701350819364466   6329.1120405795655   6320.503532460483
0.03777726729548091   6122.011628340787   6113.806956704591
0.038884724743189276   5920.1850190477535   5912.455594709927
0.04002464780014597   5724.76902958553   5717.57449917518
0.041197988210172884   5536.626102051103   5530.010817603759
0.04240572561788674   5356.408178521691   5350.399783331683
0.04364886838662332   5184.657144536555   5179.268613641798
0.04492845444033957   5022.088584092945   5017.301019007899
0.04624555213019635   4869.904841652005   4865.628842468036
0.04760126112654554   4729.222331690942   4725.301013451291
0.04899671333706607   4600.74638233769   4596.967067724405
0.05043307385181555   4483.651406590544   4479.772580501035
0.05191154191598653   4376.706481523099   4372.4667579879115
0.053433351931179485   4278.793173971472   4273.911447198696
0.05499977448602865   4188.855563212782   4183.029395235416
0.05661211741704101   4105.915977493182   4098.821475852712
0.05827172690053434   4028.881132951633   4020.1837939010625
0.05997998857658587   3956.1819883994367   3945.566356913318
0.06173832870592997   3886.2378136901652   3873.415358825899
0.0635482153607709   3817.123304708829   3801.878742142802
0.06541115965050462   3746.6500810173657   3728.8814288631756
0.06732871698337338   3672.5971504225795   3652.345692822999
0.06930248836510605   3592.484093925343   3570.004304746821
0.07133412173562886   3504.0735371908345   3479.84552825332
0.07342531334496233   3405.6716367332433   3380.4451680791435
0.07557780916945323   3296.1020273124323   3270.8802780518704
0.07779340636952398   3175.2413048219314   3151.242134282482
0.08007395479015682   3043.6976593139684   3022.284634581541
0.08242135850536496   2903.2497060698497   2885.806339625776
0.08483757740794096   2756.2475772515577   2744.101712755759
0.08732462884580919   2605.6770475556687   2600.0684304753345
0.08988458930634863   2454.7150364122826   2456.684558543395
0.09251959615009227   2306.78344746398   2316.999955791981
0.09523184939525078   2165.4666576810987   2184.1313346830434
0.09802361355455057   2034.21826337676   2061.050779524467
0.10089721952591899   1916.0162645709447   1950.1793984805838
0.10385506653859616   1813.3245256083746   1853.4039722572993
0.10689962415629803   1727.1908239643979   1771.3510197421208
0.11003343433910281   1657.611692526464   1703.7121952751716
0.11325911356578279   1602.8486901173455   1648.6644717086178
0.11657935501835284   1560.2406335838973   1603.6507506034459
0.11999693083066039   1525.9693265852702   1565.3096444033895
0.12351469440289359   1495.7016734556923   1529.9769457790421
0.12713558278394044   1464.8029980067192   1493.894667700466
0.13086261912358757   1428.8443036033823   1453.68968081967
0.13469891519660646   1384.3245309665185   1406.832841754245
0.13864767400083483   1329.1956987134015   1352.0503701777407
0.14271219243142114   1263.3505752272865   1289.763554649439
0.14689586403346616   1188.5987839290262   1221.72153167718
0.1512021818353596   1108.5233147407369   1150.7744796862507
0.15563474126517718   1028.124903976128   1080.6396181330222
0.16019724315257297   953.060334709161   1015.4117604080776
0.1648934968186736   888.152373040047   958.3568251704603
0.1697274232565544   835.9730379031247   910.7013349743416
0.17470305840495237   796.5416949111986   872.1422953259989
0.17982455651794954   767.9090924932848   840.9859618403938
0.18509619363343993   746.6781078598436   814.5342278214097
0.19052237114327647   728.1112243428826   789.6823928281678
0.19610761946807834   706.8566243995772   763.2730883291422
0.20185660183976684   678.9166425623027   733.162463635954
0.20777411819498756   643.2851887565431   699.024318608331
0.21386510918267082   601.8476923966901   662.515383261363
0.22013466028907505   558.3156401540061   625.8194990772027
0.22658800608375756   517.3600506844788   591.41118331337
0.23323053459001789   482.93267313614024   561.3221152297162
0.2400677917834628   456.6393710570179   535.8225779565305
0.24710548622244882   437.4657526818255   514.3083888651278
0.25434949381426813   422.25685248981256   494.8846903049546
0.2618058627210567   406.79016378261355   475.60189574188485
0.2694808184095226   387.97943962803794   455.324781650172
0.27738076884870827   365.3082664742703   433.856910049806
0.2855123098601282   340.53331281925375   412.4569202522101
0.29388223062474755   316.80476359463   392.1031532698543
0.3024975193514008   296.8799210192241   373.7877773164966
0.31136536911138296   281.3561762002437   357.58652974502365
0.3204931838440838   268.75462295052546   342.56822409861303
0.32988858453867975   256.5792593047717   328.18334848687226
0.3395594155970457   242.90870894386606   313.84304615049683
0.34951375138319807   227.79277589455296   299.49285239191806
0.3597599029647371   212.80442864890793   285.80303633641637
0.37030642505191835   199.58398181696464   273.06659011192846
0.3811621231401457   188.63203035193035   261.3159585531666
0.3923360608618501   178.99876970846157   250.24122145955846
0.4038375675538918   169.33582976683692   239.57311795724524
0.41567624604680364   159.17144928363876   229.1751235345535
0.42786198068238046   149.1132020697016   219.2107612818026
0.4404049455663077   140.02910495843875   209.85814275785253
0.4533156130627191   132.06769049096505   201.0478152848854
0.4666047625377753   124.6707464611698   192.66926220974736
0.4802834893595659   117.29695772524357   184.63986664975647
0.49436321416184764   110.04948054781568   176.9453275377746
0.5088556923793517   103.32366859462473   169.654786162437
0.5237730240626238   97.227159824379   162.7628830320493
0.5391276639805903   91.48942436272824   156.1907331089812
0.5549324320192869   85.92030274274238   149.9145557720858
0.5712005238854289   80.62231771347977   143.9284200625933
0.5879455221237613   75.71804345688973   138.2484085888272
0.6051814074573895   71.13803073588336   132.8470975890839
0.622922570460556   66.7700912698983   127.67393117595353
0.6411838235736077   62.634768310433884   122.7654001043725
0.6599804134701901   58.77019838870249   118.08805002282641
0.6793280337869897   55.13433928412527   113.62833465127473
0.6992428382266549   51.71160592857734   109.37528400190281
0.7197414540448374   48.49062004432362   105.31811422565552
0.7408409959326054   45.46051377305736   101.44665932285614
0.7625590803058332   42.610915013537785   97.75133295784907
0.7849138400134885   39.93193244225751   94.22309279097
0.8079239394770964   37.41413975917698   90.85340391578634
0.8316085902740278   35.048506669091594   87.63387944189257
0.8559875671776167   32.826356266148046   84.55603027294907
0.8810812246675007   30.739457186752176   81.61185226459897
0.9069105139239728   28.780014936194682   78.7938594449475
0.9334970003205227   26.940651285505645   76.09504703068596
0.960862881429187   25.214384454280214   73.50885735729497
0.9890310055537336   23.594610065267727   71.02914801717182
1.0180248908061487   22.075083526642032   68.6500214788126
1.047868744742366   20.649903159469208   66.36562624084901
1.0785874845736239   19.31349165058488   64.1704593783084
1.1102067579703248   18.060579720949644   62.05939200362666
1.1427529644757777   16.88619074111905   60.027642321624654
1.1762532775476793   15.785625995099604   58.070750902296936
1.210735667245765   14.754450573669939   56.184557944485945
1.246228923584555   13.788478744368105   54.36511448712378
1.2827626805706884   12.883759110321613   52.60853096849023
1.3203674409449337   12.036565869093232   50.91115462960444
1.3590746016495152   11.243387645121949   49.26959556509586
1.3989164800420282   10.50091606563109   47.68070868166778
1.4399263408778291   9.806034877844384   46.14157712559464
1.4821384240834183   9.15580958675234   44.64949703755871
1.525587973344019   8.547477263038385   43.201957440722495
1.5703112655292182   7.978436286248586   41.79660950083923
1.6163456409812174   7.4462387314537715   40.43127608280721
1.6637295346910133   6.948582223402529   39.103947441450565
1.7125025083885144   6.483301807934512   37.81277060612824
1.7627052835733923   6.048362238568841   36.55603950864897
1.814379775514258   5.6418506598784335   35.33218577876492
1.8675691282445197   5.261969688944396   34.139793277269476
1.922317750584177   4.907030914301357   32.97768807519172
1.9786713532176083   4.5754485724407745   31.84483114275079
2.0366769868582977   4.265733611188149   30.740265200053752
2.0963830815323896   3.9764881081908605   29.663109408918857
2.1578394870138577   3.7063999877192035   28.612554358667904
2.2210975144450407   3.454238021565088   27.587857279777346
2.286209979177315   3.2188469265104724   26.58835473304738
2.3532312448676476   2.999141907896228   25.613562289352398
2.4222172688678643   2.794105454558501   24.6630820265863
2.4932256489445366   2.6027839267098862   23.736538129970594
2.5663156713684585   2.424283708998954   22.83357446398375
2.641548360413907   2.257767580845262   21.95385252152642
2.7189865293089923   2.10245129533258   21.09704945660473
2.798694832679631   1.957600505035577   20.26287815071374
2.8807398205309562   1.8225289492996577   19.451274087435223
2.9651899938111903   1.696594562252321   18.662264705771
3.05211586160442   1.5791958802204524   17.895832433976725
3.1415899999999994   1.4697695934927162   17.151915512499844
