0.01   10149.109123867565   10148.13194908029
0.010293154462191829   10264.326426095296   10263.276331236199
0.010594902878253955   10375.538544297506   10374.408635306088
0.010905497183778876   10482.408466356395   10481.191437485206
0.011225196699963396   10584.596651573373   10583.284796364229
0.011554268350120923   10681.752830897482   10680.338039146742
0.011892986882540897   10773.514268907378   10771.98802225619
0.012241635099881474   10859.51824631577   10857.87163874286
0.012600504095286909   10939.398662549786   10937.622271408534
0.012969893495426888   11012.768403906932   11010.85164067181
0.013350111710660605   11079.238459460805   11077.16940339936
0.013741476192534558   11138.425562527602   11136.190994948227
0.014144313698828986   11189.93804431345   11187.523674480464
0.01455896056637426   11233.379206868483   11230.769898534167
0.014985762991865008   11268.364387195359   11265.54423492299
0.01542507732090645   11294.515326554503   11291.467385383141
0.015877270345534218   11311.445570220532   11308.150902288822
0.016342719610456153   11318.7840281665   11315.22161724017
0.016821813728271667   11316.181074129401   11312.32793221351
0.017314952703931925   11303.295100945896   11299.126121151538
0.017822548268711737   11279.8018918613   11275.289842340997
0.01834502422397195   11245.409181481622   11240.52492770989
0.018882816794999403   11199.855236589034   11194.567671000204
0.019436374995219892   11142.906955291131   11137.182618070154
0.02000616100108813   11074.371594969449   11068.174945099006
0.020592650537967844   10994.102072204783   10987.395969104047
0.021196333277324068   10902.007419852365   10894.75418754664
0.02181771324555934   10798.049971508539   10790.212128539932
0.022457309244835088   10682.243684286579   10673.784426098471
0.02311565528622961   10554.681256649441   10545.566245431439
0.023793301035594242   10415.545654270547   10405.745325773536
0.024490812272480036   10265.074074405387   10254.564058912385
0.025208771362518027   10103.57398002281   10092.336063238925
0.0259477777436476   9931.498811917178   9919.524747843307
0.02670844842659881   9749.373276675698   9736.665704088864
0.027491418510046592   9557.762968960686   9544.335134622264
0.028297341710866907   9357.382477071724   9343.261375464104
0.029126890909937666   9149.084665789813   9134.313790227803
0.029980758713939952   8933.731397997184   8918.36939628412
0.030859658033628758   8712.256699172485   8696.376517489
0.031764322679055976   8485.832719862925   8469.522420844107
0.03269550797224261   8255.637772898514   8238.998831112316
0.033653991377811755   8022.8073364617685   8005.952363697129
0.03464057315210884   7788.639743911682   7771.691068733684
0.03565607701135116   7554.5033608167   7537.591287608232
0.036701350819364466   7321.65171221304   7304.91220085653
0.03777726729548091   7091.387363552253   7074.95503303965
0.038884724743189276   6865.26765958462   6849.263113951442
0.04002464780014597   6644.719842973516   6629.248569058898
0.041197988210172884   6430.970539474646   6416.122824452376
0.04240572561788674   6224.932197567509   6210.775001533955
0.04364886838662332   6027.3055115415   6013.880152794871
0.04492845444033957   5838.6816426492305   5826.006446117879
0.04624555213019635   5659.927084721563   5647.971433185148
0.04760126112654554   5492.395936632952   5481.038925367554
0.04899671333706607   5337.317897592757   5326.354622878907
0.05043307385181555   5195.356504686143   5184.514743349808
0.05191154191598653   5065.496537983118   5054.472488656728
0.053433351931179485   4946.4329493044825   4934.900179677983
0.05499977448602865   4836.971635390795   4824.579056835433
0.05661211741704101   4735.9738409510255   4722.335681023778
0.05827172690053434   4642.383482905671   4627.078368875132
0.05997998857658587   4554.955779253402   4537.5505607524165
0.06173832870592997   4471.970426436492   4452.0671037874345
0.0635482153607709   4391.712990059122   4368.960490404132
0.06541115965050462   4312.047359451787   4286.214783523382
0.06732871698337338   4230.633407616958   4201.65646932465
0.06930248836510605   4145.050239638163   4113.07501185662
0.07133412173562886   4052.6313952620426   4018.090980931833
0.07342531334496233   3951.0225976437277   3914.6597184889
0.07557780916945323   3838.4466008941486   3801.396625444484
0.07779340636952398   3713.715301732117   3677.4580149116
0.08007395479015682   3576.8056932602226   3543.0232403374175
0.08242135850536496   3428.475856825069   3398.9653962328935
0.08483757740794096   3270.7751765324674   3247.414314404879
0.08732462884580919   3106.3301950599475   3090.953888374682
0.08988458930634863   2938.4417069108986   2932.6290469704763
0.09251959615009227   2770.617174656689   2775.6022464127773
0.09523184939525078   2606.564427521076   2623.1644480369932
0.09802361355455057   2450.210433648407   2478.5690452357085
0.10089721952591899   2305.222384752089   2344.7506164430515
0.10385506653859616   2174.8062565596447   2224.1915693575006
0.10689962415629803   2061.5364337397605   2118.8155655596306
0.11003343433910281   1966.41017542458   2029.0081623876115
0.11325911356578279   1889.2967549697528   1954.1777386824067
0.11657935501835284   1828.132289986758   1892.3370476612722
0.11999693083066039   1779.8546682785545   1840.7015928557964
0.12351469440289359   1740.1912907620988   1795.5017297494771
0.12713558278394044   1704.317880341271   1752.8981044329776
0.13086261912358757   1667.1831332050049   1709.138796015326
0.13469891519660646   1624.0323745028002   1660.736176212947
0.13864767400083483   1571.2339911939528   1605.3796811492668
0.14271219243142114   1506.813661635702   1542.1046897047352
0.14689586403346616   1430.9330415139882   1471.3325097264521
0.1512021818353596   1345.8396600507185   1395.4059995394996
0.15563474126517718   1255.649008698978   1317.4468181618777
0.16019724315257297   1165.9129155628798   1241.0902952541096
0.1648934968186736   1082.7436436928165   1170.5160251355924
0.1697274232565544   1011.2201575587429   1108.6288396664556
0.17470305840495237   953.8700978874174   1056.5195000781828
0.17982455651794954   910.4082882578317   1013.7504465474466
0.18509619363343993   878.4276167848711   977.9965137785929
0.19052237114327647   853.9881463430503   946.602800901303
0.19610761946807834   831.7897771074258   916.6767684318066
0.20185660183976684   806.0602663863135   884.989127726708
0.20777411819498756   772.7353293589965   849.5874780858782
0.21386510918267082   731.1330196678978   810.6966940296643
0.22013466028907505   683.6790604474892   770.0152793073543
0.22658800608375756   634.6321880645154   729.7286926897606
0.23323053459001789   589.0882911798008   692.3235704692672
0.2400677917834628   551.1296165566868   659.2952797778788
0.24710548622244882   522.1537614316761   630.8384969948506
0.25434949381426813   500.69910967860295   606.1053334249189
0.2618058627210567   483.0786751480326   583.1619959785384
0.2694808184095226   464.6825174299058   560.3929908288172
0.27738076884870827   442.41061051824335   536.8912056679819
0.2855123098601282   416.07637168947434   512.6157083780721
0.29388223062474755   387.8838057142319   488.58590884961524
0.3024975193514008   361.3336935702825   466.08483267385
0.31136536911138296   339.23236292962446   445.48171835637845
0.3204931838440838   321.9059749288146   426.9553756523521
0.32988858453867975   307.49834317174486   409.622569361167
0.3395594155970457   293.2485739435669   392.92296414147347
0.34951375138319807   277.26739929137693   376.2829337115814
0.3597599029647371   259.8876624632451   360.0224745608177
0.37030642505191835   242.9477131558372   344.5453777180382
0.3811621231401457   228.14221924790525   330.0941727111483
0.3923360608618501   215.7993769915967   316.53090166707665
0.4038375675538918   204.73436295823151   303.75880595712874
0.41567624604680364   193.52161116122832   291.4021141902784
0.42786198068238046   181.81505953759543   279.42110204959624
0.4404049455663077   170.3848157037407   268.0020849954862
0.4533156130627191   160.1286882406062   257.2185546162691
0.4666047625377753   151.08025091627144   247.04132896994568
0.4802834893595659   142.57462353912038   237.35790629532121
0.49436321416184764   134.0880150620689   228.03477196918027
0.5088556923793517   125.81385662043733   219.1134788022869
0.5237730240626238   118.1760805198391   210.65718587761083
0.5391276639805903   111.22500245001821   202.64010457941023
0.5549324320192869   104.64238692870228   194.98367483239795
0.5712005238854289   98.26029119809333   187.64676490255474
0.5879455221237613   92.21736391708475   180.65268957416262
0.6051814074573895   86.6239903210644   174.0029262103956
0.622922570460556   81.38142760668158   167.66621317397153
0.6411838235736077   76.3808736518522   161.5980334829104
0.6599804134701901   71.65546038025752   155.80120940889242
0.6793280337869897   67.24428719418596   150.2887343221062
0.6992428382266549   63.093956752003685   145.02332253197045
0.7197414540448374   59.18232652398839   139.9859729292019
0.7408409959326054   55.497931471410844   135.1655811651992
0.7625590803058332   52.029618730869785   130.5516363716011
0.7849138400134885   48.76656512018176   126.13418698072569
0.8079239394770964   45.69829104127912   121.90380864398924
0.8316085902740278   42.814671081927415   117.85157411217753
0.8559875671776167   40.1059316198514   113.96899795030373
0.8810812246675007   37.56232966113436   110.24709537174822
0.9069105139239728   35.17418078859081   106.6762743026475
0.9334970003205227   32.93232231709927   103.24752618649974
0.960862881429187   30.828113633829727   99.95245765021336
0.9890310055537336   28.8534073154106   96.78324550118043
1.0180248908061487   27.000521807497883   93.73259550320572
1.047868744742366   25.262215583304712   90.79370458535689
1.0785874845736239   23.631666276791147   87.96021155280836
1.1102067579703248   22.102497065235156   85.22595292847274
1.1427529644757777   20.668727803791693   82.5850112669579
1.1762532775476793   19.32470627058606   80.03188231628211
1.210735667245765   18.065090939417306   77.56145182207403
1.246228923584555   16.884835793933277   75.16896907283699
1.2827626805706884   15.779175738434727   72.8500226179659
1.3203674409449337   14.743612593242181   70.60051795075745
1.3590746016495152   13.773900318522564   68.41664265958302
1.3989164800420282   12.866022902685016   66.29474275290083
1.4399263408778291   12.016190535179197   64.23138057844183
1.4821384240834183   11.22083390949989   62.223384918437326
1.525587973344019   10.476592315856356   60.267835035303015
1.5703112655292182   9.780302265078246   58.362045379132326
1.6163456409812174   9.128986673327175   56.50355137905971
1.6637295346910133   8.519844584263364   54.690096202067195
1.7125025083885144   7.950241436489822   52.919660353643266
1.7627052835733923   7.417699900183982   51.190610356669715
1.814379775514258   6.919890938098964   49.50151702085787
1.8675691282445197   6.454625409920884   47.851074347691885
1.922317750584177   6.019846163217799   46.23809189090991
1.9786713532176083   5.613620534654741   44.661487478835866
2.0366769868582977   5.234133242879032   43.12028023490565
2.0963830815323896   4.879679654870922   41.6135839115382
2.1578394870138577   4.548658908032928   40.1406841665671
2.2210975144450407   4.239567067917338   38.701185941045004
2.286209979177315   3.9509929690218417   37.294768625370914
2.3532312448676476   3.681613053848177   35.92112987766677
2.4222172688678643   3.4301861754690726   34.579983007018534
2.4932256489445366   3.1955486906316435   33.27105445134552
2.5663156713684585   2.9766098284434666   31.994081351301585
2.641548360413907   2.7723473286565414   30.748810901584484
2.7189865293089923   2.581804193442247   29.535181023501973
2.798694832679631   2.404085247488535   28.353443212290127
2.8807398205309562   2.238351669411022   27.203804732375744
2.9651899938111903   2.0838174351500443   26.0863896866112
3.05211586160442   1.9397461649940773   25.001243341403832
3.1415899999999994   1.8054481452765152   23.948336493605204
