0.01   1637.5824496801206   1637.5423381677606
0.010293154462191829   1648.4513417116611   1648.4108596165281
0.010594902878253955   1658.3405304637683   1658.2997802249004
0.010905497183778876   1667.1950817130066   1667.1541626102571
0.011225196699963396   1674.9592800143687   1674.9182692928894
0.011554268350120923   1681.5762621209465   1681.5351897413345
0.011892986882540897   1686.9906429142577   1686.9494889627595
0.012241635099881474   1691.1478572600456   1691.1065644911469
0.012600504095286909   1693.9902841292062   1693.9488182805846
0.012969893495426888   1695.4614233649793   1695.4197909628922
0.013350111710660605   1695.5077066110848   1695.465953744195
0.013741476192534558   1694.0759436523724   1694.0341237792138
0.014144313698828986   1691.1138934784599   1691.0720363666694
0.01455896056637426   1686.5736311996127   1686.531741756641
0.014985762991865008   1680.410741198793   1680.368798099888
0.01542507732090645   1672.5817486616254   1672.5396995700216
0.015877270345534218   1663.0482743497857   1663.0060358577523
0.016342719610456153   1651.7782471059516   1651.7357061032153
0.016821813728271667   1638.7441157859996   1638.7011310595924
0.017314952703931925   1623.9241494607013   1623.8805537132964
0.017822548268711737   1607.304623575157   1607.2602259118632
0.01834502422397195   1588.8804396261814   1588.8350286078507
0.018882816794999403   1568.6556865667123   1568.6090338450933
0.019436374995219892   1546.643608104918   1546.5954719435747
0.02000616100108813   1522.8674128089174   1522.8175455290893
0.020592650537967844   1497.364965065834   1497.3131476243934
0.021196333277324068   1470.1858602542031   1470.131919049014
0.02181771324555934   1441.3887453743416   1441.3325528326884
0.022457309244835088   1411.048833630441   1410.9903306941976
0.02311565528622961   1379.2614195809854   1379.2006486094629
0.023793301035594242   1346.1290727228554   1346.0661734792675
0.024490812272480036   1311.7643381098985   1311.6995534140497
0.025208771362518027   1276.3091411406467   1276.2428845704421
0.0259477777436476   1239.9148352647871   1239.847697456436
0.02670844842659881   1202.7325413353465   1202.6652656172103
0.027491418510046592   1164.9388184038187   1164.872297539772
0.028297341710866907   1126.7346279883532   1126.6699004731925
0.029126890909937666   1088.3107742325144   1088.2489933608565
0.029980758713939952   1049.8575944824452   1049.800009168811
0.030859658033628758   1011.5975264774637   1011.545496623939
0.031764322679055976   973.7417095854623   973.6966822798239
0.03269550797224261   936.4805264453706   936.4439944465173
0.033653991377811755   900.0363952964855   900.0097249413164
0.03464057315210884   864.6453482352282   864.6296649986521
0.03565607701135116   830.5074958723168   830.503708334834
0.036701350819364466   797.7846280068159   797.793427421545
0.03777726729548091   766.5979304059275   766.6197451036581
0.038884724743189276   737.0413236157849   737.0763518628098
0.04002464780014597   709.196031870078   709.244224846241
0.041197988210172884   683.2204299053194   683.280897583492
0.04240572561788674   659.3000841627932   659.3708592415073
0.04364886838662332   637.5862790046764   637.6644851373989
0.04492845444033957   618.0647520275073   618.1468268103877
0.04624555213019635   600.5364422666307   600.6183288579067
0.04760126112654554   584.8126589779266   584.8898368171366
0.04899671333706607   570.7187220763608   570.7861827724395
0.05043307385181555   558.0890703459136   558.1412756825745
0.05191154191598653   546.7690028038761   546.7999006975568
0.053433351931179485   536.5363788435252   536.5396822207136
0.05499977448602865   527.1261612122123   527.0955567500707
0.05661211741704101   518.2605805339348   518.1899739313991
0.05827172690053434   509.573403090731   509.4577557365672
0.05997998857658587   500.69323421938475   500.52886704608466
0.06173832870592997   491.20373738510494   490.9893226658747
0.0635482153607709   480.6770938953551   480.4143123923508
0.06541115965050462   468.7416587689752   468.43557324738157
0.06732871698337338   455.09544629231686   454.75480225951276
0.06930248836510605   439.57038128548237   439.2076951176878
0.07133412173562886   422.17040112527786   421.8019578154126
0.07342531334496233   403.0250300888039   402.6691996817109
0.07557780916945323   382.39812623184457   382.0733164785434
0.07779340636952398   360.67750845927   360.40198673594296
0.08007395479015682   338.3466741134692   338.13821418764894
0.08242135850536496   315.94710905942236   315.8200836677255
0.08483757740794096   294.0418885761349   294.00550134434815
0.08732462884580919   273.2630106523076   273.31984159872553
0.08988458930634863   254.1537845521934   254.29966179368037
0.09251959615009227   237.22316413558272   237.4439536939256
0.09523184939525078   222.8164183022671   223.08976081038094
0.09802361355455057   211.0754254077397   211.37204269955436
0.10089721952591899   201.9478677543541   202.23407631842943
0.10385506653859616   195.1670356903228   195.40704596274455
0.10689962415629803   190.29794082516446   190.45743000896368
0.11003343433910281   186.77885887597063   186.8285294859335
0.11325911356578279   183.92106038082906   183.8424456376013
0.11657935501835284   180.99300468098093   180.78111296226209
0.11999693083066039   177.27219124218692   176.93815989750073
0.12351469440289359   172.17508042392384   171.75045822770605
0.12713558278394044   165.34634129830943   164.87904373215557
0.13086261912358757   156.72110232127886   156.26788273926562
0.13469891519660646   146.5589451110938   146.17815317153958
0.13864767400083483   135.4548619751745   135.1960279905962
0.14271219243142114   124.2622408778544   124.15275113969082
0.14689586403346616   113.8947987095253   113.9321494777959
0.1512021818353596   105.07660361007092   105.22970642456681
0.15563474126517718   98.17393258663631   98.38956489777499
0.16019724315257297   93.21040428296281   93.4222730354223
0.1648934968186736   89.94606192321372   90.08783294357971
0.1697274232565544   87.8719808915021   87.88874583623607
0.17470305840495237   86.21162198747257   86.07790586759621
0.17982455651794954   84.11871142076467   83.85193495713055
0.18509619363343993   80.98171286436634   80.63993248177366
0.19052237114327647   76.61597275154631   76.27485380205674
0.19610761946807834   71.2483432115795   70.98508884188617
0.20185660183976684   65.46375571030195   65.33307392469182
0.20777411819498756   60.02406575949931   60.028042830774105
0.21386510918267082   55.5466337277512   55.642069878113396
0.22013466028907505   52.29789318662224   52.40892251578223
0.22658800608375756   50.15171160117526   50.20571651799961
0.23323053459001789   48.614178437382336   48.56087238675767
0.2400677917834628   47.03685876230992   46.87859672821103
0.24710548622244882   44.94404874543451   44.737281239729185
0.25434949381426813   42.202279722780055   42.01958590721168
0.2618058627210567   39.0618924308629   38.96690488795152
0.2694808184095226   36.038328087333724   36.03818073874747
0.27738076884870827   33.56056952956994   33.615572410027845
0.2855123098601282   31.743827708200364   31.7890635938756
0.29388223062474755   30.38352809438274   30.37061919511781
0.3024975193514008   29.081568410975937   29.00727655380948
0.31136536911138296   27.530888718335195   27.439420630658727
0.3204931838440838   25.720287499161888   25.667813018501942
0.32988858453867975   23.88035849883725   23.88682475796704
0.3395594155970457   22.28578923315402   22.329151424558404
0.34951375138319807   21.029407061890222   21.066674081601686
0.3597599029647371   19.97124080640744   19.97687723697852
0.37030642505191835   18.89778731477329   18.884459301053575
0.3811621231401457   17.720836178404788   17.721773154947986
0.3923360608618501   16.52945823905207   16.562991041977323
0.4038375675538918   15.466596618800626   15.519543513366148
0.41567624604680364   14.568856364434797   14.61701356948755
0.42786198068238046   13.747993205657673   13.784253473329061
0.4404049455663077   12.915771346868349   12.953867764161476
0.4533156130627191   12.080662407541908   12.13536983967014
0.4666047625377753   11.309676746908615   11.376645590416542
0.4802834893595659   10.625913479242948   10.692491591795072
0.49436321416184764   9.987690315130902   10.052029138989163
0.5088556923793517   9.36117457214022   9.430791993512926
0.5237730240626238   8.76172171108779   8.840059178918834
0.5391276639805903   8.212595385484741   8.294754700564607
0.5549324320192869   7.704390125298432   7.786983747671625
0.5712005238854289   7.217919425810751   7.303861929739921
0.5879455221237613   6.756821960876196   6.847818118422655
0.6051814074573895   6.325963700626074   6.420997214705172
0.622922570460556   5.922451038412514   6.020672683559832
0.6411838235736077   5.544357552595264   5.6451342903216135
0.6599804134701901   5.189924818130973   5.292798560498906
0.6793280337869897   4.857536892797473   4.9621899298791385
0.6992428382266549   4.5457073394789855   4.65193280772023
0.7197414540448374   4.253067514730489   4.360744265588026
0.7408409959326054   3.9783625414847394   4.087430515912747
0.7625590803058332   3.7205282080565274   3.8309232813619354
0.7849138400134885   3.478632866942943   3.590250222160122
0.8079239394770964   3.251787524268757   3.3644894256400457
0.8316085902740278   3.039142862021815   3.1527664516268676
0.8559875671776167   2.8398884502673067   2.9542525046654893
0.8810812246675007   2.653251866666177   2.768162615262734
0.9069105139239728   2.4784972930611127   2.593753630518307
0.9334970003205227   2.3149108345713   2.4303160540348285
0.960862881429187   2.1618011302335147   2.2771729748438245
0.9890310055537336   2.018517273033035   2.1336871881526402
1.0180248908061487   1.8844475951085018   1.999259520212375
1.047868744742366   1.759017370452591   1.8733266976802352
1.0785874845736239   1.6416866484714252   1.7553593237769896
1.1102067579703248   1.5319482259283637   1.6448599702238929
1.1427529644757777   1.429327332104581   1.541362802222933
1.1762532775476793   1.3333806788197757   1.4444326645486616
1.210735667245765   1.2436914097725964   1.3536604720667587
1.246228923584555   1.159867282861519   1.2686614611971414
1.2827626805706884   1.0815393304207188   1.1890738689286178
1.3203674409449337   1.0083605835061287   1.1145576714299987
1.3590746016495152   0.9400048577295138   1.0447933808234686
1.3989164800420282   0.876165333965684   0.9794810875828441
1.4399263408778291   0.8165530264741846   0.9183396866107875
1.4821384240834183   0.7608965692862668   0.8611052540243059
1.525587973344019   0.7089413586327472   0.807529961595955
1.5703112655292182   0.6604485670982903   0.7573811676173663
1.6163456409812174   0.6151942121074314   0.7104405516874154
1.6637295346910133   0.5729682760115979   0.6665032920373206
1.7125025083885144   0.5335739030983331   0.6253773470129915
1.7627052835733923   0.4968267146643143   0.5868829419979306
1.814379775514258   0.4625539382894721   0.5508515787653122
1.8675691282445197   0.4305936647764324   0.5171252665563767
1.922317750584177   0.4007941976108802   0.48555590645329605
1.9786713532176083   0.3730134389016572   0.45600470755338446
2.0366769868582977   0.34711830992042947   0.42834163369137174
2.0963830815323896   0.3229841885618618   0.4024449371177644
2.1578394870138577   0.3004942825753631   0.37820107267831277
2.2210975144450407   0.2795392469606202   0.35550387138692446
2.286209979177315   0.2600168005549312   0.3342538258705892
2.3532312448676476   0.24183128608058554   0.3143576963480396
2.4222172688678643   0.2248932558015227   0.29572813914279694
2.4932256489445366   0.2091190820054404   0.2782833545126012
2.5663156713684585   0.19443059876211966   0.26194669281932187
2.641548360413907   0.18075486929525678   0.24664546982501495
2.7189865293089923   0.16802380057036753   0.23231109607605518
2.798694832679631   0.15617372922794595   0.21887963952673778
2.8807398205309562   0.14514514315026805   0.20629152611369253
2.9651899938111903   0.1348824225262857   0.19449123698101956
3.05211586160442   0.1253335961038397   0.18342702695026564
3.1415899999999994   0.1164501052264315   0.17305070720087112
