0.01   437.67502159986697   437.67493997532586
0.010293154462191829   442.32464552019235   442.32456245467347
0.010594902878253955   446.78976622376206   446.7896865546528
0.010905497183778876   451.0561779430978   451.0561017621059
0.011225196699963396   455.1096368700557   455.1095587779602
0.011554268350120923   458.93576949113697   458.9356789440037
0.011892986882540897   462.5189015182973   462.518787756213
0.012241635099881474   465.8426840869161   465.842538984091
0.012600504095286909   468.8908899416661   468.8907081673467
0.012969893495426888   471.6472310724114   471.6470120340611
0.013350111710660605   474.095197220948   474.09494864417354
0.013741476192534558   476.2185822746398   476.21832073693344
0.014144313698828986   478.00147219109505   478.0012212313889
0.01455896056637426   479.4273355882405   479.4271111385834
0.014985762991865008   480.4797562258808   480.47955995519465
0.01542507732090645   481.1430443706662   481.1428636143671
0.015877270345534218   481.4019102942367   481.4017245214336
0.016342719610456153   481.24135043155655   481.24114114397776
0.016821813728271667   480.6473952685239   480.6471469144886
0.017314952703931925   479.60717923969605   479.60687863916417
0.017822548268711737   478.1085401974367   478.1081728855822
0.01834502422397195   476.1405651907143   476.1401142130218
0.018882816794999403   473.6939491961307   473.6933952479104
0.019436374995219892   470.76127450005606   470.76059574031103
0.02000616100108813   467.33715612635683   467.33632795204795
0.020592650537967844   463.4181541977784   463.4171494877976
0.021196333277324068   459.00316297024585   459.00195283404685
0.02181771324555934   454.0945426485519   454.09309870512044
0.022457309244835088   448.69712833067064   448.6954235067376
0.02311565528622961   442.81797623237884   442.81598517435816
0.023793301035594242   436.46875312033774   436.4664565252553
0.024490812272480036   429.6655406783459   429.66292927757485
0.025208771362518027   422.42628988890795   422.4233642216895
0.0259477777436476   414.7723319069466   414.7691038614766
0.02670844842659881   406.7323748120681   406.72887398678415
0.027491418510046592   398.3372612941989   398.33353507850074
0.028297341710866907   389.6188764678346   389.61498852022027
0.029126890909937666   380.6170997842039   380.6131316434661
0.029980758713939952   371.37729117073985   371.3733427044403
0.030859658033628758   361.94354819090063   361.9397350091218
0.031764322679055976   352.3620759965208   352.3585262796326
0.03269550797224261   342.6871656185222   342.6840162071848
0.033653991377811755   332.97122933031363   332.96862321657073
0.03464057315210884   323.2639945546059   323.26207836165037
0.03565607701135116   313.6260180614925   313.6249350890476
0.036701350819364466   304.12145702557285   304.1213432200423
0.03777726729548091   294.80754952352623   294.8085334503661
0.038884724743189276   285.7319219080818   285.73411624128687
0.04002464780014597   276.93000620203446   276.93349000873343
0.041197988210172884   268.4315249857825   268.4363452153964
0.04240572561788674   260.26529507668573   260.27146326325453
0.04364886838662332   252.4865875988744   252.49401878127776
0.04492845444033957   245.15914387196537   245.16763536741558
0.04624555213019635   238.3372683736554   238.34651529127012
0.04760126112654554   232.02923074627367   232.03885681939266
0.04899671333706607   226.19690205832268   226.20648781670496
0.05043307385181555   220.8029635550169   220.8120495672814
0.05191154191598653   215.8085612265512   215.81662966689746
0.053433351931179485   211.17245345223955   211.17890719188483
0.05499977448602865   206.85484333006164   206.859012939175
0.05661211741704101   202.79899346245577   202.80018665547624
0.05827172690053434   198.93938664704456   198.93691977966228
0.05997998857658587   195.2076432514092   195.2008670491728
0.06173832870592997   191.51810335647977   191.50647636232517
0.0635482153607709   187.7851666217947   187.7682789245006
0.06541115965050462   183.90888546744782   183.88654979068423
0.06732871698337338   179.78620746804478   179.75851276421008
0.06930248836510605   175.32376389701574   175.29117887121188
0.07133412173562886   170.44004597747062   170.40350959990042
0.07342531334496233   165.0825708575136   165.04342003510868
0.07557780916945323   159.233741255309   159.19360985055053
0.07779340636952398   152.9174679966952   152.87827102004272
0.08007395479015682   146.20211699170986   146.16602403685883
0.08242135850536496   139.18983354772845   139.15899808311013
0.08483757740794096   132.0071778247623   131.98351351272174
0.08732462884580919   124.79832555845819   124.78344765766236
0.08988458930634863   117.71313263742036   117.70822137732507
0.09251959615009227   110.91306811713783   110.91852616267515
0.09523184939525078   104.54285214939893   104.5582828749628
0.09802361355455057   98.74495964583426   98.76900407769669
0.10089721952591899   93.62583761397033   93.65618861900434
0.10385506653859616   89.24913279963069   89.28236719346995
0.10689962415629803   85.6186993633707   85.65076321952262
0.11003343433910281   82.67636625068225   82.70306700177336
0.11325911356578279   80.30108348419084   80.31831666967669
0.11657935501835284   78.33152153166958   78.33565152583833
0.11999693083066039   76.5697769490415   76.55856004020154
0.12351469440289359   74.8090296458452   74.78193060889865
0.12713558278394044   72.84934417620474   72.80777566800997
0.13086261912358757   70.52736154062549   70.47491029164095
0.13469891519660646   67.74664947430466   67.68860113367951
0.13864767400083483   64.4937955173332   64.43668427393771
0.14271219243142114   60.84432931981872   60.79531296627342
0.14689586403346616   56.95310635776381   56.91787497972769
0.1512021818353596   53.0366724314011   53.01876141593395
0.15563474126517718   49.34100484405065   49.340872019887314
0.16019724315257297   46.088311875928596   46.1023647597375
0.1648934968186736   43.41579837699201   43.43716536525982
0.1697274232565544   41.34109253218841   41.36179603791445
0.17470305840495237   39.777453892442466   39.78873381520453
0.17982455651794954   38.568210881624886   38.563641387240004
0.18509619363343993   37.50420304111028   37.48074627261093
0.19052237114327647   36.347872462491225   36.30726596929414
0.19610761946807834   34.90586879814089   34.85475616035975
0.20185660183976684   33.11358876047604   33.06250717131776
0.20777411819498756   31.04956730282001   31.007930916371638
0.21386510918267082   28.885337063547855   28.85921692715206
0.22013466028907505   26.83083710006385   26.82116613403657
0.22658800608375756   25.073480660277372   25.074597391539974
0.23323053459001789   23.698314633937695   23.701325652060795
0.2400677917834628   22.665912710781903   22.660510966854744
0.24710548622244882   21.834728858394925   21.814803320698672
0.25434949381426813   21.011641019159956   20.97758364221368
0.2618058627210567   20.04126204431382   19.999882878198598
0.2694808184095226   18.888933467395194   18.850244178473268
0.27738076884870827   17.635805465683017   17.607504853476282
0.2855123098601282   16.426007569934267   16.409669200674927
0.29388223062474755   15.393602278056086   15.384164959836458
0.3024975193514008   14.577717652813105   14.5659251524716
0.31136536911138296   13.910479459505328   13.890063294987991
0.3204931838440838   13.273399706778255   13.24418672710058
0.32988858453867975   12.570273377204026   12.538307931043814
0.3395594155970457   11.79508773826559   11.767505338225885
0.34951375138319807   11.023187038354957   11.00312787101373
0.3597599029647371   10.336748356853406   10.32140588763247
0.37030642505191835   9.76395849490596   9.747132713719562
0.3811621231401457   9.261763414746508   9.239936101094544
0.3923360608618501   8.762119277182377   8.73738981761202
0.4038375675538918   8.237373284205532   8.214417238226465
0.41567624604680364   7.716547872729836   7.69793241728102
0.42786198068238046   7.243782255383542   7.227811055689143
0.4404049455663077   6.829740621288964   6.812896908594937
0.4533156130627191   6.446400475377419   6.427590303251741
0.4666047625377753   6.065010681106998   6.046515974655169
0.4802834893595659   5.688997224896017   5.672943969080634
0.49436321416184764   5.339332136881383   5.325095404290817
0.5088556923793517   5.02284286687719   5.008662262154638
0.5237730240626238   4.72576874045736   4.711331756016856
0.5391276639805903   4.4371351705846855   4.423701590833708
0.5549324320192869   4.1619756814558135   4.150152599275625
0.5712005238854289   3.9074658805155598   3.896455878943375
0.5879455221237613   3.6702168721808297   3.6595673108558113
0.6051814074573895   3.4438859030599884   3.4340939377790836
0.622922570460556   3.2293411599017037   3.2206768625622004
0.6411838235736077   3.0291552851866212   3.021320956680888
0.6599804134701901   2.841112376600924   2.834048289290823
0.6793280337869897   2.6639292968483606   2.657668416478343
0.6992428382266549   2.497084161536514   2.49164787418758
0.7197414540448374   2.3400721626764414   2.33547121234143
0.7408409959326054   2.192402483278325   2.1886383686326343
0.7625590803058332   2.0535991006753775   2.050665359059473
0.7849138400134885   1.9232014209287704   1.921084803414225
0.8079239394770964   1.8007581527169976   1.799440369326146
0.8316085902740278   1.6858105653016884   1.685271656545386
0.8559875671776167   1.5779182178223   1.5781371944711804
0.8810812246675007   1.4766654746718213   1.47762021230453
0.9069105139239728   1.381660167492306   1.3833273587418786
0.9334970003205227   1.2925323263268529   1.294887480668898
0.960862881429187   1.208932976497874   1.211950458666585
0.9890310055537336   1.130533009004274   1.134186106183702
1.0180248908061487   1.0570234229588698   1.06128419052238
1.047868744742366   0.9881150877662347   0.9929540724418278
1.0785874845736239   0.9235349785117333   0.9289214774944468
1.1102067579703248   0.8630250630758515   0.8689274264769606
1.1427529644757777   0.8063415732747861   0.8127274835356434
1.1762532775476793   0.7532543041641647   0.7600910326546433
1.210735667245765   0.7035459409872407   0.7108005822030798
1.246228923584555   0.6570113966073338   0.6646510797809344
1.2827626805706884   0.6134568484298073   0.6214489116529287
1.3203674409449337   0.572699260945059   0.5810114078793129
1.3590746016495152   0.5345662232262849   0.5431666785581636
1.3989164800420282   0.4988953941531323   0.5077530408326516
1.4399263408778291   0.4655339563946387   0.474618454929819
1.4821384240834183   0.43433809688940134   0.4436199878174145
1.525587973344019   0.4051725127637136   0.4146233034192276
1.5703112655292182   0.37790994208230644   0.387502233836714
1.6163456409812174   0.3524307205340978   0.3621387053288017
1.6637295346910133   0.328622354827855   0.3384219502564633
1.7125025083885144   0.3063791183197504   0.3162478374905895
1.7627052835733923   0.2856016693612382   0.29551850609370417
1.814379775514258   0.2661966892766937   0.2761420182507941
1.8675691282445197   0.248076539086822   0.2580320286295036
1.922317750584177   0.23115893413944166   0.24110746964282134
1.9786713532176083   0.21536661517880404   0.22529220550580648
2.0366769868582977   0.2006270054774999   0.21051463185858196
2.0963830815323896   0.18687201385046687   0.19670758303219923
2.1578394870138577   0.17403779171006886   0.18380811793342802
2.2210975144450407   0.16206448099121099   0.17175726693042798
2.286209979177315   0.15089597614237998   0.16049979273077336
2.3532312448676476   0.14047969946402844   0.14998396458284047
2.4222172688678643   0.13076638952117256   0.14016134577714354
2.4932256489445366   0.1217099468208917   0.13098666167846382
2.5663156713684585   0.11326726951804807   0.12241764853796781
2.641548360413907   0.10539798017715182   0.1144147316776293
2.7189865293089923   0.09806425263388298   0.10694084808255516
2.798694832679631   0.09123065952647863   0.09996129539078258
2.8807398205309562   0.08486402823220407   0.0934435891299002
2.9651899938111903   0.07893330480164647   0.08735732782868243
3.05211586160442   0.07340941729375178   0.0816740879215914
3.1415899999999994   0.0682649917150377   0.07636774872174874
