0.01   2345.8063139766045   2345.7118092040255
0.010293154462191829   2374.2249312493664   2374.1291642251526
0.010594902878253955   2401.826840517086   2401.730099096832
0.010905497183778876   2428.5397629684303   2428.442320483692
0.011225196699963396   2454.2881385765336   2454.190067843686
0.011554268350120923   2478.9957582584534   2478.896917887821
0.011892986882540897   2502.584939259722   2502.4850667042506
0.012241635099881474   2524.9749087167847   2524.8738815967376
0.012600504095286909   2546.0844919614283   2545.98237655493
0.012969893495426888   2565.8324749150115   2565.7295124953275
0.013350111710660605   2584.1339157947414   2584.0303155999486
0.013741476192534558   2600.9021539621435   2600.7979642833725
0.014144313698828986   2616.051753332449   2615.9468558757803
0.01455896056637426   2629.497205001843   2629.3913870477327
0.014985762991865008   2641.151598031455   2641.0447013308694
0.01542507732090645   2650.9301314642735   2650.822071771606
0.015877270345534218   2658.7504149394276   2658.6411688055705
0.016342719610456153   2664.528969260314   2664.4184615304116
0.016821813728271667   2668.184231645374   2668.0722835097163
0.017314952703931925   2669.63919946409   2669.525528195361
0.017822548268711737   2668.8207034616394   2668.7048990210405
0.01834502422397195   2665.659304684937   2665.5407946689966
0.018882816794999403   2660.091777445172   2659.9698280179705
0.019436374995219892   2652.061893829625   2651.9356375994385
0.02000616100108813   2641.521067803245   2641.389633943039
0.020592650537967844   2628.4288660827747   2628.291428958887
0.021196333277324068   2612.7536308961494   2612.609414146011
0.02181771324555934   2594.4765184395624   2594.3247553187293
0.022457309244835088   2573.592440165556   2573.4323276176483
0.02311565528622961   2550.106246343171   2549.9369505955638
0.023793301035594242   2524.036118823035   2523.8568447892767
0.024490812272480036   2495.424138096268   2495.2343836897608
0.025208771362518027   2464.32538768218   2464.1250016461277
0.0259477777436476   2430.805113627431   2430.5942892603325
0.02670844842659881   2394.956952219483   2394.7363195834164
0.027491418510046592   2356.8994464265584   2356.670143125045
0.028297341710866907   2316.7575166678403   2316.5211549475894
0.029126890909937666   2274.673877694294   2274.4325721606333
0.029980758713939952   2230.8336311414755   2230.5901582130477
0.030859658033628758   2185.4286728426937   2185.1864402684173
0.031764322679055976   2138.652152413946   2138.4151240743913
0.03269550797224261   2090.7396796241655   2090.5123189675724
0.033653991377811755   2041.949816496584   2041.7370209846247
0.03464057315210884   1992.5288828387033   1992.3359034764947
0.03565607701135116   1942.7321324653885   1942.564435715664
0.036701350819364466   1892.8503974079422   1892.7134609700433
0.03777726729548091   1843.1589705674517   1843.0582234451479
0.038884724743189276   1793.9158233877888   1793.8565235402955
0.04002464780014597   1745.4132735034182   1745.3996572146727
0.041197988210172884   1697.944764286725   1697.9796969815209
0.04240572561788674   1651.7718027880678   1651.8569223353952
0.04364886838662332   1607.1028098858899   1607.2383897461225
0.04492845444033957   1564.080521579326   1564.2651385035595
0.04624555213019635   1522.8247572671478   1523.0554446153626
0.04760126112654554   1483.4502731657035   1483.7222920370068
0.04899671333706607   1446.1316136735568   1446.4358910209585
0.05043307385181555   1411.053127604008   1411.3755868298608
0.05191154191598653   1378.3649484273142   1378.687086661443
0.053433351931179485   1347.925241633   1348.2264779174996
0.05499977448602865   1319.3515295809216   1319.6111341902817
0.05661211741704101   1292.2841477691138   1292.4812847266849
0.05827172690053434   1266.4162152183826   1266.5299009155394
0.05997998857658587   1241.4871639576909   1241.496262924993
0.06173832870592997   1217.2427071749316   1217.1262889033683
0.0635482153607709   1193.3293934614394   1193.0692791528174
0.06541115965050462   1169.3603468337094   1168.9423758703535
0.06732871698337338   1144.9293673314312   1144.3454024362672
0.06930248836510605   1119.5512637334148   1118.803712706008
0.07133412173562886   1092.769006472546   1091.8716219071785
0.07342531334496233   1064.1438485914343   1063.1258858735598
0.07557780916945323   1033.2953111497027   1032.2022543799642
0.07779340636952398   1000.0509898068378   998.9440742167636
0.08007395479015682   964.4201111415158   963.3746717879604
0.08242135850536496   926.6325964801243   925.7329148561344
0.08483757740794096   887.1248044004785   886.4586547109899
0.08732462884580919   846.4980597160268   846.1486759638132
0.08988458930634863   805.477112150189   805.5164844254095
0.09251959615009227   764.8167591065792   765.3013773348204
0.09523184939525078   725.2552006819155   726.2230783412366
0.09802361355455057   687.5309995691485   688.993134544255
0.10089721952591899   652.3259294286909   654.2616569098386
0.10385506653859616   620.280223894527   622.6294135794692
0.10689962415629803   591.8498634565991   594.517929550828
0.11003343433910281   567.249609031419   570.1088938304409
0.11325911356578279   546.4045677408404   549.3088202696522
0.11657935501835284   528.8385584637477   531.6423242206789
0.11999693083066039   513.8105020312073   516.3854194686148
0.12351469440289359   500.3482689963663   502.60080389883876
0.12713558278394044   487.3995941781252   489.2970057090276
0.13086261912358757   473.9445149444094   475.5247153547178
0.13469891519660646   459.09896758594886   460.46810387207336
0.13864767400083483   442.2680118384669   443.6033480462736
0.14271219243142114   423.2221246338064   424.7549124785893
0.14689586403346616   402.1875408531019   404.1577509756764
0.1512021818353596   379.77131905873495   382.4006655383556
0.15563474126517718   356.85570287417914   360.30980811058726
0.16019724315257297   334.50046117684985   338.8468934535814
0.1648934968186736   313.8409775252776   319.0253750454381
0.1697274232565544   295.8304766769837   301.6696518058989
0.17470305840495237   280.92096010911115   287.1492696038859
0.17982455651794954   268.91470094408095   275.2421185839837
0.18509619363343993   259.09439300765354   265.26740199566535
0.19052237114327647   250.51704052870133   256.38438693496687
0.19610761946807834   242.171113238807   247.70490315208914
0.20185660183976684   233.04953100051557   238.38468416868545
0.20777411819498756   222.46399080567343   227.8599555421215
0.21386510918267082   210.43711187607488   216.21386152811627
0.22013466028907505   197.65430981926025   204.03333268445002
0.22658800608375756   185.0473406608322   192.10803292624695
0.23323053459001789   173.4952382815838   181.1509947024705
0.2400677917834628   163.62499462871028   171.6326371033089
0.24710548622244882   155.56570166377355   163.6346357842718
0.25434949381426813   148.86978352200853   156.74609573489718
0.2618058627210567   142.7725396941179   150.35608969007842
0.2694808184095226   136.46869672761096   143.848178102356
0.27738076884870827   129.48044131022058   136.89365946453464
0.2855123098601282   121.94728905920834   129.60627100464455
0.29388223062474755   114.40425045792892   122.4164749455995
0.3024975193514008   107.42547917541565   115.73199445671364
0.31136536911138296   101.40261607296404   109.81694812609376
0.3204931838440838   96.28092352189674   104.58334112526958
0.32988858453867975   91.62809124200022   99.7421391851831
0.3395594155970457   86.99366752401426   94.97393528019636
0.34951375138319807   82.1511699753643   90.14512107810974
0.3597599029647371   77.23999253174247   85.35753925382492
0.37030642505191835   72.60387612308998   80.83745233376071
0.3811621231401457   68.45319627476567   76.69901999303772
0.3923360608618501   64.75154129529216   72.9002618419325
0.4038375675538918   61.27696040688157   69.30733307491741
0.41567624604680364   57.83216610213212   65.80212580499385
0.42786198068238046   54.41951441195165   62.39309845336628
0.4404049455663077   51.18117103921694   59.161945055289465
0.4533156130627191   48.21329420125788   56.145694683159775
0.4666047625377753   45.479422177100645   53.32009192088046
0.4802834893595659   42.872435098917556   50.628837423223885
0.49436321416184764   40.343377893825846   48.04532821696432
0.5088556923793517   37.93507021986   45.58954351660723
0.5237730240626238   35.69171105118265   43.277289950781416
0.5391276639805903   33.59728094602561   41.094916602638605
0.5549324320192869   31.60714465653976   39.02151818828529
0.5712005238854289   29.709332935189003   37.0490935918602
0.5879455221237613   27.921590824667607   35.18228815988237
0.6051814074573895   26.24624255153336   33.418429707776916
0.622922570460556   24.6650499832503   31.746808352181294
0.6411838235736077   23.1673104027478   30.16089678067553
0.6599804134701901   21.756181253127757   28.659598867564636
0.6793280337869897   20.430090189508128   27.239891514897277
0.6992428382266549   19.17912762799804   25.894198847519267
0.7197414540448374   18.000041021734084   24.619560015835706
0.7408409959326054   16.89006537603165   23.413136501583672
0.7625590803058332   15.845379585375753   22.271241250772018
0.7849138400134885   14.862349035023973   21.19037301896301
0.8079239394770964   13.937528487156886   20.167217121112806
0.8316085902740278   13.067653000076639   19.19863613592872
0.8559875671776167   12.249629236879674   18.281661007317066
0.8810812246675007   11.480527149490706   17.413482532299405
0.9069105139239728   10.757577446816562   16.591445007119464
0.9334970003205227   10.07817897243922   15.813043620880638
0.960862881429187   9.439869811532706   15.07591029926819
0.9890310055537336   8.840314509876587   14.377804640761438
1.0180248908061487   8.277298549552137   13.716607408821554
1.047868744742366   7.748722992280402   13.090314315558453
1.0785874845736239   7.252599291132645   12.49703008784613
1.1102067579703248   6.787044254260328   11.93496266019651
1.1427529644757777   6.3502728775184965   11.40239681866861
1.1762532775476793   5.940592098117271   10.897672340776056
1.210735667245765   5.556401328640042   10.419222598337546
1.246228923584555   5.196188491509013   9.965574264694085
1.2827626805706884   4.85852557283927   9.53534153833828
1.3203674409449337   4.542064367111061   9.127220734955353
1.3590746016495152   4.245532406824553   8.739985223891415
1.3989164800420282   3.9677290724795635   8.372479459514441
1.4399263408778291   3.7075219009744114   8.023586297229974
1.4821384240834183   3.4638430275505403   7.692227461494837
1.525587973344019   3.235685765225047   7.377392470364764
1.5703112655292182   3.0221013730620405   7.078135396903028
1.6163456409812174   2.8221959762671274   6.793570379303091
1.6637295346910133   2.6351276310184657   6.522867466722287
1.7125025083885144   2.460103528626572   6.265248774094649
1.7627052835733923   2.2963772774848006   6.019981691455747
1.814379775514258   2.1432459568442104   5.786350656507288
1.8675691282445197   2.000048074793054   5.563672223529436
1.922317750584177   1.8661615618761003   5.351308680407318
1.9786713532176083   1.7410015663165164   5.1486648160976145
2.0366769868582977   1.6240183594110158   4.9551847996334155
2.0963830815323896   1.514695349003192   4.770349310337486
2.1578394870138577   1.4125471961739313   4.593672897420472
2.2210975144450407   1.3171179509785613   4.424694191354716
2.286209979177315   1.2279791519992398   4.262952378768133
2.3532312448676476   1.1447285406297094   4.1080115587895625
2.4222172688678643   1.066988624773078   3.9594668773553936
2.4932256489445366   0.9944052262017917   3.816942170592516
2.5663156713684585   0.9266461077921276   3.6800878098602303
2.641548360413907   0.8633996766269856   3.548578729435834
2.7189865293089923   0.8043737610077506   3.422112647246761
2.798694832679631   0.7492946948690759   3.3004120808032895
2.8807398205309562   0.6979063733614401   3.1832258039901458
2.9651899938111903   0.6499687024637697   3.0703201038558734
3.05211586160442   0.6052565928332083   2.961476675466459
3.1415899999999994   0.5635590725323519   2.856491569905967
