0.01   167.95283922538218   167.95282367129047
0.010293154462191829   170.06179208770507   170.06178377331514
0.010594902878253955   172.11400539363183   172.11399906077096
0.010905497183778876   174.10392431191863   174.10391620683384
0.011225196699963396   176.0257936140443   176.0257830431512
0.011554268350120923   177.87379859831123   177.87378793051735
0.011892986882540897   179.64210220886122   179.6420943364878
0.012241635099881474   181.3248640766998   181.3248600409527
0.012600504095286909   182.9162459055359   182.91624473725943
0.012969893495426888   184.4102378789429   184.4102372055498
0.013350111710660605   185.80031765023242   185.8003155743165
0.013741476192534558   187.079918313641   187.07991377264165
0.014144313698828986   188.24253699171769   188.24252973927784
0.01455896056637426   189.2816035245681   189.2815936461047
0.014985762991865008   190.1905818932923   190.19056950650864
0.01542507732090645   190.9631103444939   190.96309559494426
0.015877270345534218   191.59284657035474   191.59282958190164
0.016342719610456153   192.07333440255164   192.07331518415074
0.016821813728271667   192.39836840518265   192.3983468395974
0.017314952703931925   192.56204895273441   192.56202467880635
0.017822548268711737   192.55866519619386   192.55863684084431
0.01834502422397195   192.3828554489677   192.38282032416177
0.018882816794999403   192.02972927233287   192.0296833996336
0.019436374995219892   191.4948528770407   191.4947912989782
0.02000616100108813   190.7742793242755   190.77419649664446
0.020592650537967844   189.86466868246586   189.8645585402045
0.021196333277324068   188.76341991554168   188.76327618469938
0.02181771324555934   187.46897366549229   187.4687910023992
0.022457309244835088   185.98057987027812   185.98035416345087
0.02311565528622961   184.29827112515486   184.2979994569446
0.023793301035594242   182.4235159798317   182.4231959291184
0.024490812272480036   180.3591079372999   180.35873700417494
0.025208771362518027   178.10859475507553   178.10817037830788
0.0259477777436476   175.67688632347628   175.6764067874179
0.02670844842659881   173.07126841128286   173.07073515950876
0.027491418510046592   170.29986275040716   170.29928059847742
0.028297341710866907   167.37153259924906   167.3709094746794
0.029126890909937666   164.2980254123747   164.2973717766967
0.029980758713939952   161.0926840731222   161.09201248078534
0.030859658033628758   157.76889677043334   157.76822162387606
0.031764322679055976   154.34200817033923   154.34134676988444
0.03269550797224261   150.83061300372734   150.82998747956535
0.033653991377811755   147.25292291916628   147.25235985572462
0.03464057315210884   143.62693181547593   143.62646111452648
0.03565607701135116   139.9736315042702   139.97328274306216
0.036701350819364466   136.31405879054233   136.31385984811402
0.03777726729548091   132.66770179765697   132.66767877166882
0.038884724743189276   129.0561202692238   129.05629618293855
0.04002464780014597   125.50326032365383   125.50365380143967
0.041197988210172884   122.03081674717174   122.03144237088392
0.04240572561788674   118.65712253192395   118.65799051732364
0.04364886838662332   115.3946579978389   115.39577159768531
0.04492845444033957   112.2533989455138   112.2547545215395
0.04624555213019635   109.24244089958415   109.24402798723713
0.04760126112654554   106.37746452540443   106.37925351967858
0.04899671333706607   103.67862128477246   103.68055491036172
0.05043307385181555   101.16384560659017   101.16584158149125
0.05191154191598653   98.83525249569001   98.83721177912415
0.053433351931179485   96.66965753316194   96.67147616565059
0.05499977448602865   94.64322233984885   94.64479261749582
0.05661211741704101   92.7344216547415   92.73563052355283
0.05827172690053434   90.92410075015594   90.92482700653846
0.05997998857658587   89.19431213523299   89.19442711953185
0.06173832870592997   87.52171841916353   87.52109633076189
0.0635482153607709   85.87790263366307   85.87643069935895
0.06541115965050462   84.2343691698371   84.23195164387909
0.06732871698337338   82.55577439704945   82.55234925389932
0.06930248836510605   80.80672543518205   80.80227046211341
0.07133412173562886   78.95050225059794   78.94505851481394
0.07342531334496233   76.95049673813642   76.94418689419022
0.07557780916945323   74.77913739281476   74.77216411332073
0.07779340636952398   72.42079025216924   72.41343346600375
0.08007395479015682   69.87269881097843   69.86530154896518
0.08242135850536496   67.15146022930995   67.14440973294485
0.08483757740794096   64.28652686323049   64.28023500900056
0.08732462884580919   61.32469962967655   61.319581670537566
0.08988458930634863   58.31873551849976   58.31515957630274
0.09251959615009227   55.32635047072079   55.324583528306
0.09523184939525078   52.40621775647054   52.406416358604424
0.09802361355455057   49.61549696069349   49.617697788301015
0.10089721952591899   47.01188180267372   47.0159439897629
0.10385506653859616   44.64411634381484   44.64972196586606
0.10689962415629803   42.549482139883445   42.55609428277555
0.11003343433910281   40.749920364294674   40.75681734284373
0.11325911356578279   39.23726164057295   39.24362347020809
0.11657935501835284   37.98291762167738   37.987893470577994
0.11999693083066039   36.92985314338595   36.93266197168902
0.12351469440289359   36.00709531042136   36.00713349720617
0.12713558278394044   35.134095219850444   35.13104371234457
0.13086261912358757   34.22996412343342   34.22387760163719
0.13469891519660646   33.22342525740196   33.21477089773828
0.13864767400083483   32.061222929037925   32.05086846371308
0.14271219243142114   30.720882638799097   30.70998219702809
0.14689586403346616   29.213290280560845   29.203129928024946
0.1512021818353596   27.580964305475764   27.572779875904413
0.15563474126517718   25.89169726636738   25.886468021030982
0.16019724315257297   24.230905928249822   24.229104145230117
0.1648934968186736   22.690119026726716   22.691561620390548
0.1697274232565544   21.347386538838077   21.351167994291142
0.17470305840495237   20.24374748618506   20.24836182494057
0.17982455651794954   19.369516417628635   19.37329424764387
0.18509619363343993   18.67434312210371   18.675787290250682
0.19052237114327647   18.087159322838346   18.085258517053692
0.19610761946807834   17.525904339262727   17.52038334412957
0.20185660183976684   16.90593331324507   16.897460814708765
0.20777411819498756   16.16706556254276   16.157179339185294
0.21386510918267082   15.304521977245518   15.295334355750189
0.22013466028907505   14.36707919278918   14.360159628237984
0.22658800608375756   13.42796637413883   13.424080391416265
0.23323053459001789   12.562264794816839   12.56116710692104
0.2400677917834628   11.827405340049408   11.82771518090822
0.24710548622244882   11.238694493825756   11.23860564892728
0.25434949381426813   10.765287766260581   10.763102810528286
0.2618058627210567   10.345942597968863   10.34087464479666
0.2694808184095226   9.9117145240548   9.904297268682136
0.27738076884870827   9.418183058208655   9.410009543707426
0.2855123098601282   8.870958538596678   8.863753136038211
0.29388223062474755   8.311555983573761   8.306335892409937
0.3024975193514008   7.790667461988967   7.787301727063701
0.31136536911138296   7.345991590451624   7.343184117842024
0.3204931838440838   6.97732105316147   6.973559919699151
0.32988858453867975   6.650524696992758   6.644989703713031
0.3395594155970457   6.325185140868454   6.318295699391285
0.34951375138319807   5.977820430714958   5.97075964478035
0.3597599029647371   5.617576071461185   5.611460071591969
0.37030642505191835   5.27422961988471   5.26921086893927
0.3811621231401457   4.969382407641693   4.964675943445893
0.3923360608618501   4.703034248250064   4.697675427582874
0.4038375675538918   4.456075297858885   4.449809546336815
0.41567624604680364   4.209154345173046   4.202528233034905
0.42786198068238046   3.9603437108287247   3.954086976343482
0.4404049455663077   3.7222926529077673   3.716587891693534
0.4533156130627191   3.505692921312128   3.5000774733072872
0.4666047625377753   3.30872544709101   3.3027387444420553
0.4802834893595659   3.121348833257847   3.1150533381223875
0.49436321416184764   2.9377860319465086   2.931571199145081
0.5088556923793517   2.7617364848672747   2.7557920929662703
0.5237730240626238   2.598292011771139   2.5924380015495285
0.5391276639805903   2.446787767938909   2.440808110904983
0.5549324320192869   2.3027721886448687   2.2967378256393216
0.5712005238854289   2.1646512556369366   2.158747151038348
0.5879455221237613   2.034362550882158   2.0285945463461723
0.6051814074573895   1.9127007878272144   1.9069660304603255
0.622922570460556   1.7980001885834185   1.7922946821477885
0.6411838235736077   1.6890488224299465   1.6834543570388258
0.6599804134701901   1.5863084008924708   1.5808413380544952
0.6793280337869897   1.4898498326626761   1.48447568368905
0.6992428382266549   1.399006192914631   1.3937252598041778
0.7197414540448374   1.3133579926450412   1.308186453146672
0.7408409959326054   1.2326343457938032   1.2275871611073874
0.7625590803058332   1.1565875155666923   1.1516769248762098
0.7849138400134885   1.0849788225679668   1.08021462844168
0.8079239394770964   1.0175786393527215   1.0129684711732319
0.8316085902740278   0.9541663467072167   0.9497159032327523
0.8559875671776167   0.8945302557236073   0.8902435278872304
0.8810812246675007   0.8384666713234799   0.8343462893901831
0.9069105139239728   0.7857746180195695   0.7818230695359744
0.9334970003205227   0.7362606180370113   0.7324805985452786
0.960862881429187   0.6897416947199039   0.6861358926442627
0.9890310055537336   0.6460448566343796   0.6426157776642211
1.0180248908061487   0.6050065861603369   0.6017564151240817
1.047868744742366   0.5664723523108357   0.563402847512974
1.0785874845736239   0.5302961467489297   0.5274085622644036
1.1102067579703248   0.4963403217888895   0.49363532206511024
1.1427529644757777   0.4644757782037451   0.46195330427777975
1.1762532775476793   0.43458057464772665   0.4322398396239878
1.210735667245765   0.4065393359509612   0.40437885886169195
1.246228923584555   0.3802429414636474   0.3782605873960037
1.2827626805706884   0.3555882250126263   0.3537812499294929
1.3203674409449337   0.3324776862840818   0.3308427851745102
1.3590746016495152   0.31081921211481783   0.3093525683804351
1.3989164800420282   0.29052570035621184   0.28922295952233534
1.4399263408778291   0.2715147589098558   0.2703709706194587
1.4821384240834183   0.25370867253952195   0.2527183802075564
1.525587973344019   0.23703417885281236   0.23619151589355974
1.5703112655292182   0.22142223227988025   0.22072100906573863
1.6163456409812174   0.20680777916737808   0.20624156132557195
1.6637295346910133   0.19312954356482923   0.19269172219736078
1.7125025083885144   0.1803298230707191   0.18001368126170184
1.7627052835733923   0.1683542910033968   0.16815312890021303
1.814379775514258   0.15715181346209744   0.15705903845956645
1.8675691282445197   0.1466742779221463   0.14668341784607497
1.922317750584177   0.13687642630169783   0.13698113979324122
1.9786713532176083   0.12771569626129967   0.127909782858525
2.0366769868582977   0.11915207053487209   0.11942948025288572
2.0963830815323896   0.11114793394362872   0.11150277619809387
2.1578394870138577   0.10366793354386658   0.1040944727879465
2.2210975144450407   0.09667882484608863   0.09717140042086064
2.286209979177315   0.09014937514580096   0.09070239482255893
2.3532312448676476   0.08405026332133349   0.08465824142902556
2.4222172688678643   0.07835396858342507   0.079011557864834
2.4932256489445366   0.07303466520082705   0.07373668285672601
2.5663156713684585   0.06806812299439778   0.06880957158456757
2.641548360413907   0.06343161331212357   0.06420769712071188
2.7189865293089923   0.05910383263438337   0.05990998819869398
2.798694832679631   0.05506484438968725   0.0558968053846126
2.8807398205309562   0.05129595611098692   0.0521497518408801
2.9651899938111903   0.04777963604665244   0.04865157454895343
3.05211586160442   0.04449944511793295   0.04538609744643131
3.1415899999999994   0.04143997254348805   0.04233815809748487
