0.01   20752.72972359828   20745.714487812016
0.010293154462191829   20949.69613647117   20942.067268362924
0.010594902878253955   21137.346562302922   21129.055745577636
0.010905497183778876   21315.035257567717   21306.026360089556
0.011225196699963396   21482.117176929805   21472.32608518574
0.011554268350120923   21637.93899442069   21627.294787136972
0.011892986882540897   21781.82009676838   21770.248363620718
0.012241635099881474   21913.082370746786   21900.50598926417
0.012600504095286909   22031.055365875964   22017.394481271036
0.012969893495426888   22135.044744147595   22120.213832720714
0.013350111710660605   22224.349850962928   22208.256036671886
0.013741476192534558   22298.290114536376   22280.833487260177
0.014144313698828986   22356.18970667897   22337.263392486282
0.01455896056637426   22397.362217050486   22376.852187664022
0.014985762991865008   22421.149267601115   22398.9348714007
0.01542507732090645   22426.92400297395   22402.878223739684
0.015877270345534218   22414.059872499623   22388.046835180823
0.016342719610456153   22381.958740571314   22353.833198394528
0.016821813728271667   22330.074138643038   22299.682550803005
0.017314952703931925   22257.90136232683   22225.082054970284
0.017822548268711737   22164.976066004263   22129.559093447173
0.01834502422397195   22050.90008684613   22012.708727848458
0.018882816794999403   21915.347861427035   21874.200028947802
0.019436374995219892   21758.069914031952   21713.778224153953
0.02000616100108813   21578.898363170618   21531.271695068594
0.020592650537967844   21377.7527821435   21326.59878789674
0.021196333277324068   21154.676215033815   21099.80855680024
0.02181771324555934   20909.838277920786   20851.083942348927
0.022457309244835088   20643.501727379342   20580.703309265387
0.02311565528622961   20356.057783550878   20289.077073200384
0.023793301035594242   20048.11572840511   19976.841124855226
0.024490812272480036   19720.394979239336   19644.743868250116
0.025208771362518027   19373.70522394993   19293.625865744954
0.0259477777436476   19009.119309931048   18924.60738616869
0.02670844842659881   18627.90985107423   18539.019408761615
0.027491418510046592   18231.38953383284   18138.230352863855
0.028297341710866907   17821.040559923476   17723.77877184811
0.029126890909937666   17398.705225845984   17297.568898558395
0.029980758713939952   16966.244051466278   16861.518413248115
0.030859658033628758   16525.512797854357   16417.534524138562
0.031764322679055976   16078.75328071963   15967.913738728137
0.03269550797224261   15628.335414391759   15515.077389848351
0.033653991377811755   15176.474474073328   15061.282389370623
0.03464057315210884   14725.484775145758   14608.869996543179
0.03565607701135116   14277.954738641089   14160.437424804384
0.036701350819364466   13836.263333348877   13718.364333742878
0.03777726729548091   13402.60998401925   13284.838356425334
0.038884724743189276   12979.461975452987   12862.268067626177
0.04002464780014597   12569.184989900677   12452.944962333288
0.041197988210172884   12173.821696985973   12058.841021540451
0.04240572561788674   11794.985191443971   11681.464335414403
0.04364886838662332   11433.86253884011   11321.855507554623
0.04492845444033957   11091.43178178079   10980.858353190175
0.04624555213019635   10768.57402113984   10659.209115875448
0.04760126112654554   10466.351166777295   10357.724116728705
0.04899671333706607   10185.763284924205   10077.149108820864
0.05043307385181555   9927.480127738112   9817.932062516777
0.05191154191598653   9689.652294434274   9578.138917849845
0.053433351931179485   9468.966667079205   9354.458380929338
0.05499977448602865   9262.38764799946   9143.860427728252
0.05661211741704101   9067.326607816598   8943.78684383082
0.05827172690053434   8881.53431971103   8752.035751458236
0.05997998857658587   8702.730877198748   8566.40990361973
0.06173832870592997   8527.585250765287   8383.863852937777
0.0635482153607709   8352.565883779675   8201.220968381816
0.06541115965050462   8173.826076593869   8015.169080158593
0.06732871698337338   7986.862405732408   7822.031030812185
0.06930248836510605   7787.506398923415   7618.494137426677
0.07133412173562886   7571.923092285411   7401.793325245168
0.07342531334496233   7336.979880551751   7169.805121040988
0.07557780916945323   7081.647055943256   6922.215311393769
0.07779340636952398   6806.418833219524   6659.965302068597
0.08007395479015682   6513.721488567543   6385.793044236388
0.08242135850536496   6207.406819133165   6103.654333788535
0.08483757740794096   5892.722336397713   5818.05845652133
0.08732462884580919   5575.621607284338   5533.716212126946
0.08988458930634863   5262.373197756106   5255.670190324294
0.09251959615009227   4959.06638065544   4988.720902279655
0.09523184939525078   4672.032531503524   4737.248309741973
0.09802361355455057   4407.0999934961765   4505.042096984371
0.10089721952591899   4169.6375494381555   4295.402666128916
0.10385506653859616   3963.055872430599   4110.002383777191
0.10689962415629803   3788.650717541643   3948.48582991203
0.11003343433910281   3644.963630656953   3808.893287170692
0.11325911356578279   3527.6717528388094   3687.5839081642775
0.11657935501835284   3430.3115519001853   3579.5862326659762
0.11999693083066039   3345.0423485319825   3479.2271863198575
0.12351469440289359   3263.275657257224   3381.0437442718367
0.12713558278394044   3176.7351254198275   3280.1840797154123
0.13086261912358757   3078.144922546825   3172.7408094410057
0.13469891519660646   2962.7309182769964   3056.542868217505
0.13864767400083483   2828.805345086569   2931.804046446883
0.14271219243142114   2678.208743244667   2801.2505277346763
0.14689586403346616   2515.8460052972505   2667.7653190374185
0.1512021818353596   2349.0988322099865   2535.300020709888
0.15563474126517718   2187.1303957304053   2408.631383359204
0.16019724315257297   2039.6231776587365   2292.06560883253
0.1648934968186736   1913.9851175854246   2188.592937014511
0.1697274232565544   1812.8079807088961   2097.987121045852
0.17470305840495237   1733.849664916133   2018.5115005854134
0.17982455651794954   1671.7368530780113   1947.05147181628
0.18509619363343993   1619.3886634199055   1879.8390735573716
0.19052237114327647   1568.2636135493692   1813.8182016558387
0.19610761946807834   1509.735520798042   1746.2699488430076
0.20185660183976684   1438.8421336526724   1677.0912281093533
0.20777411819498756   1356.5769493733121   1606.001139214657
0.21386510918267082   1268.1564116315042   1535.4601198301552
0.22013466028907505   1180.7016376996114   1468.0239579949327
0.22658800608375756   1101.4900390880227   1405.13111353877
0.23323053459001789   1035.5635363149058   1347.564013367175
0.2400677917834628   983.4665310376522   1295.4067746768283
0.24710548622244882   941.6634032655297   1246.4600807243603
0.25434949381426813   904.0235280146147   1199.8206494967824
0.2618058627210567   863.9979519114571   1154.2511342849502
0.2694808184095226   818.3123601654798   1108.9876756146243
0.27738076884870827   768.271843367007   1065.1321052133292
0.2855123098601282   717.7574147238806   1022.9250519407293
0.29388223062474755   671.5252438195454   982.7987307556967
0.3024975193514008   632.6102227226669   945.4219330121196
0.31136536911138296   600.2423941520545   910.2545681731971
0.3204931838440838   571.1941221161952   876.6221661003174
0.32988858453867975   541.91854793666   844.3467906572953
0.3395594155970457   510.6879963872381   813.1064946105713
0.34951375138319807   478.8110289676285   782.9475311852991
0.3597599029647371   448.8391806500335   754.3612393702759
0.37030642505191835   422.3821018222255   727.2563551038647
0.3811621231401457   399.1689616675761   701.5092065700588
0.3923360608618501   377.412724429477   676.9723355123988
0.4038375675538918   355.6435398378826   653.3283372918085
0.41567624604680364   333.95356269296667   630.6541699670115
0.42786198068238046   313.405523211827   609.0107455534899
0.4404049455663077   294.76799229235377   588.4429887527663
0.4533156130627191   277.7108338132676   568.808613583921
0.4666047625377753   261.4453286422253   550.0085759739518
0.4802834893595659   245.59657307922447   531.9729576613431
0.49436321416184764   230.52389274592002   514.7044318753044
0.5088556923793517   216.55653111609354   498.23505056928235
0.5237730240626238   203.5742439777071   482.5019212289323
0.5391276639805903   191.23644101927493   467.4090593473436
0.5549324320192869   179.46817834481195   452.91872113489416
0.5712005238854289   168.4110459648258   439.04243897891
0.5879455221237613   158.08200483222817   425.7553782990473
0.6051814074573895   148.34845562691   413.0004977081873
0.622922570460556   139.13567061440122   400.7355574310269
0.6411838235736077   130.47194689796686   388.9538246447209
0.6599804134701901   122.345743242668   377.6407612919682
0.6793280337869897   114.69683899311883   366.74638826762964
0.6992428382266549   107.50060413516937   356.2552279779849
0.7197414540448374   100.73458793694351   346.1464941224422
0.7408409959326054   94.3749110341636   336.3967393998177
0.7625590803058332   88.39886848156793   326.9840933248981
0.7849138400134885   82.78488403619376   317.88815218640974
0.8079239394770964   77.51246525065322   309.08987834867355
0.8316085902740278   72.5621594503784   300.5715080386904
0.8559875671776167   67.91548465959349   292.3162344486056
0.8810812246675007   63.554811573564095   284.30737889496936
0.9069105139239728   59.46342975060947   276.5291635797328
0.9334970003205227   55.6255381031793   268.9669406481834
0.960862881429187   52.026200312433964   261.607121817565
0.9890310055537336   48.65130207590457   254.437113977956
1.0180248908061487   45.48751013954951   247.4452601792788
1.047868744742366   42.5222343949056   240.62074040140647
1.0785874845736239   39.74359602285678   233.9533121514789
1.1102067579703248   37.140384849731554   227.4334601690495
1.1427529644757777   34.702022170552404   221.05245502663777
1.1762532775476793   32.418528348731684   214.80231174932865
1.210735667245765   30.280491846575885   208.67575123679927
1.246228923584555   28.27903963657408   202.66616428007504
1.2827626805706884   26.405807890474318   196.76765779218175
1.3203674409449337   24.65290849426692   190.9755513609116
1.3590746016495152   23.01290973287003   185.28594261586517
1.3989164800420282   21.478815818577548   179.69536292760986
1.4399263408778291   20.044043078013143   174.20075276919127
1.4821384240834183   18.702397288378304   168.79943972336437
1.525587973344019   17.44805214098263   163.48911707442042
1.5703112655292182   16.275528794930842   158.26791956726342
1.6163456409812174   15.179676546082764   153.13531579267058
1.6637295346910133   14.155654321007095   148.09154055990663
1.7125025083885144   13.198913118575483   143.13689939390895
1.7627052835733923   12.305179432112173   138.27174882303413
1.814379775514258   11.470439535070632   133.4964866739253
1.8675691282445197   10.690924590065343   128.81154253111694
1.922317750584177   9.963096489867807   124.21743384480799
1.9786713532176083   9.2836337935118   119.71566127041343
2.0366769868582977   8.649419499639277   115.30832053714042
2.0963830815323896   8.057529759180591   110.99726598202149
2.1578394870138577   7.50522252104812   106.78409426800197
2.2210975144450407   6.989926783031598   102.67015121238119
2.286209979177315   6.509232436124133   98.65653910989161
2.3532312448676476   6.060880603478441   94.74414445962361
2.4222172688678643   5.642753174219627   90.9340685354427
2.4932256489445366   5.252864760866995   87.22754794781873
2.5663156713684585   4.889356294807718   83.6254857066941
2.641548360413907   4.5504873621257635   80.12844954699104
2.7189865293089923   4.234628914312871   76.73669183309718
2.798694832679631   3.9402564056509877   73.45016952609703
2.8807398205309562   3.665943384324429   70.26856948953186
2.9651899938111903   3.4103571282373077   67.19151724618293
3.05211586160442   3.1722527776129663   64.21860631892037
3.1415899999999994   2.9504654547344478   61.34915290199104
