0.01   5821.339127844021   5820.8585016364505
0.010293154462191829   5901.986221314137   5901.467317302872
0.010594902878253955   5981.130989679376   5980.570192668244
0.010905497183778876   6058.602111442792   6057.9956691755115
0.011225196699963396   6134.220816771991   6133.564712815855
0.011554268350120923   6207.797523407885   6207.087233908262
0.011892986882540897   6279.138986548767   6278.369445830775
0.012241635099881474   6348.0486030409265   6347.214194023078
0.012600504095286909   6414.320772425539   6413.415302890684
0.012969893495426888   6477.745409609649   6476.762103144016
0.013350111710660605   6538.111467175243   6537.042965627484
0.013741476192534558   6595.201934651033   6594.04027047585
0.014144313698828986   6648.792025419465   6647.528583416383
0.01455896056637426   6698.657527505864   6697.283056654176
0.014985762991865008   6744.574803753079   6743.079385923923
0.01542507732090645   6786.315202133429   6784.688008312391
0.015877270345534218   6823.651514849179   6821.8807466804865
0.016342719610456153   6856.361547467304   6854.434462689323
0.016821813728271667   6884.2250214684545   6882.127707706929
0.017314952703931925   6907.024355192919   6904.741485978617
0.017822548268711737   6924.550587292697   6922.065470368823
0.01834502422397195   6936.604715057594   6933.899426861129
0.018882816794999403   6942.998286302198   6940.053979760665
0.019436374995219892   6943.555602445362   6940.352669392627
0.02000616100108813   6938.1157717009055   6934.633949581888
0.020592650537967844   6926.5407744069   6922.758954745571
0.021196333277324068   6908.7156259726235   6904.611728734243
0.02181771324555934   6884.543695820364   6880.094833519838
0.022457309244835088   6853.956143622367   6849.139314089413
0.02311565528622961   6816.928655071339   6811.722372783007
0.023793301035594242   6773.461588197594   6767.846297845118
0.024490812272480036   6723.579426428974   6717.53766344691
0.025208771362518027   6667.367860810824   6660.884588831279
0.0259477777436476   6604.95855038656   6598.021392267763
0.02670844842659881   6536.502191509634   6529.101503834439
0.027491418510046592   6462.201978718965   6454.331774891999
0.028297341710866907   6382.351527815854   6374.011335392412
0.029126890909937666   6297.264552765495   6288.459475778626
0.029980758713939952   6207.273040629256   6198.0135199211045
0.030859658033628758   6112.801099112752   6103.102635816506
0.031764322679055976   6014.314312356306   6004.197116597304
0.03269550797224261   5912.272802843648   5901.761393168261
0.033653991377811755   5807.215572025114   5796.337827446355
0.03464057315210884   5699.8093817040735   5688.595226554659
0.03565607701135116   5590.703297884811   5579.184217476346
0.036701350819364466   5480.506348997264   5468.715018360206
0.03777726729548091   5369.7584680180225   5357.72844883225
0.038884724743189276   5258.953041268811   5246.71848140221
0.04002464780014597   5148.555179279789   5136.150316882765
0.041197988210172884   5039.185363613956   5026.636422104241
0.04240572561788674   4931.655774649567   4918.971319407282
0.04364886838662332   4826.725923777109   4813.89739594971
0.04492845444033957   4725.0407684291185   4712.042402333275
0.04624555213019635   4626.965976730933   4613.750201231251
0.04760126112654554   4532.768784410174   4519.266177802554
0.04899671333706607   4442.662826515401   4428.784088841892
0.05043307385181555   4356.506499157875   4342.148829552915
0.05191154191598653   4273.942823941857   4258.994274091638
0.053433351931179485   4194.617687922378   4178.958728419284
0.05499977448602865   4117.99381859728   4101.507566650888
0.05661211741704101   4043.4283335562254   4026.0073800248488
0.05827172690053434   3970.2897132702174   3951.839007228154
0.05997998857658587   3897.8185963754095   3878.271411337935
0.06173832870592997   3825.245991132875   3804.5692256146513
0.0635482153607709   3751.7469216869554   3729.9571843358644
0.06541115965050462   3676.3756629517047   3653.5653754112154
0.06732871698337338   3598.221164700668   3574.5646831308363
0.06930248836510605   3516.294813044498   3492.0830853134066
0.07133412173562886   3429.6834308161942   3405.328135990922
0.07342531334496233   3337.7006895250515   3313.7465005460676
0.07557780916945323   3239.8814064628145   3217.001676660872
0.07779340636952398   3136.302694066881   3115.277189367487
0.08007395479015682   3027.4864021865706   3009.171871274676
0.08242135850536496   2914.5238587634944   2899.777562766484
0.08483757740794096   2798.8913707911447   2788.5108982895376
0.08732462884580919   2682.398022983752   2677.057668661618
0.08988458930634863   2566.935237829292   2567.1473319877036
0.09251959615009227   2454.4095222852366   2460.464602673521
0.09523184939525078   2346.6025737292503   2358.539430435741
0.09802361355455057   2245.170295048674   2262.7429078520754
0.10089721952591899   2151.4646705692317   2174.1438049018066
0.10385506653859616   2066.5456501355475   2093.486819699832
0.10689962415629803   1990.8600838204925   2020.9953517840354
0.11003343433910281   1924.1584473940118   1956.2927020877278
0.11325911356578279   1865.2739316125267   1898.215046220269
0.11657935501835284   1812.322336721553   1845.0124828003304
0.11999693083066039   1762.7747051662118   1794.5683047257403
0.12351469440289359   1713.9705332064925   1744.7150286700817
0.12713558278394044   1663.3645423374674   1693.404054536505
0.13086261912358757   1608.9466609679912   1639.2177748630693
0.13469891519660646   1549.4532702125025   1581.4057439142314
0.13864767400083483   1484.636026907399   1519.943270112131
0.14271219243142114   1415.388960612522   1455.6491450997767
0.14689586403346616   1343.5454247596513   1390.049109611937
0.1512021818353596   1271.5829966591239   1325.1047094454796
0.15563474126517718   1202.2336297211712   1262.8016759754344
0.16019724315257297   1138.1293310991566   1204.9702571964592
0.1648934968186736   1081.3570918262546   1152.8260595149889
0.1697274232565544   1032.8567891841426   1106.8219457926996
0.17470305840495237   991.9434966312103   1066.3249314863474
0.17982455651794954   956.4277963395962   1029.5555287712825
0.18509619363343993   923.4292637858334   994.6073589039656
0.19052237114327647   890.215485855381   959.7050588705598
0.19610761946807834   854.5893432264218   923.6684363643255
0.20185660183976684   815.3002614238288   886.0090547129394
0.20777411819498756   772.7472339434128   847.0137579610782
0.21386510918267082   729.0632619753735   808.1094032573416
0.22013466028907505   687.0293839783479   770.9527055828889
0.22658800608375756   648.8819279779096   736.575507852824
0.23323053459001789   615.8256853879949   705.4530292347278
0.2400677917834628   587.7237837597405   677.4349464183852
0.24710548622244882   562.9733582717756   651.3754490694636
0.25434949381426813   539.2507182573928   626.1815473415219
0.2618058627210567   514.589490509157   601.1163032015605
0.2694808184095226   488.16034958838986   575.7671599711816
0.27738076884870827   460.7225251985775   550.7158549254191
0.2855123098601282   434.08598709940526   526.5853937252
0.29388223062474755   409.8162920734461   504.0713548117358
0.3024975193514008   388.5452623442056   483.1924436746448
0.31136536911138296   369.74028809093414   463.6829627861302
0.3204931838440838   351.965330648546   445.0320436046022
0.32988858453867975   334.00656742299446   426.776379087489
0.3395594155970457   315.61819408120084   408.9758034598358
0.34951375138319807   297.48499902808317   391.8102265888636
0.3597599029647371   280.62986393963314   375.5490680070065
0.37030642505191835   265.46447018601964   360.2145792035625
0.3811621231401457   251.57043858319113   345.68376095355376
0.3923360608618501   238.2152852509862   331.76081939156705
0.4038375675538918   224.97014003616866   318.33024502947626
0.41567624604680364   212.04971980823794   305.42426210298225
0.42786198068238046   199.93497916623605   293.15183284596395
0.4404049455663077   188.7854568764481   281.5098657440077
0.4533156130627191   178.3437505528574   270.40701483873295
0.4666047625377753   168.27899082044516   259.76191474035005
0.4802834893595659   158.55981929546925   249.5805768201468
0.49436321416184764   149.36825072975904   239.86452869935556
0.5088556923793517   140.79618011411065   230.6187175732531
0.5237730240626238   132.71632407838132   221.79271098666112
0.5391276639805903   124.99917109026916   213.3536797845341
0.5549324320192869   117.6562687335195   205.29301718846622
0.5712005238854289   110.74860477170952   197.60472414871242
0.5879455221237613   104.2476599535542   190.2697170677169
0.6051814074573895   98.08451429610383   183.25993633203493
0.622922570460556   92.24538272048935   176.55981999648543
0.6411838235736077   86.74305068602015   170.16338650155723
0.6599804134701901   81.55614877691383   164.0532579046835
0.6793280337869897   76.65377631300552   158.21583101464267
0.6992428382266549   72.02546457666816   152.62887767829983
0.7197414540448374   67.6620512212023   147.28778703341038
0.7408409959326054   63.54950247358613   142.18008288611836
0.7625590803058332   59.67402153083049   137.29317394934716
0.7849138400134885   56.02254933530034   132.61524125354276
0.8079239394770964   52.58272523175719   128.13518579618128
0.8316085902740278   49.34285360195868   123.84257314738117
0.8559875671776167   46.29202163064057   119.72730196445109
0.8810812246675007   43.420072039385495   115.77950541098417
0.9069105139239728   40.717338122715255   111.9899225091011
0.9334970003205227   38.174609505666346   108.34988455462475
0.960862881429187   35.78311578375777   104.85127382647134
0.9890310055537336   33.53451033490329   101.48648551914518
1.0180248908061487   31.420854340602506   98.2483926245952
1.047868744742366   29.434593412788658   95.13020714932497
1.0785874845736239   27.56851157442755   92.12499208809814
1.1102067579703248   25.81575303599089   89.22608808137262
1.1427529644757777   24.16982195484708   86.427299719664
1.1762532775476793   22.624565825072892   83.72286336181004
1.210735667245765   21.174159455315213   81.10741741678895
1.246228923584555   19.81308954106264   78.57597505775216
1.2827626805706884   18.53613986260782   76.12389556536529
1.3203674409449337   17.33837852444135   73.74672765502706
1.3590746016495152   16.215144193935032   71.44016814294785
1.3989164800420282   15.162030705048458   69.20022632445213
1.4399263408778291   14.174874408940248   67.02321606093786
1.4821384240834183   13.24974218705734   64.90573646267939
1.525587973344019   12.382919955499792   62.84465404073426
1.5703112655292182   11.57090164809581   60.83708617599035
1.6163456409812174   10.810378083694594   58.880412482756654
1.6637295346910133   10.098224705149352   56.972368192861374
1.7125025083885144   9.431494660392808   55.11091940417667
1.7627052835733923   8.807410561822294   53.29420173765622
1.814379775514258   8.223355502870328   51.52051003647884
1.8675691282445197   7.676864493795111   49.78828864459299
1.922317750584177   7.165616301919533   48.096122174438825
1.9786713532176083   6.687425642120548   46.44273052361676
2.0366769868582977   6.2402345186174255   44.827088829611135
2.0963830815323896   5.8221053130567615   43.248428812667804
2.1578394870138577   5.431215892293863   41.706058255393195
2.2210975144450407   5.065853245003346   40.199344633563356
2.286209979177315   4.7244073315820785   38.727710257136
2.3532312448676476   4.405365252402543   37.290627565676225
2.4222172688678643   4.107305719978406   35.88761457197763
2.4932256489445366   3.828894467792314   34.51832864632184
2.5663156713684585   3.5688815233955187   33.18292755294112
2.641548360413907   3.3260935521242057   31.881657851974598
2.7189865293089923   3.099428427857104   30.614688127780198
2.798694832679631   2.8878512084547814   29.382112310905185
2.8807398205309562   2.690390315249191   28.183953134534786
2.9651899938111903   2.506133907726725   27.02016564395946
3.05211586160442   2.3342262606561417   25.890636313140103
3.1415899999999994   2.1738590906917845   24.7950523473382
