0.01   3865.118134244796   3864.88568354351
0.010293154462191829   3921.5126416715693   3921.268624630368
0.010594902878253955   3977.0666857469705   3976.810468407456
0.010905497183778876   4031.6730360832457   4031.4032936559306
0.011225196699963396   4085.222009459169   4084.9367164171586
0.011554268350120923   4137.597740251382   4137.294687202351
0.011892986882540897   4188.67829380144   4188.35562571061
0.012241635099881474   4238.339671530636   4237.995935273541
0.012600504095286909   4286.455039978248   4286.089012092641
0.012969893495426888   4332.892136272829   4332.502188694071
0.013350111710660605   4377.51678715634   4377.100741876456
0.013741476192534558   4420.193771540774   4419.748907229677
0.014144313698828986   4460.782396268803   4460.305731583029
0.01455896056637426   4499.138262964729   4498.626771566696
0.014985762991865008   4535.117394715064   4534.568020364791
0.01542507732090645   4568.574896580038   4567.9844005353525
0.015877270345534218   4599.362819024094   4598.727403614687
0.016342719610456153   4627.3347407132605   4626.649995830883
0.016821813728271667   4652.346612790069   4651.607546251617
0.017314952703931925   4674.253366276168   4673.454643458059
0.017822548268711737   4692.911796263234   4692.047880001693
0.01834502422397195   4708.183737343887   4707.24891066379
0.018882816794999403   4719.935927353988   4718.924072679781
0.019436374995219892   4728.0401561002045   4726.944365216452
0.02000616100108813   4732.375655466232   4731.188222231638
0.020592650537967844   4732.830635258672   4731.543159808229
0.021196333277324068   4729.305698783525   4727.909519782898
0.02181771324555934   4721.71276512706   4720.19915939327
0.022457309244835088   4709.9749158786835   4708.33515787012
0.02311565528622961   4694.034140440701   4692.259561568797
0.023793301035594242   4673.853577835256   4671.935626863627
0.024490812272480036   4649.409626862765   4647.339935784651
0.025208771362518027   4620.697560777128   4618.46816250172
0.0259477777436476   4587.750275307754   4585.354302389637
0.02670844842659881   4550.619992311365   4548.051883360851
0.027491418510046592   4509.373136315863   4506.628681834551
0.028297341710866907   4464.118202616741   4461.1949843653665
0.029126890909937666   4415.0012752556695   4411.899027325389
0.029980758713939952   4362.178570385762   4358.899134720174
0.030859658033628758   4305.835524204338   4302.382933414722
0.031764322679055976   4246.226120514161   4242.60696199282
0.03269550797224261   4183.617523075129   4179.840866745449
0.033653991377811755   4118.2805722118255   4114.357806840838
0.03464057315210884   4050.533757029069   4046.478598615385
0.03565607701135116   3980.721402589475   3976.549799056805
0.036701350819364466   3909.1780494092277   3904.9079295597844
0.03777726729548091   3836.283166260084   3831.9332073881337
0.038884724743189276   3762.5194465749723   3758.1068072370686
0.04002464780014597   3688.3567294002332   3683.896763886361
0.041197988210172884   3614.2178581954554   3609.7243783844046
0.04240572561788674   3540.3635708479524   3535.8507944604285
0.04364886838662332   3466.973067105999   3462.456428671092
0.04492845444033957   3394.215988155983   3389.711843019822
0.04624555213019635   3322.461252616299   3317.978767761187
0.04760126112654554   3252.3732620994297   3247.9026944319507
0.04899671333706607   3184.5877726348567   3180.100920917666
0.05043307385181555   3119.5918236675966   3115.045246086695
0.05191154191598653   3057.31257458907   3052.6585234969334
0.053433351931179485   2997.502292341812   2992.6924083503923
0.05499977448602865   2939.9233689203475   2934.9087650233523
0.05661211741704101   2884.262588154238   2878.993992546283
0.05827172690053434   2830.156807172162   2824.584764079064
0.05997998857658587   2777.2600937868187   2771.3355206672118
0.06173832870592997   2725.159788095278   2718.83962933493
0.0635482153607709   2673.4000714517747   2666.6516049970464
0.06541115965050462   2621.544847025221   2614.3475449831003
0.06732871698337338   2569.1046916478335   2561.4640577670134
0.06930248836510605   2515.5944209475333   2507.5467297159053
0.07133412173562886   2460.50261109493   2452.124446736703
0.07342531334496233   2403.231499622335   2394.6589517419925
0.07557780916945323   2343.2445564273867   2334.672903854208
0.07779340636952398   2280.10508337268   2271.8001122369296
0.08007395479015682   2213.488564363385   2205.7825195303526
0.08242135850536496   2143.409789277231   2136.686148394889
0.08483757740794096   2070.1383637347394   2064.8155747388278
0.08732462884580919   1994.3277353396304   1990.8274813613564
0.08988458930634863   1916.9349897974632   1915.6550308650174
0.09251959615009227   1839.0838832853099   1840.3684178859264
0.09523184939525078   1761.9811917190032   1766.0997048594877
0.09802361355455057   1686.7883443360258   1693.9091170770796
0.10089721952591899   1614.568418236687   1624.7463872811531
0.10385506653859616   1546.2769935411036   1559.4316711419042
0.10689962415629803   1482.7161198487324   1498.6252499953048
0.11003343433910281   1424.5298062525715   1442.8158093805346
0.11325911356578279   1372.0541765204246   1392.2226634686099
0.11657935501835284   1325.1745585107146   1346.6617001997897
0.11999693083066039   1283.3009336913453   1305.532161262819
0.12351469440289359   1245.2465215107386   1267.709670653486
0.12713558278394044   1209.5006733163045   1231.8577815695314
0.13086261912358757   1174.3731920890361   1196.5416415693862
0.13469891519660646   1138.3266786075392   1160.479522399215
0.13864767400083483   1100.1410225543152   1122.7065693332556
0.14271219243142114   1059.0838455440762   1082.7376223640192
0.14689586403346616   1015.053433292817   1040.5715034181464
0.1512021818353596   968.5616305166969   996.7008342987841
0.15563474126517718   920.7187689179285   952.1241911765967
0.16019724315257297   872.9784768938781   908.013676999124
0.1648934968186736   826.8782890298144   865.5769328607626
0.1697274232565544   783.8700681973   825.8916849925176
0.17470305840495237   745.1725193634583   789.7077931536876
0.17982455651794954   711.4480675141778   757.5058185017741
0.18509619363343993   682.4162722294614   728.9000370655255
0.19052237114327647   656.8288967849235   702.863298603265
0.19610761946807834   632.9389938608512   678.1747897888887
0.20185660183976684   609.1501912947434   653.6900822201535
0.20777411819498756   584.2997165210863   628.6640016770931
0.21386510918267082   557.6900421648583   602.7609922239398
0.22013466028907505   529.3918502842965   576.1283895682852
0.22658800608375756   500.496079079183   549.5038988496352
0.23323053459001789   472.60375921445194   523.9653223864194
0.2400677917834628   446.97767681837234   500.2147899609905
0.24710548622244882   424.2329669150881   478.5305069928159
0.25434949381426813   404.33805939921564   458.81921527071626
0.2618058627210567   386.51941054335987   440.49253839159553
0.2694808184095226   369.5691876970964   422.91021176779236
0.27738076884870827   352.41259534905475   405.4943968886056
0.2855123098601282   334.57864265456453   388.0909835290461
0.29388223062474755   316.3402808046736   370.8333975408607
0.3024975193514008   298.619477814836   354.2666914880137
0.31136536911138296   282.2365421476656   338.6729250020836
0.3204931838440838   267.48318315740477   324.14422601171685
0.32988858453867975   254.1596822151514   310.5623480945848
0.3395594155970457   241.61092690762183   297.59824807859496
0.34951375138319807   229.20685611200182   285.0078885646541
0.3597599029647371   216.80307440042867   272.73312690321507
0.37030642505191835   204.66426883939164   260.93725427567375
0.3811621231401457   193.24023012707633   249.71288089699664
0.3923360608618501   182.7559355263254   239.11549600821976
0.4038375675538918   173.03039029722834   229.07496147025148
0.41567624604680364   163.75015651849162   219.46773102698728
0.42786198068238046   154.71487267584803   210.2230245231508
0.4404049455663077   145.97602375183632   201.36264065490462
0.4533156130627191   137.72052499566206   192.92942651454172
0.4666047625377753   130.02071563190978   184.91575360263317
0.4802834893595659   122.77670405026947   177.28244461293318
0.49436321416184764   115.85647462216797   169.98585727527876
0.5088556923793517   109.23005595576186   163.01014639817814
0.5237730240626238   102.94843986872031   156.3599500970757
0.5391276639805903   97.04424049903825   150.02847373521885
0.5549324320192869   91.46883971506216   143.99227239404564
0.5712005238854289   86.17161520518489   138.2302403774422
0.5879455221237613   81.14419760981171   132.73433992161497
0.6051814074573895   76.39829653853509   127.49566769874289
0.622922570460556   71.92042825193985   122.50190400305672
0.6411838235736077   67.68317033559687   117.73677554816123
0.6599804134701901   63.67447425865449   113.19120302275024
0.6793280337869897   59.89034526216111   108.85768663946439
0.6992428382266549   56.3195378186323   104.72424714018427
0.7197414540448374   52.94736159586215   100.7779222066724
0.7408409959326054   49.76516351514275   97.01277395486748
0.7625590803058332   46.76353253544254   93.42002016350158
0.7849138400134885   43.93291990690174   89.98973739787017
0.8079239394770964   41.264317108905075   86.71353878843057
0.8316085902740278   38.74913814779037   83.58352003150718
0.8559875671776167   36.379202999837965   80.59222543190869
0.8810812246675007   34.1467218423131   77.73262023270553
0.9069105139239728   32.04427965789034   74.99806477663552
0.9334970003205227   30.06482131924898   72.38228772420942
0.960862881429187   28.201646002449124   69.87911107100999
0.9890310055537336   26.448397316448233   67.48226602352744
1.0180248908061487   24.799031677005843   65.18583768984192
1.047868744742366   23.24780378154563   62.98429024305435
1.0785874845736239   21.789254434861846   60.87244024055424
1.1102067579703248   20.418198680873378   58.84543202621328
1.1427529644757777   19.12971424815289   56.89871503922066
1.1762532775476793   17.9191294069341   55.027991007678395
1.210735667245765   16.782005349520194   53.22894630161502
1.246228923584555   15.714131450471154   51.49740646072199
1.2827626805706884   14.71151962049938   49.82948222696234
1.3203674409449337   13.770393975365657   48.22155070930127
1.3590746016495152   12.887180840441204   46.67023663368528
1.3989164800420282   12.058499131418213   45.17239512357054
1.4399263408778291   11.281151100719182   43.72509556345915
1.4821384240834183   10.55211275365555   42.32554033060614
1.525587973344019   9.868524714929091   40.97098026736321
1.5703112655292182   9.227685682414293   39.65884764813433
1.6163456409812174   8.62704472758335   38.38676471728956
1.6637295346910133   8.06419368689083   37.152531103876
1.7125025083885144   7.53685988217373   35.95411222857868
1.7627052835733923   7.042899159940772   34.789628604324044
1.814379775514258   6.58028917877798   33.657349611073364
1.8675691282445197   6.147122452664631   32.55572278364471
1.922317750584177   5.741600723682872   31.48334431061409
1.9786713532176083   5.362029668467546   30.438921127315684
2.0366769868582977   5.0068133447805   29.421263557945444
2.0963830815323896   4.674448893647463   28.42927890903149
2.1578394870138577   4.363521496004695   27.461965438424595
2.2210975144450407   4.0726995732295395   26.51840670273412
2.286209979177315   3.8007297331459826   25.59779800218396
2.3532312448676476   3.5464317715025198   24.69949101482852
2.4222172688678643   3.3086959458018286   23.8229052704718
2.4932256489445366   3.086479248165942   22.967507986239877
2.5663156713684585   2.878801613299494   22.13281066759814
2.641548360413907   2.6847423257520955   21.31836583956335
2.7189865293089923   2.503436617166799   20.523763899082656
2.798694832679631   2.334072539655328   19.7486437932142
2.8807398205309562   2.175889215232731   18.992885448882845
2.9651899938111903   2.0281732146769627   18.256526494719886
3.05211586160442   1.890254569701866   17.539577181372906
3.1415899999999994   1.7615042637331977   16.842016476548416
