0.01   23539.42661531182   23524.00572188771
0.010293154462191829   23814.862028796753   23797.944849247295
0.010594902878253955   24081.545564387186   24062.996682072142
0.010905497183778876   24338.68750933036   24318.361821136954
0.011225196699963396   24585.489919799602   24563.232764038607
0.011554268350120923   24821.131385603607   24796.77734606959
0.011892986882540897   25044.741719310525   25018.111371054183
0.012241635099881474   25255.44243951944   25226.34205721676
0.012600504095286909   25452.3524934807   25420.57428834984
0.012969893495426888   25634.55122140485   25599.872715557827
0.013350111710660605   25801.10067412072   25763.28468658262
0.013741476192534558   25951.074665524346   25909.870050212077
0.014144313698828986   26083.536134925846   26038.676295683832
0.01455896056637426   26197.51748503545   26148.716957834986
0.014985762991865008   26292.07170295999   26239.026928869313
0.01542507732090645   26366.276440844846   26308.66662683251
0.015877270345534218   26419.195278572082   26356.679629127833
0.016342719610456153   26449.91371812741   26382.13156506508
0.016821813728271667   26457.56769278561   26384.14081527254
0.017314952703931925   26441.32780256614   26361.85982381343
0.017822548268711737   26400.396956589622   26314.471768658863
0.01834502422397195   26334.048396251073   26241.233381844235
0.018882816794999403   26241.633771377452   26141.482959208108
0.019436374995219892   26122.58288143603   26014.63712348145
0.02000616100108813   25976.41732784335   25860.20786535059
0.020592650537967844   25802.761566370602   25677.815633175844
0.021196333277324068   25601.380792529442   25467.234219882423
0.02181771324555934   25372.18786481634   25228.39816268596
0.022457309244835088   25115.213348137517   24961.36560448154
0.02311565528622961   24830.646231843693   24666.361647377664
0.023793301035594242   24518.939619844117   24343.891733252214
0.024490812272480036   24180.69422936609   23994.615633213405
0.025208771362518027   23816.635595421358   23619.323344174278
0.0259477777436476   23427.812155240732   23219.15989167281
0.02670844842659881   23015.537211086925   22795.558521023893
0.027491418510046592   22581.20175237469   22350.027574451007
0.028297341710866907   22126.427103460403   21884.30937901639
0.029126890909937666   21653.327352127242   21400.65395845579
0.029980758713939952   21164.08328346301   20901.370740229228
0.030859658033628758   20660.890509182067   20388.774454091155
0.031764322679055976   20146.38267025605   19865.634514621463
0.03269550797224261   19623.38339278358   19334.910077154702
0.033653991377811755   19094.572246174524   18799.3949784653
0.03464057315210884   18562.89907702958   18262.11728041178
0.03565607701135116   18031.96708199341   17726.707783505983
0.036701350819364466   17505.15919097454   17196.555989269666
0.03777726729548091   16985.50807242044   16674.686824130666
0.038884724743189276   16475.61079303986   16163.682173211993
0.04002464780014597   15977.713161860684   15665.76425453022
0.041197988210172884   15493.798081751644   15182.88083305417
0.04240572561788674   15026.578258905793   14717.541000206626
0.04364886838662332   14579.919940470889   14273.173030278958
0.04492845444033957   14157.31451054717   13852.84986764146
0.04624555213019635   13761.208894899679   13458.641812889779
0.04760126112654554   13391.627949476346   13090.242278307875
0.04899671333706607   13048.08412576068   12746.86607755313
0.05043307385181555   12729.873547607942   12427.538672108305
0.05191154191598653   12435.46367187102   12130.482771069705
0.053433351931179485   12163.247188187952   11853.865810830413
0.05499977448602865   11911.14655346431   11595.457549357092
0.05661211741704101   11676.088230723455   11352.154136741254
0.05827172690053434   11455.010400506862   11120.904623873643
0.05997998857658587   11244.033115903887   10898.08963778223
0.06173832870592997   11038.90855737755   10679.87141337579
0.0635482153607709   10834.954522175554   10462.207510383689
0.06541115965050462   10626.610245507245   10240.555132940446
0.06732871698337338   10408.376634725219   10010.584984843801
0.06930248836510605   10174.408652764434   9768.053823805896
0.07133412173562886   9919.450148783008   9509.357835972212
0.07342531334496233   9639.466258649047   9232.269686288035
0.07557780916945323   9331.79028635755   8935.697153033743
0.07779340636952398   8996.293340607612   8620.584612302626
0.08007395479015682   8634.736495477126   8289.263113421654
0.08242135850536496   8251.526703803422   7946.107311333039
0.08483757740794096   7852.613529516224   7596.267839655605
0.08732462884580919   7445.409023923313   7245.5431348539305
0.08988458930634863   7038.554915400043   6900.35961200056
0.09251959615009227   6640.747858591014   6566.998760195523
0.09523184939525078   6261.166876225821   6251.211868708663
0.09802361355455057   5908.436531609769   5958.0151563343
0.10089721952591899   5590.101212683265   5691.585672832905
0.10385506653859616   5311.873082811299   5454.65054076365
0.10689962415629803   5076.2298356734145   5246.490251947207
0.11003343433910281   4882.601846839409   5064.9847280889635
0.11325911356578279   4726.592400941953   4906.844962996175
0.11657935501835284   4600.669631380038   4766.6130836195125
0.11999693083066039   4495.009050300466   4637.525119565443
0.12351469440289359   4397.9225951953495   4512.731754416674
0.12713558278394044   4297.332053467179   4386.332528613626
0.13086261912358757   4181.9419829176295   4253.502620243256
0.13469891519660646   4042.9674644265338   4110.6507537947755
0.13864767400083483   3875.933025285986   3956.952118448166
0.14271219243142114   3681.4750368839614   3794.6851902203816
0.14689586403346616   3465.456754882344   3627.9238342860485
0.1512021818353596   3238.3372361740003   3461.1537794128167
0.15563474126517718   3013.897747553683   3300.861965053479
0.16019724315257297   2806.7302583894552   3152.3659233659737
0.1648934968186736   2628.6525323641463   3018.5599382067244
0.1697274232565544   2485.636360046436   2900.0637569906526
0.17470305840495237   2376.9128103354587   2795.675496318489
0.17982455651794954   2296.1520909754554   2701.714243496463
0.18509619363343993   2232.871378717345   2613.3395866268943
0.19052237114327647   2173.439619456191   2527.143788165899
0.19610761946807834   2103.7287093401874   2440.0551340887782
0.20185660183976684   2014.1771873380856   2349.5681653579218
0.20777411819498756   1903.641895554437   2257.202668692837
0.21386510918267082   1778.9067830714569   2166.6690001552574
0.22013466028907505   1651.720004887026   2078.898718953748
0.22658800608375756   1535.2956589019643   1996.5200821371948
0.23323053459001789   1439.643184361448   1920.627926986957
0.2400677917834628   1367.6228459357728   1851.4965817859984
0.24710548622244882   1314.4646156141885   1785.7244818984623
0.25434949381426813   1269.630917382086   1723.6660500376402
0.2618058627210567   1220.980498836533   1663.3607036437613
0.2694808184095226   1160.8579684551223   1603.797458167686
0.27738076884870827   1089.6423935295013   1544.4979587235694
0.2855123098601282   1014.4144323884555   1488.2615294377547
0.29388223062474755   945.1384680846551   1434.22629834813
0.3024975193514008   888.9412497841155   1383.9618463473955
0.31136536911138296   845.8043756565797   1336.1580523753605
0.3204931838440838   809.6309045353281   1291.0936391938856
0.32988858453867975   772.331337620445   1247.849048726941
0.3395594155970457   729.1853150837327   1205.0902896831997
0.34951375138319807   682.1033254702612   1163.902154377137
0.3597599029647371   637.055429434415   1124.5409894858294
0.37030642505191835   598.8970547836602   1087.3414461711566
0.3811621231401457   567.7781643181396   1052.1924752024443
0.3923360608618501   539.4709566478911   1018.5325965172701
0.4038375675538918   509.7071678567749   986.0772713390583
0.41567624604680364   478.06847628418575   954.5205614873739
0.42786198068238046   447.564072309856   924.2464476052684
0.4404049455663077   420.95549780678107   895.510808667365
0.4533156130627191   397.81688377840334   868.1640879312237
0.4666047625377753   375.6216894577626   841.8262028602247
0.4802834893595659   352.9289160322879   816.365431077207
0.49436321416184764   330.82640081313656   791.7248881811643
0.5088556923793517   310.84375393055177   768.2769374094659
0.5237730240626238   292.8383459961846   745.9351452104235
0.5391276639805903   275.5297185185154   724.3249221187704
0.5549324320192869   258.52726245031874   703.3759591205214
0.5712005238854289   242.54953592909035   683.2099252926452
0.5879455221237613   227.93611566864288   663.9084930817106
0.6051814074573895   214.1720772009537   645.2808753994647
0.622922570460556   200.9174568459778   627.1575390743819
0.6411838235736077   188.46201375621925   609.6839532408496
0.6599804134701901   176.8326865671625   592.8468952482581
0.6793280337869897   165.88085549984808   576.5266449882271
0.6992428382266549   155.5663754078895   560.6915989391101
0.7197414540448374   145.8568274906917   545.3174072616376
0.7408409959326054   136.72098379529547   530.3812172587213
0.7625590803058332   128.12880816051205   515.8615847515277
0.7849138400134885   120.05137361713534   501.7379321943258
0.8079239394770964   112.4602056092666   487.98643119681896
0.8316085902740278   105.327792440195   474.58239502925204
0.8559875671776167   98.62804291267393   461.50301431260874
0.8810812246675007   92.33622802175384   448.7272823531255
0.9069105139239728   86.42891868404784   436.2358945011073
0.9334970003205227   80.88392567924225   424.0111556514621
0.960862881429187   75.680241772015   412.0368949640275
0.9890310055537336   70.79799159405994   400.29871321327136
1.0180248908061487   66.2183896778041   388.7846756491893
1.047868744742366   61.923669431062464   377.4842280588065
1.0785874845736239   57.897029634326124   366.3878665434794
1.1102067579703248   54.12258787595133   355.48708466381186
1.1427529644757777   50.58533579340403   344.7743229417452
1.1762532775476793   47.271096083851425   334.2429203548098
1.210735667245765   44.1664810121003   323.88709670153094
1.246228923584555   41.2588431281261   313.70317396505095
1.2827626805706884   38.536236939021585   303.68982254423236
1.3203674409449337   35.98739775659499   293.8461669701116
1.3590746016495152   33.60170715680207   284.1716165717314
1.3989164800420282   31.369158886102607   274.6658399728715
1.4399263408778291   29.280326346049787   265.3287398295058
1.4821384240834183   27.32633159919624   256.16042781638936
1.525587973344019   25.498815792286088   247.16145439762684
1.5703112655292182   23.789910647838514   238.33496451869962
1.6163456409812174   22.192212027581583   229.6852231278803
1.6637295346910133   20.69875475679576   221.21604631992656
1.7125025083885144   19.302988389363556   212.9307905394689
1.7627052835733923   17.998754173268967   204.83236157779868
1.814379775514258   16.78026317034034   196.9232245669055
1.8675691282445197   15.642075481578344   189.205414927552
1.922317750584177   14.579078825362041   181.68099487200143
1.9786713532176083   13.586466390259837   174.35305676559963
2.0366769868582977   12.659725014618244   167.22430617870066
2.0963830815323896   11.794619524396499   160.29672589959213
2.1578394870138577   10.98717647379508   153.5716163178143
2.2210975144450407   10.233668772986258   147.04963623621612
2.286209979177315   9.530601159183655   140.7308438344195
2.3532312448676476   8.874696563640297   134.61474372994223
2.4222172688678643   8.262886985774943   128.70058707118736
2.4932256489445366   7.69230130196731   122.98745025881877
2.5663156713684585   7.16024773026993   117.47388692251128
2.641548360413907   6.664202881289086   112.1579468062976
2.7189865293089923   6.201801834460022   107.03722295270354
2.798694832679631   5.77082874993157   102.10889736189542
2.8807398205309562   5.369207991049765   97.36978496339722
2.9651899938111903   4.994994112809359   92.81625570820474
3.05211586160442   4.646350999464484   88.44327847986861
3.1415899999999994   4.321555497151878   84.24518987196072
