0.01   4896.44516232435   4896.102738537257
0.010293154462191829   4967.6486407297   4967.282992311805
0.010594902878253955   5037.677850715106   5037.286851799387
0.010905497183778876   5106.388340155216   5105.969857501571
0.011225196699963396   5173.6253616206095   5173.177013259455
0.011554268350120923   5239.227886936465   5238.746925140655
0.011892986882540897   5303.032082340472   5302.51538594124
0.012241635099881474   5364.868244048701   5364.312391552338
0.012600504095286909   5424.559618820191   5423.961000650989
0.012969893495426888   5481.9274276974165   5481.282260423073
0.013350111710660605   5536.78977210966   5536.0940632255615
0.013741476192534558   5588.95433412725   5588.203683205644
0.014144313698828986   5638.225631997627   5637.415171292572
0.01455896056637426   5684.408419365675   5683.532815350114
0.014985762991865008   5727.303089133244   5726.356493951672
0.01542507732090645   5766.70650215986   5765.682509112274
0.015877270345534218   5802.418127647318   5801.309783320384
0.016342719610456153   5834.2383633378095   5833.038123216618
0.016821813728271667   5861.963187186641   5860.66273675233
0.017314952703931925   5885.392567764334   5883.982810806883
0.017822548268711737   5904.333070105333   5902.8041535606535
0.01834502422397195   5918.594414540405   5916.935629696425
0.018882816794999403   5927.992357352306   5926.192096634274
0.019436374995219892   5932.353381960701   5930.399201990771
0.02000616100108813   5931.516003778432   5929.3946521031385
0.020592650537967844   5925.331989795386   5923.029387640536
0.021196333277324068   5913.667890844646   5911.1692220273635
0.02181771324555934   5896.407497979286   5893.697355258596
0.022457309244835088   5873.46059369494   5870.523340722813
0.02311565528622961   5844.75930157849   5841.579314252725
0.023793301035594242   5810.255347781713   5806.817161941801
0.024490812272480036   5769.9356034440925   5766.224476472011
0.025208771362518027   5723.829004536882   5719.831647855849
0.0259477777436476   5671.9864088697805   5667.691139776317
0.02670844842659881   5614.488902959985   5609.885998272073
0.027491418510046592   5551.486095809802   5546.569136022228
0.028297341710866907   5483.1599320616115   5477.92617028013
0.029126890909937666   5409.710660028398   5404.160979547634
0.029980758713939952   5331.4083617800125   5325.547884464509
0.030859658033628758   5248.588085276336   5242.42668099823
0.031764322679055976   5161.592378129062   5155.144403671096
0.03269550797224261   5070.8008001693115   5064.085018764364
0.033653991377811755   4976.7011141672865   4969.741098911578
0.03464057315210884   4879.7910262144505   4872.614819888506
0.03565607701135116   4780.55916481185   4773.198702173676
0.036701350819364466   4679.567662169746   4672.057603707741
0.03777726729548091   4577.413036457016   4569.789838801293
0.038884724743189276   4474.656959280716   4466.958416133366
0.04002464780014597   4371.893186545639   4364.156183111695
0.041197988210172884   4269.8206839699915   4262.077032374
0.04240572561788674   4169.098983612053   4161.375101276184
0.04364886838662332   4070.3122741262096   4062.6290438622427
0.04492845444033957   3973.8643848640454   3966.234225744504
0.04624555213019635   3880.059776555465   3872.4857844885837
0.04760126112654554   3789.1733201479387   3781.6498813619914
0.04899671333706607   3701.6327528129823   3694.136913619845
0.05043307385181555   3618.0911772176964   3610.5703219138973
0.05191154191598653   3539.159989485051   3531.5331817123297
0.053433351931179485   3465.150954949227   3457.315416415863
0.05499977448602865   3395.5172784120696   3387.3648342597357
0.05661211741704101   3329.57604518611   3320.99668942544
0.05827172690053434   3266.6984848016436   3257.5806554975106
0.05997998857658587   3206.3143306917896   3196.5454214280035
0.06173832870592997   3147.8943973933256   3137.3613206053165
0.0635482153607709   3090.823873449371   3079.422761257599
0.06541115965050462   3034.307277179296   3021.960545233758
0.06732871698337338   2977.5612396086385   2964.221893819076
0.06930248836510605   2919.652443193406   2905.3340229848845
0.07133412173562886   2859.6030138621245   2844.3948654081873
0.07342531334496233   2796.437139679958   2780.52328437621
0.07557780916945323   2729.1453911379735   2712.834135658119
0.07779340636952398   2656.8956700946765   2640.613538495699
0.08007395479015682   2579.1667521591235   2563.453557639789
0.08242135850536496   2495.7419046926084   2481.231086700611
0.08483757740794096   2407.0615822170275   2394.456463930375
0.08732462884580919   2313.9081629169355   2303.9447854145333
0.08988458930634863   2217.6301257378514   2211.0133846167987
0.09251959615009227   2119.762543341942   2117.121920107154
0.09523184939525078   2022.0757507672884   2023.907135299184
0.09802361355455057   1926.3217853560493   1932.9538430354157
0.10089721952591899   1834.218342808743   1845.7786554408108
0.10385506653859616   1747.426685539326   1763.7915719533084
0.10689962415629803   1667.423646248156   1688.2151386300106
0.11003343433910281   1595.3443716655665   1619.895595824272
0.11325911356578279   1531.971500231538   1559.3440436792011
0.11657935501835284   1477.2152540685954   1506.3350966195565
0.11999693083066039   1430.3961628217223   1460.1474233953497
0.12351469440289359   1389.85115619133   1419.231716271863
0.12713558278394044   1353.4862896119666   1381.7305753398325
0.13086261912358757   1318.8066317728196   1345.5421160605592
0.13469891519660646   1283.3645487540236   1308.6785695610577
0.13864767400083483   1244.9852129327885   1269.4603586282783
0.14271219243142114   1202.0699617963423   1226.7837962834678
0.14689586403346616   1153.911703240137   1180.262418134285
0.1512021818353596   1100.7975220556389   1130.2953166078923
0.15563474126517718   1044.029179344527   1078.0694083568437
0.16019724315257297   985.6660056704292   1025.2271530497528
0.1648934968186736   928.206910152176   973.7011528355353
0.1697274232565544   874.2982884656998   925.3895059469115
0.17470305840495237   826.3237369795486   881.8229150335358
0.17982455651794954   785.7494676423478   843.9279310956645
0.18509619363343993   752.5125694899467   811.3941549711885
0.19052237114327647   725.0817590062353   782.9479188105155
0.19610761946807834   701.1101318003049   756.9130534584406
0.20185660183976684   678.0598472557273   731.5828238489098
0.20777411819498756   653.501594468316   705.4520813391589
0.21386510918267082   625.5920992090092   677.5443840722479
0.22013466028907505   593.9522070748841   647.7891631670979
0.22658800608375756   559.9984666481646   617.2735870272084
0.23323053459001789   526.114341024395   587.4208049027918
0.2400677917834628   494.61403252675797   559.5524078470789
0.24710548622244882   467.20909044601245   534.363833517839
0.25434949381426813   444.4817460128979   512.1414453401453
0.2618058627210567   425.548563982341   492.17632338714793
0.2694808184095226   408.4570797662582   473.3803882395258
0.27738076884870827   391.13178945735996   454.74414969602617
0.2855123098601282   372.1453682622251   435.7562484375906
0.29388223062474755   351.533987036961   416.4510363919246
0.3024975193514008   330.6513596140327   397.67955043786696
0.31136536911138296   311.089736783794   379.876424959533
0.3204931838440838   293.96010713993894   363.5148563762424
0.32988858453867975   279.3527126691928   348.503560976157
0.3395594155970457   266.2152824453874   334.35470469596606
0.34951375138319807   253.24746859903595   320.6195953953767
0.3597599029647371   239.7351365548496   307.10138034194216
0.37030642505191835   225.9018229846897   293.90884031315994
0.3811621231401457   212.67111391314862   281.3383705093834
0.3923360608618501   200.7555348497983   269.54140766662977
0.4038375675538918   190.13733214603556   258.44037520604985
0.41567624604680364   180.24099789164742   247.8855677912764
0.42786198068238046   170.45416953275378   237.6825867687723
0.4404049455663077   160.69176568130425   227.84333386319474
0.4533156130627191   151.346055070022   218.47207195230075
0.4666047625377753   142.75188610897624   209.58553513326092
0.4802834893595659   134.8590362931121   201.14741395059957
0.49436321416184764   127.34768923342186   193.08991594541368
0.5088556923793517   120.04088016205986   185.3659864431382
0.5237730240626238   113.03355343046668   177.9778262244025
0.5391276639805903   106.49264376441043   170.96042052491717
0.5549324320192869   100.39239114670521   164.27527878237484
0.5712005238854289   94.595510086866   157.8911985816055
0.5879455221237613   89.04608013618868   151.79148937121195
0.6051814074573895   83.80084734715366   145.9731010997532
0.622922570460556   78.88316304246747   140.43200155816956
0.6411838235736077   74.2390381862679   135.14172853523712
0.6599804134701901   69.8292614651533   130.08864878562218
0.6793280337869897   65.66406018691396   125.26763454106546
0.6992428382266549   61.7439820739537   120.66681725591549
0.7197414540448374   58.046626828500585   116.27406771563194
0.7408409959326054   54.55620590699085   112.07823047138923
0.7625590803058332   51.262280124963354   108.06911784656026
0.7849138400134885   48.155169617419475   104.23715483615206
0.8079239394770964   45.225544318180965   100.5733121365926
0.8316085902740278   42.46442296856507   97.06907222025335
0.8559875671776167   39.86317083118147   93.71639768014055
0.8810812246675007   37.413496244806   90.50770168283151
0.9069105139239728   35.107401194994374   87.43569190155007
0.9334970003205227   32.93701367230055   84.49284780963762
0.960862881429187   30.894786245114926   81.67192287090516
0.9890310055537336   28.973562152165922   78.96613843617024
1.0180248908061487   27.166556985022275   76.36915072134553
1.047868744742366   25.467341076651472   73.87502029023716
1.0785874845736239   23.869822612292175   71.47818392744165
1.1102067579703248   22.36823157440399   69.17342713615437
1.1427529644757777   20.957119495595574   66.95567686847455
1.1762532775476793   19.63135343676414   64.81983895969488
1.210735667245765   18.386070084088068   62.761130025204636
1.246228923584555   17.216659934584744   60.77509661631139
1.2827626805706884   16.118755820219558   58.857592067738985
1.3203674409449337   15.088221818014786   57.004755252035714
1.3590746016495152   14.121142543497294   55.212991064462464
1.3989164800420282   13.21381239852433   53.478943328291
1.4399263408778291   12.362719785906899   51.79934673455424
1.4821384240834183   11.564540731453882   50.171060679406345
1.525587973344019   10.81613530128454   48.59117520767514
1.5703112655292182   10.114538468644918   47.05699916899945
1.6163456409812174   9.456951218396465   45.56604613479375
1.6637295346910133   8.84073204229465   44.11602140174836
1.7125025083885144   8.263388812347845   42.70480997152353
1.7627052835733923   7.722570920437292   41.33048178365602
1.814379775514258   7.2160615201598555   39.991344087321266
1.8675691282445197   6.741770913125149   38.68586518814707
1.922317750584177   6.2977299651370995   37.412637785087526
1.9786713532176083   5.88208365647904   36.17037139630545
2.0366769868582977   5.493084939876008   34.957885224723654
2.0963830815323896   5.129088894240919   33.7741014065098
2.1578394870138577   4.7885471556053325   32.61803919525213
2.2210975144450407   4.470001873243787   31.488876058045683
2.286209979177315   4.172080272389552   30.385990957300937
2.3532312448676476   3.8934914399717933   29.308828813858245
2.4222172688678643   3.633021884163401   28.256880789538222
2.4932256489445366   3.389531142958605   27.22968074007081
2.5663156713684585   3.1619476235014807   26.22680178796574
2.641548360413907   2.949264661349735   25.247853009186013
2.7189865293089923   2.75053690116997   24.292493408690024
2.798694832679631   2.5648782711276255   23.360669961055756
2.8807398205309562   2.3914577780349164   22.452513281833074
2.9651899938111903   2.2294948981930194   21.56811120894101
3.05211586160442   2.078256670754343   20.70750458964
3.1415899999999994   1.9370549803787636   19.870689372415175
