0.01   5719.648303645164   5719.360752259217
0.010293154462191829   5790.211118883143   5789.9089621276735
0.010594902878253955   5859.053640697258   5858.7352088836915
0.010905497183778876   5926.017852191126   5925.681422575588
0.011225196699963396   5990.941346814019   5990.585128802888
0.011554268350120923   6053.65075606283   6053.272825401881
0.011892986882540897   6113.969014851376   6113.5672985758065
0.012241635099881474   6171.717684066898   6171.289961508514
0.012600504095286909   6226.712279276509   6226.256175806852
0.012969893495426888   6278.76370132302   6278.276684621328
0.013350111710660605   6327.683203757949   6327.162588053935
0.013741476192534558   6373.279132415146   6372.721996561076
0.014144313698828986   6415.35054988206   6414.753505006737
0.01455896056637426   6453.697091823536   6453.056243411556
0.014985762991865008   6488.120971476135   6487.431933631447
0.01542507732090645   6518.420701451288   6517.678709629044
0.015877270345534218   6544.395100908835   6543.595090129071
0.016342719610456153   6565.849053900109   6564.985678001869
0.016821813728271667   6582.58996700295   6581.65742375056
0.017314952703931925   6594.424278701199   6593.415946064924
0.017822548268711737   6601.166944770568   6600.075365586313
0.01834502422397195   6602.643017858035   6601.459934383995
0.018882816794999403   6598.683844380216   6597.400217123726
0.019436374995219892   6589.131687643831   6587.737740139212
0.02000616100108813   6573.843718042619   6572.329004161363
0.020592650537967844   6552.693904758294   6551.047374655083
0.021196333277324068   6525.574547796059   6523.784618550389
0.02181771324555934   6492.396752547418   6490.4514038775515
0.022457309244835088   6453.093860011185   6450.980807766369
0.02311565528622961   6407.632136275745   6405.33929086372
0.023793301035594242   6356.003190035553   6353.518874146909
0.024490812272480036   6298.221560623609   6295.534643649641
0.025208771362518027   6234.346306763939   6231.4470766946715
0.0259477777436476   6164.482000562269   6161.363049502394
0.02670844842659881   6088.755444892553   6085.411721025942
0.027491418510046592   6007.329906883384   6003.759111771062
0.028297341710866907   5920.445415025644   5916.649429428016
0.029126890909937666   5828.3702896740315   5824.35533068259
0.029980758713939952   5731.390375868274   5727.166809983194
0.030859658033628758   5629.872833132649   5625.455701899261
0.031764322679055976   5524.244883207607   5519.654157803666
0.03269550797224261   5414.9335731825095   5410.193706905586
0.033653991377811755   5302.407188175287   5297.547104382679
0.03464057315210884   5187.2422672419725   5182.2960492712145
0.03565607701135116   5070.011241839137   5065.0176412101755
0.036701350819364466   4951.269518669928   4946.271116139546
0.03777726729548091   4831.648336775851   4826.6895061894065
0.038884724743189276   4711.79890770509   4706.924502592255
0.04002464780014597   4592.324503296276   4587.579437654822
0.041197988210172884   4473.852415444142   4469.278911531187
0.04240572561788674   4357.092840821926   4352.72582541445
0.04364886838662332   4242.7014231421335   4238.5685580222735
0.04492845444033957   4131.247209025557   4127.369144787602
0.04624555213019635   4023.110968593438   4019.4993341918916
0.04760126112654554   3918.5738922387904   3915.2310588898736
0.04899671333706607   3817.883592875072   3814.803403283537
0.05043307385181555   3721.404638183076   3718.5614248667553
0.05191154191598653   3629.668090156556   3627.001983695126
0.053433351931179485   3543.161390194776   3540.580448769554
0.05499977448602865   3462.0522353945776   3459.4415668794236
0.05661211741704101   3385.6198516092963   3382.8635637467946
0.05827172690053434   3313.025583181316   3310.0108400952186
0.05997998857658587   3243.516479496357   3240.134160958283
0.06173832870592997   3176.4622935915722   3172.609775205615
0.0635482153607709   3111.292365300257   3106.8740650740847
0.06541115965050462   3047.346453723582   3042.283372153696
0.06732871698337338   2983.783852543608   2978.029853526648
0.06930248836510605   2919.785591129372   2913.3308907183846
0.07133412173562886   2854.376317882818   2847.277673954679
0.07342531334496233   2786.5499378958493   2778.94394100234
0.07557780916945323   2715.354059828981   2707.4738584128627
0.07779340636952398   2639.8760138892144   2632.0764676849326
0.08007395479015682   2559.4434867156137   2552.19107770404
0.08242135850536496   2473.812545992625   2467.677015029982
0.08483757740794096   2383.0753300123115   2378.7030265836543
0.08732462884580919   2288.0212438120893   2286.097776847231
0.08988458930634863   2189.734264532816   2190.9428776739314
0.09251959615009227   2089.7597427481237   2094.71231390542
0.09523184939525078   1989.7280835400202   1998.9285319524608
0.09802361355455057   1891.3793957600121   1905.1784848067123
0.10089721952591899   1796.3744772988891   1814.9381572850875
0.10385506653859616   1706.2916843350142   1729.5689102685128
0.10689962415629803   1622.6066136764175   1650.3023987845597
0.11003343433910281   1546.5760332281602   1578.1631487309996
0.11325911356578279   1478.9730894630802   1513.659806990785
0.11657935501835284   1420.1557503111374   1456.9115703716818
0.11999693083066039   1369.513631674405   1407.2730179013413
0.12351469440289359   1325.8789494305984   1363.6418057349827
0.12713558278394044   1287.2506940594537   1324.1952725384979
0.13086261912358757   1251.3799810156656   1286.9679543453224
0.13469891519660646   1215.8563884180996   1249.973454434917
0.13864767400083483   1178.508152537572   1211.5110406551264
0.14271219243142114   1137.5993334402322   1170.298757500049
0.14689586403346616   1092.121536993688   1125.6901556120442
0.1512021818353596   1042.025752414462   1077.8150901019876
0.15563474126517718   988.1842599955667   1027.5117801224737
0.16019724315257297   932.2706469632858   976.1939178266128
0.1648934968186736   876.4520567713553   925.5405800958077
0.1697274232565544   823.1341575020764   877.3471755962925
0.17470305840495237   774.6469205004036   833.2181822955
0.17982455651794954   732.7513571928401   794.2223603649536
0.18509619363343993   697.9733758490286   760.630957065071
0.19052237114327647   669.3465548382485   731.4367380358582
0.19610761946807834   644.9070627438555   705.2170543102766
0.20185660183976684   622.3798175724895   680.3994236088988
0.20777411819498756   599.5256967688325   655.5200308568099
0.21386510918267082   574.3895348234844   629.4517911979212
0.22013466028907505   545.9940261114522   601.7057807982004
0.22658800608375756   514.9951292911314   572.9942976116525
0.23323053459001789   483.30126315061705   544.4795771385218
0.2400677917834628   453.043657888844   517.3681578288047
0.24710548622244882   425.9588593762435   492.56172128750785
0.25434949381426813   403.03430706978196   470.43670915673675
0.2618058627210567   383.9678033407535   450.7238987077454
0.2694808184095226   367.37741836832987   432.5466607382544
0.27738076884870827   351.4420296427519   414.996467658337
0.2855123098601282   334.59871256476805   397.34711726354664
0.29388223062474755   316.2946133959268   379.44818892287884
0.3024975193514008   297.3120139650952   361.7512177902142
0.31136536911138296   279.003420134141   344.88860744068927
0.3204931838440838   262.499840354477   329.1541871644329
0.32988858453867975   248.28903527517636   314.7266247574543
0.3395594155970457   235.83974754998255   301.34160646020393
0.34951375138319807   224.05001828076564   288.4800885553804
0.3597599029647371   212.08205214311826   275.9769033431039
0.37030642505191835   199.7702945304431   263.7366659349928
0.3811621231401457   187.68578608089393   251.98843261291137
0.3923360608618501   176.55810661028957   240.91654923542913
0.4038375675538918   166.61472364673924   230.5130793768172
0.41567624604680364   157.55064368259875   220.6936886687564
0.42786198068238046   148.83031897351918   211.27452427253192
0.4404049455663077   140.17733831532325   202.2095394370183
0.4533156130627191   131.77068967374566   193.55249633263332
0.4666047625377753   123.93178086072355   185.3343972235676
0.4802834893595659   116.7483047554003   177.5501102403863
0.49436321416184764   110.031871482437   170.1514145056583
0.5088556923793517   103.570912661548   163.0733614104374
0.5237730240626238   97.34781665445308   156.31273335927264
0.5391276639805903   91.49148067959226   149.88606644304892
0.5549324320192869   86.04264474028649   143.77735120702783
0.5712005238854289   80.91836882644797   137.9618997515747
0.5879455221237613   76.03646035202884   132.41649046657741
0.6051814074573895   71.40792847219507   127.1285010827184
0.622922570460556   67.06621293020416   122.09838402053492
0.6411838235736077   62.98881171463009   117.30864952768518
0.6599804134701901   59.13384033511567   112.74029448749778
0.6793280337869897   55.49217107980987   108.38703891803092
0.6992428382266549   52.06978163551681   104.23947871602482
0.7197414540448374   48.8503936699169   100.28482788163411
0.7408409959326054   45.818479795335406   96.51280213511154
0.7625590803058332   42.96437141980879   92.91501621954654
0.7849138400134885   40.278584496234096   89.48208072734258
0.8079239394770964   37.752052006186325   86.20513896705758
0.8316085902740278   35.376122181755186   83.07586714863396
0.8559875671776167   33.1425455672864   80.08643921375847
0.8810812246675007   31.043461956602226   77.2294941774344
0.9069105139239728   29.071387265569662   74.49810578888898
0.9334970003205227   27.219185125628513   71.8856651258207
0.960862881429187   25.479998382690777   69.38550674056975
0.9890310055537336   23.847306482947193   66.99125319365318
1.0180248908061487   22.31493762188986   64.69694488926413
1.047868744742366   20.877052062383335   62.49701014166157
1.0785874845736239   19.528126100255946   60.386237554392046
1.1102067579703248   18.262936675518745   58.359750588322754
1.1427529644757777   17.076546632451343   56.412983472231595
1.1762532775476793   15.964294627378528   54.54152278195914
1.210735667245765   14.921784976937987   52.74094512619168
1.246228923584555   13.944865146212237   51.007095123600706
1.2827626805706884   13.029612459729378   49.33610764364428
1.3203674409449337   12.172322710502774   47.7243870865596
1.3590746016495152   11.369499233200099   46.16858838257222
1.3989164800420282   10.617842430150894   44.66559954981059
1.4399263408778291   9.91423962863737   43.21252212890484
1.4821384240834183   9.25575308190408   41.806575913718
1.525587973344019   8.639611527418591   40.44509583606239
1.5703112655292182   8.063204301820628   39.12561083441516
1.6163456409812174   7.524072882083948   37.845834983428674
1.6637295346910133   7.019902692037225   36.60365528836713
1.7125025083885144   6.548515299902476   35.39712041622269
1.7627052835733923   6.107860991903469   34.22443026974646
1.814379775514258   5.696011614221526   33.08393551305702
1.8675691282445197   5.311153270154973   31.97419015301895
1.922317750584177   4.951580506698123   30.893895259995283
1.9786713532176083   4.615690616375343   29.841853721438355
2.0366769868582977   4.301977835491167   28.8169636039059
2.0963830815323896   4.009027838650764   27.818212128229455
2.1578394870138577   3.735512518899471   26.844669975534664
2.2210975144450407   3.4801850406168064   25.895485897935405
2.286209979177315   3.241874854251282   24.96991671462234
2.3532312448676476   3.0194827037871868   24.067396016215287
2.4222172688678643   2.8119774210918136   23.18742238239528
2.4932256489445366   2.618392128455282   22.32952984063244
2.5663156713684585   2.4378204218906836   21.493285074184634
2.641548360413907   2.2694127667014525   20.678284737897204
2.7189865293089923   2.112373094559163   19.884152877000492
2.798694832679631   1.9659556071144755   19.11054107440357
2.8807398205309562   1.8294625141876188   18.35726273531758
2.9651899938111903   1.7022412711110233   17.62433040963522
3.05211586160442   1.5836805966594687   16.911736827068374
3.1415899999999994   1.473207909313957   16.219437998111434
