0.01   12825.5956414864   12823.489762297779
0.010293154462191829   12962.445119678428   12960.161150665042
0.010594902878253955   13094.226850171617   13091.747998194509
0.010905497183778876   13220.552331523717   13217.858637644527
0.011225196699963396   13341.01882544233   13338.088731234622
0.011554268350120923   13455.211511603202   13452.023340821308
0.011892986882540897   13562.715721323162   13559.247813386728
0.012241635099881474   13663.110385783268   13659.340475723151
0.012600504095286909   13755.953202226214   13751.85643842123
0.012969893495426888   13840.802205446245   13836.35081501567
0.013350111710660605   13917.220518280734   13912.383868266941
0.013741476192534558   13984.761471883974   13979.506268502708
0.014144313698828986   14042.977439208655   14037.267912952706
0.01455896056637426   14091.43353915682   14085.23158038142
0.014985762991865008   14129.698969794219   14122.963878250577
0.01542507732090645   14157.338363127725   14150.02622144075
0.015877270345534218   14173.93441027043   14165.998214985733
0.016342719610456153   14179.091214596183   14170.480952192147
0.016821813728271667   14172.42372311407   14163.08532062001
0.017314952703931925   14153.569737916838   14143.444841382101
0.017822548268711737   14122.199799928632   14111.22620521691
0.01834502422397195   14078.01875240497   14066.131094133867
0.018882816794999403   14020.7681953572   14007.898765705282
0.019436374995219892   13950.231445015232   13936.310812011003
0.02000616100108813   13866.241047477575   13851.198646735704
0.020592650537967844   13768.697940674261   13752.462501525133
0.021196333277324068   13657.5580391293   13640.058244832511
0.02181771324555934   13532.829859793523   13513.99526809448
0.022457309244835088   13394.61876019693   13374.383634170286
0.02311565528622961   13243.123954245886   13221.430800511089
0.023793301035594242   13078.59593719446   13055.396101260527
0.024490812272480036   12901.372528056583   12876.627962561617
0.025208771362518027   12711.95544037165   12685.643103321128
0.0259477777436476   12510.90661246169   12483.019094156047
0.02670844842659881   12298.83455827983   12269.380074435541
0.027491418510046592   12076.535919196971   12045.541999205725
0.028297341710866907   11844.926434542156   11812.441615778629
0.029126890909937666   11604.92562523377   11571.018009224052
0.029980758713939952   11357.570151198963   11322.327221249576
0.030859658033628758   11104.129055300897   11067.658699519805
0.031764322679055976   10845.854532154739   10808.28292426253
0.03269550797224261   10583.97579606882   10545.444746001662
0.033653991377811755   10319.91389792151   10280.57761068212
0.03464057315210884   10055.1121783621   10015.134343104339
0.03565607701135116   9790.909596610816   9750.460704672016
0.036701350819364466   9528.76266325789   9488.006852092454
0.03777726729548091   9270.320616132047   9229.399027679907
0.038884724743189276   9017.090609861712   8976.121010034814
0.04002464780014597   8770.359735455562   8729.43708376449
0.041197988210172884   8530.986675349319   8490.181657928051
0.04240572561788674   8299.636188256958   8258.996164841647
0.04364886838662332   8076.905682985439   8036.454076980262
0.04492845444033957   7863.831125236846   7823.510258204158
0.04624555213019635   7661.846118341553   7621.465217657918
0.04760126112654554   7472.2398753878315   7431.484835750792
0.04899671333706607   7295.358175926522   7253.83290062286
0.05043307385181555   7129.696723243227   7086.999440529321
0.05191154191598653   6973.629066675375   6929.3623880811665
0.053433351931179485   6825.675418578962   6779.447206691802
0.05499977448602865   6684.505564539258   6635.931236584761
0.05661211741704101   6548.88430998381   6497.589020892473
0.05827172690053434   6417.291038877197   6362.952271506511
0.05997998857658587   6287.847793150041   6230.24675102104
0.06173832870592997   6158.703614023265   6097.742309312226
0.0635482153607709   6027.599719573112   5963.403160264317
0.06541115965050462   5892.252758948195   5825.2021198905995
0.06732871698337338   5750.341097247299   5681.158716727642
0.06930248836510605   5599.527504910497   5529.358056588439
0.07133412173562886   5437.968029079124   5368.365440188221
0.07342531334496233   5264.518682523254   5197.444472156655
0.07557780916945323   5078.852383232721   5016.585921768863
0.07779340636952398   4882.073487615046   4827.08947074126
0.08007395479015682   4676.076679546613   4630.882474926863
0.08242135850536496   4463.924455637386   4430.8285602376445
0.08483757740794096   4249.078911778995   4230.050095436358
0.08732462884580919   4035.4260113213627   4031.950500093205
0.08988458930634863   3826.843704535303   3839.782664992139
0.09251959615009227   3627.093784881295   3656.5722200078203
0.09523184939525078   3439.8995344888995   3485.1180816633732
0.09802361355455057   3268.456415856774   3327.750431297553
0.10089721952591899   3115.21786496123   3186.054789590648
0.10385506653859616   2981.745233535002   3060.852412329392
0.10689962415629803   2867.629486965093   2951.203776131099
0.11003343433910281   2771.16906413854   2855.2607986721814
0.11325911356578279   2688.628625454765   2769.947479969852
0.11657935501835284   2615.3738215144767   2691.5558334579914
0.11999693083066039   2546.0285933455407   2615.896650626825
0.12351469440289359   2475.270231254646   2539.2496395150624
0.12713558278394044   2398.3891950203415   2458.5564732360567
0.13086261912358757   2311.874217154188   2371.6939971516513
0.13469891519660646   2214.1864673888017   2278.0577459778897
0.13864767400083483   2105.9446913314196   2178.746282921935
0.14271219243142114   1989.8930982958284   2076.281016757661
0.14689586403346616   1870.4180579395988   1973.378078422771
0.1512021818353596   1752.9354174896657   1873.611663703656
0.15563474126517718   1643.2322649397215   1780.4947736466413
0.16019724315257297   1546.4259477466348   1696.5527763114458
0.1648934968186736   1465.4767506507894   1623.0974585296922
0.1697274232565544   1400.0341675476789   1559.356173720963
0.17470305840495237   1346.847572058395   1502.696867458962
0.17982455651794954   1301.1489286034464   1450.4310736819805
0.18509619363343993   1257.6348838966462   1399.8260779797079
0.19052237114327647   1210.9889584531213   1348.3757817212515
0.19610761946807834   1157.214496292341   1294.3581860167951
0.20185660183976684   1095.6351254665894   1237.8096334774802
0.20777411819498756   1029.2483544777754   1180.7449791990528
0.21386510918267082   962.8654966297673   1125.6118587522053
0.22013466028907505   901.2843731660447   1073.8772027775328
0.22658800608375756   848.2108652349659   1026.9595817147122
0.23323053459001789   804.8609020185442   984.6117992104244
0.2400677917834628   769.3117627203394   946.1191504782028
0.24710548622244882   737.6809804168786   909.671288596479
0.25434949381426813   705.5903834570826   873.8655096853246
0.2618058627210567   670.0327327719629   838.0069176973301
0.2694808184095226   631.1187750367123   802.3349176731804
0.27738076884870827   591.5173416955417   767.848330912404
0.2855123098601282   554.4495107401951   735.1524042566439
0.29388223062474755   522.3182702295537   704.784276708927
0.3024975193514008   495.30520709267233   676.5252246529218
0.31136536911138296   471.2801698350298   649.7395977677188
0.3204931838440838   447.6290216990856   623.9671712836163
0.32988858453867975   422.80708465873147   598.8293608859593
0.3395594155970457   397.24661975797136   574.5148079390854
0.34951375138319807   372.81229521641745   551.3787903161391
0.3597599029647371   350.9391565752142   529.5787601649465
0.37030642505191835   331.6625260763704   508.85631444343306
0.3811621231401457   313.82638319650823   489.1634178116562
0.3923360608618501   296.1706457522706   470.24850859182334
0.4038375675538918   278.4975482290747   452.0590937992356
0.41567624604680364   261.57980363898696   434.69771255502286
0.42786198068238046   246.10356604054485   418.22458878564134
0.4404049455663077   231.996058338429   402.54920778931654
0.4533156130627191   218.61954447439902   387.56952105393674
0.4666047625377753   205.5949721143629   373.21536899312997
0.4802834893595659   193.11014624029872   359.48031355260565
0.49436321416184764   181.49701051334603   346.4033618035325
0.5088556923793517   170.72304559319267   333.94957368676893
0.5237730240626238   160.51168791345413   322.0260881090723
0.5391276639805903   150.74340532151393   310.612554696685
0.5549324320192869   141.5294105261788   299.70879046046156
0.5712005238854289   132.92323310658753   289.29957130444154
0.5879455221237613   124.82070738034557   279.34458866615745
0.6051814074573895   117.13951347308276   269.8036875081122
0.622922570460556   109.90067381461792   260.672015198302
0.6411838235736077   103.10850871303359   251.933879915185
0.6599804134701901   96.72289785222306   243.56008632436576
0.6793280337869897   90.70728131805942   235.53180534952426
0.6992428382266549   85.04207428193897   227.83026351784451
0.7197414540448374   79.70971388844524   220.4372996194917
0.7408409959326054   74.69322916811454   213.3359168077839
0.7625590803058332   69.97625050200345   206.51020118807025
0.7849138400134885   65.54301522085292   199.94524678985914
0.8079239394770964   61.37836971281953   193.62708637807717
0.8316085902740278   57.46769723160111   187.54248794781793
0.8559875671776167   53.796445862378626   181.67792057907772
0.8810812246675007   50.35055968533498   176.02022490860534
0.9069105139239728   47.11677085863713   170.55715989022545
0.9334970003205227   44.082559430239684   165.27734263125302
0.960862881429187   41.236113014137146   160.17018922857554
0.9890310055537336   38.5662885466201   155.2258605014136
1.0180248908061487   36.06257602581003   150.43521213291416
1.047868744742366   33.71509316023114   145.78962572273096
1.0785874845736239   31.51460639665213   141.28070821210147
1.1102067579703248   29.45240483022261   136.9006180724047
1.1427529644757777   27.520253578961718   132.64211469626284
1.1762532775476793   25.710370941773157   128.49852054516217
1.210735667245765   24.015406405839585   124.46368619987031
1.246228923584555   22.428419491484892   120.53195801050607
1.2827626805706884   20.94285917505319   116.69815065788413
1.3203674409449337   19.552533368914133   112.95763965818861
1.3590746016495152   18.25158933832359   109.30636741383007
1.3989164800420282   17.03451336230376   105.74063868537071
1.4399263408778291   15.896113836334901   102.25708520006701
1.4821384240834183   14.831503813597608   98.8526460014056
1.525587973344019   13.836084392088468   95.52454878374083
1.5703112655292182   12.90552891394724   92.27029210037298
1.6163456409812174   12.035767968938282   89.08767730139914
1.6637295346910133   11.222975362377552   85.97529488798756
1.7125025083885144   10.463554377363998   82.93222341596072
1.7627052835733923   9.75412470678537   79.95762252204581
1.814379775514258   9.091510253009064   77.05071891166406
1.8675691282445197   8.472727556370529   74.21079930812475
1.922317750584177   7.894974821484235   71.43720361961259
1.9786713532176083   7.355621514799789   68.72931832391134
2.0366769868582977   6.852197945291291   66.08669644729633
2.0963830815323896   6.3823842974530365   63.50944951711173
2.1578394870138577   5.944004146107272   60.997758849354746
2.2210975144450407   5.53501674030161   58.55170675741679
2.286209979177315   5.153508946609201   56.171279320328416
2.3532312448676476   4.797687640937646   53.8563693187517
2.4222172688678643   4.465872526095916   51.60677931781875
2.4932256489445366   4.156489368063624   49.4222274388748
2.5663156713684585   3.8680650556390317   47.302610588908344
2.641548360413907   3.599222260949807   45.248171617061516
2.7189865293089923   3.3486707936516105   43.25900089909364
2.798694832679631   3.115202084626193   41.334991575753754
2.8807398205309562   2.897684304592418   39.47585407624004
2.9651899938111903   2.695057751775705   37.68113045265072
3.05211586160442   2.5063304956253933   35.95020845128845
3.1415899999999994   2.3305738952686976   34.28231748276001
