0.01   8979.737670145603   8978.647212946727
0.010293154462191829   9091.24495347235   9090.066857789876
0.010594902878253955   9199.706621437814   9198.43505786499
0.010905497183778876   9304.835220056006   9303.463025575089
0.011225196699963396   9406.335974958738   9404.85409678909
0.011554268350120923   9503.910895669205   9502.308387578023
0.011892986882540897   9597.250353089843   9595.515225004392
0.012241635099881474   9686.034776685472   9684.154795617938
0.012600504095286909   9769.944017943226   9767.906776700169
0.012969893495426888   9848.652218239322   9846.444835504726
0.013350111710660605   9921.816674980391   9919.424855633
0.013741476192534558   9989.09436170067   9986.50224597042
0.014144313698828986   10050.145414119172   10047.33562527416
0.01455896056637426   10104.621669107602   10101.57554977773
0.014985762991865008   10152.173859740153   10148.87165283996
0.01542507732090645   10192.461943333166   10188.882870066991
0.015877270345534218   10225.148125646128   10221.269890040778
0.016342719610456153   10249.890857800325   10245.688648505036
0.016821813728271667   10266.362229446264   10261.80872048306
0.017314952703931925   10274.2502754933   10269.315780882824
0.017822548268711737   10273.25072936775   10267.903409608936
0.01834502422397195   10263.076968876254   10257.283057578285
0.018882816794999403   10243.467524366577   10237.191565440544
0.019436374995219892   10214.187114600369   10207.391777164932
0.02000616100108813   10175.028714686996   10167.67452741132
0.020592650537967844   10125.817732085827   10117.863413522928
0.021196333277324068   10066.418267097062   10057.82129472551
0.02181771324555934   9996.747373120264   9987.465093567298
0.022457309244835088   9916.76453338828   9906.75478085773
0.02311565528622961   9826.470960990991   9815.692631291859
0.023793301035594242   9725.94540666348   9714.3609733887
0.024490812272480036   9615.338039131206   9602.915660565424
0.025208771362518027   9494.83912113906   9481.552944163323
0.0259477777436476   9364.711331670745   9350.542502278167
0.02670844842659881   9225.34371573526   9210.282626369866
0.027491418510046592   9077.16968504762   9061.216180529902
0.028297341710866907   8920.66198493857   8903.825498967302
0.029126890909937666   8756.446726391994   8738.749848913809
0.029980758713939952   8585.234771562378   8566.714665427362
0.030859658033628758   8407.739233095206   8388.446518863224
0.031764322679055976   8224.77729860022   8204.775538160158
0.03269550797224261   8037.339131196755   8016.704648765213
0.033653991377811755   7846.394323642231   7825.214635433278
0.03464057315210884   7652.900778688203   7631.272743886292
0.03565607701135116   7457.976277712633   7436.003582448052
0.036701350819364466   7262.740945770191   7240.532146806012
0.03777726729548091   7068.232243824333   7045.899007072107
0.038884724743189276   6875.597729089196   6853.245319003682
0.04002464780014597   6686.111808262359   6663.8290208743
0.041197988210172884   6500.928852781664   6478.788285234428
0.04240572561788674   6321.0241611393285   6299.08210407914
0.04364886838662332   6147.061521735686   6125.354765999804
0.04492845444033957   5979.571350995639   5958.117834609514
0.04624555213019635   5819.037142412216   5797.835126383779
0.04760126112654554   5666.292958956128   5645.280311178132
0.04899671333706607   5522.410832728081   5501.436276134272
0.05043307385181555   5388.34468974503   5367.175246634697
0.05191154191598653   5264.205949197145   5242.556752483686
0.053433351931179485   5148.758745495476   5126.338370548527
0.05499977448602865   5040.732549219666   5017.2475347778145
0.05661211741704101   4938.979899131936   4914.13504120686
0.05827172690053434   4842.4792257483405   4815.978337358535
0.05997998857658587   4750.273390711267   4721.821389415965
0.06173832870592997   4661.119074363243   4630.454829700316
0.0635482153607709   4573.503267612482   4540.431869246595
0.06541115965050462   4485.908708824007   4450.318102629362
0.06732871698337338   4396.452764609887   4358.392029970863
0.06930248836510605   4303.250077579631   4262.950874705888
0.07133412173562886   4204.344839997274   4162.283907754461
0.07342531334496233   4097.78740822275   4054.7314153369907
0.07557780916945323   3982.1096063622567   3939.1200128437094
0.07779340636952398   3856.4792430973826   3814.923411287437
0.08007395479015682   3720.7496611607676   3682.215006682877
0.08242135850536496   3575.804326873357   3541.9729204684945
0.08483757740794096   3423.211547594872   3395.7852623168797
0.08732462884580919   3265.464053239265   3246.098929290796
0.08988458930634863   3105.3711152979404   3095.502681652333
0.09251959615009227   2946.0052958101132   2946.6618561788036
0.09523184939525078   2790.49061319047   2802.255632201373
0.09802361355455057   2641.87070121755   2664.8552342119033
0.10089721952591899   2503.217005449779   2536.8776864917954
0.10385506653859616   2377.124314710026   2420.2986187350725
0.10689962415629803   2265.577457961365   2316.421416323058
0.11003343433910281   2169.7444982800507   2225.8720848128237
0.11325911356578279   2089.190131249769   2147.9589423832226
0.11657935501835284   2022.3917473456413   2081.1304806753315
0.11999693083066039   1966.31193683017   2022.6473748001665
0.12351469440289359   1917.1711020936375   1969.3563760530799
0.12713558278394044   1870.6798917851618   1917.8971366898443
0.13086261912358757   1822.5316603035817   1865.107829455503
0.13469891519660646   1768.9316569654827   1808.3892113610664
0.13864767400083483   1707.0444435985457   1745.998600754973
0.14271219243142114   1635.6733736991107   1677.423791654594
0.14689586403346616   1555.3979605320094   1603.4135897370477
0.1512021818353596   1468.482079179074   1525.9054502586937
0.15563474126517718   1378.5356071548042   1447.7428235918019
0.16019724315257297   1290.1061219316891   1371.9110206253017
0.1648934968186736   1208.0667522280323   1301.477599359989
0.1697274232565544   1136.5732420667862   1238.8882537523693
0.17470305840495237   1077.8105458346458   1184.9987827613904
0.17982455651794954   1031.262609926943   1139.0149332633716
0.18509619363343993   994.2482603587507   1099.0624638508161
0.19052237114327647   962.9838227826675   1062.5626113102262
0.19610761946807834   933.1000546550616   1027.028820898229
0.20185660183976684   900.0902550837753   990.0527196585563
0.20777411819498756   860.7501459737072   950.1836866719746
0.21386510918267082   814.8254766659422   908.2752765451843
0.22013466028907505   764.9136351446763   865.3726844587428
0.22658800608375756   714.9130281484585   823.5210681562621
0.23323053459001789   668.8211435935782   784.6356442517999
0.2400677917834628   629.6958853103541   749.6845388990428
0.24710548622244882   598.3519272602292   718.880932839445
0.25434949381426813   573.1468347510986   691.0595430650588
0.2618058627210567   550.8201599549411   664.8193860739398
0.2694808184095226   527.7012296957871   638.8600767598007
0.27738076884870827   501.42481403375064   612.4569718670559
0.2855123098601282   472.2898735375994   585.8670200353858
0.29388223062474755   442.5067772274034   559.9817804868584
0.3024975193514008   414.7741279607607   535.6662036139661
0.31136536911138296   391.09918978063   513.1625619836384
0.3204931838440838   371.4710310855184   492.493829016982
0.32988858453867975   354.07219594002606   472.9068358653352
0.3395594155970457   336.7509060257778   454.03783384691377
0.34951375138319807   318.25709581033317   435.3994584096555
0.3597599029647371   299.0775064277078   417.4119526286679
0.37030642505191835   280.7976574300278   400.2819628870473
0.3811621231401457   264.567540252955   384.13945089503994
0.3923360608618501   250.38715645282323   368.9247652881409
0.4038375675538918   237.23905064272407   354.46719624962986
0.41567624604680364   224.09300618812807   340.5254672741507
0.42786198068238046   210.84629818137225   327.1014784171933
0.4404049455663077   198.17249386133227   314.3082820637857
0.4533156130627191   186.64078330071496   302.16608135739267
0.4666047625377753   176.15430673767   290.6420904330573
0.4802834893595659   166.1784198259241   279.6395890177848
0.49436321416184764   156.40562382310526   269.08785576987
0.5088556923793517   147.03280102233347   259.0018882919954
0.5237730240626238   138.33108791175118   249.41483865290758
0.5391276639805903   130.26506722899242   240.28293901362883
0.5549324320192869   122.59775278315043   231.557696327271
0.5712005238854289   115.24427645169574   223.2043435789963
0.5879455221237613   108.30774828940879   215.2343617375277
0.6051814074573895   101.8305680478196   207.63849080497377
0.622922570460556   95.72397471481439   200.38291054756922
0.6411838235736077   89.92348052362345   193.43545710971136
0.6599804134701901   84.45364658692712   186.8003427007774
0.6793280337869897   79.31828968934161   180.46164567370934
0.6992428382266549   74.48179684105678   174.39869404672453
0.7197414540448374   69.92192317652614   168.59714879709927
0.7408409959326054   65.62425056446516   163.04294976327435
0.7625590803058332   61.57558259627191   157.72280821730212
0.7849138400134885   57.763206339675655   152.62424727757534
0.8079239394770964   54.1748918878399   147.7355469698045
0.8316085902740278   50.79888988615007   143.045693374239
0.8559875671776167   47.62392725221551   138.54433153144538
0.8810812246675007   44.63915745883448   134.22160095585883
0.9069105139239728   41.83388123440714   130.0672991802711
0.9334970003205227   39.19779931353632   126.07145766516109
0.960862881429187   36.72117126104115   122.2247762981485
0.9890310055537336   34.39478803256093   118.5185783052296
1.0180248908061487   32.20994477705432   114.94476621764242
1.047868744742366   30.158414925917263   111.49578147095009
1.0785874845736239   28.23242551417019   108.16456730551252
1.1102067579703248   26.42464847417596   104.94440798628094
1.1427529644757777   24.728210430311677   101.82858846135413
1.1762532775476793   23.13661904356741   98.8107682397564
1.210735667245765   21.643731600781667   95.88506170472282
1.246228923584555   20.243738416189252   93.04600811343138
1.2827626805706884   18.931146851851025   90.28854409055198
1.3203674409449337   17.700765946989453   87.6079783713215
1.3590746016495152   16.547691575492742   84.99996810751217
1.3989164800420282   15.467286425831643   82.46045704226536
1.4399263408778291   14.455163978223196   79.98563071400419
1.4821384240834183   13.5071867173275   77.57197019021022
1.525587973344019   12.61945420211976   75.21624229062837
1.5703112655292182   11.78829049886326   72.91548304269278
1.6163456409812174   11.01023220602742   70.66698226468174
1.6637295346910133   10.282017048623244   68.46826914916882
1.7125025083885144   9.60057300994576   66.31711071841212
1.7627052835733923   8.963007827638217   64.21171554848443
1.814379775514258   8.36659924071941   62.15066662272845
1.8675691282445197   7.80878583188365   60.13268786228255
1.922317750584177   7.287158140805813   58.15662772608843
1.9786713532176083   6.799450216749229   56.22145144762531
2.0366769868582977   6.343531598555284   54.326233528524
2.0963830815323896   5.917399703482249   52.47015046247333
2.1578394870138577   5.51917237964906   50.65251889136262
2.2210975144450407   5.147079701486809   48.87307607253935
2.286209979177315   4.799458842443417   47.13173918594031
2.3532312448676476   4.474748752228406   45.42842748506559
2.4222172688678643   4.1714842332317925   43.76305901883264
2.4932256489445366   3.8882903351240965   42.13554841739038
2.5663156713684585   3.623877056647991   40.545804776536166
2.641548360413907   3.3770343392834623   38.99372965094868
2.7189865293089923   3.1466280009194816   37.47935492481975
2.798694832679631   2.931596640507178   36.0031607424578
2.8807398205309562   2.730945092974609   34.5656203236692
2.9651899938111903   2.543739988444665   33.16708453251449
3.05211586160442   2.3691061297120437   31.807788100006768
3.1415899999999994   2.206223064953641   30.487855938596965
