0.01   2532.244042676589   2532.130295761097
0.010293154462191829   2556.5254194724166   2556.4105617481437
0.010594902878253955   2579.670066156272   2579.554639437916
0.010905497183778876   2601.5978043776736   2601.4820228879275
0.011225196699963396   2622.2284614596733   2622.112189747256
0.011554268350120923   2641.4812863132315   2641.364161709226
0.011892986882540897   2659.273476555822   2659.1552706211646
0.012241635099881474   2675.5227704350036   2675.4034562329134
0.012600504095286909   2690.147763646895   2690.0275085937456
0.012969893495426888   2703.0631212581943   2702.9421542872506
0.013350111710660605   2714.1820967000563   2714.0606248222507
0.013741476192534558   2723.420371483694   2723.298577167552
0.014144313698828986   2730.6946688517146   2730.5726700744503
0.01455896056637426   2735.9213535745753   2735.7991258874918
0.014985762991865008   2739.020330181469   2738.8976967442654
0.01542507732090645   2739.9152546188207   2739.7919079842004
0.015877270345534218   2738.5290669088618   2738.4047285886127
0.016342719610456153   2734.7878440356153   2734.6623363695026
0.016821813728271667   2728.623983324568   2728.497228221645
0.017314952703931925   2719.9752069174942   2719.8471013015705
0.017822548268711737   2708.784483904733   2708.654722442023
0.01834502422397195   2695.0029056099643   2694.87097226341
0.018882816794999403   2678.5904464439586   2678.4556462247147
0.019436374995219892   2659.5163858218352   2659.3779756705662
0.02000616100108813   2637.759988480169   2637.617222846698
0.020592650537967844   2613.3112234559344   2613.163361974408
0.021196333277324068   2586.1751292875574   2586.021471790945
0.02181771324555934   2556.3721955774404   2556.2121173009336
0.022457309244835088   2523.9343214343935   2523.767278321945
0.02311565528622961   2488.9091297476534   2488.7346787469246
0.023793301035594242   2451.3709039571336   2451.1887647649173
0.024490812272480036   2411.4074216179292   2411.2174864875465
0.025208771362518027   2369.1175370660753   2368.9198835228385
0.0259477777436476   2324.6323636358393   2324.427525836865
0.02670844842659881   2278.107513213287   2277.8966633625864
0.027491418510046592   2229.7035347015917   2229.4884329709894
0.028297341710866907   2179.601741343816   2179.3846627996854
0.029126890909937666   2128.0275194973783   2127.8111598864775
0.029980758713939952   2075.2085219260985   2074.995929687482
0.030859658033628758   2021.3718508774052   2021.1663837982385
0.031764322679055976   1966.7918278816228   1966.5972836425833
0.03269550797224261   1911.7584641683907   1911.5791050045505
0.033653991377811755   1856.5428955016346   1856.3833542178716
0.03464057315210884   1801.4284387747678   1801.2934458754594
0.03565607701135116   1746.7320274549718   1746.6260235912275
0.036701350819364466   1692.7450010920682   1692.6720979647262
0.03777726729548091   1639.7367459223851   1639.7007100122112
0.038884724743189276   1588.0093965645217   1588.0135091847367
0.04002464780014597   1537.852662028271   1537.8997084902176
0.041197988210172884   1489.516748785736   1489.6090467760293
0.04240572561788674   1443.1993172581224   1443.3371442042428
0.04364886838662332   1399.045908021743   1399.2256124577546
0.04492845444033957   1357.176484830319   1357.390841762479
0.04624555213019635   1317.6991500216554   1317.9382631872672
0.04760126112654554   1280.7441459535542   1280.997846394171
0.04899671333706607   1246.434146597597   1246.6926322166016
0.05043307385181555   1214.8513940650175   1215.1049898346043
0.05191154191598653   1185.7698055915555   1186.0065780821428
0.053433351931179485   1158.7841216084444   1158.9884767863905
0.05499977448602865   1133.5230110192974   1133.676021781775
0.05661211741704101   1109.66985785384   1109.7504635724392
0.05827172690053434   1086.9495854479032   1086.9354193618985
0.05997998857658587   1065.0833213434128   1064.9514653673077
0.06173832870592997   1043.6634437443274   1043.3941523599176
0.0635482153607709   1022.257735891846   1021.8357797181335
0.06541115965050462   1000.3954588721566   999.8127210569667
0.06732871698337338   977.5255852086508   976.7852837725785
0.06930248836510605   953.1380211292005   952.255082092241
0.07133412173562886   926.7632821983807   925.7660800068084
0.07342531334496233   898.017798832408   896.9473685577381
0.07557780916945323   866.7755510969278   865.6816926529491
0.07779340636952398   833.0971280450598   832.0352505294845
0.08007395479015682   797.2794720014092   796.3116740762937
0.08242135850536496   759.7939394688749   758.9881679523593
0.08483757740794096   721.2828493177855   720.7033546194547
0.08732462884580919   682.4750290447771   682.1761020569552
0.08988458930634863   644.1378388578584   644.1628177205582
0.09251959615009227   607.016695866366   607.3950832658464
0.09523184939525078   571.8866865087091   572.6215786421675
0.09802361355455057   539.4613171963292   540.5259559103387
0.10089721952591899   510.39781382598494   511.7332223699103
0.10385506653859616   485.11377957971496   486.6333453254236
0.10689962415629803   463.76801658713975   465.35854420016136
0.11003343433910281   446.18209878804936   447.720244301269
0.11325911356578279   431.82686688400923   433.1956179257502
0.11657935501835284   419.911202241885   421.0094728635978
0.11999693083066039   409.4754335647796   410.228082282142
0.12351469440289359   399.46823108610363   399.8460769127954
0.12713558278394044   388.87643632083166   388.90535230663573
0.13086261912358757   376.80937280130496   376.57385536799427
0.13469891519660646   362.68262967525413   362.31780633723355
0.13864767400083483   346.28961517691516   345.973572627589
0.14271219243142114   327.8556319387635   327.7948203463216
0.14689586403346616   307.9810413781332   308.36023103543926
0.1512021818353596   287.5695288822249   288.5201474064158
0.15563474126517718   267.7428405220584   269.31540264798014
0.16019724315257297   249.68614059060448   251.8239065046847
0.1648934968186736   234.30658847739883   236.85981916650292
0.1697274232565544   221.92134642081956   224.67909530194643
0.17470305840495237   212.2559771757162   215.00100043260855
0.17982455651794954   204.6527827832046   207.19502297646716
0.18509619363343993   198.24485043708557   200.4538519382358
0.19052237114327647   191.98662576713528   193.84701883602787
0.19610761946807834   184.82206633985996   186.4599585363965
0.20185660183976684   176.14370279495077   177.80194119184307
0.20777411819498756   166.07309740220643   167.98555541412694
0.21386510918267082   155.24892748157677   157.59983882266565
0.22013466028907505   144.54291479257125   147.41246666704143
0.22658800608375756   134.84597873257513   138.16179107623503
0.23323053459001789   126.77537857690182   130.34398839246953
0.2400677917834628   120.39775397852557   123.99505242090243
0.24710548622244882   115.28033920226041   118.69755203265173
0.25434949381426813   110.6725824190513   113.84052333111295
0.2618058627210567   105.77269662406994   108.78298318986741
0.2694808184095226   100.17988331562346   103.2106867864001
0.27738076884870827   94.05391914046601   97.29291770598056
0.2855123098601282   87.86991892192277   91.40503684776812
0.29388223062474755   82.2101410045098   85.98549964947587
0.3024975193514008   77.44611741337182   81.30705487408402
0.31136536911138296   73.48362809896507   77.27178885775731
0.3204931838440838   69.92750600818148   73.56813031424903
0.32988858453867975   66.34355327039309   69.89294270566182
0.3395594155970457   62.520269468160066   66.10158358822581
0.34951375138319807   58.617826247348056   62.314846760871426
0.3597599029647371   54.94859445793807   58.75761970840409
0.37030642505191835   51.70965762216635   55.54437712351062
0.3811621231401457   48.86785529764243   52.6406730130308
0.3923360608618501   46.204390750466764   49.90132125650576
0.4038375675538918   43.539351020421286   47.2112333356509
0.41567624604680364   40.88400153640011   44.583850951342015
0.42786198068238046   38.36844597467254   42.098311259606724
0.4404049455663077   36.08678199621919   39.8036219773591
0.4533156130627191   33.998584568422736   37.665871478618044
0.4666047625377753   32.007301570979834   35.63147863019731
0.4802834893595659   30.06704058927465   33.67642719094267
0.49436321416184764   28.221789738261652   31.821202947869182
0.5088556923793517   26.51185588639783   30.08411553650791
0.5237730240626238   24.922506476154542   28.45290100857006
0.5391276639805903   23.41206825903639   26.90473858890203
0.5549324320192869   21.971350412311942   25.434985435155234
0.5712005238854289   20.617688388641767   24.048611665543294
0.5879455221237613   19.353163185428873   22.743531483919266
0.6051814074573895   18.161543938591763   21.510429237279492
0.622922570460556   17.033673315307478   20.343437256089416
0.6411838235736077   15.973015279364295   19.242109257549
0.6599804134701901   14.978175338583423   18.20373460772302
0.6793280337869897   14.041761985565797   17.223063035189405
0.6992428382266549   13.160763836853848   16.29727129364668
0.7197414540448374   12.33243547348981   15.423545284596965
0.7408409959326054   11.553853332570622   14.599007401037493
0.7625590803058332   10.82223765507239   13.820928709549662
0.7849138400134885   10.13494688553404   13.086722439936601
0.8079239394770964   9.489472171267384   12.393937644574487
0.8316085902740278   8.883431970119055   11.740253035133295
0.8559875671776167   8.314563598654624   11.12347118809476
0.8810812246675007   7.7807088009482115   10.54151331309152
0.9069105139239728   7.279821821259253   9.992412916801404
0.9334970003205227   6.809968229997954   9.474310172315437
0.960862881429187   6.369319465433561   8.985446735707747
0.9890310055537336   5.956147599816825   8.524160752724306
1.0180248908061487   5.568820323956012   8.088882054937462
1.047868744742366   5.205796306881001   7.6781260282976795
1.0785874845736239   4.865621295256288   7.290482476281103
1.1102067579703248   4.546922893552608   6.924618597872869
1.1427529644757777   4.248406013080556   6.579278204093435
1.1762532775476793   3.968848905401521   6.2532775033471095
1.210735667245765   3.7070993709081326   5.945501092146859
1.246228923584555   3.4620711364504286   5.654898148259347
1.2827626805706884   3.2327402676186017   5.380477313669282
1.3203674409449337   3.0181410733553538   5.1212936638937
1.3590746016495152   2.81736373739376   4.876453811998198
1.3989164800420282   2.6295518095852413   4.645118633918574
1.4399263408778291   2.4538992908966146   4.426499957538167
1.4821384240834183   2.289647859088101   4.219857420868092
1.525587973344019   2.1360842323656026   4.024495524179851
1.5703112655292182   1.9925376661045908   3.839759649906967
1.6163456409812174   1.8583775832310978   3.6650222383165985
1.6637295346910133   1.733011311327767   3.4996878237755094
1.7125025083885144   1.6158819356695537   3.343199097006613
1.7627052835733923   1.5064662695999003   3.1950344146300407
1.814379775514258   1.4042729306008657   3.054705371437115
1.8675691282445197   1.3088405171755508   2.921754546851471
1.922317750584177   1.2197358755255812   2.795752714947142
1.9786713532176083   1.1365523799853887   2.676287351723064
2.0366769868582977   1.0589084347795907   2.5629651059915575
2.0963830815323896   0.9864460899540841   2.4554188233224044
2.1578394870138577   0.9188296514111833   2.353305846729745
2.2210975144450407   0.8557443650795152   2.256306228924848
2.286209979177315   0.7968951737179462   2.1641210854241533
2.3532312448676476   0.74200553414985   2.0764706894780596
2.4222172688678643   0.690816133784807   1.9930848776974426
2.4932256489445366   0.643083906881674   1.9137034204066472
2.5663156713684585   0.598581253175818   1.838083977452179
2.641548360413907   0.5570950995573718   1.7660010992196058
2.7189865293089923   0.5184260075429712   1.6972449324230559
2.798694832679631   0.4823873330004267   1.6316200349003334
2.8807398205309562   0.4488044414885075   1.5689442548301924
2.9651899938111903   0.4175141756280706   1.509046512564909
3.05211586160442   0.3883641365567032   1.4517657808608784
3.1415899999999994   0.3612117165741463   1.3969519201204035
