0.01   12188.726828133676   12187.237302680775
0.010293154462191829   12312.827991131515   12311.218129422798
0.010594902878253955   12431.728230630953   12429.989752882004
0.010905497183778876   12545.035382179269   12543.157992148352
0.011225196699963396   12652.354563500568   12650.325658682143
0.011554268350120923   12753.289069623554   12751.093812453395
0.011892986882540897   12847.421919244984   12845.044135785382
0.012241635099881474   12934.327569637202   12931.750255959927
0.012600504095286909   13013.585009701868   13010.790384890483
0.012969893495426888   13084.768925453474   13081.738221696736
0.013350111710660605   13147.443351974418   13144.15640877258
0.013741476192534558   13201.180910314233   13197.61619971252
0.014144313698828986   13245.56347435284   13241.698071324621
0.01455896056637426   13280.164244417902   13275.973157928454
0.014985762991865008   13304.564450106403   13300.02042943706
0.01542507732090645   13318.365527554859   13313.439188282877
0.015877270345534218   13321.181551506597   13315.840861066703
0.016342719610456153   13312.638327250475   13306.847877802507
0.016821813728271667   13292.389997008457   13286.111184611356
0.017314952703931925   13260.121795562553   13253.313147900066
0.017822548268711737   13215.547688295066   13208.165385285232
0.01834502422397195   13158.418149297604   13150.416456379535
0.018882816794999403   13088.525637910345   13079.857323864073
0.019436374995219892   13005.718085944214   12996.334929718452
0.02000616100108813   12909.901849266478   12899.755180425946
0.020592650537967844   12801.032330133663   12790.073542538723
0.021196333277324068   12679.129319867352   12667.31108180651
0.02181771324555934   12544.316265673226   12531.595548370648
0.022457309244835088   12396.778859181075   12383.117914334778
0.02311565528622961   12236.757559421669   12222.124428236191
0.023793301035594242   12064.626806650338   12048.998509782965
0.024490812272480036   11880.874876565726   11864.239847215647
0.025208771362518027   11686.029668416175   11668.387602433926
0.0259477777436476   11480.71411320657   11462.077098083779
0.02670844842659881   11265.748613021253   11246.144653808224
0.027491418510046592   11041.993709679371   11021.466382956634
0.028297341710866907   10810.332119601922   10788.93956072317
0.029126890909937666   10571.867463075565   10549.683652204401
0.029980758713939952   10327.819500392789   10304.934171613442
0.030859658033628758   10079.362927345148   10055.879536526465
0.031764322679055976   9827.736615580134   9803.769753219865
0.03269550797224261   9574.363385531648   9550.035600269051
0.033653991377811755   9320.598731447177   9296.03845292552
0.03464057315210884   9067.73558396754   9043.073965847652
0.03565607701135116   8817.326326154342   8792.68403979188
0.036701350819364466   8570.957689909883   8546.438957276168
0.03777726729548091   8330.047776299549   8305.741008272887
0.038884724743189276   8095.724717386067   8071.698639606676
0.04002464780014597   7868.764119874449   7845.061348888037
0.041197988210172884   7649.818872823088   7626.457604605884
0.04240572561788674   7439.566004268673   7416.533738820633
0.04364886838662332   7239.316529034339   7216.518275439297
0.04492845444033957   7050.504976567811   7027.7502170495345
0.04624555213019635   6874.3264375921635   6851.339915638539
0.04760126112654554   6710.47644199546   6686.938199768305
0.04899671333706607   6557.470901486183   6533.048486668123
0.05043307385181555   6413.909944201609   6388.259921703505
0.05191154191598653   6278.491574766083   6251.256293383494
0.053433351931179485   6150.000912294337   6120.806259009667
0.05499977448602865   6027.248114247208   5995.711558575515
0.05661211741704101   5908.583622647687   5874.367464282675
0.05827172690053434   5792.210004719695   5755.046522880034
0.05997998857658587   5676.22038033119   5635.948235996929
0.06173832870592997   5558.321275837867   5514.96534743038
0.0635482153607709   5436.282074128323   5390.073416699377
0.06541115965050462   5307.642030069765   5259.126474146625
0.06732871698337338   5170.051523338955   5120.118605669557
0.06930248836510605   5021.744402517566   4971.649338183635
0.07133412173562886   4861.531233869574   4812.884859101088
0.07342531334496233   4689.252759615849   4643.912798132285
0.07557780916945323   4505.76002169616   4465.714911721271
0.07779340636952398   4313.013323757306   4280.295113076328
0.08007395479015682   4113.891190297964   4090.485731029594
0.08242135850536496   3911.8612411349764   3899.490853164782
0.08483757740794096   3710.622672619601   3710.611567359413
0.08732462884580919   3514.0371405903256   3527.221607298002
0.08988458930634863   3325.8567978314127   3352.481061765499
0.09251959615009227   3149.841724876105   3189.3511592182085
0.09523184939525078   2989.1149815712533   3040.2077516488707
0.09802361355455057   2846.2812917944325   2906.8587257860463
0.10089721952591899   2722.682662421759   2790.0337977966556
0.10385506653859616   2618.125011199475   2689.095542991786
0.10689962415629803   2530.7029554870946   2602.118621176525
0.11003343433910281   2457.0172298585726   2526.0578819721395
0.11325911356578279   2392.418615354205   2456.9710655290974
0.11657935501835284   2331.767848040944   2390.71578467984
0.11999693083066039   2269.766928498896   2323.3578398984314
0.12351469440289359   2201.7166591735854   2251.6119584551493
0.12713558278394044   2124.048313738006   2173.162762735583
0.13086261912358757   2035.0460951819744   2087.148937972628
0.13469891519660646   1935.2480184244114   1994.5118355700733
0.13864767400083483   1827.2472722483844   1897.5970758633455
0.14271219243142114   1715.3121362506938   1799.6657573557932
0.14689586403346616   1604.8794121827973   1704.4230913292315
0.1512021818353596   1501.8723458335764   1615.46767818851
0.15563474126517718   1411.4374546695537   1536.1428411284328
0.16019724315257297   1336.4520275604234   1467.6120854168091
0.1648934968186736   1276.6252056111443   1408.7855600971552
0.1697274232565544   1228.9057157573577   1357.927607404695
0.17470305840495237   1188.724712475177   1311.6420082254872
0.17982455651794954   1150.7922619833141   1266.9368112860898
0.18509619363343993   1109.6258008427287   1220.8416849193432
0.19052237114327647   1061.1195811753594   1171.3354748269053
0.19610761946807834   1004.5814862853399   1118.8179506254608
0.20185660183976684   942.9036004487315   1065.445481720099
0.20777411819498756   880.786142966382   1013.0618158369405
0.21386510918267082   823.1166844822894   964.1889906991225
0.22013466028907505   773.8033784136231   920.2040733183582
0.22658800608375756   734.0947468566784   881.412444490829
0.23323053459001789   702.2065699052273   846.6013228305893
0.2400677917834628   674.2526324309983   813.940271807985
0.24710548622244882   645.736916642001   781.7063606154425
0.25434949381426813   613.5444463557734   748.8896271417963
0.2618058627210567   577.739014882791   715.8960839752588
0.2694808184095226   540.9053203514309   683.7466738021541
0.27738076884870827   506.37223152136494   653.2864123688249
0.2855123098601282   476.7299480807701   625.2798617089203
0.29388223062474755   452.2003480962018   599.7008215115796
0.3024975193514008   430.67052134891446   575.3608672902456
0.31136536911138296   409.4422947659963   551.8931666793159
0.3204931838440838   386.8330706225725   529.0764978250079
0.32988858453867975   363.2590014209062   506.71646324972284
0.3395594155970457   340.64112195532965   485.4350008392125
0.34951375138319807   320.514643916618   465.5130030850408
0.3597599029647371   303.00106712352056   446.7505797973707
0.37030642505191835   286.8992971032116   428.88923152129513
0.3811621231401457   270.8627683772055   411.70763261427
0.3923360608618501   254.65108386281153   395.16952110529934
0.4038375675538918   239.0707786808668   379.36927204073527
0.41567624604680364   224.88812777774993   364.4149515688073
0.42786198068238046   212.0573305039578   350.2686885644638
0.4404049455663077   199.90646188840802   336.74837486770826
0.4533156130627191   188.00181958265122   323.79226191535827
0.4666047625377753   176.54904761498688   311.4144057975007
0.4802834893595659   165.91872050868164   299.6369055317866
0.49436321416184764   156.10026709646152   288.4541897153743
0.5088556923793517   146.79158537912207   277.7725206373859
0.5237730240626238   137.85686838760347   267.5419677633997
0.5391276639805903   129.423621387383   257.79379922263155
0.5549324320192869   121.56432239320607   248.50986299866403
0.5712005238854289   114.17070637744311   239.64866032162118
0.5879455221237613   107.1496750793285   231.1748870728135
0.6051814074573895   100.52995094023473   223.08295172055148
0.622922570460556   94.32670656223438   215.3632812749619
0.6411838235736077   88.48434748137396   207.9796933346972
0.6599804134701901   82.97564036824318   200.92056070967232
0.6793280337869897   77.79416398577047   194.16945323724335
0.6992428382266549   72.92205125303138   187.70952211857275
0.7197414540448374   68.34155464349296   181.52487879515738
0.7408409959326054   64.03591442902301   175.60062073456425
0.7625590803058332   59.98930451240868   169.92276364983536
0.7849138400134885   56.18678428958493   164.47816734917524
0.8079239394770964   52.61438734069647   159.25394087158529
0.8316085902740278   49.25908866471937   154.23724212457128
0.8559875671776167   46.1085426455532   149.41602523526126
0.8810812246675007   43.151037278411586   144.7790437731345
0.9069105139239728   40.37546702143   140.3157937073676
0.9334970003205227   37.77130639034879   136.01646102814772
0.960862881429187   35.328584311147175   131.87187361676658
0.9890310055537336   33.037856917180356   127.87341749974458
1.0180248908061487   30.890155522895263   124.01249670956668
1.047868744742366   28.876980670254124   120.28071262923415
1.0785874845736239   26.990304797731525   116.67025354189278
1.1102067579703248   25.222549009056625   113.17386400501036
1.1427529644757777   23.566560248897673   109.7848074796057
1.1762532775476793   22.015589475954737   106.49683207596907
1.210735667245765   20.56327080172683   103.30413911410754
1.246228923584555   19.20360199542207   100.20132766785525
1.2827626805706884   17.930927340733355   97.1832427082087
1.3203674409449337   16.73991727199378   94.24506813704188
1.3590746016495152   15.625550114427387   91.38236537859476
1.3989164800420282   14.583095721637685   88.5910507971363
1.4399263408778291   13.60809987734091   85.86737468307226
1.4821384240834183   12.696369432009064   83.20790172978145
1.525587973344019   11.843958145975268   80.609492963787
1.5703112655292182   11.047152210975343   78.06939535987962
1.6163456409812174   10.302456056216535   75.58539772246958
1.6637295346910133   9.606583045501575   73.15553614965165
1.7125025083885144   8.956444284247674   70.77802636921476
1.7627052835733923   8.349137455249055   68.45125301246374
1.814379775514258   7.781936229785148   66.17375932755033
1.8675691282445197   7.252280228480435   63.944237283801385
1.922317750584177   6.757765481902438   61.76152307695516
1.9786713532176083   6.296134341780227   59.624811793276564
2.0366769868582977   5.865266900783276   57.53369904297271
2.0963830815323896   5.463174613488604   55.48783981544403
2.1578394870138577   5.087992669761609   53.48691811450646
2.2210975144450407   4.737972661430821   51.530642888140676
2.286209979177315   4.411475656306234   49.61874408166948
2.3532312448676476   4.106965658906601   47.750968817468106
2.4222172688678643   3.8230036113415764   45.92711549291298
2.4932256489445366   3.5582435716558023   44.147487692753735
2.5663156713684585   3.311425895215367   42.41266201473428
2.641548360413907   3.081370270039411   40.72309104130146
2.7189865293089923   2.8669709597284014   39.079100405460004
2.798694832679631   2.667192346822239   37.480894947075676
2.8807398205309562   2.4810647218384103   35.9285649688159
2.9651899938111903   2.307680306085077   34.42209255565778
3.05211586160442   2.146188240141981   32.961309815627274
3.1415899999999994   1.995785775718345   31.54569078299996
