0.01   559.5129975974786   559.5004129982016
0.010293154462191829   566.5541211451745   566.5413215370253
0.010594902878253955   573.4296569564802   573.4166715200184
0.010905497183778876   580.123582337634   580.1104747192124
0.011225196699963396   586.6192190404358   586.6060419548359
0.011554268350120923   592.8993766379324   592.8861370625725
0.011892986882540897   598.9466972001677   598.9333536576843
0.012241635099881474   604.743237806478   604.7297256372543
0.012600504095286909   610.2698522836648   610.2561474107929
0.012969893495426888   615.5071854008979   615.4933153090392
0.013350111710660605   620.435859801434   620.4218983248073
0.013741476192534558   625.0361988319305   625.0222038032633
0.014144313698828986   629.2884788271668   629.274457254788
0.01455896056637426   633.1732124245243   633.1591190935914
0.014985762991865008   636.6706913870734   636.6564599811837
0.01542507732090645   639.7606631879411   639.7462619602878
0.015877270345534218   642.423281951738   642.4087201484099
0.016342719610456153   644.639255033901   644.6245768773643
0.016821813728271667   646.3896519972911   646.3748944521138
0.017314952703931925   647.6562364791484   647.6414124437515
0.017822548268711737   648.4217222859438   648.4068204497262
0.01834502422397195   648.6698276675406   648.654818052431
0.018882816794999403   648.3853768824379   648.3702181181065
0.019436374995219892   647.5545018091004   647.5391418450812
0.02000616100108813   646.1649709321227   646.1493512880552
0.020592650537967844   644.2070101334358   644.1910836735733
0.021196333277324068   641.6727379488833   641.6564739154323
0.02181771324555934   638.5560863447533   638.5394698221594
0.022457309244835088   634.8545632780514   634.8375834012267
0.02311565528622961   630.5691838393996   630.5518228332546
0.023793301035594242   625.7028738807026   625.6851070128087
0.024490812272480036   620.2618032158325   620.243610499902
0.025208771362518027   614.2583143495593   614.239716129264
0.0259477777436476   607.7072482837887   607.6883107453372
0.02670844842659881   600.6254649430097   600.606295664812
0.027491418510046592   593.0373754400491   593.0180909142252
0.028297341710866907   584.9726867881628   584.9533903351659
0.029126890909937666   576.461875236094   576.4426567203213
0.029980758713939952   567.5394182390568   567.5203792473407
0.030859658033628758   558.2478416496461   558.2291507795608
0.031764322679055976   548.6301439738726   548.6120393580998
0.03269550797224261   538.7299948264604   538.7127700381916
0.033653991377811755   528.6035897800818   528.5875190645792
0.03464057315210884   518.3116885316098   518.2969911648536
0.03565607701135116   507.91185248249684   507.8986957130067
0.036701350819364466   497.45599425320415   497.4445256837934
0.03777726729548091   486.988993257396   486.97939004228954
0.038884724743189276   476.552373035024   476.5448432886947
0.04002464780014597   466.1891983378167   466.1839561504555
0.041197988210172884   455.9664068843173   455.9635410714765
0.04240572561788674   445.9553879952868   445.95482489153835
0.04364886838662332   436.22080580968696   436.22232393262817
0.04492845444033957   426.80693624511827   426.81016367614023
0.04624555213019635   417.736092198485   417.7404999264823
0.04760126112654554   409.02711062586104   409.0320252099283
0.04899671333706607   400.684718664829   400.68933527967255
0.05043307385181555   392.6791769061381   392.68257208206484
0.05191154191598653   384.97685307645673   384.9779944728139
0.053433351931179485   377.53913906321344   377.536921807113
0.05499977448602865   370.3092813874298   370.3026143651254
0.05661211741704101   363.23065283451245   363.21847546127196
0.05827172690053434   356.2423974185071   356.2236986367117
0.05997998857658587   349.27561807037847   349.249464936768
0.06173832870592997   342.26363939700263   342.22920766820516
0.0635482153607709   335.12836146493896   335.0851337473397
0.06541115965050462   327.79061087630737   327.7384629001212
0.06732871698337338   320.1708094375854   320.1101172648869
0.06930248836510605   312.187556648546   312.11933086654415
0.07133412173562886   303.7746379038686   303.7005569781908
0.07342531334496233   294.888717477714   294.81124378929235
0.07557780916945323   285.5136764798001   285.4359505904793
0.07779340636952398   275.6889008762396   275.61454144174877
0.08007395479015682   265.48514447273084   265.4180088264058
0.08242135850536496   255.0272827361788   254.97106835697292
0.08483757740794096   244.45887277548496   244.4168611585294
0.08732462884580919   233.94668445113965   233.9214251484753
0.08988458930634863   223.65446400630438   223.64748431281302
0.09251959615009227   213.73908805515285   213.7506134619044
0.09523184939525078   204.34530664471436   204.3739586644615
0.09802361355455057   195.59740676386187   195.64020948078675
0.10089721952591899   187.5898579771316   187.6421529392416
0.10385506653859616   180.38559215718817   180.44114637185103
0.10689962415629803   173.97519912021934   174.02648016243404
0.11003343433910281   168.296570362311   168.33541586963435
0.11325911356578279   163.19794302045509   163.2172425109865
0.11657935501835284   158.4847650017003   158.4792753193457
0.11999693083066039   153.92557377469566   153.89277140971072
0.12351469440289359   149.29800916039622   149.23904812765727
0.12713558278394044   144.41254025522784   144.33247552053925
0.13086261912358757   139.13895209023093   139.0462222355127
0.13469891519660646   133.43020517146243   133.33565982673596
0.13864767400083483   127.3286541908766   127.24458380854873
0.14271219243142114   120.96572829841186   120.90429897171057
0.14689586403346616   114.53883575546512   114.50832745630343
0.1512021818353596   108.27332848858404   108.27745327870156
0.15563474126517718   102.39312537555759   102.43009196099563
0.16019724315257297   97.09040200874412   97.15181358778773
0.1648934968186736   92.48343175101866   92.55574281626511
0.1697274232565544   88.56419944207732   88.63153653695669
0.17470305840495237   85.18560114683882   85.23357787431969
0.17982455651794954   82.11400644752402   82.1343344431071
0.18509619363343993   79.10841707095777   79.10129006838697
0.19052237114327647   75.9695668006833   75.94316957029169
0.19610761946807834   72.56455081414711   72.53397433455568
0.20185660183976684   68.87384051541223   68.85726521395702
0.20777411819498756   65.02829869955883   65.04127493752493
0.21386510918267082   61.2544069350147   61.30399367394226
0.22013466028907505   57.761772626783056   57.843523833233604
0.22658800608375756   54.67865983908215   54.780376974562316
0.23323053459001789   52.03193198340536   52.13590448243705
0.2400677917834628   49.728159852397546   49.82059103292243
0.24710548622244882   47.58553004821896   47.66108104363151
0.25434949381426813   45.423860933415966   45.488917934728995
0.2618058627210567   43.13784878261016   43.20776592537128
0.2694808184095226   40.74524408176187   40.83630167229746
0.27738076884870827   38.37233423852677   38.49283094698949
0.2855123098601282   36.16682583219175   36.313298814786805
0.29388223062474755   34.20579998693275   34.366350468608886
0.3024975193514008   32.478621702735325   32.63970331873474
0.31136536911138296   30.886931843780378   31.04251696505869
0.3204931838440838   29.314745169318368   29.46998041138805
0.32988858453867975   27.713630789830063   27.87927865068854
0.3395594155970457   26.115861525021753   26.300532177307623
0.34951375138319807   24.60165249849033   24.805256810759094
0.3597599029647371   23.22730872990229   23.441815522160297
0.37030642505191835   21.978283176465027   22.195057312512205
0.3811621231401457   20.79861424710433   21.0160744989134
0.3923360608618501   19.64091920132921   19.864152173557418
0.4038375675538918   18.504788139974323   18.73895069142569
0.41567624604680364   17.426370241551634   17.67138063270621
0.42786198068238046   16.43020131611918   16.681347826585995
0.4404049455663077   15.504649911035973   15.757911990853895
0.4533156130627191   14.621706208724179   14.8775797796786
0.4666047625377753   13.769211860572678   14.030360985979472
0.4802834893595659   12.957750343009081   13.224682644639671
0.49436321416184764   12.19927497538954   12.469643252137855
0.5088556923793517   11.488159965348164   11.760076707789386
0.5237730240626238   10.812295790739995   11.086019879867646
0.5391276639805903   10.16844123982793   10.444829193768445
0.5549324320192869   9.561277877973088   9.839757504589205
0.5712005238854289   8.991022552031591   9.270361430927199
0.5879455221237613   8.45219416224272   8.73218810056252
0.6051814074573895   7.941834172628615   8.222651332782231
0.622922570460556   7.4605969752713674   7.741874243914296
0.6411838235736077   7.007709212679308   7.288856230460436
0.6599804134701901   6.58039381529757   6.861213250761432
0.6793280337869897   6.177247926009659   6.4576694610550485
0.6992428382266549   5.797595529795178   6.077277171313457
0.7197414540448374   5.440014390999976   5.71870752893934
0.7408409959326054   5.103284140386954   5.38076328326374
0.7625590803058332   4.786281808588978   5.06233562950278
0.7849138400134885   4.487937967587524   4.762367679407415
0.8079239394770964   4.207234685206925   4.479852728653362
0.8316085902740278   3.9432037123790873   4.2138323425739594
0.8559875671776167   3.6949249753199376   3.9633941992491715
0.8810812246675007   3.461523953479834   3.7276709947353033
0.9069105139239728   3.242169645680517   3.5058388768318935
0.9334970003205227   3.0360727830294367   3.297115717805805
0.960862881429187   2.8424840867324552   3.10075941455577
0.9890310055537336   2.6606925719913033   2.9160662200871177
1.0180248908061487   2.4900238679322215   2.7423691845364746
1.047868744742366   2.3298380477060348   2.579037942024816
1.0785874845736239   2.1795282992989287   2.425476645946946
1.1102067579703248   2.0385200541960176   2.281120927968669
1.1427529644757777   1.906269512327115   2.145436461891272
1.1762532775476793   1.782262194917458   2.017917623069567
1.210735667245765   1.6660115504892459   1.8980861829219178
1.246228923584555   1.5570576131935057   1.7854900401596492
1.2827626805706884   1.454965648964002   1.6797021039319828
1.3203674409449337   1.3593247778287612   1.5803193547270804
1.3590746016495152   1.2697470098314592   1.486961294684835
1.3989164800420282   1.1858661505903327   1.3992687481899198
1.4399263408778291   1.1073366942839118   1.3169028086969015
1.4821384240834183   1.0338327640843443   1.2395438235480085
1.525587973344019   0.9650470986622822   1.1668904168273566
1.5703112655292182   0.9006900759607778   1.098658637228138
1.6163456409812174   0.8404886624137669   1.0345825455938387
1.6637295346910133   0.7841855855992191   0.9744127514717688
1.7125025083885144   0.7315386258609871   0.9179140084772411
1.7627052835733923   0.6823198068212772   0.8648644652349887
1.814379775514258   0.636314619855044   0.8150549983789529
1.8675691282445197   0.5933212861268627   0.7682885686482328
1.922317750584177   0.553150054713071   0.7243796003265994
1.9786713532176083   0.5156224830318821   0.6831527994344306
2.0366769868582977   0.48057069892499515   0.6444413694766191
2.0963830815323896   0.4478369784723985   0.6080884072899094
2.1578394870138577   0.4172732088139414   0.5739467787010627
2.2210975144450407   0.3887403357147167   0.541878527516549
2.286209979177315   0.3621078404140037   0.511754318025931
2.3532312448676476   0.3372532443857845   0.4834529093584164
2.4222172688678643   0.31406165239845957   0.45686064111060937
2.4932256489445366   0.29242549177261506   0.43187066472805236
2.5663156713684585   0.27224400160808826   0.40838263180386686
2.641548360413907   0.2534226469023559   0.38630258604075074
2.7189865293089923   0.23587275356789528   0.3655425658505962
2.798694832679631   0.21951116864322748   0.346020221863787
2.8807398205309562   0.20425993828971564   0.3276584583889804
2.9651899938111903   0.19004600275142453   0.31038509758893884
3.05211586160442   0.17680069523722233   0.2941335294519068
3.1415899999999994   0.16445908306267779   0.278844294671748
