0.01   3925.090576982471   3924.896703056826
0.010293154462191829   3982.1929141390256   3981.9889158195137
0.010594902878253955   4038.3543543436936   4038.139341034239
0.010905497183778876   4093.4590903531607   4093.2322664318976
0.011225196699963396   4147.383053626522   4147.143517600188
0.011554268350120923   4199.9971357282775   4199.743783365793
0.011892986882540897   4251.1699762045   4250.9014955002585
0.012241635099881474   4300.765470525733   4300.480425355769
0.012600504095286909   4348.64180780163   4348.338763821127
0.012969893495426888   4394.655543365034   4394.333083358056
0.013350111710660605   4438.660754859878   4438.317424981031
0.013741476192534558   4480.5033023549795   4480.137325916264
0.014144313698828986   4520.0265525793375   4519.635737462575
0.01455896056637426   4557.074057754217   4556.655798838044
0.014985762991865008   4591.48575850201   4591.037215750225
0.01542507732090645   4623.098646554796   4622.616927756835
0.015877270345534218   4651.751794465498   4651.233974889794
0.016342719610456153   4677.285035625104   4676.7280671830895
0.016821813728271667   4699.534723796283   4698.935116907228
0.017314952703931925   4718.340423681936   4717.69419153727
0.017822548268711737   4733.546993535066   4732.849655043204
0.01834502422397195   4745.00189664419   4744.248367259139
0.018882816794999403   4752.557487037712   4751.742015615615
0.019436374995219892   4756.074719381732   4755.190916826364
0.02000616100108813   4755.424106300959   4754.465080048929
0.020592650537967844   4750.48659799524   4749.445202239017
0.021196333277324068   4741.154973975728   4740.023885970495
0.02181771324555934   4727.335868331709   4726.10762960537
0.022457309244835088   4708.956989032459   4707.623960314207
0.02311565528622961   4685.964063709843   4684.5184416755865
0.023793301035594242   4658.318531573647   4656.752427487128
0.024490812272480036   4626.009842648095   4624.315779422385
0.025208771362518027   4589.060937718799   4587.232521528266
0.0259477777436476   4547.512324092174   4545.5443299972485
0.02670844842659881   4501.428820307705   4499.317342020797
0.027491418510046592   4450.93050623857   4448.673566007772
0.028297341710866907   4396.163481171438   4393.761178937073
0.029126890909937666   4337.2885034600195   4334.742978662651
0.029980758713939952   4274.522122845482   4271.838013260479
0.030859658033628758   4208.132789358247   4205.317627184605
0.031764322679055976   4138.39497119363   4135.459006990539
0.03269550797224261   4065.612867672929   4062.569003482011
0.033653991377811755   3990.1775769679675   3987.041606168236
0.03464057315210884   3912.488200188782   3909.278591233191
0.03565607701135116   3832.936558507948   3829.6740889595208
0.036701350819364466   3751.9733655690543   3748.680345929368
0.03777726729548091   3670.076880905951   3666.77655645597
0.038884724743189276   3587.697431670071   3584.4137199592737
0.04002464780014597   3505.311096147932   3502.067188574923
0.041197988210172884   3423.4783552583963   3420.2941071095115
0.04240572561788674   3342.728079061595   3339.61985862049
0.04364886838662332   3263.528727017379   3260.509313527853
0.04492845444033957   3186.2041393944646   3183.2803857316785
0.04624555213019635   3110.9984786639075   3108.170605597941
0.04760126112654554   3038.1321800991013   3035.3942791303143
0.04899671333706607   2967.9481845949745   2965.2833767084003
0.05043307385181555   2900.9700464260873   2898.3435206516483
0.05191154191598653   2837.687886271797   2835.047826169727
0.053433351931179485   2778.3516687904857   2775.6329462664125
0.05499977448602865   2722.5232254204743   2719.6563757009617
0.05661211741704101   2669.6552803297345   2666.5684841861007
0.05827172690053434   2619.2438619305194   2615.8630236979684
0.05997998857658587   2570.831591338229   2567.0802298319495
0.06173832870592997   2523.993970503991   2519.7935490656346
0.0635482153607709   2478.237897028999   2473.514164110342
0.06541115965050462   2432.925485661467   2427.619556240823
0.06732871698337338   2387.4285996151307   2381.4997069447904
0.06930248836510605   2340.9991381619243   2334.4431267118907
0.07133412173562886   2292.8534045992865   2285.7122475283195
0.07342531334496233   2242.2090572572856   2234.583590335923
0.07557780916945323   2188.2563589947504   2180.326166210865
0.07779340636952398   2130.327860254922   2122.347520967465
0.08007395479015682   2068.0057422011073   2060.30136145647
0.08242135850536496   2001.116363631803   1994.0736565118027
0.08483757740794096   1930.012911646655   1924.0638072635386
0.08732462884580919   1855.322706450662   1850.923045026776
0.08988458930634863   1778.1269813554072   1775.7191642587009
0.09251959615009227   1699.6566128208317   1699.6419811835212
0.09523184939525078   1621.3311765609074   1624.0334428389056
0.09802361355455057   1544.555406707529   1550.1991008408547
0.10089721952591899   1470.7063135036528   1479.395035922744
0.10385506653859616   1401.1159983760444   1412.7972674334706
0.10689962415629803   1336.9688511457819   1351.4302704362094
0.11003343433910281   1279.1751245373198   1296.0206940413616
0.11325911356578279   1228.362334861209   1247.0226902315842
0.11657935501835284   1184.4584792194873   1204.27482707749
0.11999693083066039   1146.9187241398213   1167.2012742618797
0.12351469440289359   1114.4095461172171   1134.5348315250799
0.12713558278394044   1085.2519487705404   1104.741057330579
0.13086261912358757   1057.4454553143319   1076.0644738637168
0.13469891519660646   1029.0276802090793   1046.832785202897
0.13864767400083483   998.2548780308197   1015.618301466038
0.14271219243142114   963.8448725490393   981.4596250089725
0.14689586403346616   925.230788681568   943.9994294477651
0.1512021818353596   882.6430166845417   903.5441859360527
0.15563474126517718   837.1252604961339   861.0685573897671
0.16019724315257297   790.3287566746413   817.9572523983253
0.1648934968186736   744.2569661976534   775.8460885777886
0.1697274232565544   701.0318585165119   736.3642618438545
0.17470305840495237   662.5650320041914   700.8576534015277
0.17982455651794954   630.0317990908538   670.1411049085832
0.18509619363343993   603.3818206906049   643.9925284443855
0.19052237114327647   581.387291882013   621.3465875214823
0.19610761946807834   562.1664769242105   600.7580654267834
0.20185660183976684   543.6843316102294   580.7413157655394
0.20777411819498756   523.99296970621   559.9687894040864
0.21386510918267082   501.6146469074345   537.5520474535406
0.22013466028907505   476.24511206897705   513.4038363609808
0.22658800608375756   449.0202092881476   488.4489589364278
0.23323053459001789   421.8512025102914   463.95841666999513
0.2400677917834628   396.593612211132   441.11964523912746
0.24710548622244882   374.61964910648805   420.6099901919765
0.25434949381426813   356.3963794354563   402.68742395842014
0.2618058627210567   341.2153445360958   386.7528800917804
0.2694808184095226   327.5110336339416   371.82598093582004
0.27738076884870827   313.61915247108055   356.97462826586366
0.2855123098601282   298.395453483175   341.6930555180735
0.29388223062474755   281.8687537801539   326.01711040545024
0.3024975193514008   265.1245749140727   310.692433570219
0.31136536911138296   249.43950836523337   296.19308041586027
0.3204931838440838   235.70464129106549   282.95740244812777
0.32988858453867975   223.99207465198847   270.9219392116222
0.3395594155970457   213.45816824382374   259.6346918678336
0.34951375138319807   203.06026632639328   248.6538059753988
0.3597599029647371   192.22575987756855   237.778591480853
0.37030642505191835   181.13385535963275   227.11508807617963
0.3811621231401457   170.52514672406963   216.95648366887528
0.3923360608618501   160.97091497202243   207.4662468742318
0.4038375675538918   152.4569831870192   198.58377417942367
0.41567624604680364   144.52188668194864   190.15127805563614
0.42786198068238046   136.6745643583127   181.98594413444187
0.4404049455663077   128.84680578609016   174.09410724063088
0.4533156130627191   121.35317127087674   166.57902156682474
0.4666047625377753   114.46218575985486   159.47210216286152
0.4802834893595659   108.13347124692727   152.74078276904189
0.49436321416184764   102.11069288934692   146.3167297545982
0.5088556923793517   96.25189137910213   140.1573901703485
0.5237730240626238   90.63323674439354   134.26997126202508
0.5391276639805903   85.38858185092462   128.68642196489247
0.5549324320192869   80.4972194170603   123.37567818405815
0.5712005238854289   75.84914554127211   118.30948324605988
0.5879455221237613   71.399475588264   113.47353566103668
0.6051814074573895   67.1937123733289   108.86672139015397
0.622922570460556   63.250585347970805   104.48595137690181
0.6411838235736077   59.52680024850718   100.30965719938227
0.6599804134701901   55.99092780025955   96.32643698751654
0.6793280337869897   52.651164648756826   92.53223667435861
0.6992428382266549   49.507937395882415   88.91760266054881
0.7197414540448374   46.54330970906936   85.47250940859747
0.7408409959326054   43.744603727662316   82.18802030969502
0.7625590803058332   41.10344886094483   79.05596667785586
0.7849138400134885   38.6120849230685   76.06864672641228
0.8079239394770964   36.26303195431358   73.21877579523009
0.8316085902740278   34.04908945809291   70.49946261533792
0.8559875671776167   31.963334596690444   67.90418698087963
0.8810812246675007   29.999119454935066   65.4267787422332
0.9069105139239728   28.150031335349908   63.06131219173708
0.9334970003205227   26.409758018427336   60.80175712648512
0.960862881429187   24.772247432714085   58.642315973410646
0.9890310055537336   23.231760819463485   56.577551376279544
1.0180248908061487   21.782858036990095   54.602361551068874
1.047868744742366   20.420383431947332   52.71195742061485
1.0785874845736239   19.139452290566936   50.901841452187945
1.1102067579703248   17.93543795980811   49.16778686195877
1.1427529644757777   16.803971689640623   47.505678931617226
1.1762532775476793   15.740937826330319   45.91139190420403
1.210735667245765   14.742436907418455   44.38104444801968
1.246228923584555   13.804772971090895   42.911013640547296
1.2827626805706884   12.924444355958167   41.49791643094192
1.3203674409449337   12.098134810191079   40.138592604297834
1.3590746016495152   11.322704907890275   38.830089114629
1.3989164800420282   10.595183428765969   37.56963594635437
1.4399263408778291   9.912754702127744   36.35449329009048
1.4821384240834183   9.272753493590761   35.181991937478685
1.525587973344019   8.67266213292657   34.04964926615538
1.5703112655292182   8.110103191490468   32.955159586512366
1.6163456409812174   7.582832350147518   31.89638192698313
1.6637295346910133   7.088731580473126   30.871328818159856
1.7125025083885144   6.625802629044871   29.878155980325705
1.7627052835733923   6.192160711099493   28.915149625139946
1.814379775514258   5.786028275811085   27.980705428175547
1.8675691282445197   5.405729722181605   27.073333445498545
1.922317750584177   5.049686126600797   26.19165600438191
1.9786713532176083   4.71641007041887   25.334400563309373
2.0366769868582977   4.404500714324124   24.50039307965214
2.0963830815323896   4.112639109982273   23.688551836385237
2.1578394870138577   3.8395837340879417   22.897881815526073
2.2210975144450407   3.5841656498037024   22.12748451179462
2.286209979177315   3.3452841509435585   21.37656408534167
2.3532312448676476   3.121904167520881   20.64439331589008
2.4222172688678643   2.913052703899647   19.930305879011957
2.4932256489445366   2.7178153182483356   19.233692457043848
2.5663156713684585   2.5353327869414244   18.553997040898114
2.641548360413907   2.364797945244708   17.890713403957896
2.7189865293089923   2.205452785185028   17.2433930865676
2.798694832679631   2.056586825152995   16.61180193809909
2.8807398205309562   1.917533742417559   15.995851400873793
2.9651899938111903   1.7876676839667198   15.395448085893255
3.05211586160442   1.6664009357606764   14.81048967270208
3.1415899999999994   1.5531817436196684   14.240864964468052
