0.01   21704.903575702938   21694.852955585004
0.010293154462191829   21932.673930401368   21921.69269742586
0.010594902878253955   22150.94518629192   22138.95311373082
0.010905497183778876   22358.98963748417   22345.89828243925
0.011225196699963396   22556.07630856396   22541.789078573383
0.011554268350120923   22741.44075506904   22725.853494028346
0.011892986882540897   22914.291190218224   22897.292795574416
0.012241635099881474   23073.84043241276   23055.313149174453
0.012600504095286909   23219.29723048327   23199.116034533825
0.012969893495426888   23349.84263364922   23327.87269990533
0.013350111710660605   23464.665994118335   23440.762589560767
0.013741476192534558   23562.973799036754   23536.98269516074
0.014144313698828986   23643.956663719997   23615.71299246181
0.01455896056637426   23706.805788475525   23676.133561212522
0.014985762991865008   23750.745849409086   23717.458859344028
0.01542507732090645   23775.02585868492   23738.927071242488
0.015877270345534218   23778.90366896277   23739.782439309693
0.016342719610456153   23761.682776921734   23719.315730566654
0.016821813728271667   23722.72188767896   23676.874415088612
0.017314952703931925   23661.425984849942   23611.852287664828
0.017822548268711737   23577.25978474146   23523.704001040038
0.01834502422397195   23469.76303468017   23411.96164255192
0.018882816794999403   23338.565724122345   23276.24989354737
0.019436374995219892   23183.40153078213   23116.299427089183
0.02000616100108813   23004.09637292675   22931.936148179095
0.020592650537967844   22800.581703962085   22723.09566550377
0.021196333277324068   22572.966887161056   22489.901635592614
0.02181771324555934   22321.493925523657   22232.616363955483
0.022457309244835088   22046.50416789911   21951.6044474459
0.02311565528622961   21748.543276915352   21647.44436816556
0.023793301035594242   21428.406597836445   21320.976441892773
0.024490812272480036   21086.981760306422   20973.134969504074
0.025208771362518027   20725.28545866912   20604.986688657256
0.0259477777436476   20344.703482549652   20217.983361333383
0.02670844842659881   19946.762562715987   19813.72071748482
0.027491418510046592   19533.018656064396   19393.82029574847
0.028297341710866907   19105.353849964158   18960.233978482902
0.029126890909937666   18665.99629926463   18515.263461096143
0.029980758713939952   18217.121361754205   18061.150102422383
0.030859658033628758   17760.936447158074   17600.160110742858
0.031764322679055976   17300.05278632762   17134.959626137334
0.03269550797224261   16837.046947652485   16668.171130150036
0.033653991377811755   16374.330388799564   16202.240310315367
0.03464057315210884   15914.709298386999   15739.967025037095
0.03565607701135116   15461.28530737802   15284.410712652641
0.036701350819364466   15016.856958820565   14838.323712769861
0.03777726729548091   14583.786186000665   14404.019102730415
0.038884724743189276   14163.747221748941   13983.118852651134
0.04002464780014597   13758.112827106339   13576.943925898502
0.041197988210172884   13368.149264721696   13186.69774374717
0.04240572561788674   12996.190604720665   12814.465508205842
0.04364886838662332   12645.226192703874   12462.86505678129
0.04492845444033957   12317.89165076318   12134.190367540214
0.04624555213019635   12014.842618232495   11828.864952532058
0.04760126112654554   11733.828617909161   11544.562921749633
0.04899671333706607   11472.524214323254   11278.902480800918
0.05043307385181555   11228.709804087186   11029.613180558332
0.05191154191598653   11000.186010462732   10794.451654985789
0.053433351931179485   10784.86999873536   10571.30172531337
0.05499977448602865   10579.995592573143   10357.485346584743
0.05661211741704101   10382.200284626962   10149.840937597945
0.05827172690053434   10188.090550748773   9945.23707515431
0.05997998857658587   9993.423356813928   9739.953932199549
0.06173832870592997   9793.919360041124   9530.31340418436
0.0635482153607709   9584.852207596441   9312.461331475248
0.06541115965050462   9361.287989566832   9082.531381974353
0.06732871698337338   9119.016249717772   8837.458328068114
0.06930248836510605   8854.727932515176   8575.184924698815
0.07133412173562886   8566.556246636412   8294.898480603217
0.07342531334496233   8254.73968202461   7997.619202101975
0.07557780916945323   7921.320893383347   7685.680984011868
0.07779340636952398   7570.728412495207   7363.168569783948
0.08007395479015682   7208.6390751430845   7035.1694381194
0.08242135850536496   6841.836997867626   6707.677222514786
0.08483757740794096   6477.599409077758   6386.379315398552
0.08732462884580919   6123.285814419991   6076.563646165316
0.08988458930634863   5786.629929614905   5783.614408246611
0.09251959615009227   5474.433508846984   5512.144340301089
0.09523184939525078   5192.916960847793   5265.726767312225
0.09802361355455057   4946.5880104020025   5046.618977881807
0.10089721952591899   4737.123163623048   4854.816127047901
0.10385506653859616   4563.491057979516   4688.509449216564
0.10689962415629803   4421.104183109824   4543.535613512729
0.11003343433910281   4302.805043688251   4414.330447744078
0.11325911356578279   4199.528818719088   4294.467813051373
0.11657935501835284   4101.059971615756   4177.486438383105
0.11999693083066039   3997.3483838818865   4057.589617646148
0.12351469440289359   3879.3952567061215   3930.0665989386603
0.12713558278394044   3740.898131807266   3791.94650036073
0.13086261912358757   3579.368643839165   3643.4416162340394
0.13469891519660646   3396.595073903738   3487.2563405577116
0.13864767400083483   3198.465360256671   3326.7558218116033
0.14271219243142114   2994.130040235191   3167.178240476828
0.14689586403346616   2794.9332757502902   3014.174020957496
0.1512021818353596   2612.577225752568   2873.1325035912455
0.15563474126517718   2456.3591924787916   2747.5775463734603
0.16019724315257297   2330.321220853314   2637.210450539176
0.1648934968186736   2232.3704103178056   2540.5629172841177
0.1697274232565544   2155.9171611876627   2453.9103231475806
0.17470305840495237   2091.7625793209695   2372.281140220336
0.17982455651794954   2028.960756398405   2292.204074819997
0.18509619363343993   1956.6166144967926   2210.2523497925745
0.19052237114327647   1868.0072989892121   2124.3651516325313
0.19610761946807834   1763.767398001467   2036.508007111545
0.20185660183976684   1650.7026776532948   1949.7446796832403
0.20777411819498756   1538.4505475508456   1865.9209955807771
0.21386510918267082   1436.8188060146294   1787.9379370623712
0.22013466028907505   1352.7929223852218   1716.66163387609
0.22658800608375756   1287.2929697829616   1651.987826328991
0.23323053459001789   1235.549049725806   1591.985126242923
0.2400677917834628   1189.1023335783823   1534.5152024738495
0.24710548622244882   1138.9757446226427   1477.953161017166
0.25434949381426813   1080.3294936188327   1421.23924022177
0.2618058627210567   1014.7934541594659   1366.416092772909
0.2694808184095226   948.2058472554764   1313.2699973474882
0.27738076884870827   887.5345402461544   1262.8588404530922
0.2855123098601282   837.2331361932768   1216.1240937599773
0.29388223062474755   796.3333269554757   1171.8182486855553
0.3024975193514008   759.9012679649226   1129.8110189140082
0.31136536911138296   722.5087073546681   1089.0313235700155
0.3204931838440838   681.5578595655637   1049.5892184836116
0.32988858453867975   639.0501671994922   1011.516722749213
0.3395594155970457   599.1505950205931   975.2323801626343
0.34951375138319807   564.5431356190519   940.8403477595919
0.3597599029647371   534.7440252262976   908.3254288291315
0.37030642505191835   506.7850587013393   877.1580609968335
0.3811621231401457   478.20826002339487   847.0731695941433
0.3923360608618501   449.19754522289725   818.1591483178188
0.4038375675538918   421.71684474275344   790.4818519393006
0.41567624604680364   397.1511437099344   764.2000089399169
0.42786198068238046   374.922965619161   739.193949927756
0.4404049455663077   353.5417370451562   715.1703619397965
0.4533156130627191   332.3701126902064   692.0199331129153
0.4666047625377753   312.1486196573098   669.8346701220903
0.4802834893595659   293.5778659185892   648.6599712890985
0.49436321416184764   276.4180843870919   628.457545257513
0.5088556923793517   259.9897956624701   609.0029150862649
0.5237730240626238   244.1810215110417   590.260175029468
0.5391276639805903   229.34570046325402   572.3253790791272
0.5549324320192869   215.5530779224312   555.1336612699215
0.5712005238854289   202.52014202202554   538.601874043374
0.5879455221237613   190.11324806697945   522.6680530357299
0.6051814074573895   178.44467584450035   507.35772826088885
0.622922570460556   167.51306337938223   492.6256311280806
0.6411838235736077   157.22067827056878   478.43088403600797
0.6599804134701901   147.5156247230892   464.73794029306464
0.6793280337869897   138.36963381297508   451.51748534065405
0.6992428382266549   129.75614870515207   438.742327246321
0.7197414540448374   121.64925768580117   426.3870508590272
0.7408409959326054   114.02374890261207   414.4278996473168
0.7625590803058332   106.85515518673634   402.84266702476503
0.7849138400134885   100.11947229750841   391.610150991676
0.8079239394770964   93.79204933646452   380.7083228586406
0.8316085902740278   87.84905736697209   370.116022747174
0.8559875671776167   82.26801131663545   359.8136366746994
0.8810812246675007   77.02769650464693   349.78300117268316
0.9069105139239728   72.10809887490771   340.0073156368625
0.9334970003205227   67.49033898900294   330.4710619426454
0.960862881429187   63.15660983449368   321.15993053324354
0.9890310055537336   59.09019806896695   312.06074031145823
1.0180248908061487   55.275511258947425   303.1613604971691
1.047868744742366   51.69782176885873   294.4506801605139
1.0785874845736239   48.34319438991023   285.9185584899761
1.1102067579703248   45.198449139578784   277.555773978244
1.1427529644757777   42.25112538624897   269.3539767813132
1.1762532775476793   39.48944728543913   261.3056438394499
1.210735667245765   36.9022897921943   253.40406051033327
1.246228923584555   34.479124196515514   245.6440672040687
1.2827626805706884   32.2099899082482   238.02208006118306
1.3203674409449337   30.085496477065167   230.53501942416116
1.3590746016495152   28.09679523659932   223.18021749307673
1.3989164800420282   26.235550338041616   215.95539273284166
1.4399263408778291   24.49391116504167   208.85862474947197
1.4821384240834183   22.864486076121565   201.8883295692316
1.525587973344019   21.34031749828685   195.0433892627252
1.5703112655292182   19.914858885859655   188.32465425043858
1.6163456409812174   18.581951590346613   181.73402774427703
1.6637295346910133   17.33580283074521   175.2732747364366
1.7125025083885144   16.17096535584481   168.94399992531865
1.7627052835733923   15.082318140579208   162.74764489263316
1.814379775514258   14.065048062908655   156.68548575208956
1.8675691282445197   13.114632518644136   150.75863127608315
1.922317750584177   12.226822042552104   144.9683048863957
1.9786713532176083   11.397621620604099   139.3168902504838
2.0366769868582977   10.623279933994931   133.80675728407004
2.0963830815323896   9.900276664964272   128.43979702329918
2.1578394870138577   9.225308958891409   123.21744322060192
2.2210975144450407   8.595278628665199   118.14069468895877
2.286209979177315   8.007280064790827   113.21013806729597
2.3532312448676476   7.4585888232530655   108.42597185360056
2.4222172688678643   6.946652935385299   103.78831360120215
2.4932256489445366   6.469084739527635   99.29754229432953
2.5663156713684585   6.023646028071204   94.95364895851709
2.641548360413907   5.60823846880844   90.75616514579166
2.7189865293089923   5.220895348568046   86.70420016108372
2.798694832679631   4.859773765319536   82.79647751930344
2.8807398205309562   4.52314724744644   79.03137045451936
2.9651899938111903   4.209398497384959   75.4069157278857
3.05211586160442   3.9170043907693852   71.92021489623991
3.1415899999999994   3.644531068386196   68.56748633729848
