0.01   101.05222408325297   101.05222083003675
0.010293154462191829   102.24551194732955   102.24550771036684
0.010594902878253955   103.40124651800676   103.40124331919279
0.010905497183778876   104.5160422743102   104.51604118904872
0.011225196699963396   105.58646963145738   105.58647066420023
0.011554268350120923   106.60903180496129   106.60903405388125
0.011892986882540897   107.58002635373167   107.58002887640453
0.012241635099881474   108.49569421809609   108.49569627352992
0.012600504095286909   109.35228170834361   109.35228277187103
0.012969893495426888   110.14599340619748   110.14599327703658
0.013350111710660605   110.87301051005767   110.87300941549998
0.013741476192534558   111.5295678360605   111.52956644615213
0.014144313698828986   112.1118890231139   112.11188827272592
0.01455896056637426   112.61600303674555   112.61600350626443
0.014985762991865008   113.03798906462902   113.03799084112896
0.01542507732090645   113.37405177020749   113.37405444580033
0.015877270345534218   113.62043981120001   113.62044258183799
0.016342719610456153   113.77349712441102   113.77349886893045
0.016821813728271667   113.82977387570834   113.82977316156177
0.017314952703931925   113.78602349129847   113.78601874404178
0.017822548268711737   113.63917754432711   113.6391674829253
0.01834502422397195   113.38644481095167   113.38642852316543
0.018882816794999403   113.02535931814755   113.02533623790745
0.019436374995219892   112.55387418062774   112.5538438066363
0.02000616100108813   111.97035691147154   111.97031863772196
0.020592650537967844   111.27356794586314   111.27352106508333
0.021196333277324068   110.46282911255366   110.46277265334143
0.02181771324555934   109.53819647956952   109.53812886797466
0.022457309244835088   108.50019470279481   108.50011375020996
0.02311565528622961   107.34988220693825   107.34978533229533
0.023793301035594242   106.08953582031862   106.08942157778759
0.024490812272480036   104.72221483885235   104.72208360866621
0.025208771362518027   103.25136527390666   103.2512191717879
0.0259477777436476   101.68149301292624   101.68133515167666
0.02670844842659881   100.01855041432808   100.01838378390947
0.027491418510046592   98.26878890088143   98.26861625709371
0.028297341710866907   96.43893335550607   96.43875740382352
0.029126890909937666   94.53782869627305   94.5376532565974
0.029980758713939952   92.57498144380588   92.5748117905683
0.030859658033628758   90.55969565457225   90.5595383536518
0.031764322679055976   88.50237115818325   88.50223370109195
0.03269550797224261   86.41476343310829   86.41465382775039
0.033653991377811755   84.30807405336954   84.30800069401637
0.03464057315210884   82.19352629856478   82.1934977261251
0.03565607701135116   80.08513489991321   80.08515906059813
0.036701350819364466   77.99679796224187   77.99688202259462
0.03777726729548091   75.9410538905921   75.94120426635394
0.038884724743189276   73.9278412461812   73.92806304414847
0.04002464780014597   71.96462069025175   71.96491718154644
0.041197988210172884   70.0579286101954   70.05830139700022
0.04240572561788674   68.21544879690606   68.21589695641427
0.04364886838662332   66.45128698671013   66.4518033970097
0.04492845444033957   64.77970531854494   64.78027642947252
0.04624555213019635   63.21213877485501   63.21274543159733
0.04760126112654554   61.74652416921336   61.74714326381843
0.04899671333706607   60.37400875362301   60.37461415178118
0.05043307385181555   59.086221264450984   59.08678398439
0.05191154191598653   57.87389060666629   57.87437874843783
0.053433351931179485   56.727551870527584   56.727930653500444
0.05499977448602865   55.637408624884756   55.637641097429956
0.05661211741704101   54.58940444063855   54.58945422254509
0.05827172690053434   53.56891816146808   53.56875034683959
0.05997998857658587   52.55964413311842   52.55922719490734
0.06173832870592997   51.54265770313688   51.541966141030564
0.0635482153607709   50.49912258565266   50.498139338796776
0.06541115965050462   49.40718126708518   49.40590665488455
0.06732871698337338   48.24593523864504   48.24438908556557
0.06930248836510605   46.99676368847099   46.994988404700756
0.07133412173562886   45.644308889991855   45.642369612658186
0.07342531334496233   44.182076570847144   44.180058869649706
0.07557780916945323   42.6109240349719   42.6089306878804
0.07779340636952398   40.94286531810435   40.94101441819812
0.08007395479015682   39.197487980901926   39.19590671588766
0.08242135850536496   37.40295158023545   37.40175354694626
0.08483757740794096   35.590737182555266   35.590014433881265
0.08732462884580919   33.79545342330281   33.79528026156094
0.08988458930634863   32.05207995760149   32.05249968952072
0.09251959615009227   30.3955084697255   30.39651605933122
0.09523184939525078   28.85687671235725   28.858414813299383
0.09802361355455057   27.464718566420814   27.46667057506206
0.10089721952591899   26.237469142307617   26.23966448574498
0.10385506653859616   25.183755812668913   25.18597387620606
0.10689962415629803   24.295185798409708   24.297180107916226
0.11003343433910281   23.55091368628884   23.552432870085728
0.11325911356578279   22.914398476525133   22.915227222875767
0.11657935501835284   22.342208900308915   22.342193093667643
0.11999693083066039   21.785711595972025   21.784786509755058
0.12351469440289359   21.197929844087874   21.19614696633478
0.12713558278394044   20.53879792540652   20.536332053725303
0.13086261912358757   19.78103870684238   19.77817320975439
0.13469891519660646   18.916723313314378   18.913816420125297
0.13864767400083483   17.958257456995927   17.955699533198903
0.14271219243142114   16.936595446054547   16.934747334335185
0.14689586403346616   15.896784852714214   15.89589686381841
0.1512021818353596   14.892430354677982   14.892581365888493
0.15563474126517718   13.977123020194234   13.978193936219109
0.16019724315257297   13.191787837204151   13.193436838762645
0.1648934968186736   12.55234265039841   12.554081048972096
0.1697274232565544   12.04538665931232   12.046718778309064
0.17470305840495237   11.635370173884231   11.63587309112445
0.17982455651794954   11.275280898220448   11.274716138890136
0.18509619363343993   10.91304332760051   10.911419610470286
0.19052237114327647   10.500011065302687   10.4976276735901
0.19610761946807834   10.008864524944112   10.006278774998416
0.20185660183976684   9.44774302096714   9.445574856195739
0.20777411819498756   8.853798833199166   8.852450966624389
0.21386510918267082   8.275092186331552   8.274716430303599
0.22013466028907505   7.756690591616049   7.757064834270106
0.22658800608375756   7.327436718425223   7.32808560827508
0.23323053459001789   6.9871040786463485   6.987410918478918
0.2400677917834628   6.708059388628842   6.707578666898732
0.24710548622244882   6.447054987204494   6.445674535721233
0.25434949381426813   6.163184189461002   6.161188721338059
0.2618058627210567   5.837801031837001   5.8357924721444405
0.2694808184095226   5.484037193989486   5.4825062068869315
0.27738076884870827   5.133442256089095   5.132600612927278
0.2855123098601282   4.818481234638525   4.818118642891373
0.29388223062474755   4.55657455949428   4.556233460420696
0.3024975193514008   4.338504543145014   4.337686577718972
0.31136536911138296   4.137626828507302   4.136202350825808
0.3204931838440838   3.928834449390851   3.927088947516004
0.32988858453867975   3.7035701089038855   3.7019290635402964
0.3395594155970457   3.4750003585887352   3.4737439923812743
0.34951375138319807   3.2639655044764195   3.2630152522022016
0.3597599029647371   3.0809304510286886   3.079956644726441
0.37030642505191835   2.9202259387271376   2.9189304917343772
0.3811621231401457   2.7662670408710546   2.7646707102535077
0.3923360608618501   2.6087923566650324   2.6071673064311014
0.4038375675538918   2.4512567958235043   2.449806303458193
0.41567624604680364   2.3040157363346756   2.302704190781328
0.42786198068238046   2.172247527942562   2.170875772519666
0.4404049455663077   2.0513483393781855   2.049792856455651
0.4533156130627191   1.9339244121933736   1.9322734342860068
0.4666047625377753   1.8182756754106026   1.816679091468327
0.4802834893595659   1.708848309460431   1.707314803893866
0.49436321416184764   1.6084104013374299   1.6068376543954088
0.5088556923793517   1.5148246335675115   1.5131612335643416
0.5237730240626238   1.4248442263434535   1.4231481495228238
0.5391276639805903   1.338622157052804   1.336951601557174
0.5549324320192869   1.2579843065399676   1.2563100962092757
0.5712005238854289   1.1827739195962215   1.181054769051235
0.5879455221237613   1.1114422093584713   1.1096985157480728
0.6051814074573895   1.0436317939145043   1.0418921648080104
0.622922570460556   0.9799605497299833   0.9782155511650749
0.6411838235736077   0.9202375721002878   0.918470214103502
0.6599804134701901   0.863924709289047   0.8621399020291213
0.6793280337869897   0.8107946902223399   0.8090005223294049
0.6992428382266549   0.7607053050080305   0.7589078705316302
0.7197414540448374   0.7135165141498209   0.7117202543206421
0.7408409959326054   0.6690909183018273   0.6672989203040474
0.7625590803058332   0.6272941672182577   0.625508423342284
0.7849138400134885   0.5879949809294847   0.5862166364273254
0.8079239394770964   0.551058400484283   0.5492885044598951
0.8316085902740278   0.5163481029745615   0.5145881783174799
0.8559875671776167   0.4837350155844827   0.481986964582494
0.8810812246675007   0.45309730249323277   0.45136329931608976
0.9069105139239728   0.4243199688413346   0.4226023676951735
0.9334970003205227   0.39729448612867485   0.3955957433475273
0.960862881429187   0.37191843787937184   0.37024104638258765
0.9890310055537336   0.34809537329237755   0.346441819536548
1.0180248908061487   0.3257354738113752   0.32410826406761517
1.047868744742366   0.3047542076086385   0.3031558377515973
1.0785874845736239   0.2850714955554375   0.2835043948489087
1.1102067579703248   0.26661150887770513   0.2650779947765594
1.1427529644757777   0.24930247525011046   0.24780471793654713
1.1762532775476793   0.23307649125749716   0.23161648663765916
1.210735667245765   0.21786934097521216   0.216448891053367
1.246228923584555   0.20362022958801934   0.2022409537542789
1.2827626805706884   0.19027151356061223   0.18893489259128696
1.3203674409449337   0.17776877713412714   0.17647613754101557
1.3590746016495152   0.1660607036366557   0.16481319834613056
1.3989164800420282   0.15509891310087057   0.1538975085044983
1.4399263408778291   0.1448378073607996   0.14368327576243153
1.4821384240834183   0.13523442235761687   0.13412733895179155
1.525587973344019   0.12624828767993643   0.12518902995480216
1.5703112655292182   0.11784129868809315   0.11683002040988584
1.6163456409812174   0.10997758685695364   0.109014203842678
1.6637295346910133   0.10262339089920627   0.10170760287221271
1.7125025083885144   0.09574694141791601   0.09487825449524394
1.7627052835733923   0.08931835153246151   0.08849609965079781
1.814379775514258   0.08330951289916314   0.08253287812916271
1.8675691282445197   0.07769399690573467   0.07696202862223764
1.922317750584177   0.07244695663857179   0.07175859046660182
1.9786713532176083   0.06754501641110634   0.06689909679334761
2.0366769868582977   0.06296621054132788   0.06236150692702674
2.0963830815323896   0.05868991499954023   0.0581251342334642
2.1578394870138577   0.05469676975003928   0.05417056770015786
2.2210975144450407   0.05096860523616502   0.05047959765456924
2.286209979177315   0.047488372849201495   0.04703514546120432
2.3532312448676476   0.04424007922251561   0.04382119697635419
2.4222172688678643   0.041208737006688916   0.04082272715070746
2.4932256489445366   0.03838031990334337   0.03802562725381531
2.5663156713684585   0.0357416735544561   0.03541668124282707
2.641548360413907   0.03328045954097022   0.03298351619893056
2.7189865293089923   0.03098510780635955   0.030714550409275072
2.798694832679631   0.028844771610613718   0.028598944504931615
2.8807398205309562   0.026849284899303456   0.026626555485421963
2.9651899938111903   0.02498911923504927   0.024787892754235003
3.05211586160442   0.023255288562330306   0.02307406254738818
3.1415899999999994   0.0216393330739984   0.021476734857252787
