0.01   1848.3181184923744   1848.247281547881
0.010293154462191829   1862.8549733721584   1862.7836631072284
0.010594902878253955   1876.4520741926583   1876.3800886195743
0.010905497183778876   1889.051839533018   1888.979104598512
0.011225196699963396   1900.5968958150454   1900.5235010519154
0.011554268350120923   1911.0303569569364   1910.95653573593
0.011892986882540897   1920.2936045146973   1920.2195491790587
0.012241635099881474   1928.3280079578794   1928.2537792697917
0.012600504095286909   1935.0765064891507   1935.0020322270636
0.012969893495426888   1940.4816571699862   1940.4068201689008
0.013350111710660605   1944.4848197623155   1944.409591030482
0.013741476192534558   1947.0296573796086   1946.9541079754247
0.014144313698828986   1948.0621308926688   1947.9864071769455
0.01455896056637426   1947.5281745950829   1947.4523696816589
0.014985762991865008   1945.376407088407   1945.3005199075487
0.01542507732090645   1941.5595534451043   1941.483490190539
0.015877270345534218   1936.0332464043865   1935.9568463216401
0.016342719610456153   1928.7564277819176   1928.679489982899
0.016821813728271667   1919.693447600577   1919.61573413096
0.017314952703931925   1908.8144192257084   1908.735673481292
0.017822548268711737   1896.0952917524148   1896.01529419699
0.01834502422397195   1881.518610916891   1881.4371911073454
0.018882816794999403   1865.074196412593   1864.991228630893
0.019436374995219892   1846.7622292882372   1846.6775708723733
0.02000616100108813   1826.5925014639265   1826.5059517472744
0.020592650537967844   1804.5824587749912   1804.4937630644454
0.021196333277324068   1780.7613632787538   1780.6702568103306
0.02181771324555934   1755.1750592561252   1755.0813557874521
0.022457309244835088   1727.8775752493868   1727.7811769016396
0.02311565528622961   1698.9318150236786   1698.832720355302
0.023793301035594242   1668.4241223083516   1668.3225099228746
0.024490812272480036   1636.4537922582913   1636.3500506602045
0.025208771362518027   1603.1241160625173   1603.0188268953693
0.0259477777436476   1568.5577461679304   1568.45167921511
0.02670844842659881   1532.9026361583597   1532.7967484613716
0.027491418510046592   1496.306749504452   1496.2021623897776
0.028297341710866907   1458.9229041015512   1458.820879985539
0.029126890909937666   1420.939482650993   1420.8414107694455
0.029980758713939952   1382.548112373103   1382.455485950878
0.030859658033628758   1343.9299954787396   1343.8443858712299
0.031764322679055976   1305.283611494459   1305.2066423399224
0.03269550797224261   1266.8216461891816   1266.7549704934345
0.033653991377811755   1228.7383791158823   1228.683661351963
0.03464057315210884   1191.223884096536   1191.1827004447434
0.03565607701135116   1154.4990941960198   1154.4726480287497
0.036701350819364466   1118.769117195376   1118.7582201961693
0.03777726729548091   1084.2107478123264   1084.215855121871
0.038884724743189276   1050.9517064933254   1050.9727831554058
0.04002464780014597   1019.0830113060025   1019.1194691764954
0.041197988210172884   988.6804237781806   988.7311923299008
0.04240572561788674   959.8369364417151   959.9001541528359
0.04364886838662332   932.698775731146   932.7710517587336
0.04492845444033957   907.4015210430175   907.478000437539
0.04624555213019635   884.0165334047662   884.0911696100607
0.04760126112654554   862.3507846963531   862.4170856886044
0.04899671333706607   842.1423669811498   842.1936341267115
0.05043307385181555   823.155206748214   823.1845291756858
0.05191154191598653   805.1885335877782   805.1887428753755
0.053433351931179485   788.0631290028756   788.0268042390751
0.05499977448602865   771.5816867833577   771.501427574158
0.05661211741704101   755.4711403704663   755.3402819795671
0.05827172690053434   739.4603390704858   739.2731493387437
0.05997998857658587   723.2319114825276   722.9846672636079
0.06173832870592997   706.4374175257772   706.1293012334842
0.0635482153607709   688.745207357306   688.3789130566936
0.06541115965050462   669.8223370100784   669.4055170533886
0.06732871698337338   649.3999955656633   648.9450934285228
0.06930248836510605   627.3575706115156   626.8813212113755
0.07133412173562886   603.6738603014586   603.1965744485761
0.07342531334496233   578.5160675953499   578.0611007039071
0.07557780916945323   552.1548107380517   551.7472555178691
0.07779340636952398   525.0179568577995   524.6815457807962
0.08007395479015682   497.581206098727   497.33664547305347
0.08242135850536496   470.36637008579055   470.22979779554686
0.08483757740794096   443.88426554766824   443.86586685005807
0.08732462884580919   418.65027411175856   418.75210755295274
0.08988458930634863   395.15960251204706   395.37385588075256
0.09251959615009227   373.86134902154237   374.16981176819655
0.09523184939525078   355.0639143962896   355.4371184331662
0.09802361355455057   338.9532679012761   339.35020381158927
0.10089721952591899   325.44630226776405   325.82098892660673
0.10385506653859616   314.27616292698366   314.5817271491757
0.10689962415629803   304.92960240675654   305.12287903366257
0.11003343433910281   296.7891873259524   296.8357410376997
0.11325911356578279   289.1421800320873   289.02565698625415
0.11657935501835284   281.2908957765879   281.014446361277
0.11999693083066039   272.6044627142004   272.1922040434483
0.12351469440289359   262.6255891155675   262.1269678224398
0.12713558278394044   251.15086598247586   250.6326881211588
0.13086261912358757   238.2613271306086   237.79617526155113
0.13469891519660646   224.31646105422897   223.97331009578122
0.13864767400083483   209.8874732224621   209.72097178193363
0.14271219243142114   195.69912189695   195.7375682911212
0.14689586403346616   182.5363758778905   182.7717248502989
0.1512021818353596   171.07891782377956   171.463569168818
0.15563474126517718   161.66788364003648   162.12330499661178
0.16019724315257297   154.21618142432033   154.65517078766263
0.1648934968186736   148.31391575069696   148.65782266012158
0.1697274232565544   143.38053282034338   143.5746666523582
0.17470305840495237   138.73217565197376   138.7613573633495
0.17982455651794954   133.64838776486187   133.54644331479264
0.18509619363343993   127.61149614234967   127.46353233263376
0.19052237114327647   120.56755294339236   120.4784579134707
0.19610761946807834   112.90448356560918   112.95804246920613
0.20185660183976684   105.20268802962677   105.44228844233554
0.20777411819498756   98.07586611181144   98.49432028973273
0.21386510918267082   92.0103401043895   92.53744312815121
0.22013466028907505   87.1507230013585   87.69860263500634
0.22658800608375756   83.26104807315666   83.74470475071536
0.23323053459001789   79.86011341755447   80.23745439586646
0.2400677917834628   76.38531568734335   76.67601953588049
0.24710548622244882   72.4638131831032   72.74874183916575
0.25434949381426813   68.1214213230664   68.48011676523834
0.2618058627210567   63.66570102611421   64.15193996231045
0.2694808184095226   59.49598036291714   60.100115713259235
0.27738076884870827   55.92508534546027   56.593737161680046
0.2855123098601282   52.966354477360426   53.62453262765066
0.29388223062474755   50.36742616505226   50.97542527167329
0.3024975193514008   47.81285905931986   48.38250631886251
0.31136536911138296   45.10424570897719   45.68814879586328
0.3204931838440838   42.2959866249034   42.9416532022884
0.32988858453867975   39.60945899121355   40.32340812234267
0.3395594155970457   37.215326192550265   37.96606605807697
0.34951375138319807   35.12716321181729   35.872087539249954
0.3597599029647371   33.20677269954824   33.9290765600872
0.37030642505191835   31.30343560050805   32.02283948327261
0.3811621231401457   29.391827100394767   30.136823112886532
0.3923360608618501   27.55968280792612   28.33721288564878
0.4038375675538918   25.889604039474683   26.68164713872011
0.41567624604680364   24.37463357231487   25.1615019708986
0.42786198068238046   22.94339394850986   23.723333553571425
0.4404049455663077   21.548160231440253   22.334480776791697
0.4533156130627191   20.211225820363815   21.011012112566224
0.4666047625377753   18.969385417150253   19.775164430680967
0.4802834893595659   17.82112868419261   18.6236111189256
0.49436321416184764   16.73495894421394   17.53476607662632
0.5088556923793517   15.696696970046135   16.49872001474513
0.5237730240626238   14.718282358533006   15.522274933689058
0.5391276639805903   13.806071513776626   14.607619227605161
0.5549324320192869   12.949054925198842   13.746702688933993
0.5712005238854289   12.137550669846261   12.93285107365812
0.5879455221237613   11.373652117657638   12.166384859423435
0.6051814074573895   10.657714266332542   11.446070807628555
0.622922570460556   9.985879385268138   10.768576598940552
0.6411838235736077   9.354848036391056   10.131331826544923
0.6599804134701901   8.760973636366051   9.531194717967256
0.6793280337869897   8.202441918882348   8.966214737623874
0.6992428382266549   7.677486240683954   8.43451953875789
0.7197414540448374   7.18439101100507   7.9343144420309795
0.7408409959326054   6.721494451412776   7.463881590798335
0.7625590803058332   6.287190742214139   7.02157882409855
0.7849138400134885   5.879930975624768   6.605837975445802
0.8079239394770964   5.498175994766388   6.215138027230783
0.8316085902740278   5.140379368381637   5.8479932339571565
0.8559875671776167   4.805078312407947   5.502998090089251
0.8810812246675007   4.490897791522833   5.178827841511078
0.9069105139239728   4.196545279562352   4.874234192131232
0.9334970003205227   3.9208058358607785   4.588041205577842
0.960862881429187   3.6625374780344258   4.319141396193424
0.9890310055537336   3.4206673054053196   4.066492370068656
1.0180248908061487   3.194197204916613   3.8291209569871807
1.047868744742366   2.9821967082915806   3.6061175796985196
1.0785874845736239   2.783787799936342   3.3966241014650613
1.1102067579703248   2.598141825360659   3.1998309074419833
1.1427529644757777   2.4244770352161384   3.014974486081386
1.1762532775476793   2.2620562259746473   2.8413350976640426
1.210735667245765   2.110184475531776   2.6782345303147896
1.246228923584555   1.9682067333170556   2.525033830310585
1.2827626805706884   1.835503729715949   2.3811302623599495
1.3203674409449337   1.7114916328191832   2.2459560620724526
1.3590746016495152   1.5956216420268012   2.118977248393406
1.3989164800420282   1.4873780327312547   1.9996917595622343
1.4399263408778291   1.3862762822081605   1.8876276681705408
1.4821384240834183   1.291861292871568   1.7823414823880401
1.525587973344019   1.2037057084763219   1.6834165306110713
1.5703112655292182   1.1214083494266405   1.5904613240780132
1.6163456409812174   1.0445928163123837   1.503107701901033
1.6637295346910133   0.9729059143545284   1.4210099170415398
1.7125025083885144   0.9060162476231548   1.343843507982783
1.7627052835733923   0.843612948355132   1.2713040348004152
1.814379775514258   0.7854044746772154   1.203105884232504
1.8675691282445197   0.7311174734404408   1.1389811407564383
1.922317750584177   0.6804957049674292   1.0786785197470983
1.9786713532176083   0.633298948777961   1.0219613857159986
2.0366769868582977   0.5893019297180844   0.9686052647591407
2.0963830815323896   0.5482936442398446   0.9183997317754041
2.1578394870138577   0.5100765373535501   0.8711480257428682
2.2210975144450407   0.47446568129929256   0.8266661453796741
2.286209979177315   0.4412880016813449   0.7847820050556086
2.3532312448676476   0.4103815485215988   0.7453346469693465
2.4222172688678643   0.38159481184759675   0.7081734788055982
2.4932256489445366   0.35478621148488915   0.6731557372458666
2.5663156713684585   0.32982352566549933   0.6401451201314527
2.641548360413907   0.30658306944849284   0.6090144252521181
2.7189865293089923   0.2849491484898367   0.5796451830450996
2.798694832679631   0.2648135677287711   0.5519270157284049
2.8807398205309562   0.24607516824947478   0.5257570462505514
2.9651899938111903   0.22863939086484922   0.5010393529829816
3.05211586160442   0.21241784165426092   0.4776845147851413
3.1415899999999994   0.19732745797659576   0.4556101018997793
