0.01   15103.160281822116   15101.616024194167
0.010293154462191829   15220.157968339423   15218.51003843821
0.010594902878253955   15329.041116238579   15327.282433760905
0.010905497183778876   15429.321468447833   15427.44345301609
0.011225196699963396   15520.516501941103   15518.509039708435
0.011554268350120923   15602.140439810992   15599.99207403251
0.011892986882540897   15673.684845611428   15671.383318072736
0.012241635099881474   15734.64807903483   15732.180466284439
0.012600504095286909   15784.541398995543   15781.894104794486
0.012969893495426888   15822.866248141363   15820.024348617588
0.013350111710660605   15849.127360678263   15846.074219662683
0.013741476192534558   15862.853339756844   15859.570685719515
0.014144313698828986   15863.584736855706   15860.052609900595
0.01455896056637426   15850.861068586346   15847.057624426621
0.014985762991865008   15824.252847307389   15820.15447109227
0.01542507732090645   15783.36630225343   15778.947591478856
0.015877270345534218   15727.826721620255   15723.05918514824
0.016342719610456153   15657.295247547805   15652.146872437617
0.016821813728271667   15571.483695191135   15565.919274088745
0.017314952703931925   15470.15391701148   15464.135846592317
0.017822548268711737   15353.119227127965   15346.608554304508
0.01834502422397195   15220.25422533016   15213.211126028455
0.018882816794999403   15071.502972110173   15063.887187158265
0.019436374995219892   14906.9011093466   14898.67232028736
0.02000616100108813   14726.5609895916   14717.679289306901
0.020592650537967844   14530.66676712535   14521.093311415381
0.021196333277324068   14319.526809884317   14309.227897087152
0.02181771324555934   14093.576487010376   14082.527774346901
0.022457309244835088   13853.317715566252   13841.504399393083
0.02311565528622961   13599.355187999237   13586.772616937036
0.023793301035594242   13332.505662946383   13319.161831812104
0.024490812272480036   13053.662888280529   13039.578446083637
0.025208771362518027   12763.76460844989   12748.972424974309
0.0259477777436476   12463.971472948486   12448.522068599867
0.02670844842659881   12155.605919573361   12139.570925666141
0.027491418510046592   11839.972839355618   11823.442720135876
0.028297341710866907   11518.47841049783   11501.560108277736
0.029126890909937666   11192.831103466755   11175.645872568659
0.029980758713939952   10864.698924305403   10847.379646565128
0.030859658033628758   10535.669664073726   10518.358109520263
0.031764322679055976   10207.55413648248   10190.397814940736
0.03269550797224261   9882.203770503953   9865.353254293594
0.033653991377811755   9561.28285806942   9544.889711304479
0.03464057315210884   9246.494859219758   9230.700918721777
0.03565607701135116   8939.7743983379   8924.69403977131
0.036701350819364466   8642.848172180225   8628.56882247848
0.03777726729548091   8357.171830554404   8343.754858535842
0.038884724743189276   8083.807496421636   8071.276511732012
0.04002464780014597   7823.564152811976   7811.903324238226
0.041197988210172884   7577.110141470028   7566.26867165804
0.04240572561788674   7345.317268462024   7335.175113990863
0.04364886838662332   7129.388445586283   7119.70876770942
0.04492845444033957   6930.392955029567   6920.831064114165
0.04624555213019635   6748.617969614207   6738.747047164763
0.04760126112654554   6582.151310387529   6571.519378500976
0.04899671333706607   6428.813908180989   6416.9550009187415
0.05043307385181555   6286.6536538747005   6273.088251592343
0.05191154191598653   6153.977576834128   6138.2147930660785
0.053433351931179485   6029.246903103676   6010.785900773526
0.05499977448602865   5910.607357462804   5888.968596589501
0.05661211741704101   5795.556382077061   5770.337111610839
0.05827172690053434   5681.617484757755   5652.508764997902
0.05997998857658587   5565.73503521089   5532.633044465762
0.06173832870592997   5444.666899259436   5407.731908970536
0.0635482153607709   5315.252817177837   5274.964702765559
0.06541115965050462   5174.350332463784   5131.590779795537
0.06732871698337338   5019.521655770562   4975.561458961972
0.06930248836510605   4849.638540877755   4806.138341582247
0.07133412173562886   4664.496865774818   4623.430951949974
0.07342531334496233   4465.545290760172   4429.096971720231
0.07557780916945323   4255.122208479237   4225.543827274739
0.07779340636952398   4036.970961896296   4016.372897741388
0.08007395479015682   3815.2251720016975   3805.4531190864955
0.08242135850536496   3594.4545434850265   3596.9687650747824
0.08483757740794096   3379.284549555779   3395.017785194882
0.08732462884580919   3174.4031257348097   3203.6143209381644
0.08988458930634863   2984.5011989195564   3026.5849962528555
0.09251959615009227   2813.673676752728   2867.188892434799
0.09523184939525078   2664.753076917702   2727.3953607213925
0.09802361355455057   2539.444101700818   2608.1530583493764
0.10089721952591899   2436.9254308426566   2508.3572096817566
0.10385506653859616   2354.958945093726   2425.711454507964
0.10689962415629803   2289.1281802426483   2356.0296043005446
0.11003343433910281   2234.1587085313918   2294.693260114541
0.11325911356578279   2183.870358543589   2236.8280320081926
0.11657935501835284   2131.994594763767   2177.501771425029
0.11999693083066039   2072.745455415854   2112.3836432637413
0.12351469440289359   2001.7125937528647   2038.7702832869281
0.12713558278394044   1916.7444509152535   1955.5816869692007
0.13086261912358757   1818.1738786816295   1863.473552095184
0.13469891519660646   1708.8302981415734   1764.9544581411785
0.13864767400083483   1593.7184779961528   1664.0475600355796
0.14271219243142114   1479.5676458434634   1565.5187002421271
0.14689586403346616   1373.7413697560214   1474.2957227491868
0.1512021818353596   1282.4658767540798   1394.3656167139056
0.15563474126517718   1208.8097767149625   1326.8631039011645
0.16019724315257297   1152.1972652758675   1271.0360407945432
0.1648934968186736   1109.5094377126281   1224.3187287141736
0.1697274232565544   1075.983057269252   1183.2460278786093
0.17470305840495237   1045.3645757975557   1143.9672957717908
0.17982455651794954   1010.7971013983852   1102.4485897287345
0.18509619363343993   967.4154040031435   1056.8797255958161
0.19052237114327647   914.5508805620539   1007.3556683255373
0.19610761946807834   855.1219807668656   955.4576785942745
0.20185660183976684   794.1308687374856   904.2147119928275
0.20777411819498756   737.4088144129073   856.6304031826932
0.21386510918267082   689.6672431342927   814.3746159541464
0.22013466028907505   652.4913008647677   778.1651319375108
0.22658800608375756   624.1559254430907   746.1997454832627
0.23323053459001789   600.4680271370266   716.7427076582235
0.2400677917834628   576.1582144184099   687.6045195614747
0.24710548622244882   547.688441522395   657.6911978208012
0.25434949381426813   514.9242057342578   627.1545198341045
0.2618058627210567   480.30187428104637   596.9883279396411
0.2694808184095226   447.6199123972132   568.4927077035644
0.27738076884870827   419.99713892846205   542.6599900426397
0.2855123098601282   397.7877340164118   519.1170381333569
0.29388223062474755   378.9569659402537   497.2601931997043
0.3024975193514008   360.5531498356541   476.09874492131763
0.31136536911138296   340.51470653720884   455.3549892670605
0.3204931838440838   319.17148281415416   435.02569462862243
0.32988858453867975   298.4552161053842   415.6073650854546
0.3395594155970457   280.1003576902087   397.4753169867037
0.34951375138319807   264.46286946577   380.62250451468935
0.3597599029647371   250.33922641655727   364.6070176246084
0.37030642505191835   236.26440583842086   349.2221079876613
0.3811621231401457   221.86950802987784   334.3801528950156
0.3923360608618501   207.89825929539305   320.21475529014685
0.4038375675538918   195.22397184986448   306.847421896007
0.41567624604680364   183.88208152654616   294.2229254008158
0.42786198068238046   173.24062720090026   282.2163528375773
0.4404049455663077   162.77805942556083   270.6976560074362
0.4533156130627191   152.66219166382064   259.72073401736577
0.4666047625377753   143.2718675426354   249.30239925612224
0.4802834893595659   134.65528137543237   239.42175209515668
0.49436321416184764   126.52091078498411   230.00932615627187
0.5088556923793517   118.70567994486558   221.01322533090408
0.5237730240626238   111.31881038369121   212.44571622031106
0.5391276639805903   104.44965207920622   204.3073966706992
0.5549324320192869   98.01115212403673   196.55644376379163
0.5712005238854289   91.90169067685966   189.155887357005
0.5879455221237613   86.14209452321641   182.0985208344531
0.6051814074573895   80.74830236873206   175.38292803267635
0.622922570460556   75.68933535696041   168.97514116886168
0.6411838235736077   70.9272641361911   162.8611772339663
0.6599804134701901   66.44606707011559   157.02524333645187
0.6793280337869897   62.23180145624012   151.45222647767335
0.6992428382266549   58.27093027231094   146.1279391238193
0.7197414540448374   54.5503424342821   141.03905675598867
0.7408409959326054   51.0573684677717   136.17305999911625
0.7625590803058332   47.779788523989886   131.51817702944138
0.7849138400134885   44.70548952578734   127.06292299291307
0.8079239394770964   41.82228953407386   122.79576786689718
0.8316085902740278   39.11864771275663   118.70586434874348
0.8559875671776167   36.58370642711676   114.78308421030475
0.8810812246675007   34.20725111608457   111.01796624037758
0.9069105139239728   31.979672535585156   107.40166841380379
0.9334970003205227   29.891931382109977   103.92592329667802
0.960862881429187   27.935572145316883   100.58279825971454
0.9890310055537336   26.102740188912048   97.36441037947866
1.0180248908061487   24.38603229406736   94.26335475865578
1.047868744742366   22.778455836734505   91.27274285833415
1.0785874845736239   21.273408684941632   88.38616586383043
1.1102067579703248   19.86465986848649   85.59766111174321
1.1427529644757777   18.54633100569211   82.90168126790232
1.1762532775476793   17.312870525409192   80.29299710146509
1.210735667245765   16.159022857328228   77.76653511692133
1.246228923584555   15.079837422408358   75.31755249176189
1.2827626805706884   14.070657245201465   72.94165904610185
1.3203674409449337   13.127102594204874   70.63479416014658
1.3590746016495152   12.245055457623033   68.39320551611704
1.3989164800420282   11.420644817287563   66.21342948146376
1.4399263408778291   10.650233348616254   64.09228687645347
1.4821384240834183   9.930405960206757   62.02690741717773
1.525587973344019   9.257954597959822   60.01466442058204
1.5703112655292182   8.62986568613524   58.05314432295503
1.6163456409812174   8.04330903089933   56.14013369674371
1.6637295346910133   7.495627304715309   54.27360706129961
1.7125025083885144   6.9843260850454385   52.451715402828114
1.7627052835733923   6.507064273966512   50.672821984914286
1.814379775514258   6.0616445855513685   48.93569176312604
1.8675691282445197   5.646005824259874   47.23927918053136
1.922317750584177   5.25821517188724   45.58262434013462
1.9786713532176083   4.896460584678248   43.96484691689521
2.0366769868582977   4.559043610594717   42.3851403860906
2.0963830815323896   4.24437260602285   40.84276645645684
2.1578394870138577   3.950956153894143   39.33707989206783
2.2210975144450407   3.6773960031000454   37.86770697499885
2.286209979177315   3.422382420291928   36.43438483396313
2.3532312448676476   3.1846894155341796   35.03684918326561
2.4222172688678643   2.963169592136898   33.674832271125155
2.4932256489445366   2.7567492953009585   32.3480614591396
2.5663156713684585   2.564424046246559   31.05625789616114
2.641548360413907   2.385254416728416   29.79916585733722
2.7189865293089923   2.2183633977307724   28.576816787934618
2.798694832679631   2.062931410907208   27.389347084854027
2.8807398205309562   1.9181916920756863   26.236805432173906
2.9651899938111903   1.783427035126822   25.119155581124055
3.05211586160442   1.6579667360705834   24.036281585200157
3.1415899999999994   1.5411837134998707   22.987993019082918
