0.01   12443.13439700176   12437.033292658447
0.010293154462191829   12609.966185692972   12603.292375978217
0.010594902878253955   12773.706614794228   12766.40988761918
0.010905497183778876   12934.01741889257   12926.03957681513
0.011225196699963396   13090.554233592993   13081.828848666539
0.011554268350120923   13242.96063330673   13233.414388580682
0.011892986882540897   13390.86148457765   13380.417212891736
0.012241635099881474   13533.875689006487   13522.45284998231
0.012600504095286909   13671.616939319481   13659.131303722217
0.012969893495426888   13803.682054032144   13790.042434745004
0.013350111710660605   13929.659721321585   13914.766489073134
0.013741476192534558   14049.13807084071   14032.88321171174
0.014144313698828986   14161.696022565715   14143.9632187249
0.01455896056637426   14266.899940320507   14247.564699918581
0.014985762991865008   14364.318715927027   14343.248638490031
0.01542507732090645   14453.523406171129   14430.577984986554
0.015877270345534218   14534.075657466063   14509.103968212958
0.016342719610456153   14605.540902404775   14578.38120728819
0.016821813728271667   14667.495271501437   14637.975554359959
0.017314952703931925   14719.518178899225   14687.456408783406
0.017822548268711737   14761.194227321897   14726.39873462744
0.01834502422397195   14792.125456523756   14754.395835995112
0.018882816794999403   14811.93279427833   14771.059858238865
0.019436374995219892   14820.254871567737   14776.018084811409
0.02000616100108813   14816.754716209898   14768.922734833131
0.020592650537967844   14801.12411965345   14749.456426128818
0.021196333277324068   14773.094961800987   14717.345287970049
0.02181771324555934   14732.439042576321   14672.358459382309
0.022457309244835088   14678.963531853587   14614.30240567986
0.02311565528622961   14612.527882556453   14543.038271339732
0.023793301035594242   14533.065644960858   14458.504229549671
0.024490812272480036   14440.555111640911   14360.685432718028
0.025208771362518027   14335.023546918028   14249.618862062338
0.0259477777436476   14216.611913451323   14125.463423394833
0.02670844842659881   14085.538055606152   13988.459818070754
0.027491418510046592   13942.058774543706   13838.889299557495
0.028297341710866907   13786.533644262194   13677.14234216565
0.029126890909937666   13619.462981251958   13503.759248104492
0.029980758713939952   13441.382632023486   13319.316507992693
0.030859658033628758   13252.883981168503   13124.446884136985
0.031764322679055976   13054.769358704878   12919.999997884932
0.03269550797224261   12847.912908836517   12706.897562642598
0.033653991377811755   12633.185907567971   12486.055905499012
0.03464057315210884   12411.565202313775   12258.501641279894
0.03565607701135116   12184.139695248756   12025.378198286942
0.036701350819364466   11951.967559630662   11787.793335020158
0.03777726729548091   11716.164630924808   11546.901963787912
0.038884724743189276   11478.188694633114   11304.175889509821
0.04002464780014597   11239.504543323153   11061.084235500779
0.041197988210172884   11001.45489081868   10818.971342715968
0.04240572561788674   10764.918399655611   10578.741809891182
0.04364886838662332   10530.403916083065   10340.949018998006
0.04492845444033957   10298.372971089515   10106.093541650038
0.04624555213019635   10069.682072231162   9875.009905702746
0.04760126112654554   9846.277376459306   9649.471412431558
0.04899671333706607   9630.124917104045   9431.255662250542
0.05043307385181555   9422.866873080375   9221.836339112928
0.05191154191598653   9224.480399798249   9021.128458765337
0.053433351931179485   9034.032425006706   8828.199267145354
0.05499977448602865   8850.638436622567   8642.167129904728
0.05661211741704101   8673.312232939652   8462.062893965784
0.05827172690053434   8500.924443112868   8286.791980175874
0.05997998857658587   8332.407492179824   8115.323981578063
0.06173832870592997   8166.572643682679   7946.545897848362
0.0635482153607709   8002.053816345324   7779.216919482943
0.06541115965050462   7837.557884912271   7612.174475131387
0.06732871698337338   7671.665118360753   7444.222027406709
0.06930248836510605   7502.913392752043   7274.1783712430315
0.07133412173562886   7329.8521131659945   7100.906712359813
0.07342531334496233   7150.738437440623   6923.1324961451055
0.07557780916945323   6963.9690642171445   6739.718604133187
0.07779340636952398   6768.308655311475   6549.968347753775
0.08007395479015682   6562.873983197625   6353.5316238873065
0.08242135850536496   6347.681932714903   6150.7562966833275
0.08483757740794096   6123.699775217984   5942.724159876201
0.08732462884580919   5892.780055728854   5731.154077754062
0.08988458930634863   5657.885310448557   5518.587446337682
0.09251959615009227   5422.282872008787   5307.646465448176
0.09523184939525078   5189.548381065252   5101.019752593154
0.09802361355455057   4963.031905448189   4901.1118151181145
0.10089721952591899   4745.799005904159   4710.012129212901
0.10385506653859616   4540.571299314339   4529.362180781511
0.10689962415629803   4349.637862470028   4360.384148391078
0.11003343433910281   4174.751086473412   4203.810500714109
0.11325911356578279   4016.9251317850717   4059.8733128550007
0.11657935501835284   3875.5978339000594   3927.6599906399842
0.11999693083066039   3749.1161689183   3805.6338516954943
0.12351469440289359   3633.8216008909894   3691.1842333115414
0.12713558278394044   3525.3699830531123   3581.446742079273
0.13086261912358757   3418.7948183972603   3473.4036907901013
0.13469891519660646   3309.7110163635734   3364.740560527754
0.13864767400083483   3194.6227606614393   3253.877517834393
0.14271219243142114   3071.5614085339344   3140.137217428094
0.14689586403346616   2940.2931836109624   3023.823518833413
0.1512021818353596   2802.3762293137042   2906.193355037812
0.15563474126517718   2661.101132764631   2789.2703442265506
0.16019724315257297   2520.605113181268   2675.345315495177
0.1648934968186736   2385.2550271398827   2566.418188570063
0.1697274232565544   2259.1407567262013   2463.776705544988
0.17470305840495237   2145.6683960379146   2368.6929396048617
0.17982455651794954   2046.5989675281955   2281.181413862135
0.18509619363343993   1961.0584906947886   2200.303170674575
0.19052237114327647   1885.393686823754   2124.5111550073534
0.19610761946807834   1814.5685335320861   2051.4987557324534
0.20185660183976684   1744.115755652426   1979.812729926726
0.20777411819498756   1670.8274760588677   1908.429903926287
0.21386510918267082   1592.7923323847597   1837.9485722102615
0.22013466028907505   1510.2841886166802   1767.960015805641
0.22658800608375756   1426.4423090678938   1699.581132374836
0.23323053459001789   1345.763809515043   1634.2266575978274
0.2400677917834628   1271.7049417298492   1572.5349422867191
0.24710548622244882   1205.8877132296268   1514.2585283527608
0.25434949381426813   1148.1348981477709   1459.4515002161054
0.2618058627210567   1096.273705381226   1407.3928446941595
0.2694808184095226   1046.8419098762224   1357.2222314412124
0.27738076884870827   996.9930802192373   1308.4915835894308
0.2855123098601282   945.4407950466482   1261.0996961627636
0.29388223062474755   892.9994307220622   1215.1555305387712
0.3024975193514008   842.2229151733317   1171.1374187567872
0.31136536911138296   795.3136949882308   1129.3321740328463
0.3204931838440838   752.9988315849764   1089.3772055134075
0.32988858453867975   714.6923344438284   1051.3103727131622
0.3395594155970457   678.5828775845566   1014.8998423715956
0.34951375138319807   642.9816985735865   979.7298041840554
0.3597599029647371   607.5347834642436   945.983211250286
0.37030642505191835   572.9701936414441   913.522548036351
0.3811621231401457   540.483235994953   882.5290681675841
0.3923360608618501   510.6435584657666   852.9109159255886
0.4038375675538918   482.9303944299142   824.5879156241241
0.41567624604680364   456.50651923573554   797.4205587206973
0.42786198068238046   430.85138037802875   771.3479502799429
0.4404049455663077   406.11016346833884   746.2977739512395
0.4533156130627191   382.7681635059979   722.3265727763845
0.4666047625377753   360.99339632538397   699.3936988857073
0.4802834893595659   340.5095879814953   677.4137241450344
0.49436321416184764   320.9704697547844   656.3212529322316
0.5088556923793517   302.30221976356006   636.0613143662263
0.5237730240626238   284.6308157863335   616.6192136525167
0.5391276639805903   268.02932072222825   597.9826748928327
0.5549324320192869   252.36265961306347   580.08758694882
0.5712005238854289   237.49927625222273   562.8782725469524
0.5879455221237613   223.41463139476085   546.3338541041524
0.6051814074573895   210.13206615341076   530.4298359826163
0.622922570460556   197.6099621970094   515.1311017047245
0.6411838235736077   185.7746702014662   500.38957404622937
0.6599804134701901   174.59236869739502   486.1825706148324
0.6793280337869897   164.04767123177834   472.492508918085
0.6992428382266549   154.1074534950671   459.2765242755561
0.7197414540448374   144.73048934038346   446.5118419701576
0.7408409959326054   135.89253760829152   434.1744802452603
0.7625590803058332   127.56680110659877   422.23760442962316
0.7849138400134885   119.72224388080384   410.6664180770046
0.8079239394770964   112.33449393378388   399.4554254010211
0.8316085902740278   105.3789596746375   388.58122853330843
0.8559875671776167   98.8321960744961   378.0216788293346
0.8810812246675007   92.67189125394478   367.7562229494923
0.9069105139239728   86.87682190959013   357.76580288778234
0.9334970003205227   81.42680974195866   348.0327646960549
0.960862881429187   76.30267891022233   338.5407750708618
0.9890310055537336   71.48621130202233   329.274757436273
1.0180248908061487   66.96010302305454   320.22083669206836
1.047868744742366   62.70793314768656   311.36624671529245
1.0785874845736239   58.71412644066912   302.6992665396074
1.1102067579703248   54.963915996783015   294.20916546383836
1.1427529644757777   51.44330707283064   285.8861520510047
1.1762532775476793   48.13904210921626   277.72132654698584
1.210735667245765   45.03856620550062   269.7067165978908
1.246228923584555   42.12998942248725   261.83583056779156
1.2827626805706884   39.40205993276188   254.1031971657331
1.3203674409449337   36.844137083561606   246.5039480162411
1.3590746016495152   34.44616189162737   239.03378346425995
1.3989164800420282   32.19862866279508   231.68894257454122
1.4399263408778291   30.092557741848488   224.46617395519976
1.4821384240834183   28.119469292083505   217.36272246915678
1.525587973344019   26.271353500879012   210.37730135863367
1.5703112655292182   24.54064530560401   203.5105194484842
1.6163456409812174   22.920209842994915   196.76318479315205
1.6637295346910133   21.403320753725808   190.13613046981175
1.7125025083885144   19.983638685327808   183.63020357040963
1.7627052835733923   18.655190786706356   177.2462544260815
1.814379775514258   17.412351158742414   170.98512608950134
1.8675691282445197   16.249822253314537   164.84796581612062
1.922317750584177   15.162617242977497   158.83762064760407
1.9786713532176083   14.146042996414792   152.95720003752422
2.0366769868582977   13.195683955213369   147.20938624046673
2.0963830815323896   12.307386860246465   141.59644723977945
2.1578394870138577   11.477246232435133   136.1202512727843
2.2210975144450407   10.701590576966947   130.7822820338753
2.286209979177315   9.976969180245144   125.58367081543646
2.3532312448676476   9.300137017091567   120.52565954899241
2.4222172688678643   8.668043517600585   115.60958660266783
2.4932256489445366   8.07782486467761   110.83634090039585
2.5663156713684585   7.526793326368728   106.20635966193544
2.641548360413907   7.0124269762824625   101.71965778952028
2.7189865293089923   6.532359973635787   97.37585711241661
2.798694832679631   6.084373375399044   93.17421532692799
2.8807398205309562   5.66638773634802   89.11369851191812
2.9651899938111903   5.276457825923711   85.19311778860774
3.05211586160442   4.9127601434442685   81.41100474081297
3.1415899999999994   4.57358457914502   77.76559794607033
