0.01   15653.158975982149   15648.128712735052
0.010293154462191829   15831.250965786588   15825.753717398933
0.010594902878253955   16003.69126447737   15997.683550338399
0.010905497183778876   16170.004511120387   16163.43877775979
0.011225196699963396   16329.690528554278   16322.515795917845
0.011554268350120923   16482.23842936803   16474.400581492995
0.011892986882540897   16627.135210168268   16618.577052265522
0.012241635099881474   16763.849542328226   16754.509788462685
0.012600504095286909   16891.82894776316   16881.640951421618
0.012969893495426888   17010.52274056905   16999.41452585092
0.013350111710660605   17119.379468776075   17107.27375249964
0.013741476192534558   17217.828231546704   17204.642033115022
0.014144313698828986   17305.300712081924   17290.94544915707
0.01455896056637426   17381.24030027641   17365.622031111783
0.014985762991865008   17445.084043617833   17428.10229671124
0.01542507732090645   17496.26687786886   17477.813633406884
0.015877270345534218   17534.24485555259   17514.205003233015
0.016342719610456153   17558.49230933208   17536.74363598489
0.016821813728271667   17568.489567566172   17544.90147873205
0.017314952703931925   17563.74524023146   17538.1791904706
0.017822548268711737   17543.804292391982   17516.11466779572
0.01834502422397195   17508.245996799415   17478.28024598071
0.018882816794999403   17456.689692225937   17424.28886471897
0.019436374995219892   17388.803235398736   17353.803329084465
0.02000616100108813   17304.31445333021   17266.548051659713
0.020592650537967844   17203.02504998413   17162.323268733042
0.021196333277324068   17084.79782921291   17040.992059909197
0.02181771324555934   16949.562946222377   16902.487062682205
0.022457309244835088   16797.371730870458   16746.86787293436
0.02311565528622961   16628.370191206843   16574.292584740724
0.023793301035594242   16442.768317035596   16384.98487988168
0.024490812272480036   16240.90605533034   16179.303859189218
0.025208771362518027   16023.302168805   15957.79562684994
0.0259477777436476   15790.539605096086   15721.071630486302
0.02670844842659881   15543.280439667893   15469.824060769093
0.027491418510046592   15282.435145133599   15205.003012799132
0.028297341710866907   15009.023501060952   14927.67039507426
0.029126890909937666   14724.083810610984   14638.904571647938
0.029980758713939952   14428.857809951895   14339.988648335564
0.030859658033628758   14124.838082796638   14032.458256245098
0.031764322679055976   13813.491829213564   13717.819581128813
0.03269550797224261   13496.300588311147   13397.589591450273
0.033653991377811755   13175.010056061039   13073.549559352317
0.03464057315210884   12851.36275240939   12747.473234005964
0.03565607701135116   12526.997653200175   12421.02407743103
0.036701350819364466   12203.79650304299   12096.082639404818
0.03777726729548091   11883.857965963645   11774.721860543772
0.038884724743189276   11569.099052404836   11458.830687645068
0.04002464780014597   11261.148233552312   11150.010054326722
0.041197988210172884   10961.121818846032   10849.353151492975
0.04240572561788674   10669.930600598773   10557.748645710277
0.04364886838662332   10388.424073744054   10276.016715991605
0.04492845444033957   10118.16945383156   10005.57891660255
0.04624555213019635   9861.210421388458   9748.251663279832
0.04760126112654554   9619.369189683235   9505.6472340184
0.04899671333706607   9393.136857703925   9278.120661925455
0.05043307385181555   9180.946999493424   9064.081057520832
0.05191154191598653   8981.15622155495   8861.87324789586
0.053433351931179485   8792.195042950709   8669.919584836776
0.05499977448602865   8612.511083876823   8486.665077834637
0.05661211741704101   8440.634165084937   8310.642565101374
0.05827172690053434   8274.678946232547   8140.041151830611
0.05997998857658587   8112.380731428629   7972.738740709572
0.06173832870592997   7951.480660140446   7806.653195599745
0.0635482153607709   7789.218543584595   7639.361458322414
0.06541115965050462   7622.837106749997   7468.48666514241
0.06732871698337338   7449.371728554767   7291.601025673385
0.06930248836510605   7265.776350489391   7106.30887197377
0.07133412173562886   7069.484211689527   6910.7117818134975
0.07342531334496233   6858.518195095478   6703.536523312573
0.07557780916945323   6631.918439738854   6484.395959749449
0.07779340636952398   6390.279335369254   6254.283167515729
0.08007395479015682   6135.335966664987   6015.08257168133
0.08242135850536496   5870.364799149761   5769.906229630056
0.08483757740794096   5599.417586872332   5522.315121730567
0.08732462884580919   5327.267212866204   5276.267696117389
0.08988458930634863   5058.873582124753   5035.738423748149
0.09251959615009227   4799.138180807337   4804.512708099306
0.09523184939525078   4553.025442200638   4586.044885721686
0.09802361355455057   4324.851145661892   4383.235974356368
0.10089721952591899   4118.3753650095005   4198.441803333029
0.10385506653859616   3936.2521622355475   4033.076852654465
0.10689962415629803   3779.096985654847   3886.5011636488407
0.11003343433910281   3645.7546908040113   3757.0723147023946
0.11325911356578279   3532.5412829359175   3641.963774191595
0.11657935501835284   3434.165422557779   3537.144101585305
0.11999693083066039   3344.1072335109457   3437.7575745832382
0.12351469440289359   3255.4085511851663   3339.368830205457
0.12713558278394044   3161.5487217781774   3238.124735268848
0.13086261912358757   3057.0897573120938   3131.0249032727215
0.13469891519660646   2938.725523593426   3016.792887725691
0.13864767400083483   2805.8297858100177   2896.009171534499
0.14271219243142114   2660.6374880675635   2770.7550513245824
0.14689586403346616   2507.935311920752   2643.8162941215387
0.1512021818353596   2354.245530122129   2519.3391472515455
0.15563474126517718   2207.031163748524   2401.320580546608
0.16019724315257297   2073.561094126639   2292.6477873284734
0.1648934968186736   1959.2319046566176   2195.3313008565683
0.1697274232565544   1865.7264825535287   2110.009756879494
0.17470305840495237   1790.5029152402458   2033.3796553319626
0.17982455651794954   1728.0989649942082   1963.3620542297438
0.18509619363343993   1671.7718274815113   1896.690746677612
0.19052237114327647   1614.3796122449237   1830.5809190041582
0.19610761946807834   1549.537868981795   1762.7106487322658
0.20185660183976684   1474.0666570925134   1692.3982433797812
0.20777411819498756   1389.7826070469787   1621.1443730811561
0.21386510918267082   1302.2747167005487   1551.521312060801
0.22013466028907505   1218.1804118748184   1485.194961238935
0.22658800608375756   1143.3409286981152   1423.6972698032116
0.23323053459001789   1081.1523411022165   1367.2728669850803
0.2400677917834628   1030.9827642536388   1315.9127141918507
0.24710548622244882   988.6288583818696   1267.4026865785768
0.25434949381426813   948.113462732177   1220.4047137650775
0.2618058627210567   904.2299328130362   1174.317918998794
0.2694808184095226   855.0235000156175   1128.5373214527212
0.27738076884870827   802.817128415522   1084.1710794861308
0.2855123098601282   751.9725622796221   1041.391192131365
0.29388223062474755   706.5625975188664   1001.4565277059047
0.3024975193514008   668.4403020812001   963.7368040577694
0.31136536911138296   635.9268932166019   928.2046344955382
0.3204931838440838   605.3712706936122   894.1711215379044
0.32988858453867975   573.7211439599506   861.3725555642038
0.3395594155970457   540.2581147058473   829.3210207700902
0.34951375138319807   506.96474698897924   798.7011554871942
0.3597599029647371   476.45573027584646   769.7234001944213
0.37030642505191835   449.74998973164725   742.1127421292877
0.3811621231401457   425.8571256124185   715.8852208191174
0.3923360608618501   402.7782895078369   690.8088984555606
0.4038375675538918   379.4279132278206   666.5680668679396
0.41567624604680364   356.43714815616164   643.3298048040423
0.42786198068238046   335.07351590692787   621.2054612246312
0.4404049455663077   315.7949980937879   600.1690865197612
0.4533156130627191   297.9054748466018   580.0550121807771
0.4666047625377753   280.55033149591844   560.7503317920988
0.4802834893595659   263.638467159914   542.1994179975741
0.49436321416184764   247.7274658134051   524.4742671502788
0.5088556923793517   233.05405655174533   507.57857610322503
0.5237730240626238   219.3009226170414   491.40883706361797
0.5391276639805903   206.11500950005572   475.87263667248584
0.5549324320192869   193.55770936641295   460.9700969527934
0.5712005238854289   181.81654356898432   446.71127302642356
0.5879455221237613   170.82682350500045   433.04867175913563
0.6051814074573895   160.41087992400162   419.927675998495
0.622922570460556   150.54473517463384   407.30626397724325
0.6411838235736077   141.28513717885122   395.1966290651761
0.6599804134701901   132.58679525689647   383.5537191040548
0.6793280337869897   124.37341671270276   372.3551320808095
0.6992428382266549   116.63821378385855   361.5820439686922
0.7197414540448374   109.36432841996555   351.19723401531706
0.7408409959326054   102.5247940631132   341.17922630855986
0.7625590803058332   96.09415318211467   331.5080210304743
0.7849138400134885   90.04846697867076   322.16486519645997
0.8079239394770964   84.3652198752403   313.132170761043
0.8316085902740278   79.02339128186068   304.3928860634768
0.8559875671776167   74.00381517443962   295.9287406238883
0.8810812246675007   69.28846129404407   287.7221327321918
0.9069105139239728   64.86019051754043   279.7567103782674
0.9334970003205227   60.70272035527322   272.0172905044496
0.960862881429187   56.800591003139246   264.4897851988329
0.9890310055537336   53.1391320117315   257.16113415168684
1.0180248908061487   49.70442883940784   250.01924045036975
1.047868744742366   46.48323996646431   243.05275889670276
1.0785874845736239   43.46295142831476   236.25096764742813
1.1102067579703248   40.63163785625009   229.60397568977066
1.1427529644757777   37.97803650649056   223.1027010583256
1.1762532775476793   35.49151374592152   216.73882721344808
1.210735667245765   33.16203299655491   210.50476255131872
1.246228923584555   30.980124092040445   204.39360267112215
1.2827626805706884   28.93685474172359   198.3991413129715
1.3203674409449337   27.023810310421823   192.51634746014116
1.3590746016495152   25.233061705658077   186.74107588073747
1.3989164800420282   23.557133435549968   181.0696310567537
1.4399263408778291   21.98897979568619   175.49873583961278
1.4821384240834183   20.52196225337646   170.02550868752311
1.525587973344019   19.14982786389603   164.6474415651778
1.5703112655292182   17.866688683505295   159.36237839782476
1.6163456409812174   16.667000806443895   154.16883385227138
1.6637295346910133   15.54554207820359   149.06698002740706
1.7125025083885144   14.497399638906588   144.0574047607412
1.7627052835733923   13.517954351073758   139.14069693197567
1.814379775514258   12.602864373722973   134.31743913309433
1.8675691282445197   11.748049570061685   129.5882005423616
1.922317750584177   10.949676712746369   124.95353001734459
1.9786713532176083   10.204145428892238   120.4139587239534
2.0366769868582977   9.508073463311321   115.97059760999788
2.0963830815323896   8.858283715701374   111.62538700037334
2.1578394870138577   8.251794864528092   107.38007213038892
2.2210975144450407   7.685810139280004   103.23611340563995
2.286209979177315   7.157706467664433   99.19469608074638
2.3532312448676476   6.665024218422569   95.25674040029914
2.4222172688678643   6.2054575101895635   91.4229121348968
2.4932256489445366   5.776845365921075   87.69369419536844
2.5663156713684585   5.377166222458074   84.07004753815988
2.641548360413907   5.004527486025278   80.55304811836479
2.7189865293089923   4.657155205795003   77.14337151400811
2.798694832679631   4.333387022356449   73.84131060396486
2.8807398205309562   4.031665546353935   70.64680307196265
2.9651899938111903   3.7505320977523   67.55945862569205
3.05211586160442   3.488620788652915   64.57858577083117
3.1415899999999994   3.244650107596311   61.7030252045841
