0.01   1850.5538801704502   1850.5067752970108
0.010293154462191829   1863.8352705048228   1863.787870076103
0.010594902878253955   1876.051321048595   1876.003657408965
0.010905497183778876   1887.1395577357016   1887.091562851894
0.011225196699963396   1897.0356880727268   1896.9873007233982
0.011554268350120923   1905.674469339725   1905.6257217675006
0.011892986882540897   1912.9921991837143   1912.9432210234734
0.012241635099881474   1918.924892770627   1918.8758569698484
0.012600504095286909   1923.4053665876063   1923.3563540398789
0.012969893495426888   1926.3683176921809   1926.3192956292428
0.013350111710660605   1927.7511218055874   1927.7019581278892
0.013741476192534558   1927.4904338432268   1927.4410309288126
0.014144313698828986   1925.5247552223516   1925.475120654813
0.01455896056637426   1921.797194075359   1921.7474398271663
0.014985762991865008   1916.2532546519597   1916.2035086794212
0.01542507732090645   1908.839694357863   1908.789959228492
0.015877270345534218   1899.509268903196   1899.4594109025006
0.016342719610456153   1888.2211349801696   1888.170902892195
0.016821813728271667   1874.9387726108844   1874.8878866050009
0.017314952703931925   1859.6327537560705   1859.5809372029564
0.017822548268711737   1842.2824083737055   1842.229389742883
0.01834502422397195   1822.8761305693724   1822.8216334665558
0.018882816794999403   1801.4118171157777   1801.3555500212183
0.019436374995219892   1777.8974685061   1777.839128059598
0.02000616100108813   1752.3530857476605   1752.2923625070869
0.020592650537967844   1724.8146823641932   1724.7512703616576
0.021196333277324068   1695.3297993029712   1695.2634013558227
0.02181771324555934   1663.9571124867396   1663.887451391202
0.022457309244835088   1630.7773927060541   1630.7043111502205
0.02311565528622961   1595.888905421448   1595.8124303613952
0.023793301035594242   1559.397791077873   1559.3181227704313
0.024490812272480036   1521.4283916507586   1521.3459015066142
0.025208771362518027   1482.1351159719218   1482.0503564814146
0.0259477777436476   1441.6774429244615   1441.5911292905341
0.02670844842659881   1400.2203101992238   1400.133309086034
0.027491418510046592   1357.968305945161   1357.8817083778288
0.028297341710866907   1315.1380683105524   1315.0531977990315
0.029126890909937666   1271.9358476269579   1271.854215932507
0.029980758713939952   1228.5849064620045   1228.508190571298
0.030859658033628758   1185.3341468943804   1185.2641750083194
0.031764322679055976   1142.4124014523734   1142.3511098429997
0.03269550797224261   1100.040969216548   1099.9903248033788
0.033653991377811755   1058.4965046676934   1058.458298078449
0.03464057315210884   1018.0429658029028   1018.0187629638414
0.03565607701135116   978.9041960203126   978.8953555348425
0.036701350819364466   941.2565798705674   941.264215298294
0.03777726729548091   905.234106693976   905.2590608495665
0.038884724743189276   870.9433620786764   870.9862483304174
0.04002464780014597   838.5130720776789   838.5739976256555
0.041197988210172884   808.1896649328445   808.2673155657768
0.04240572561788674   780.2051626115176   780.2968397636547
0.04364886838662332   754.7243953365437   754.8262678739103
0.04492845444033957   731.6577809432138   731.765295416837
0.04624555213019635   710.8156596877182   710.92372812528
0.04760126112654554   692.0262769406928   692.1292656232386
0.04899671333706607   675.1151224163787   675.2065514514603
0.05043307385181555   659.9159316006555   659.9883486006977
0.05191154191598653   646.2531590607136   646.2983033118497
0.053433351931179485   633.8587996271326   633.8681859261611
0.05499977448602865   622.4572264145763   622.4222962839717
0.05661211741704101   611.7205232244314   611.6331500513514
0.05827172690053434   601.2550378409953   601.1081688408744
0.05997998857658587   590.6572954485824   590.4454552612469
0.06173832870592997   579.4429599798246   579.1637683865197
0.0635482153607709   567.1425714744661   566.797311899813
0.06541115965050462   553.3313307916488   552.926359251001
0.06732871698337338   537.6500784796552   537.1971318019303
0.06930248836510605   519.8894361180423   519.4047111540909
0.07133412173562886   499.97252720480316   499.4758099219144
0.07342531334496233   478.033953901282   477.54878219116586
0.07557780916945323   454.3528213695801   453.90537859517406
0.07779340636952398   429.3651234466083   428.9809734334568
0.08007395479015682   403.58493057467354   403.28737191874063
0.08242135850536496   377.61388951030426   377.42343016378555
0.08483757740794096   352.1142735023236   352.0452282800047
0.08732462884580919   327.7743531841393   327.831950424266
0.08988458930634863   305.2366286216548   305.41593638229216
0.09251959615009227   285.10504684764754   285.3901589577904
0.09523184939525078   267.78650389405044   268.14979418599955
0.09802361355455057   253.51987561301593   253.92183308122958
0.10089721952591899   242.25541557702164   242.65119922159923
0.10385506653859616   233.76051545601263   234.10283474797802
0.10689962415629803   227.550601065935   227.79160445916781
0.11003343433910281   223.00564465818934   223.10311059373086
0.11325911356578279   219.3597675843461   219.28618729221816
0.11657935501835284   215.76601017755547   215.51190549752465
0.11999693083066039   211.3922679406013   210.97073539918935
0.12351469440289359   205.5247469791932   204.97449623636095
0.12713558278394044   197.7099148687936   197.08927882586818
0.13086261912358757   187.8232548849523   187.20969285834198
0.13469891519660646   176.11230884130637   175.5904326467265
0.13864767400083483   163.20049204767327   162.83802808330336
0.14271219243142114   150.03318957010097   149.87477012696894
0.14689586403346616   137.67146732411203   137.72176170812364
0.1512021818353596   126.99929272374655   127.21843857943634
0.15563474126517718   118.51628769041933   118.83592515359321
0.16019724315257297   112.31127009775481   112.6429149721335
0.1648934968186736   108.14161985752024   108.38647570189687
0.1697274232565544   105.45816779851368   105.54187646995685
0.17470305840495237   103.39982018131603   103.28220306021105
0.17982455651794954   100.96900226840461   100.66499158092071
0.18509619363343993   97.39171538304664   96.97178608151988
0.19052237114327647   92.37565889519321   91.94950528623222
0.19610761946807834   86.12463158323382   85.80176568378968
0.20185660183976684   79.27396709156454   79.12905067653969
0.20777411819498756   72.71103135028503   72.76091701341413
0.21386510918267082   67.20988773234902   67.39884696545457
0.22013466028907505   63.14802492999543   63.38244287290679
0.22658800608375756   60.4360938260494   60.59995350290808
0.23323053459001789   58.54387426647787   58.568033281377154
0.2400677917834628   56.70205227290249   56.58231179080373
0.24710548622244882   54.29257370332292   54.09427274651145
0.25434949381426813   51.09796121779339   50.92457207065511
0.2618058627210567   47.3636596388407   47.31067983804099
0.2694808184095226   43.68465629199103   43.77224251663286
0.27738076884870827   40.61699783951954   40.795419353108855
0.2855123098601282   38.353986993484504   38.532643810289365
0.29388223062474755   36.691454165517904   36.79466837429271
0.3024975193514008   35.15999741788468   35.17526385129015
0.31136536911138296   33.34976691319251   33.335520948624016
0.3204931838440838   31.197261819520865   31.231413561161506
0.32988858453867975   28.96226369897182   29.081717534477367
0.3395594155970457   26.99388505915158   27.17370537758572
0.34951375138319807   25.445518118136583   25.624948099240434
0.3597599029647371   24.172428195943226   24.308285889627307
0.37030642505191835   22.90336889675158   23.00732613022277
0.3811621231401457   21.499811701260562   21.619088911313884
0.3923360608618501   20.051519581880115   20.217720822547218
0.4038375675538918   18.745957202474063   18.94381607318575
0.41567624604680364   17.650712672832057   17.84408040654173
0.42786198068238046   16.66740950652758   16.841558297914204
0.4404049455663077   15.671518129174089   15.844058570439536
0.4533156130627191   14.659349082446525   14.854268797071411
0.4666047625377753   13.716682054146988   13.930405789642476
0.4802834893595659   12.885697140191212   13.098690968401055
0.49436321416184764   12.11772918317586   12.324878607896043
0.5088556923793517   11.361779191726784   11.573763186518544
0.5237730240626238   10.632438971627751   10.85593461062933
0.5391276639805903   9.96418957621918   10.192559661130003
0.5549324320192869   9.349726942429553   9.576491576123452
0.5712005238854289   8.761909697494987   8.990881233229864
0.5879455221237613   8.201904779075718   8.436241082412176
0.6051814074573895   7.676974569798484   7.916197985821409
0.622922570460556   7.18663550646232   7.4288209314358795
0.6411838235736077   6.728087349396356   6.97182961140512
0.6599804134701901   6.298757086788241   6.543115593951574
0.6793280337869897   5.896334130339346   6.140739810425028
0.6992428382266549   5.51874147039498   5.762917420781362
0.7197414540448374   5.16411047129393   5.408004261333249
0.7408409959326054   4.830877448923804   5.074542192990217
0.7625590803058332   4.517904250413007   4.76131719622495
0.7849138400134885   4.224142033743696   4.467196242328858
0.8079239394770964   3.9485757357485554   4.191098638124148
0.8316085902740278   3.690225314987724   3.9319947790189396
0.8559875671776167   3.44814665332979   3.6889047995430424
0.8810812246675007   3.2214321491553486   3.460897140152045
0.9069105139239728   3.009197499645895   3.2470807908834836
0.9334970003205227   2.8105493199953093   3.046588528266038
0.960862881429187   2.624635741232   2.858598487967532
0.9890310055537336   2.4506577886537992   2.6823380475028804
1.0180248908061487   2.287866086224642   2.5170810313996332
1.047868744742366   2.135557769705955   2.362145060434115
1.0785874845736239   1.9930735949482097   2.216889038808414
1.1102067579703248   1.85979663791437   2.08071182610475
1.1427529644757777   1.7351558141909917   1.9530545678928846
1.1762532775476793   1.618616311308279   1.8333933044369173
1.210735667245765   1.509674329073373   1.721234671272194
1.246228923584555   1.4078554500027676   1.6161142929733374
1.2827626805706884   1.3127130862043142   1.5175952463253757
1.3203674409449337   1.2238269954105725   1.425266588135737
1.3590746016495152   1.1408016925641582   1.338741962817263
1.3989164800420282   1.0632638242099899   1.2576583777785992
1.4399263408778291   0.9908620127938201   1.1816748155557817
1.4821384240834183   0.9232665116589239   1.1104709248647937
1.525587973344019   0.8601679458494873   1.0437458600597354
1.5703112655292182   0.8012761132017493   0.9812171767313203
1.6163456409812174   0.7463188516344889   0.9226197809299321
1.6637295346910133   0.6950409835642032   0.8677049491177066
1.7125025083885144   0.6472034938629226   0.8162396309234148
1.7627052835733923   0.602582465246087   0.7680054138838298
1.814379775514258   0.5609679989214835   0.7227974339166385
1.8675691282445197   0.5221633765918259   0.6804235770342165
1.922317750584177   0.4859842736637928   0.6407037285424999
1.9786713532176083   0.45225801626825424   0.6034690615358771
2.0366769868582977   0.42082287497489435   0.5685613643547506
2.0963830815323896   0.3915272758695986   0.5358324347006816
2.1578394870138577   0.3642292058574548   0.5051434715395718
2.2210975144450407   0.33879579010794453   0.47636446503035246
2.286209979177315   0.31510273356345414   0.44937365872306156
2.3532312448676476   0.293033786699095   0.42405704399823657
2.4222172688678643   0.2724802430712044   0.40030788308355836
2.4932256489445366   0.25334046853039677   0.3780262438017801
2.5663156713684585   0.23551956240132332   0.3571175750387211
2.641548360413907   0.21892896576097148   0.3374919748544847
2.7189865293089923   0.20348587913080282   0.3190655621212827
2.798694832679631   0.18911288857346917   0.30176020767819145
2.8807398205309562   0.17573763114969462   0.285503125129359
2.9651899938111903   0.1632924798661246   0.27022649161880075
3.05211586160442   0.1517142463828185   0.25586710082944936
3.1415899999999994   0.14094370769089754   0.24236731069836492
