0.01   1719.7835991661643   1719.7502145487708
0.010293154462191829   1747.8302189921562   1747.7963510085278
0.010594902878253955   1775.6210660479976   1775.5867085900545
0.010905497183778876   1803.106314838413   1803.0714383582992
0.011225196699963396   1830.2345906155865   1830.199141509747
0.011554268350120923   1856.9511596352124   1856.915080035146
0.011892986882540897   1883.1977282547377   1883.16097912372
0.012241635099881474   1908.914493449202   1908.8770570093739
0.012600504095286909   1934.0397286681114   1934.001597596696
0.012969893495426888   1958.5080665421317   1958.4691986429889
0.013350111710660605   1982.2524462098506   1982.2127518458838
0.013741476192534558   2005.2047261622697   2005.1640683112496
0.014144313698828986   2027.2935845692027   2027.2518121959142
0.01455896056637426   2048.445045815769   2048.40202322744
0.014985762991865008   2068.5846428153386   2068.5402517874036
0.01542507732090645   2087.6367550326527   2087.59087136847
0.015877270345534218   2105.523062594132   2105.475487338766
0.016342719610456153   2122.1651155164395   2122.1155612021907
0.016821813728271667   2137.4849507792023   2137.4330414429155
0.017314952703931925   2151.40320236591   2151.3484910218667
0.017822548268711737   2163.8403465688602   2163.782327105245
0.01834502422397195   2174.718648735614   2174.656757077517
0.018882816794999403   2183.962070574562   2183.8956719879393
0.019436374995219892   2191.4961050126876   2191.424466269841
0.02000616100108813   2197.2492941494   2197.171582281898
0.020592650537967844   2201.154009653338   2201.069296102974
0.021196333277324068   2203.147895617743   2203.0551661685176
0.02181771324555934   2203.1738063434227   2203.0719693419437
0.022457309244835088   2201.179825221021   2201.067718790973
0.02311565528622961   2197.1226495723126   2196.999080057479
0.023793301035594242   2190.969697002044   2190.8334954222396
0.024490812272480036   2182.69519715931   2182.545231568146
0.025208771362518027   2172.2821787592447   2172.1174026637914
0.0259477777436476   2159.732495976954   2159.5521861230422
0.02670844842659881   2145.059124649356   2144.862962942186
0.027491418510046592   2128.2823556996477   2128.070424778308
0.028297341710866907   2109.4432566440164   2109.2160629153336
0.029126890909937666   2088.6057077210494   2088.364205001243
0.029980758713939952   2065.8399468064786   2065.585518074735
0.030859658033628758   2041.228656410986   2040.9631503505323
0.031764322679055976   2014.8899014487927   2014.6158553942657
0.03269550797224261   1986.951846276932   1986.6725030638524
0.033653991377811755   1957.5450227509723   1957.264269966224
0.03464057315210884   1926.8312397486386   1926.5534909294693
0.03565607701135116   1894.9977606092796   1894.7278432762469
0.036701350819364466   1862.2272135113858   1861.970310477581
0.03777726729548091   1828.7083706971016   1828.469902136189
0.038884724743189276   1794.6607296633044   1794.4461140438493
0.04002464780014597   1760.2993554587676   1760.1139459250292
0.041197988210172884   1725.8275003381145   1725.6765251335507
0.04240572561788674   1691.4494673027789   1691.3374925738894
0.04364886838662332   1657.3649298120124   1657.2955371283956
0.04492845444033957   1623.7587476139038   1623.734599002444
0.04624555213019635   1590.8257070457803   1590.847831442016
0.04760126112654554   1558.800535072081   1558.8666743306387
0.04899671333706607   1527.9060905115355   1528.0107378879463
0.05043307385181555   1498.3209618707733   1498.455649540992
0.05191154191598653   1470.0677845163584   1470.2213560640598
0.053433351931179485   1443.1180566766839   1443.2768742211601
0.05499977448602865   1417.4291634085039   1417.5773272152032
0.05661211741704101   1392.8737187448023   1392.9935077692703
0.05827172690053434   1369.3014658380762   1369.3735560740233
0.05997998857658587   1346.543193890398   1346.5473070804196
0.06173832870592997   1324.358858759261   1324.27541091893
0.0635482153607709   1302.5060229299468   1302.3165299756595
0.06541115965050462   1280.703746393574   1280.392845355705
0.06732871698337338   1258.6421213943472   1258.1992856135123
0.06930248836510605   1236.0011608884147   1235.4222188226504
0.07133412173562886   1212.4098354291575   1211.700709791583
0.07342531334496233   1187.512832807148   1186.6908811165792
0.07557780916945323   1160.9625154518126   1160.0621086145984
0.07779340636952398   1132.4586201492648   1131.5318521543227
0.08007395479015682   1101.8255540143193   1100.942523017511
0.08242135850536496   1068.9935278669086   1068.2401680179075
0.08483757740794096   1034.1083726200093   1033.5817727401613
0.08732462884580919   997.4521470360922   997.2558510121273
0.08988458930634863   959.5122910935523   959.7502331496787
0.09251959615009227   920.8639259487232   921.6332730451437
0.09523184939525078   882.1748964500472   883.5561536580481
0.09802361355455057   844.13936086145   846.1891343282194
0.10089721952591899   807.4369589737576   810.1842658890239
0.10385506653859616   772.702126130706   776.1421163469789
0.10689962415629803   740.5138600705875   744.6036833969185
0.11003343433910281   711.3031284696309   715.9579138571306
0.11325911356578279   685.3525185848569   690.4471428799434
0.11657935501835284   662.6330770814704   668.0213722306074
0.11999693083066039   642.8756448123315   648.4036101910036
0.12351469440289359   625.4602577555191   630.9831532939331
0.12713558278394044   609.5684944299389   614.9810258060629
0.13086261912358757   594.2405278114177   599.5042073327728
0.13469891519660646   578.509826402914   583.6580188534034
0.13864767400083483   561.5334927972001   566.6869615267191
0.14271219243142114   542.6925803579752   548.0617507259194
0.14689586403346616   521.7210776165846   527.56255111392
0.1512021818353596   498.7696068872331   505.36346003188413
0.15563474126517718   474.38724708687107   481.99625900220747
0.16019724315257297   449.43969156391995   458.25261263364075
0.1648934968186736   424.9736661059157   435.0631548045249
0.1697274232565544   402.06725588597766   413.36012501778845
0.17470305840495237   381.64544589826954   393.93380387319394
0.17982455651794954   364.2437861335771   377.1996560970586
0.18509619363343993   349.81041810879793   363.04627965498383
0.19052237114327647   337.69943253033364   350.88198127600145
0.19610761946807834   326.8945035433745   339.8195818216978
0.20185660183976684   316.28951749522224   328.9219690355452
0.20777411819498756   304.8808623496074   317.3763442718056
0.21386510918267082   291.9794769636459   304.64194006757305
0.22013466028907505   277.51585751934005   290.7218544277484
0.22658800608375756   262.1482152619787   276.2127481220215
0.23323053459001789   246.94597000934903   261.96355229633826
0.2400677917834628   232.93495313406652   248.78225618702191
0.24710548622244882   220.81422517670242   237.14331215701293
0.25434949381426813   210.74817342311377   227.1742722295506
0.2618058627210567   202.25346346338597   218.4080063622125
0.2694808184095226   194.40955125517957   210.16556991054824
0.27738076884870827   186.28035144357142   201.78978071028428
0.2855123098601282   177.3068318108449   192.87690800779515
0.29388223062474755   167.60677816120045   183.57066141514514
0.3024975193514008   157.87429623528038   174.37386163677684
0.31136536911138296   148.88358326497712   165.82631543127462
0.3204931838440838   141.09519274057553   158.1611222346499
0.32988858453867975   134.45183190798102   151.3531393041079
0.3395594155970457   128.38627377000745   144.9874276527342
0.34951375138319807   122.26049191205423   138.66524622944598
0.3597599029647371   115.79301549458954   132.24190835026292
0.37030642505191835   109.19006988979997   125.86165387147072
0.3811621231401457   102.94897836152023   119.81492816550535
0.3923360608618501   97.40092369679401   114.26656636774398
0.4038375675538918   92.46941018927032   109.16265384574339
0.41567624604680364   87.80600609298834   104.29320949762814
0.42786198068238046   83.1110244518552   99.50543599843274
0.4404049455663077   78.40250328512832   94.82501393265645
0.4533156130627191   73.93034551230872   90.37556594843203
0.4666047625377753   69.8629997305495   86.22051305670472
0.4802834893595659   66.12649977109254   82.31211937598283
0.49436321416184764   62.52559665890799   78.56305581687026
0.5088556923793517   58.98592546876349   74.93737620309211
0.5237730240626238   55.59888845246733   71.47715032725657
0.5391276639805903   52.46053125158531   68.21347298356606
0.5549324320192869   49.5328179389911   65.12156827896189
0.5712005238854289   46.72598687680803   62.164910817087964
0.5879455221237613   44.02534234087848   59.33792206683135
0.6051814074573895   41.48013425193363   56.653087669409814
0.622922570460556   39.09850959581994   54.10854504681264
0.6411838235736077   36.83925082797785   51.684020025025134
0.6599804134701901   34.68487060929839   49.372884689465515
0.6793280337869897   32.651542496875166   47.177167040940034
0.6992428382266549   30.737942759545557   45.091126042575894
0.7197414540448374   28.92848256195045   43.1064858450676
0.7408409959326054   27.217069058143416   41.21881733342175
0.7625590803058332   25.599341677449306   39.42358133028171
0.7849138400134885   24.071154755587678   37.716376739068195
0.8079239394770964   22.628443695408023   36.09299351068162
0.8316085902740278   21.26723478335988   34.549406588245624
0.8559875671776167   19.983593133887034   33.08173732145288
0.8810812246675007   18.773445302334586   31.686143027468578
0.9069105139239728   17.632835527161998   30.358937531606674
0.9334970003205227   16.558005642912583   29.09662707756006
0.960862881429187   15.545386106902216   27.89590043452684
0.9890310055537336   14.591587377931441   26.753619487308423
1.0180248908061487   13.69339164183958   25.666810291380138
1.047868744742366   12.847745864798233   24.63265122102308
1.0785874845736239   12.051774497128978   23.648394272360964
1.1102067579703248   11.30276558603094   22.71137181337527
1.1427529644757777   10.598140079617888   21.81906791874269
1.1762532775476793   9.935445564267154   20.969112279016972
1.210735667245765   9.312351188950775   20.159271190345855
1.246228923584555   8.726642705723219   19.387439134488304
1.2827626805706884   8.176217630872042   18.65163090639384
1.3203674409449337   7.659078653172311   17.949942524127525
1.3590746016495152   7.173325190294004   17.280472917095853
1.3989164800420282   6.7171553677784726   16.641417872827326
1.4399263408778291   6.288862999561976   16.03108801392005
1.4821384240834183   5.886833076061215   15.447900737648071
1.525587973344019   5.509537423858979   14.890372773358141
1.5703112655292182   5.15553053347296   14.35711330668533
1.6163456409812174   4.82344554998162   13.84681424680902
1.6637295346910133   4.511990404787981   13.358196352642556
1.7125025083885144   4.219944136536136   12.89002275691582
1.7627052835733923   3.9461533731577867   12.441137734241382
1.814379775514258   3.689528941146149   12.010461994614047
1.8675691282445197   3.4490426186419163   11.596987202148448
1.922317750584177   3.2237240286656808   11.199770932784983
1.9786713532176083   3.0126576675117893   10.817931988537314
2.0366769868582977   2.8149796127596023   10.4506170383705
2.0963830815323896   2.6298742223544695   10.096952581455225
2.1578394870138577   2.4565728102606723   9.756115867711674
2.2210975144450407   2.2943513436660012   9.427344655038297
2.286209979177315   2.14252802213053   9.109932839149172
2.3532312448676476   2.0004609754838047   8.80322645430215
2.4222172688678643   1.8675460755341544   8.506620008444756
2.4932256489445366   1.7432149802727201   8.219557226576715
2.5663156713684585   1.6269343228481241   7.94156875582609
2.641548360413907   1.5182029549758562   7.672245764738844
2.7189865293089923   1.4165492443414334   7.411206415397718
2.798694832679631   1.321529459873593   7.158093683641884
2.8807398205309562   1.2327262484679766   6.912573793404943
2.9651899938111903   1.149747184765434   6.674334752792083
3.05211586160442   1.0722233803337935   6.443084717112998
3.1415899999999994   0.9998063572624303   6.218504958977397
