0.01   8041.585082324497   8040.828597421857
0.010293154462191829   8145.145742505617   8144.328111145457
0.010594902878253955   8246.120519123231   8245.23599479788
0.010905497183778876   8344.25261454847   8343.294515472971
0.011225196699963396   8439.2691260086   8438.230200395856
0.011554268350120923   8530.889798293278   8529.762349595952
0.011892986882540897   8618.831356839819   8617.607251129135
0.012241635099881474   8702.798297185422   8701.468895619288
0.012600504095286909   8782.482706256966   8781.038792842275
0.012969893495426888   8857.575800401357   8856.007595291703
0.013350111710660605   8927.765414742813   8926.062455190491
0.013741476192534558   8992.72568161077   8990.876325254896
0.014144313698828986   9052.13024025567   9050.121564491075
0.01455896056637426   9105.656502518019   9103.474332991604
0.014985762991865008   9152.97431485485   9150.603285120531
0.01542507732090645   9193.750208170264   9191.173830114698
0.015877270345534218   9227.659939481488   9224.860672221828
0.016342719610456153   9254.385343108017   9251.344346493723
0.016821813728271667   9273.607348056641   9270.303708582433
0.017314952703931925   9285.020235526648   9281.430935535127
0.017822548268711737   9288.335631974633   9284.435673908923
0.01834502422397195   9283.278450595782   9279.040892573383
0.018882816794999403   9269.59214418707   9264.988217953834
0.019436374995219892   9247.045282588542   9242.044617632688
0.02000616100108813   9215.43603079969   9210.006910770308
0.020592650537967844   9174.596313005666   9168.705961840415
0.021196333277324068   9124.390358189097   9118.005250732715
0.02181771324555934   9064.719914536086   9057.80625597592
0.022457309244835088   8995.548582104731   8988.073685690782
0.02311565528622961   8916.887660611741   8908.820720615786
0.023793301035594242   8828.78625065877   8820.098680959849
0.024490812272480036   8731.368426745115   8722.03537731314
0.025208771362518027   8624.84735594321   8614.849643301455
0.0259477777436476   8509.473788749552   8498.798110991818
0.02670844842659881   8385.55221480791   8374.191859600965
0.027491418510046592   8253.523920089581   8241.482091163438
0.028297341710866907   8113.884890188504   8101.175363777696
0.029126890909937666   7967.152089518807   7953.798683153867
0.029980758713939952   7813.9765029489035   7800.013567059579
0.030859658033628758   7655.136005340807   7640.608735974448
0.031764322679055976   7491.399872990041   7476.363263629431
0.03269550797224261   7323.570421739502   7308.088564613706
0.033653991377811755   7152.609410423007   7136.755868045142
0.03464057315210884   6979.470531079296   6963.327220694935
0.03565607701135116   6805.06629764909   6788.7215986493575
0.036701350819364466   6630.499399106692   6614.04044162404
0.03777726729548091   6456.979261001881   6440.48628586057
0.038884724743189276   6285.610316339426   6269.156453879822
0.04002464780014597   6117.335453469826   6100.986839324641
0.041197988210172884   5952.862504391901   5936.678609299256
0.04240572561788674   5792.798562934589   5776.832479251972
0.04364886838662332   5637.734208682857   5622.029170738732
0.04492845444033957   5488.751715210065   5473.303152491087
0.04624555213019635   5347.135968341622   5331.873753200212
0.04760126112654554   5214.014715173461   5198.8095594051
0.04899671333706607   5089.719238233334   5074.399622040709
0.05043307385181555   4973.6801756582045   4958.05061410675
0.05191154191598653   4865.314504121761   4849.158161704019
0.053433351931179485   4763.9708573227335   4747.050568570723
0.05499977448602865   4668.897237726321   4650.956389402473
0.05661211741704101   4579.362915794981   4560.128103787034
0.05827172690053434   4494.335173175552   4473.537719598061
0.05997998857658587   4412.596828328729   4389.988071545851
0.06173832870592997   4332.89263662939   4308.258103948258
0.0635482153607709   4253.661711883174   4226.8670450748605
0.06541115965050462   4173.34087613024   4144.3450138036815
0.06732871698337338   4090.12120297212   4059.0347566394453
0.06930248836510605   4002.1170181187395   3969.2356079547585
0.07133412173562886   3907.5686091512043   3873.4144569927626
0.07342531334496233   3804.872282824481   3770.2346888175352
0.07557780916945323   3692.951471148616   3658.855149859305
0.07779340636952398   3571.4061618194874   3539.067424225749
0.08007395479015682   3440.588019683852   3411.3889903287068
0.08242135850536496   3301.7190968368895   3277.179712843305
0.08483757740794096   3156.7080536055423   3138.3038969395493
0.08732462884580919   3008.017711225766   2997.021865621711
0.08988458930634863   2858.467541346062   2855.930797491436
0.09251959615009227   2710.9964710906206   2717.690709841184
0.09523184939525078   2568.7382284745067   2584.962413030544
0.09802361355455057   2434.530293861644   2460.107763572608
0.10089721952591899   2311.168058333939   2345.3749301739463
0.10385506653859616   2200.833913978438   2242.4208448165696
0.10689962415629803   2104.935590620081   2152.047896979317
0.11003343433910281   2023.749610095696   2074.16403304997
0.11325911356578279   1956.2882408718206   2007.6826829096203
0.11657935501835284   1900.2421329099202   1950.4641644118753
0.11999693083066039   1852.4106219423027   1899.6882783934968
0.12351469440289359   1808.8165657679924   1852.0392200268489
0.12713558278394044   1765.3176806609845   1804.2912286111737
0.13086261912358757   1717.93036770953   1753.5413312213932
0.13469891519660646   1663.4019980625246   1697.5181324162033
0.13864767400083483   1599.7995958869737   1635.0916792562814
0.14271219243142114   1526.8513590830623   1566.4248321009868
0.14689586403346616   1446.0883812874724   1492.9714049704473
0.1512021818353596   1360.6052171562164   1417.3601031884123
0.15563474126517718   1274.6393780772432   1342.647047903524
0.16019724315257297   1193.0091405765684   1271.9618501832488
0.1648934968186736   1120.2169530967578   1208.228190275456
0.1697274232565544   1059.2712033231273   1153.235501615841
0.17470305840495237   1010.7610398599404   1106.631082259527
0.17982455651794954   972.8958086107787   1067.0507872582953
0.18509619363343993   942.3069080068464   1032.1534980016463
0.19052237114327647   914.7294740966238   999.1360829488174
0.19610761946807834   885.480400292516   965.2725003133606
0.20185660183976684   850.6046579253026   928.6780751852386
0.20777411819498756   808.5954531546333   888.7980896604104
0.21386510918267082   761.0506756206763   846.8677820287371
0.22013466028907505   711.6183976558566   805.0193228325754
0.22658800608375756   664.5892823602766   765.4882658923265
0.23323053459001789   623.7355945950934   729.935200092302
0.2400677917834628   590.9485342140273   698.9319455243054
0.24710548622244882   565.4315361875662   671.4763824259742
0.25434949381426813   544.1871337849682   646.3791792256437
0.2618058627210567   523.257682125239   621.8747761054891
0.2694808184095226   499.37262070469075   596.7319660167033
0.27738076884870827   471.73572113863895   570.7566357298412
0.2855123098601282   442.1462932966549   544.9663385697754
0.29388223062474755   413.6039322494499   520.424284690938
0.3024975193514008   388.8511971885934   497.8059822672377
0.31136536911138296   368.782527192328   477.4152978033529
0.3204931838440838   351.9401367611936   458.29681638248155
0.32988858453867975   335.80205307347677   440.0317805041047
0.3395594155970457   318.38060900526847   422.0025579948244
0.34951375138319807   299.5155704445726   404.10672065024977
0.3597599029647371   280.8204428262797   387.00274196345634
0.37030642505191835   264.0521857860669   370.9451416302495
0.3811621231401457   249.76835914975752   355.97032907492417
0.3923360608618501   237.06262497978062   341.7934490299299
0.4038375675538918   224.48406519939144   328.15723056625035
0.41567624604680364   211.442509142229   314.9033094289416
0.42786198068238046   198.57184547713123   302.2045827681292
0.4404049455663077   186.8052445557723   290.2069361324663
0.4533156130627191   176.36611072293334   278.8430499594578
0.4666047625377753   166.63781102392937   268.017718006272
0.4802834893595659   157.02028132458008   257.64455744817906
0.49436321416184764   147.57823845223842   247.67330505657495
0.5088556923793517   138.77023679859252   238.19725305261494
0.5237730240626238   130.729936712355   229.21789108976216
0.5391276639805903   123.15999132245729   220.63995596466953
0.5549324320192869   115.82397391133607   212.4272787140454
0.5712005238854289   108.83211084723135   204.57885697909293
0.5879455221237613   102.33595084468833   197.10926387654652
0.6051814074573895   96.2566542596297   189.99254802264565
0.622922570460556   90.45835254115914   183.17576029709923
0.6411838235736077   84.95833768848061   176.66068310007114
0.6599804134701901   79.81062264900213   170.4505086954956
0.6793280337869897   74.96674124866726   164.51762470813912
0.6992428382266549   70.39045433910523   158.83542840398485
0.7197414540448374   66.07700786934294   153.40523951468535
0.7408409959326054   62.01335728219927   148.2135837107957
0.7625590803058332   58.18647196165147   143.2469283070388
0.7849138400134885   54.58387264801854   138.49261493438217
0.8079239394770964   51.193619306645196   133.9387970066889
0.8316085902740278   48.004229621218414   129.57431570570742
0.8559875671776167   45.00455143655559   125.38852228523031
0.8810812246675007   42.18395967291815   121.37141621178539
0.9069105139239728   39.53237727579885   117.51363887894826
0.9334970003205227   37.040250222980276   113.80642852824039
0.960862881429187   34.69852344747715   110.24157872161189
0.9890310055537336   32.49861765827899   106.81140006197043
1.0180248908061487   30.43240739884155   103.50867217836472
1.047868744742366   28.492210828454706   100.32619749206253
1.0785874845736239   26.670767961310894   97.25673929917046
1.1102067579703248   24.961205190815495   94.2935328917715
1.1427529644757777   23.357016271150812   91.43028471626376
1.1762532775476793   21.852044974039558   88.66113979322091
1.210735667245765   20.440468394827374   85.98065185813569
1.246228923584555   19.116780896338266   83.38375596686396
1.2827626805706884   17.875778100245153   80.86571951873381
1.3203674409449337   16.7125381557411   78.4219474056605
1.3590746016495152   15.622411137514515   76.04808491630749
1.3989164800420282   14.601007968783268   73.74010536313277
1.4399263408778291   13.644187097015124   71.49429030932947
1.4821384240834183   12.748041736085161   69.30721055851033
1.525587973344019   11.908887677404044   67.17570859371413
1.5703112655292182   11.123251650860174   65.09688234145176
1.6163456409812174   10.387859724671895   63.06812053000348
1.6637295346910133   9.699625918814103   61.08718216161685
1.7125025083885144   9.055643622218717   59.1520421742836
1.7627052835733923   8.453176210445832   57.260849041618776
1.814379775514258   7.8896478002462604   55.41191464087506
1.8675691282445197   7.36263445531481   53.60370464354283
1.922317750584177   6.869855825000423   51.834829370129476
1.9786713532176083   6.409167154642908   50.10403983251754
2.0366769868582977   5.9785504064677655   48.41037138781879
2.0963830815323896   5.576107267794428   46.75314278522331
2.1578394870138577   5.200054204459044   45.13174865095256
2.2210975144450407   4.848715996382317   43.54564200946349
2.286209979177315   4.520519504359003   41.99432952186714
2.3532312448676476   4.2139877702564865   40.477366855477534
2.4222172688678643   3.9277344346089187   38.994354179717405
2.4932256489445366   3.660458784624365   37.544989774250205
2.5663156713684585   3.410942943855515   36.12947329232463
2.641548360413907   3.17804507942578   34.748185574956146
2.7189865293089923   2.960693523860579   33.401425243715764
2.798694832679631   2.7578827204854637   32.08940998882001
2.8807398205309562   2.5686693920949755   30.812279943992923
2.9651899938111903   2.3921689118664338   29.570101142357125
3.05211586160442   2.2275518658225386   28.362868990340296
3.1415899999999994   2.074038318000606   27.190439033544656
