0.01   10800.4566277423   10798.774348381876
0.010293154462191829   10919.279892358994   10917.466506475375
0.010594902878253955   11034.073051673191   11032.117136745279
0.010905497183778876   11144.527195644543   11142.416725715731
0.011225196699963396   11250.31908749487   11248.04078228518
0.011554268350120923   11351.122940339737   11348.662177723336
0.011892986882540897   11446.611506077857   11443.95230335399
0.012241635099881474   11536.444533087655   11533.569349935415
0.012600504095286909   11620.276582256909   11617.166232169493
0.012969893495426888   11697.76535380696   11694.39903308007
0.013350111710660605   11768.563934335794   11764.91930329556
0.013741476192534558   11832.315394621846   11828.368702585147
0.014144313698828986   11888.66864494551   11884.394813211275
0.01455896056637426   11937.279255778114   11932.651798865096
0.014985762991865008   11977.797348949174   11972.7873662762
0.01542507732090645   12009.879151550158   12004.454993692974
0.015877270345534218   12033.195338212603   12027.322739252575
0.016342719610456153   12047.42395115224   12041.066082326366
0.016821813728271667   12052.249119068922   12045.36663456528
0.017314952703931925   12047.375179286943   12039.926438430106
0.017822548268711737   12032.528728949761   12024.469854116463
0.01834502422397195   12007.456272573092   11998.74040701474
0.018882816794999403   11971.930511194085   11962.507845710226
0.019436374995219892   11925.754598865344   11915.572789800946
0.02000616100108813   11868.769671601915   11857.77474286761
0.020592650537967844   11800.857205709828   11788.994517951849
0.021196333277324068   11721.93496115516   11709.149733676526
0.02181771324555934   11631.96732238732   11618.205431063603
0.022457309244835088   11530.992044290122   11516.201603566922
0.02311565528622961   11419.093767095235   11403.225875234515
0.023793301035594242   11296.399113102689   11279.40846214946
0.024490812272480036   11163.12965098464   11144.977313321473
0.025208771362518027   11019.591192479444   11000.246909248923
0.0259477777436476   10866.124024229155   10845.56639094727
0.02670844842659881   10703.140564322053   10681.358267706588
0.027491418510046592   10531.200906221757   10508.196099980862
0.028297341710866907   10350.904323676736   10326.692760785048
0.029126890909937666   10162.874323376604   10137.484899207522
0.029980758713939952   9967.89278402537   9941.369370234934
0.030859658033628758   9766.836748612266   9739.23878382919
0.031764322679055976   9560.565907886514   9531.966965586744
0.03269550797224261   9350.007880888135   9320.49410683889
0.033653991377811755   9136.26559439837   9105.933976852893
0.03464057315210884   8920.412086618322   8889.368700870366
0.03565607701135116   8703.475955642163   8671.833731949337
0.036701350819364466   8486.611672382842   8454.483855648918
0.03777726729548091   8270.98834878517   8238.48472989676
0.038884724743189276   8057.675482658669   8024.901583672129
0.04002464780014597   7847.720788538826   7814.770831607218
0.041197988210172884   7642.2081624174025   7609.153583560988
0.04240572561788674   7442.121342383982   7409.0110230535465
0.04364886838662332   7248.314866136002   7215.173603320775
0.04492845444033957   7061.408233786738   7028.2168036712665
0.04624555213019635   6881.88588138451   6848.575789349758
0.04760126112654554   6710.166859383894   6676.62476044546
0.04899671333706607   6546.557687992168   6512.623681461001
0.05043307385181555   6391.240402759364   6356.703805178725
0.05191154191598653   6244.36078878143   6208.963628832535
0.053433351931179485   6105.658114771513   6069.113155153752
0.05499977448602865   5973.607884275695   5935.649789086773
0.05661211741704101   5846.540324836675   5806.935433677968
0.05827172690053434   5722.981038342436   5681.5304379503705
0.05997998857658587   5601.791891213636   5558.343173427643
0.06173832870592997   5481.970162258631   5436.4191190926485
0.0635482153607709   5362.321384070943   5314.653552669102
0.06541115965050462   5241.264977077321   5191.6282096992645
0.06732871698337338   5117.284234388945   5065.996489592882
0.06930248836510605   4988.6565192059825   4936.296841385007
0.07133412173562886   4853.6682728402575   4801.10978970926
0.07342531334496233   4710.975604808905   4659.391078518309
0.07557780916945323   4559.679864337635   4510.558206883533
0.07779340636952398   4399.5173527857805   4354.571439815279
0.08007395479015682   4231.500532161139   4192.506749525427
0.08242135850536496   4057.1407603368193   4025.8518680017023
0.08483757740794096   3878.8720728201306   3856.9162444981525
0.08732462884580919   3699.3372803593998   3688.128420371386
0.08988458930634863   3521.571969456636   3522.1147309604416
0.09251959615009227   3348.4413764332235   3361.293996268502
0.09523184939525078   3182.639626615884   3207.8683750698506
0.09802361355455057   3026.6441922589947   3063.7226732621198
0.10089721952591899   2882.7582926596474   2930.4446943870103
0.10385506653859616   2752.7287935032236   2809.181886349943
0.10689962415629803   2637.7586229259314   2700.6621817239807
0.11003343433910281   2537.52681854922   2604.2592699461893
0.11325911356578279   2450.726951983353   2518.515099724879
0.11657935501835284   2374.40586686813   2440.909537633104
0.11999693083066039   2304.9173453955773   2368.5162233948686
0.12351469440289359   2238.1058103381847   2298.1865980164857
0.12713558278394044   2170.0715236179276   2227.0933194260206
0.13086261912358757   2097.492189293905   2152.9979992064855
0.13469891519660646   2018.1651737247205   2074.660010308469
0.13864767400083483   1931.2044270558965   1991.8594806130352
0.14271219243142114   1837.4604526662001   1905.5629748704532
0.14689586403346616   1739.1862091778544   1817.5346948304004
0.1512021818353596   1639.569614304619   1730.0482277005706
0.15563474126517718   1542.2828307483078   1645.5942769671847
0.16019724315257297   1451.210127879511   1566.373906832884
0.1648934968186736   1369.839414422815   1494.3533130514343
0.1697274232565544   1300.2982269654606   1430.4866122342564
0.17470305840495237   1242.3136369978577   1373.8741423155132
0.17982455651794954   1193.1842814838974   1322.9271085615676
0.18509619363343993   1149.1960882499905   1275.2508664786617
0.19052237114327647   1106.728864533108   1228.823005918033
0.19610761946807834   1062.4817117865816   1182.0908234522226
0.20185660183976684   1013.9086259949099   1134.1266086275136
0.20777411819498756   960.5522546532616   1084.9366882009283
0.21386510918267082   904.6257021576579   1035.7099712877434
0.22013466028907505   849.6252341638617   988.3140244500977
0.22658800608375756   798.5542323116987   943.8243587365374
0.23323053459001789   753.5005450186795   902.8419943939838
0.2400677917834628   715.1329998143035   865.5725862641503
0.24710548622244882   682.1055391130479   831.0162217725923
0.25434949381426813   651.8258522645568   798.2213038370719
0.2618058627210567   621.6554940518068   766.2167413174839
0.2694808184095226   589.7929628592648   734.6202877523406
0.27738076884870827   556.3544478485724   703.3774945265715
0.2855123098601282   523.1601400550245   673.3240331547305
0.29388223062474755   492.0797423023445   644.9147201584861
0.3024975193514008   464.30817394585154   618.205780394199
0.31136536911138296   439.9075034589978   593.157922187918
0.3204931838440838   417.56969967827604   569.378602384606
0.32988858453867975   395.794614956549   546.4987342320907
0.3395594155970457   373.841528330969   524.3858369867321
0.34951375138319807   351.9505501214839   503.0770476781813
0.3597599029647371   331.1312966517231   482.8161414944105
0.37030642505191835   312.0995803033364   463.5591923949295
0.3811621231401457   294.749824822176   445.31105987022005
0.3923360608618501   278.48443373747324   427.91676439421633
0.4038375675538918   262.6941172784755   411.24006694256116
0.41567624604680364   247.295951200538   395.2459636129642
0.42786198068238046   232.65787127696913   380.00303984193243
0.4404049455663077   219.05135638560202   365.49501377071164
0.4533156130627191   206.3983868334382   351.6759124388991
0.4666047625377753   194.39919636638407   338.4716269335023
0.4802834893595659   182.90632429763286   325.85176371761474
0.49436321416184764   171.9774712563365   313.78942357447755
0.5088556923793517   161.73158077711545   302.29659367450415
0.5237730240626238   152.1197011803642   291.3277153423472
0.5391276639805903   143.02681116764535   280.8474470450827
0.5549324320192869   134.39988837415675   270.82806390004356
0.5712005238854289   126.26403287984928   261.25579397164046
0.5879455221237613   118.61672001884338   252.11212046733095
0.6051814074573895   111.4065258077473   243.3708761606969
0.622922570460556   104.5971773818094   235.00500873437863
0.6411838235736077   98.18051573213401   226.99974287784744
0.6599804134701901   92.14251344181046   219.3410852586222
0.6793280337869897   86.4568112308402   212.00655445110647
0.6992428382266549   81.10076447088163   204.97725976075176
0.7197414540448374   76.0592264681195   198.23946765832954
0.7408409959326054   71.3169010250927   191.77786108164815
0.7625590803058332   66.85700073400962   185.57666124877125
0.7849138400134885   62.66354953993536   179.62107480795748
0.8079239394770964   58.7214236444519   173.89727669691203
0.8316085902740278   55.01630904136188   168.3923415384509
0.8559875671776167   51.53466100191045   163.09418053828054
0.8810812246675007   48.26366542874394   157.9914834042553
0.9069105139239728   45.19121690774468   153.07355987886876
0.9334970003205227   42.30597442952388   148.3296097292379
0.960862881429187   39.597239270324934   143.74920789462612
0.9890310055537336   37.05486728054245   139.32266158573987
1.0180248908061487   34.66924430505527   135.04096179386772
1.047868744742366   32.4312626629246   130.89573667597708
1.0785874845736239   30.332298345172312   126.87920878869714
1.1102067579703248   28.36418893523167   122.98415580181668
1.1427529644757777   26.51920325345019   119.20379405585459
1.1762532775476793   24.790001597728804   115.53155354775237
1.210735667245765   23.169647465085102   111.96130146661378
1.246228923584555   21.651594912890495   108.48738033932598
1.2827626805706884   20.229668415745575   105.10457856423272
1.3203674409449337   18.898043627528477   101.80810315604029
1.3590746016495152   17.65122901754508   98.59355446779045
1.3989164800420282   16.48404836454115   95.45690407320897
1.4399263408778291   15.391625215890631   92.3945897508311
1.4821384240834183   14.369367417264971   89.40356352749
1.525587973344019   13.412949706892386   86.48106432392439
1.5703112655292182   12.518299163633092   83.62457940439208
1.6163456409812174   11.681581579587158   80.83182939054261
1.6637295346910133   10.89918848663188   78.10075397013003
1.7125025083885144   10.167724811588283   75.42949822252363
1.7627052835733923   9.483997049284666   72.81642232561109
1.814379775514258   8.845000650228496   70.26049169104063
1.8675691282445197   8.247910071223618   67.76115074131003
1.922317750584177   7.690070264454456   65.31789788548247
1.9786713532176083   7.168987050014414   62.93026541187494
2.0366769868582977   6.6823179338565035   60.597814731304695
2.0963830815323896   6.227863407417474   58.32013177984499
2.1578394870138577   5.803558706779259   56.096822584038904
2.2210975144450407   5.407465813227456   53.92756689549636
2.286209979177315   5.037764913465775   51.81247355018915
2.3532312448676476   4.692748588103902   49.751772240033425
2.4222172688678643   4.3708158997078295   47.745595732576426
2.4932256489445366   4.070466057973153   45.79398216783265
2.5663156713684585   3.7902924356935346   43.896878641354164
2.641548360413907   3.5289769213606923   42.054144898110756
2.7189865293089923   3.2852845910277604   40.265557127791084
2.798694832679631   3.0580593044005524   38.53092553028935
2.8807398205309562   2.8462202221116066   36.850349973409344
2.9651899938111903   2.648755171053409   35.22385372956159
3.05211586160442   2.4647160167526403   33.65129851838315
3.1415899999999994   2.2932148226770415   32.132396757364624
