0.01   248.3965786367054   248.39530094804488
0.010293154462191829   251.906975377605   251.90568541359988
0.010594902878253955   255.3508991299415   255.34960619001475
0.010905497183778876   258.7202807209145   258.7189895350967
0.011225196699963396   262.0068883566912   262.0055988248141
0.011554268350120923   265.2023709463004   265.201078960922
0.011892986882540897   268.29829370839445   268.2969926267741
0.012241635099881474   271.28613404720335   271.2848147362014
0.012600504095286909   274.1571731587661   274.15582498278314
0.012969893495426888   276.9018794505624   276.90049647235537
0.013350111710660605   279.5104025251464   279.5089859794674
0.013741476192534558   281.9728754275667   281.9714338389009
0.014144313698828986   284.2793439469805   284.277887530474
0.01455896056637426   286.4197765310382   286.41830989587
0.014985762991865008   288.38423961240403   288.382761104748
0.01542507732090645   290.1628286481382   290.16133152217515
0.015877270345534218   291.74526132387723   291.743739836272
0.016342719610456153   293.12133183385265   293.1197830789786
0.016821813728271667   294.28112612003326   294.2795500411807
0.017314952703931925   295.2149225741504   295.21332049987177
0.017822548268711737   295.91324886546585   295.91162197697366
0.01834502422397195   296.3671080397583   296.3654572981858
0.018882816794999403   296.5680198830197   296.5663445790674
0.019436374995219892   296.5080014098955   296.5062938819769
0.02000616100108813   296.17972438774194   296.17796885977896
0.020592650537967844   295.57662957106476   295.57480279517637
0.021196333277324068   294.69333022547255   294.69141058653736
0.02181771324555934   293.5256076829501   293.52358273941275
0.022457309244835088   292.0701701869771   292.0680368593715
0.02311565528622961   290.3250980932714   290.32285890417023
0.023793301035594242   288.2906448525871   288.2882973056233
0.024490812272480036   285.9682705537109   285.965805417277
0.025208771362518027   283.36059558027245   283.3579980072995
0.0259477777436476   280.4731718305393   280.4704320206915
0.02670844842659881   277.31377501598246   277.3108951085211
0.027491418510046592   273.89105129590877   273.8880450136493
0.028297341710866907   270.21608500559887   270.21297576208593
0.029126890909937666   266.3043995416527   266.3012168298709
0.029980758713939952   262.1724120332321   262.16919047868413
0.030859658033628758   257.8372012387989   257.8339804368504
0.031764322679055976   253.31998634191046   253.31681382223752
0.03269550797224261   248.64390606910706   248.64083836401562
0.033653991377811755   243.83159473007157   243.82869627179008
0.03464057315210884   238.9092820807479   238.90661615432987
0.03565607701135116   233.9099861728845   233.90759975783155
0.036701350819364466   228.8656677162026   228.8635908829525
0.03777726729548091   223.8057534297811   223.80400960322865
0.038884724743189276   218.75427639796328   218.75294852171047
0.04002464780014597   213.73202073285964   213.73127467511281
0.041197988210172884   208.75830982714362   208.75838399025034
0.04240572561788674   203.86166057656365   203.8627185646429
0.04364886838662332   199.0842622175812   199.08618904311962
0.04492845444033957   194.4656503283519   194.4680610956019
0.04624555213019635   190.03854848989954   190.04087533196184
0.04760126112654554   185.81547389878108   185.81733483690883
0.04899671333706607   181.80152997044968   181.80283771747122
0.05043307385181555   178.0003696337612   178.00129419071433
0.05191154191598653   174.40277097040246   174.40351842832743
0.053433351931179485   170.99012142593344   170.9907702086872
0.05499977448602865   167.74431523099076   167.7448190412972
0.05661211741704101   164.63981902427932   164.6399759720863
0.05827172690053434   161.64564394306666   161.64507449889916
0.05997998857658587   158.73156629262067   158.72973672212035
0.06173832870592997   155.8611377175285   155.85745662901166
0.0635482153607709   152.9967055774216   152.99056929228573
0.06541115965050462   150.09773408871527   150.08862907422176
0.06732871698337338   147.11556239250066   147.10326065707832
0.06930248836510605   144.00322059898858   143.98779674207177
0.07133412173562886   140.71065999939376   140.69252394592272
0.07342531334496233   137.19132204150873   137.17120262641478
0.07557780916945323   133.41186706897312   133.3906436219234
0.07779340636952398   129.35155131205002   129.33012759592992
0.08007395479015682   125.0157895491231   124.99504556782092
0.08242135850536496   120.43381117390405   120.41456124719603
0.08483757740794096   115.65890391445511   115.64188692925501
0.08732462884580919   110.76265326231893   110.74854042709069
0.08988458930634863   105.82893552880005   105.8184785802884
0.09251959615009227   100.94501914457159   100.9390651203469
0.09523184939525078   96.19889323447718   96.19806844075839
0.09802361355455057   91.673726105151   91.67821245450239
0.10089721952591899   87.44944848218611   87.45872065028469
0.10385506653859616   83.59090997132903   83.60374149442134
0.10689962415629803   80.14799557838579   80.16240727721318
0.11003343433910281   77.14011131935608   77.15378105726597
0.11325911356578279   74.54971432229048   74.56048300028738
0.11657935501835284   72.31796872425356   72.32395015724153
0.11999693083066039   70.35257953378624   70.35223975076362
0.12351469440289359   68.53536721312867   68.52765853579405
0.12713558278394044   66.7427747572517   66.72727639456534
0.13086261912358757   64.85657149375191   64.83368316607272
0.13469891519660646   62.78189889418364   62.75303106840361
0.13864767400083483   60.45853884939148   60.42613940394477
0.14271219243142114   57.874550835488314   57.84188895366935
0.14689586403346616   55.07156941051639   55.042105165755906
0.1512021818353596   52.13440829817337   52.111308961946015
0.15563474126517718   49.177947049714646   49.1635755063626
0.16019724315257297   46.33215020500448   46.32724941017824
0.1648934968186736   43.72606137757428   43.72900256595367
0.1697274232565544   41.45986440995165   41.46704617316613
0.17470305840495237   39.57212321520237   39.57925347533082
0.17982455651794954   38.02301747112194   38.02614922122861
0.18509619363343993   36.71077716098683   36.70660902951311
0.19052237114327647   35.509176787784575   35.49549957972585
0.19610761946807834   34.29283775410336   34.269764633937655
0.20185660183976684   32.951310688049396   32.92228470171018
0.20777411819498756   31.42294369106681   31.393158588634638
0.21386510918267082   29.733583239329885   29.707902317454174
0.22013466028907505   27.98544854838148   27.967069396632606
0.22658800608375756   26.301829138431014   26.291940908283394
0.23323053459001789   24.786045735036513   24.78262470399519
0.2400677917834628   23.49925810318019   23.497966258276335
0.24710548622244882   22.434516744454005   22.42999268154725
0.25434949381426813   21.516688557661826   21.505514842952724
0.2618058627210567   20.639445585342973   20.62107175834757
0.2694808184095226   19.708960458573365   19.68642502527185
0.27738076884870827   18.686449778631776   18.66471665607118
0.2855123098601282   17.61131793646314   17.594417331665994
0.29388223062474755   16.56448342694592   16.553791391495388
0.3024975193514008   15.617023596895052   15.610696690790698
0.31136536911138296   14.802517682357072   14.796482028719133
0.3204931838440838   14.09468824939027   14.085243125216573
0.32988858453867975   13.427412223058049   13.414231948810528
0.3395594155970457   12.746297086801636   12.731562017052346
0.34951375138319807   12.037909340213709   12.025250307319183
0.3597599029647371   11.334986898008736   11.326383149887475
0.37030642505191835   10.68477269702251   10.679273646147816
0.3811621231401457   10.105592039873155   10.100654182927912
0.3923360608618501   9.580189072733376   9.57389255623955
0.4038375675538918   9.074496819963267   9.067308726170571
0.41567624604680364   8.568659545401255   8.562594785601807
0.42786198068238046   8.072726869019883   8.069214335822606
0.4404049455663077   7.608691595490079   7.60732568427845
0.4533156130627191   7.184296923812898   7.183568682328723
0.4666047625377753   6.788234787630476   6.787486617380121
0.4802834893595659   6.405571051657269   6.405554377451933
0.49436321416184764   6.034495385496424   6.0361387755641225
0.5088556923793517   5.683866231935919   5.687100390303676
0.5237730240626238   5.35777339662775   5.3619191074751
0.5391276639805903   5.050936089605324   5.055694328057952
0.5549324320192869   4.757403178016436   4.763197713922491
0.5712005238854289   4.477810941735402   4.484893739274557
0.5879455221237613   4.215064766170454   4.223182022503921
0.6051814074573895   3.9680750576576127   3.97699367756704
0.622922570460556   3.7338503055428345   3.7436535047152373
0.6411838235736077   3.5117946427993143   3.522587775824933
0.6599804134701901   3.302648932188084   3.3143144340945936
0.6793280337869897   3.1055537646683065   3.1179983058962994
0.6992428382266549   2.9192777414093793   2.932506274404059
0.7197414540448374   2.743512388148734   2.7574981311416913
0.7408409959326054   2.5777639452962724   2.5924731804752126
0.7625590803058332   2.4215009263634104   2.4369012123849867
0.7849138400134885   2.274217381371199   2.290277042142447
0.8079239394770964   2.1354318454059666   2.1521195711704513
0.8316085902740278   2.0046863190620035   2.0219708643247425
0.8559875671776167   1.8815452879806862   1.899395253869694
0.8810812246675007   1.7655957227221426   1.7839796039795353
0.9069105139239728   1.6564467748837686   1.675333198777251
0.9334970003205227   1.553726845143493   1.5730844521354113
0.960862881429187   1.4570825604728146   1.4768798919879405
0.9890310055537336   1.3661780346978678   1.386383471267975
1.0180248908061487   1.2806941475792302   1.3012758884846873
1.047868744742366   1.2003278428659663   1.2212539194399894
1.0785874845736239   1.1247914148952494   1.1460297226215501
1.1102067579703248   1.0538114822240006   1.0753297383136415
1.1427529644757777   0.9871285706192146   1.0088943427492985
1.1762532775476793   0.9244968135707226   0.946477643410073
1.210735667245765   0.8656833310350854   0.8878468612118686
1.246228923584555   0.8104676233059431   0.8327817232505322
1.2827626805706884   0.7586409873749788   0.7810738759171933
1.3203674409449337   0.710005955377605   0.7325263183781127
1.3590746016495152   0.6643757357094369   0.6869528760379522
1.3989164800420282   0.6215736471255998   0.6441777237574828
1.4399263408778291   0.5814326927677369   0.6040348054238385
1.4821384240834183   0.5437950997724535   0.56636732929036
1.525587973344019   0.5085118573997489   0.5310273045838863
1.5703112655292182   0.4754422747989217   0.4978750966627036
1.6163456409812174   0.44445355783265916   0.4667790003868531
1.6637295346910133   0.41542040315430756   0.4376148409989515
1.7125025083885144   0.38822456323458326   0.4102659649696031
1.7627052835733923   0.36275447621606777   0.3846228773563002
1.814379775514258   0.3389049867973645   0.360582303464166
1.8675691282445197   0.3165770104856008   0.3380468382471725
1.922317750584177   0.29567720844497936   0.3169246509834727
1.9786713532176083   0.27611767789688646   0.2971292012202964
2.0366769868582977   0.2578156574632266   0.278578965901323
2.0963830815323896   0.24069323819439392   0.2611971453345667
2.1578394870138577   0.2246770406071051   0.24491120080735124
2.2210975144450407   0.20969801510102734   0.2296528103268871
2.286209979177315   0.19569123740363856   0.21535777349141044
2.3532312448676476   0.18259567607686664   0.2019657787646151
2.4222172688678643   0.17035397188068294   0.18942018153626694
2.4932256489445366   0.1589122287099528   0.17766779353196838
2.5663156713684585   0.14821981565529302   0.1666586832281519
2.641548360413907   0.13822922105324356   0.1563460393902274
2.7189865293089923   0.12889592348283724   0.14668605541445484
2.798694832679631   0.12017811200790605   0.13763761967126875
2.8807398205309562   0.1120365140689715   0.1291621373886573
2.9651899938111903   0.10443425125923221   0.1212233855684392
3.05211586160442   0.097336702510821   0.11378737534753082
3.1415899999999994   0.09071137437186044   0.10682222151073695
