0.01   814.6753664992997   814.6532899834027
0.010293154462191829   819.2794099312896   819.2571560521629
0.010594902878253955   823.3867422360604   823.36428759279
0.010905497183778876   826.9723062802889   826.9496624953971
0.011225196699963396   830.0111533443174   829.9883560994748
0.011554268350120923   832.4781664475024   832.4552557561851
0.011892986882540897   834.3490641901111   834.3260823443507
0.012241635099881474   835.6003056780222   835.5772948083502
0.012600504095286909   836.2074977332479   836.1844855019567
0.012969893495426888   836.1468527554327   836.1238468617449
0.013350111710660605   835.3961049907147   835.3730937871952
0.013741476192534558   833.9331425549524   833.9101167907811
0.014144313698828986   831.7358674064405   831.7128464641752
0.01455896056637426   828.7842325366897   828.7612657071309
0.014985762991865008   825.0600309246071   825.0371850953061
0.01542507732090645   820.545461635242   820.5227727719478
0.015877270345534218   815.2250066521999   815.2024680383618
0.016342719610456153   809.0861529816887   809.0637177642335
0.016821813728271667   802.1186145537458   802.0962225417921
0.017314952703931925   794.3147126191849   794.2923128275824
0.017822548268711737   785.6704556919367   785.648007191375
0.01834502422397195   776.1855483020861   776.1630178372155
0.018882816794999403   765.8632125209016   765.8405679261498
0.019436374995219892   754.710778768792   754.6879882479117
0.02000616100108813   742.7400574622955   742.7170907748848
0.020592650537967844   729.9690986615991   729.945934936359
0.021196333277324068   716.4213277323823   716.3979597710821
0.02181771324555934   702.1243413946397   702.1007751688178
0.022457309244835088   687.1124815453968   687.0887331416563
0.02311565528622961   671.4288528168023   671.4049433596333
0.023793301035594242   655.120151336018   655.096106207827
0.024490812272480036   638.2373140159605   638.2131656200704
0.025208771362518027   620.843871853864   620.8196795887153
0.0259477777436476   603.008391019157   602.9842466665262
0.02670844842659881   584.7995570950366   584.7755809627143
0.027491418510046592   566.2959325101605   566.2722883159818
0.028297341710866907   547.5874338469553   547.5643469812202
0.029126890909937666   528.7602509457122   528.7379994548497
0.029980758713939952   509.90056933463853   509.879469105464
0.030859658033628758   491.11156078855475   491.09193795578926
0.031764322679055976   472.4929677458624   472.47514727957287
0.03269550797224261   454.13452097249416   454.1188214926613
0.033653991377811755   436.1340078142898   436.12073105400157
0.03464057315210884   418.5931353984377   418.5825585297265
0.03565607701135116   401.59856132508804   401.5909372919236
0.036701350819364466   385.22984162695127   385.2253865611959
0.03777726729548091   369.57493467498387   369.57379036832464
0.038884724743189276   354.7091160472812   354.7113547738878
0.04002464780014597   340.6916487691261   340.6972786636953
0.041197988210172884   327.56458620539775   327.5734661710753
0.04240572561788674   315.3568766615433   315.3686782622206
0.04364886838662332   304.0892708914001   304.10350894711394
0.04492845444033957   293.77597957769535   293.7920449893087
0.04624555213019635   284.42621604523725   284.44340920519204
0.04760126112654554   276.046803124425   276.0643460655416
0.04899671333706607   268.6213942063378   268.63843105251675
0.05043307385181555   262.02189208108194   262.0374689164181
0.05191154191598653   256.09791837914025   256.1109775057212
0.053433351931179485   250.7186340165094   250.7279351792899
0.05499977448602865   245.7901047265562   245.7938063032765
0.05661211741704101   241.23448090204286   241.23003989085197
0.05827172690053434   236.95055843892024   236.9352413326197
0.05997998857658587   232.7658116534719   232.73796013361238
0.06173832870592997   228.50478103966378   228.4639734528873
0.0635482153607709   223.97345782383417   223.920399003571
0.06541115965050462   218.96875737225636   218.9051835888688
0.06732871698337338   213.31666283696322   213.24503744204836
0.06930248836510605   206.88692822446546   206.80980567072493
0.07133412173562886   199.596266799032   199.5162010363845
0.07342531334496233   191.45991522406362   191.37953053229387
0.07557780916945323   182.54676356993113   182.46881109794032
0.07779340636952398   173.0092730236332   172.93718923199444
0.08007395479015682   163.0311451167325   162.96905796233438
0.08242135850536496   152.81705771785806   152.7696389686531
0.08483757740794096   142.58270699996638   142.5545242324518
0.08732462884580919   132.59367688433102   132.5876727760938
0.08988458930634863   123.11221335935414   123.12907582258694
0.09251959615009227   114.40160704425455   114.43918906818708
0.09523184939525078   106.6802274080771   106.7341208608901
0.09802361355455057   100.11612468717544   100.1803070040999
0.10089721952591899   94.76107885183468   94.8288883528668
0.10385506653859616   90.58758114464764   90.6521945241695
0.10689962415629803   87.45976413437987   87.51425966803842
0.11003343433910281   85.18184181062081   85.21925155080773
0.11325911356578279   83.48868171760456   83.50283635367586
0.11657935501835284   82.08600174667835   82.07245237569728
0.11999693083066039   80.64795673119293   80.60553462225248
0.12351469440289359   78.8728897982073   78.80378634816309
0.12713558278394044   76.51363366894284   76.42347856059521
0.13086261912358757   73.43096413733181   73.32938179384685
0.13469891519660646   69.60010238643238   69.49992492728184
0.13864767400083483   65.12133239432818   65.03661493999164
0.14271219243142114   60.23116464426392   60.173884827686265
0.14689586403346616   55.29546556281203   55.270585961047246
0.1512021818353596   50.711671340186875   50.717137726701544
0.15563474126517718   46.79442579863244   46.82364527597132
0.16019724315257297   43.69173814506786   43.73486449775774
0.1648934968186736   41.39785124778783   41.442125280598425
0.1697274232565544   39.818553015354475   39.84858932217717
0.17470305840495237   38.75698108116317   38.76018089487027
0.17982455651794954   37.89691596122754   37.868548568562225
0.18509619363343993   36.88401354887045   36.82820404257334
0.19052237114327647   35.47309277670408   35.399920110633964
0.19610761946807834   33.59463005710478   33.51888143496472
0.20185660183976684   31.32915250424022   31.266997282572344
0.20777411819498756   28.890260937393023   28.852349859435236
0.21386510918267082   26.57068053074671   26.55862493052257
0.22013466028907505   24.61225697288214   24.618266578262585
0.22658800608375756   23.124691076614475   23.135181643266232
0.23323053459001789   22.074924821350788   22.0743668568318
0.2400677917834628   21.283877465275957   21.262908711417342
0.24710548622244882   20.50651177058621   20.465062429378754
0.25434949381426813   19.569798181131915   19.51633770614789
0.2618058627210567   18.418977762791187   18.366933481585342
0.2694808184095226   17.124755682338456   17.08623496009259
0.27738076884870827   15.862860395033668   15.840309145297153
0.2855123098601282   14.787171032080956   14.774690795736815
0.29388223062474755   13.944282373018108   13.930451915669844
0.3024975193514008   13.276841294923184   13.252668481285788
0.31136536911138296   12.65530095461336   12.61925108690856
0.3204931838440838   11.97279481793793   11.932141574567266
0.32988858453867975   11.219123965205071   11.18218537232559
0.3395594155970457   10.45781039720442   10.429329520413468
0.34951375138319807   9.772556267701098   9.749996199320057
0.3597599029647371   9.198906248959032   9.175567847933973
0.37030642505191835   8.70092192811843   8.672185124351735
0.3811621231401457   8.216195617470504   8.183338457897914
0.3923360608618501   7.7153447795782135   7.6834120108904695
0.4038375675538918   7.216686631217128   7.188674847171061
0.41567624604680364   6.7582209095639865   6.733074862340739
0.42786198068238046   6.3528483721038835   6.327184511067786
0.4404049455663077   5.98070797356693   5.9531264223336136
0.4533156130627191   5.617880214213753   5.590084015728936
0.4666047625377753   5.263063847238713   5.237103948828332
0.4802834893595659   4.930407245506   4.906131128626782
0.49436321416184764   4.626699722045998   4.602685174005933
0.5088556923793517   4.343481473040803   4.319273131810253
0.5237730240626238   4.072141959020356   4.048594885989466
0.5391276639805903   3.81425847370292   3.7919719854712026
0.5549324320192869   3.5741429885465634   3.552695390775706
0.5712005238854289   3.3503301417271327   3.329380395347646
0.5879455221237613   3.1389410449607156   3.1186806232253015
0.6051814074573895   2.9392007644821185   2.9199229752290816
0.622922570460556   2.752391656308861   2.733959839901257
0.6411838235736077   2.5772674793956427   2.5596208866241628
0.6599804134701901   2.412541669876722   2.3957488464376735
0.6793280337869897   2.257911488428333   2.2419933715933076
0.6992428382266549   2.112832570514079   2.0977988762971607
0.7197414540448374   1.9767403180968157   1.9625969964744263
0.7408409959326054   1.8491017617741115   1.8358510331364113
0.7625590803058332   1.7294139060944123   1.7170543543715344
0.7849138400134885   1.6172021537790506   1.605728865254537
0.8079239394770964   1.5120188055773796   1.5014235437649273
0.8316085902740278   1.4134418926320618   1.403713274576628
0.8559875671776167   1.3210750495599   1.312198618620267
0.8810812246675007   1.2345448409508608   1.226503294167316
0.9069105139239728   1.1534988818516885   1.1462723722259098
0.9334970003205227   1.0776047577609835   1.0711711920095925
0.960862881429187   1.0065489934483258   1.000884322174293
0.9890310055537336   0.940036067423382   0.935114565369199
1.0180248908061487   0.8777874474343076   0.8735819618402827
1.047868744742366   0.8195403722317587   0.8160222799978119
1.0785874845736239   0.7650471716880579   0.7621864748487056
1.1102067579703248   0.7140747601249862   0.7118404357612688
1.1427529644757777   0.6664038410509969   0.6647641617921585
1.1762532775476793   0.6218281429106766   0.6207509626026627
1.210735667245765   0.5801536933979682   0.5796067004573513
1.246228923584555   0.5411981302713984   0.5411490712577577
1.2827626805706884   0.504790023814208   0.5052069069183378
1.3203674409449337   0.47076825119763094   0.471619526051781
1.3590746016495152   0.4389814515402713   0.4402361522658508
1.3989164800420282   0.40928747039886587   0.41091533687415327
1.4399263408778291   0.3815528297950235   0.383524410186519
1.4821384240834183   0.35565222651779704   0.3579389627214269
1.525587973344019   0.331468057355959   0.33404235490804796
1.5703112655292182   0.3088899665402772   0.31172531103164386
1.6163456409812174   0.2878144145168648   0.2908855906102601
1.6637295346910133   0.2681442879331413   0.27142738406454225
1.7125025083885144   0.24978852226481835   0.25326088773807953
1.7627052835733923   0.2326617426550597   0.2363019467521739
1.814379775514258   0.21668392475136286   0.220471717399093
1.8675691282445197   0.2017800745249576   0.20569634814981272
1.922317750584177   0.18787992428645384   0.19190667030026776
1.9786713532176083   0.1749176370636512   0.1790378664632093
2.0366769868582977   0.16283154853756404   0.16702924998015953
2.0963830815323896   0.15156391982348927   0.1558240399443233
2.1578394870138577   0.14106069766913074   0.14536911906033215
2.2210975144450407   0.13127128850427613   0.1356148055573244
2.286209979177315   0.12214834563097814   0.12651463855159617
2.3532312448676476   0.11364756746625661   0.11802518796035412
2.4222172688678643   0.10572748472258126   0.11010607318884962
2.4932256489445366   0.09834929356666167   0.10271969557616223
2.5663156713684585   0.09147671524108678   0.09583084198078934
2.641548360413907   0.08507583777835487   0.08940653631744795
2.7189865293089923   0.07911496632484687   0.08341590728620535
2.798694832679631   0.07356448257629632   0.07783006294786672
2.8807398205309562   0.06839671302733197   0.07262197099408221
2.9651899938111903   0.06358582743662056   0.06776625973141415
3.05211586160442   0.05910773283810363   0.06323906994475972
3.1415899999999994   0.054939919108568304   0.059018128124466586
