0.01   9326.922452710734   9325.030228452042
0.010293154462191829   9450.311359254561   9448.240629107742
0.010594902878253955   9571.184837761877   9568.918772209458
0.010905497183778876   9689.275676214556   9686.797466027565
0.011225196699963396   9804.305281416868   9801.59698916744
0.011554268350120923   9915.9803671215   9913.021089545153
0.011892986882540897   10024.002979778528   10020.768629220478
0.012241635099881474   10128.069829916923   10124.533336063076
0.012600504095286909   10227.861961108547   10223.994703000788
0.012969893495426888   10323.053993780166   10318.8263628928
0.013350111710660605   10413.319569583886   10408.701010253253
0.013741476192534558   10498.323487572892   10493.281275561822
0.014144313698828986   10577.720742771608   10572.218464074595
0.01455896056637426   10651.168236094825   10645.165734006903
0.014985762991865008   10718.323693022225   10711.77720747666
0.01542507732090645   10778.836261328057   10771.698837671638
0.015877270345534218   10832.358221311908   10824.579941214728
0.016342719610456153   10878.550217396365   10870.078340035763
0.016821813728271667   10917.07564530915   10907.85390074419
0.017314952703931925   10947.602833429994   10937.570783554082
0.017822548268711737   10969.81424926852   10958.907538781024
0.01834502422397195   10983.408299302035   10971.558839848325
0.018882816794999403   10988.100025058495   10975.235872612995
0.019436374995219892   10983.624849846246   10969.670544918888
0.02000616100108813   10969.7418327349   10954.61889574262
0.020592650537967844   10946.245357326725   10929.872698627265
0.021196333277324068   10912.96453719676   10895.258956161288
0.02181771324555934   10869.757363371267   10850.634215566222
0.022457309244835088   10816.526287229051   10795.901206229491
0.02311565528622961   10753.241592315982   10731.033790865084
0.023793301035594242   10679.911176274018   10656.044517844408
0.024490812272480036   10596.581411876423   10570.98515062759
0.025208771362518027   10503.394374347763   10476.00475328351
0.0259477777436476   10400.560394211947   10371.32173287341
0.02670844842659881   10288.319457726591   10257.184593958424
0.027491418510046592   10166.995438788628   10133.928353073588
0.028297341710866907   10037.04793412373   10002.028367453477
0.029126890909937666   9898.965868598407   9861.989548430201
0.029980758713939952   9753.268483237314   9714.346838622809
0.030859658033628758   9600.62136756942   9559.782284072353
0.031764322679055976   9441.751255936719   9399.038746534736
0.03269550797224261   9277.376373995214   9232.849410547986
0.033653991377811755   9108.337689027127   9062.067835201813
0.03464057315210884   8935.662694682735   8887.730917810779
0.03565607701135116   8760.348966256019   8710.844002075337
0.036701350819364466   8583.337137983543   8532.35484753822
0.03777726729548091   8405.49213087959   8353.138776389007
0.038884724743189276   8227.616296282578   8174.008481030485
0.04002464780014597   8050.4640786549935   7995.726262431736
0.041197988210172884   7874.996749961532   7819.236337159258
0.04240572561788674   7702.422138128485   7645.700895275571
0.04364886838662332   7533.864043729504   7476.198792970724
0.04492845444033957   7370.288513987251   7311.6531276018095
0.04624555213019635   7212.317245868492   7152.642695389831
0.04760126112654554   7060.439690788689   6999.616094032484
0.04899671333706607   6915.051547081358   6852.931374025295
0.05043307385181555   6775.976402362368   6712.385390553467
0.05191154191598653   6642.697782306502   6577.442695175422
0.053433351931179485   6514.700541518036   6447.572806121227
0.05499977448602865   6391.179178687172   6321.978381513611
0.05661211741704101   6271.165298316192   6199.714625127467
0.05827172690053434   6153.705521081778   6079.858806554997
0.05997998857658587   6037.638909869639   5961.318803223955
0.06173832870592997   5921.789104775029   5842.999260640331
0.0635482153607709   5804.896737436027   5723.760778434232
0.06541115965050462   5685.52628646704   5602.349621582357
0.06732871698337338   5562.292782635617   5477.575753716456
0.06930248836510605   5433.677861255945   5348.193436638781
0.07133412173562886   5298.27273392017   5213.073389566031
0.07342531334496233   5154.978807549382   5071.418910855677
0.07557780916945323   5003.013637759418   4922.734531384116
0.07779340636952398   4842.391109874419   4767.256204674639
0.08007395479015682   4673.779180272508   4605.797316118818
0.08242135850536496   4498.7283978844325   4439.877990460309
0.08483757740794096   4319.3883315085495   4271.480612949701
0.08732462884580919   4138.463689369949   4102.9904106711965
0.08988458930634863   3958.815448306884   3936.86119096274
0.09251959615009227   3783.36635480594   3775.4801551721494
0.09523184939525078   3614.864732538738   3620.998221579402
0.09802361355455057   3455.8734196276523   3475.3130108383166
0.10089721952591899   3308.511554471955   3339.889809181752
0.10385506653859616   3174.4889015982594   3215.729900810758
0.10689962415629803   3054.613250658403   3103.154136621345
0.11003343433910281   2948.7011367861387   3001.7202232561667
0.11325911356578279   2855.1626171366493   2909.8567768086605
0.11657935501835284   2771.3291789051946   2825.2024482683432
0.11999693083066039   2693.4582527585203   2744.972806276818
0.12351469440289359   2617.539673532801   2666.277543566918
0.12713558278394044   2539.633294660918   2586.2884428068023
0.13086261912358757   2456.53247274529   2503.151125321701
0.13469891519660646   2366.1013654204135   2415.8862196012137
0.13864767400083483   2267.676078934202   2324.3343637008124
0.14271219243142114   2162.326298077809   2229.4552775350794
0.14689586403346616   2052.6088381918717   2133.201763463242
0.1512021818353596   1942.1516459252316   2038.106203241063
0.15563474126517718   1835.0677587081645   1946.656686716139
0.16019724315257297   1735.4044612414746   1861.2146132854573
0.1648934968186736   1646.502837463427   1783.1732957512897
0.1697274232565544   1570.112042968151   1713.185473555763
0.17470305840495237   1505.6080729351934   1650.6503380096406
0.17982455651794954   1450.0029601289546   1593.3252103655548
0.18509619363343993   1399.0293807420549   1538.8751679346858
0.19052237114327647   1348.4574617271726   1485.0903220455475
0.19610761946807834   1294.7878668960966   1430.5773443642615
0.20185660183976684   1235.8225808301713   1374.8911012633773
0.20777411819498756   1171.7039416517562   1318.0233208751843
0.21386510918267082   1105.2838961941497   1261.5432016965065
0.22013466028907505   1040.7293463652156   1207.4108394780828
0.22658800608375756   981.6313231196666   1156.7853644798977
0.23323053459001789   930.1030328445298   1110.1966587209413
0.2400677917834628   886.305822473698   1067.4987555718399
0.24710548622244882   848.1364414471477   1027.3711339338918
0.25434949381426813   812.1423033109718   988.771912681746
0.2618058627210567   775.1614462513926   951.0181247060981
0.2694808184095226   735.5937496820975   913.4240811121865
0.27738076884870827   694.1764611078951   876.6218795741512
0.2855123098601282   653.5195581199971   841.0493832207763
0.29388223062474755   616.1622300071623   807.6192264799788
0.3024975193514008   583.327299442292   776.1223696792887
0.31136536911138296   554.5060861053221   746.4435751076901
0.3204931838440838   527.648316117701   718.1233458595691
0.32988858453867975   500.73802656304787   690.6650976101621
0.3395594155970457   473.1347668525598   664.0089296282354
0.34951375138319807   445.6815620806934   638.3888357412877
0.3597599029647371   419.9496701671483   613.9956080476449
0.37030642505191835   396.78658698058445   590.789354635683
0.3811621231401457   375.72659849785407   568.746154010209
0.3923360608618501   355.6631696582838   547.6290489630267
0.4038375675538918   335.8027370015223   527.3350497271819
0.41567624604680364   316.32318762852276   507.8210943665036
0.42786198068238046   297.9617363767302   489.19589434210457
0.4404049455663077   281.08281361614326   471.4694134699793
0.4533156130627191   265.37062551818025   454.52950303306756
0.4666047625377753   250.28562736951423   438.2824000106174
0.4802834893595659   235.691276228729   422.71848725516776
0.49436321416184764   221.84403659715034   407.81405376404405
0.5088556923793517   208.9421602923949   393.602622311998
0.5237730240626238   196.82687836101314   380.00647766816525
0.5391276639805903   185.27448935543399   366.96681183715526
0.5549324320192869   174.26723405300473   354.47782733511264
0.5712005238854289   163.90838793859396   342.5239147886474
0.5879455221237613   154.17971603544274   331.0826423230379
0.6051814074573895   144.97077160827604   320.1145694853131
0.622922570460556   136.2442251587116   309.58637262876164
0.6411838235736077   128.02262723804273   299.4926268820854
0.6599804134701901   120.28330388846472   289.8108714905092
0.6793280337869897   112.97386967944958   280.51365229068386
0.6992428382266549   106.07893455023988   271.5850250456965
0.7197414540448374   99.58263070647978   263.002328764965
0.7408409959326054   93.46331408132257   254.74651701726688
0.7625590803058332   87.70033225065828   246.7997976121792
0.7849138400134885   82.27409748146579   239.14550584901573
0.8079239394770964   77.1660351491393   231.7680279208275
0.8316085902740278   72.35854553325305   224.65267142600302
0.8559875671776167   67.83513244432493   217.78462139936056
0.8810812246675007   63.58027740228962   211.14916408521418
0.9069105139239728   59.57921460867881   204.73258593990045
0.9334970003205227   55.81789644617037   198.5221359079283
0.960862881429187   52.2829658108528   192.50596062572265
0.9890310055537336   48.96172894158065   186.67304493659452
1.0180248908061487   45.842128785260435   181.01315718717032
1.047868744742366   42.91270563588288   175.5166546895005
1.0785874845736239   40.16254663957315   170.17413018356052
1.1102067579703248   37.58130475964891   164.9767988337296
1.1427529644757777   35.159182776506846   159.91656058401162
1.1762532775476793   32.886907587471754   154.98595830941306
1.210735667245765   30.755705450929756   150.17813909528357
1.246228923584555   28.757278159200517   145.48681830943116
1.2827626805706884   26.88378017279791   140.9062581058913
1.3203674409449337   25.12779732788233   136.43142035052793
1.3590746016495152   23.482325312849657   132.05787492486755
1.3989164800420282   21.94074864482785   127.78159723234258
1.4399263408778291   20.49682124432568   123.59893923315161
1.4821384240834183   19.144647838746707   119.50660710288275
1.525587973344019   17.878666150031858   115.5016399056159
1.5703112655292182   16.693629844328374   111.58138926092018
1.6163456409812174   15.5845909626784   107.74378202305788
1.6637295346910133   14.546882169788221   103.98784977529854
1.7125025083885144   13.57610586604001   100.31288634237465
1.7627052835733923   12.66812064144848   96.71824739884462
1.814379775514258   11.819027491878229   93.2033427958076
1.8675691282445197   11.025156691551263   89.76762911094738
1.922317750584177   10.283055296911755   86.41060242611388
1.9786713532176083   9.589475089291946   83.13182710638961
2.0366769868582977   8.941358980256975   79.93143675951016
2.0963830815323896   8.33583156361727   76.80991698918021
2.1578394870138577   7.770191119547343   73.76762546303684
2.2210975144450407   7.241899794382618   70.80478257318333
2.286209979177315   6.748574232214378   67.92147578136645
2.3532312448676476   6.287976699795084   65.11766416626791
2.4222172688678643   5.858006682872381   62.393183300114444
2.4932256489445366   5.456694499601801   59.74798598517827
2.5663156713684585   5.082196218035948   57.18255752887399
2.641548360413907   4.732781717898551   54.69724211561695
2.7189865293089923   4.406827222650208   52.29211431729871
2.798694832679631   4.102809201782141   49.96699862301514
2.8807398205309562   3.81929858729551   47.721488757780456
2.9651899938111903   3.554955291004416   45.554966680391324
3.05211586160442   3.308522284902667   43.46659092639862
3.1415899999999994   3.078811533420677   41.45491976290553
