0.01   17610.921266311543   17607.333722019026
0.010293154462191829   17770.52898941847   17766.64910232692
0.010594902878253955   17921.97148405132   17917.776367864022
0.010905497183778876   18064.70621584835   18060.16863099664
0.011225196699963396   18198.192759152993   18193.281085531973
0.011554268350120923   18321.879332215492   18316.558859565634
0.011892986882540897   18435.194786061576   18429.42987191502
0.012241635099881474   18537.57396322976   18531.328357343897
0.012600504095286909   18628.45646965251   18621.693031283878
0.012969893495426888   18707.258818322574   18699.937107363436
0.013350111710660605   18773.400145396034   18765.475627074855
0.013741476192534558   18826.31800503601   18817.7422180038
0.014144313698828986   18865.448210868668   18856.16897107527
0.01455896056637426   18890.222936608963   18880.184588718956
0.014985762991865008   18900.102098144078   18889.24582786295
0.01542507732090645   18894.570148040268   18882.83372838627
0.015877270345534218   18873.111005758743   18860.426596888792
0.016342719610456153   18835.24028660227   18821.534238765096
0.016821813728271667   18780.518879594787   18765.712304662935
0.017314952703931925   18708.53977842902   18692.548959503038
0.017822548268711737   18618.934195900394   18601.671112757085
0.01834502422397195   18511.392385641084   18492.765560831274
0.018882816794999403   18385.66758246602   18365.582437722245
0.019436374995219892   18241.578154725903   18219.936256326568
0.02000616100108813   18079.013460772174   18055.71335343802
0.020592650537967844   17897.94021887654   17872.878989501583
0.021196333277324068   17698.43527233741   17671.513539604588
0.02181771324555934   17480.676180669936   17451.80180535058
0.022457309244835088   17244.91986937862   17214.009087951592
0.02311565528622961   16991.54727577445   16958.52798393637
0.023793301035594242   16721.1162123008   16685.9338097002
0.024490812272480036   16434.267343359144   16396.885747482826
0.025208771362518027   16131.728167214787   16092.131142359112
0.0259477777436476   15814.469256340617   15772.670649839694
0.02670844842659881   15483.596471387995   15439.644175694762
0.027491418510046592   15140.24722217099   15094.221174175738
0.028297341710866907   14785.744655774039   14737.759170671141
0.029126890909937666   14421.683279864934   14371.891616694267
0.029980758713939952   14049.647367413088   13998.238043843476
0.030859658033628758   13671.242489331307   13618.435484819662
0.031764322679055976   13288.429285771515   13234.47633411874
0.03269550797224261   12903.208093063757   12848.388839246622
0.033653991377811755   12517.445683946078   12462.06168022182
0.03464057315210884   12133.152226363758   12077.517650045447
0.03565607701135116   11752.513572402744   11696.945695039132
0.036701350819364466   11377.509345112881   11322.324286466892
0.03777726729548091   11010.001711833416   10955.503376141214
0.038884724743189276   10652.098254144395   10598.542487021537
0.04002464780014597   10305.75666265944   10253.345201356931
0.041197988210172884   9972.65128488816   9921.535410103354
0.04240572561788674   9654.075940973333   9604.336762816301
0.04364886838662332   9350.994351933   9302.627564407605
0.04492845444033957   9064.196939045822   9017.122085292367
0.04624555213019635   8794.422101831797   8748.459177112816
0.04760126112654554   8542.572048429356   8497.348837894264
0.04899671333706607   8309.471054638387   8264.422985236324
0.05043307385181555   8095.552780634535   8049.954629376576
0.05191154191598653   7898.94694075124   7852.0338674581935
0.053433351931179485   7716.876656785175   7667.897975564099
0.05499977448602865   7546.827099217804   7495.045531082344
0.05661211741704101   7386.660076487673   7331.358129302745
0.05827172690053434   7234.490797294257   7174.974205870581
0.05997998857658587   7088.322094467539   7023.9534153921
0.06173832870592997   6945.24618622469   6875.580059422339
0.0635482153607709   6802.289209432134   6727.106940493599
0.06541115965050462   6656.08745857953   6575.548697658656
0.06732871698337338   6502.819377631668   6417.634471058645
0.06930248836510605   6338.964885774931   6250.423982874702
0.07133412173562886   6161.268324756039   6071.382689036656
0.07342531334496233   5967.155668400912   5878.605468655635
0.07557780916945323   5755.893631745808   5671.921351869147
0.07779340636952398   5527.912895999577   5452.171769288399
0.08007395479015682   5285.392238233438   5221.745633472482
0.08242135850536496   5031.562527414462   4983.863223806495
0.08483757740794096   4770.941623647024   4742.545277158281
0.08732462884580919   4508.494674925123   4502.02177388071
0.08988458930634863   4249.509080063192   4266.73823716679
0.09251959615009227   3999.1188962265696   4040.8859460673234
0.09523184939525078   3762.6513775478666   3828.515602331564
0.09802361355455057   3545.034907057809   3633.111163083854
0.10089721952591899   3350.7300601672014   3457.582398106117
0.10385506653859616   3182.4238479269065   3303.40346631998
0.10689962415629803   3041.1668153221317   3170.6265584719686
0.11003343433910281   2925.4765185249817   3057.4147326518496
0.11325911356578279   2831.7338182143503   2960.3253515317047
0.11657935501835284   2754.412325323491   2874.8837030132927
0.11999693083066039   2686.984890260726   2796.1710473315734
0.12351469440289359   2622.247455245383   2719.1472566948446
0.12713558278394044   2553.2869533880466   2639.2977075230892
0.13086261912358757   2474.030173347006   2552.9875664980277
0.13469891519660646   2380.5338061759717   2458.1130181992453
0.13864767400083483   2271.4644292698044   2354.7789385379974
0.14271219243142114   2148.4040968828126   2245.3118421671843
0.14689586403346616   2015.5141575870334   2132.314787149687
0.1512021818353596   1879.0796730737236   2019.6703218645544
0.15563474126517718   1746.8831735992883   1912.0440958440736
0.16019724315257297   1627.031499787282   1813.5582118228572
0.1648934968186736   1525.5535208660758   1727.1500771822218
0.1697274232565544   1444.3791357035348   1652.6575923898795
0.17470305840495237   1381.535985368236   1588.466607509229
0.17982455651794954   1332.574225052492   1531.7309369265731
0.18509619363343993   1291.571933939078   1478.9131109168814
0.19052237114327647   1251.2792818881244   1426.8338694397742
0.19610761946807834   1204.5128769556097   1372.6930136998317
0.20185660183976684   1147.3308949555872   1316.1287113225258
0.20777411819498756   1080.6458019035422   1257.1451337467236
0.21386510918267082   1008.9198646995769   1198.1547851220414
0.22013466028907505   938.0742595568081   1141.67721268629
0.22658800608375756   874.2307031047992   1089.394181601641
0.23323053459001789   821.4900889590741   1042.1901187192088
0.2400677917834628   780.1780630262981   1000.106792214557
0.24710548622244882   747.2893771734475   961.1208819627241
0.25434949381426813   717.6337676491479   924.0248814670113
0.2618058627210567   685.772949950736   887.4371970099027
0.2694808184095226   649.1326413587021   850.7713218277155
0.27738076884870827   608.8535185469851   814.8380912868437
0.2855123098601282   568.1999835318287   780.3277113398053
0.29388223062474755   531.1915911272362   747.6581929600429
0.3024975193514008   500.26473428332895   717.4879600279642
0.31136536911138296   474.6891516197224   689.321216850958
0.3204931838440838   451.75725828402824   662.4125352970974
0.32988858453867975   428.49912750641164   636.6000116952526
0.3395594155970457   403.54599981892073   611.3940149716534
0.34951375138319807   378.0609920252782   587.170244940192
0.3597599029647371   354.16236016804254   564.2628302496904
0.37030642505191835   333.1791708922248   542.563472750211
0.3811621231401457   314.83845595361487   522.0441071834057
0.3923360608618501   297.62318218946007   502.4930124224938
0.4038375675538918   280.3320002023041   483.6985128305897
0.41567624604680364   263.07915007228337   465.67070013771644
0.42786198068238046   246.76344770022598   448.4846487633613
0.4404049455663077   232.01616235120434   432.2133017048308
0.4533156130627191   218.5407120569965   416.71718610230204
0.4666047625377753   205.67054998578493   401.8970008831715
0.4802834893595659   193.11388863608664   387.7025787063222
0.49436321416184764   181.18008577083165   374.1447875497644
0.5088556923793517   170.14433160912628   361.2444278202483
0.5237730240626238   159.89633893697692   348.9541979295264
0.5391276639805903   150.15045383279818   337.185359444062
0.5549324320192869   140.85260800151838   325.92916657976275
0.5712005238854289   132.1255134949056   315.1749633560866
0.5879455221237613   123.98094772460571   304.9090935427911
0.6051814074573895   116.30607431677556   295.0860264098638
0.622922570460556   109.04236629553907   285.66958256609735
0.6411838235736077   102.21763537906504   276.6588895342819
0.6599804134701901   95.81475156369945   268.03405499734635
0.6793280337869897   89.79514716515995   259.7628663963454
0.6992428382266549   84.13447919816677   251.83037004257127
0.7197414540448374   78.81283145249742   244.21795019178586
0.7408409959326054   73.8116999421855   236.9070194150455
0.7625590803058332   69.11342643750709   229.88020270793453
0.7849138400134885   64.70117434754593   223.12125094549137
0.8079239394770964   60.55890392524101   216.6149613825631
0.8316085902740278   56.67134696445641   210.34710458091052
0.8559875671776167   53.023924531061716   204.30411998111768
0.8810812246675007   49.602550084306685   198.472264297042
0.9069105139239728   46.39384141827425   192.8384332900725
0.9334970003205227   43.385164474751946   187.39042292404548
0.960862881429187   40.564594544733644   182.1168676718681
0.9890310055537336   37.92087927422563   177.0071840738633
1.0180248908061487   35.44340340933847   172.05151907666735
1.047868744742366   33.12216109520742   167.24062065865326
1.0785874845736239   30.947749862675934   162.56540115056126
1.1102067579703248   28.911309957861185   158.0172585723152
1.1427529644757777   27.004482194420117   153.58823224575733
1.1762532775476793   25.219382279506736   149.2709644898137
1.210735667245765   23.548576280509447   145.05866516518628
1.246228923584555   21.985057173476203   140.94507907766675
1.2827626805706884   20.522221002796737   136.92446558268236
1.3203674409449337   19.153836353755356   132.99163663871366
1.3590746016495152   17.874032773407645   129.14188198827546
1.3989164800420282   16.6772870820855   125.37090535045705
1.4399263408778291   15.558404185329094   121.67480240623527
1.4821384240834183   14.512498812030623   118.05004035821322
1.525587973344019   13.534978178750725   114.49343862677323
1.5703112655292182   12.621525627705392   111.00219158316658
1.6163456409812174   11.768085833537706   107.57425229776884
1.6637295346910133   10.970849381914277   104.20808539536908
1.7125025083885144   10.226238111830583   100.90235030000825
1.7627052835733923   9.530891883267152   97.65588499948439
1.814379775514258   8.881656049780865   94.46769472211163
1.8675691282445197   8.275569593704635   91.33694082405695
1.922317750584177   7.709853845878858   88.26296747161079
1.9786713532176083   7.181901208830633   85.24583060003539
2.0366769868582977   6.6892654674351775   82.28607700475845
2.0963830815323896   6.22965290469376   79.38423354916858
2.1578394870138577   5.800913273636271   76.5407898547916
2.2210975144450407   5.4010312520921655   73.75619544204426
2.286209979177315   5.02811837377184   71.0308570441961
2.3532312448676476   4.680405362350953   68.36515239393097
2.4222172688678643   4.356233900270643   65.75978777583167
2.4932256489445366   4.0540502013396935   63.2157327983959
2.5663156713684585   3.77239986912187   60.73380577631916
2.641548360413907   3.5099218286466582   58.31466038597685
2.7189865293089923   3.265342558202847   55.958791775010994
2.798694832679631   3.037470661240823   53.66654290975922
2.8807398205309562   2.825191795738082   51.43811863360548
2.9651899938111903   2.627465161236095   49.27386929633186
3.05211586160442   2.4433189019313684   47.174321923763756
3.1415899999999994   2.2718439408821944   45.139793660434314
