0.01   2701.6309996050177   2701.557218622694
0.010293154462191829   2730.9371934945125   2730.8630078691785
0.010594902878253955   2759.1694283530583   2759.094809686381
0.010905497183778876   2786.2398470668268   2786.1648294610904
0.011225196699963396   2812.0598831891734   2811.984569547165
0.011554268350120923   2836.539839619306   2836.464386257483
0.011892986882540897   2859.5862246273878   2859.510768924186
0.012241635099881474   2881.104869364788   2881.029509428457
0.012600504095286909   2901.0020891555278   2900.9268819702875
0.012969893495426888   2919.1809218071694   2919.1058763706264
0.013350111710660605   2935.541762055772   2935.4668330076993
0.013741476192534558   2949.986695431408   2949.911781820839
0.014144313698828986   2962.418718151592   2962.343689655314
0.01455896056637426   2972.7389580467957   2972.6637428823033
0.014985762991865008   2980.850975867396   2980.7755799989336
0.01542507732090645   2986.6620715426875   2986.586565831117
0.015877270345534218   2990.080319877618   2990.004639519961
0.016342719610456153   2991.016162736579   2990.939955854683
0.016821813728271667   2989.385916499265   2989.3085418003866
0.017314952703931925   2985.1117730109595   2985.0323999335874
0.017822548268711737   2978.1212915456117   2978.039153644632
0.01834502422397195   2968.3497674864057   2968.264205916453
0.018882816794999403   2955.7414418309613   2955.6518911907947
0.019436374995219892   2940.25218232402   2940.15798823812
0.02000616100108813   2921.8491640773263   2921.749478151209
0.020592650537967844   2900.5100899449053   2900.403879931216
0.021196333277324068   2876.228094219767   2876.114261447365
0.02181771324555934   2849.0166323165313   2848.894235182651
0.022457309244835088   2818.9014583532844   2818.769741359782
0.02311565528622961   2785.9221261086072   2785.7805465084084
0.023793301035594242   2750.149488867165   2749.997923314706
0.024490812272480036   2711.6741763756945   2711.513005184059
0.025208771362518027   2670.5964323783323   2670.4265143562284
0.0259477777436476   2627.0446063199342   2626.8672840939466
0.02670844842659881   2581.185331054451   2581.002451944523
0.027491418510046592   2533.1920553427767   2533.0059302537707
0.028297341710866907   2483.249612487191   2483.0630173250497
0.029126890909937666   2431.59739923559   2431.4138381081902
0.029980758713939952   2378.490533977681   2378.3142738901097
0.030859658033628758   2324.177289591372   2324.0132573989335
0.031764322679055976   2268.933270156963   2268.786839195059
0.03269550797224261   2213.067790818866   2212.944547398778
0.033653991377811755   2156.8739376960007   2156.7796045008968
0.03464057315210884   2100.6435713419073   2100.5838770232867
0.03565607701135116   2044.7382890462559   2044.7185844565859
0.036701350819364466   1989.5144803690168   1989.5396467224155
0.03777726729548091   1935.2917499464354   1935.366201534254
0.038884724743189276   1882.3197650223158   1882.4467207603964
0.04002464780014597   1830.782049505602   1830.9628488462954
0.041197988210172884   1780.8379241885043   1781.0721982171106
0.04240572561788674   1732.6754372744358   1732.9608566238712
0.04364886838662332   1686.644759545397   1686.9755645464406
0.04492845444033957   1643.0990529243807   1643.4660662009012
0.04624555213019635   1602.31727891814   1602.7083856495735
0.04760126112654554   1564.2182656580192   1564.6195185612878
0.04899671333706607   1528.541757807652   1528.9379675498944
0.05043307385181555   1495.0439696010258   1495.4186502506057
0.05191154191598653   1463.4710637975168   1463.8051806351586
0.053433351931179485   1433.5718550210213   1433.8432391368513
0.05499977448602865   1405.0875077163682   1405.2714665509593
0.05661211741704101   1377.65048479021   1377.721890154342
0.05827172690053434   1350.8800593729218   1350.8140986368014
0.05997998857658587   1324.3522560346241   1324.1272879126084
0.06173832870592997   1297.5760511021474   1297.177431563367
0.0635482153607709   1270.0657845980584   1269.4873478122352
0.06541115965050462   1241.2644859845602   1240.514034629564
0.06732871698337338   1210.6457354968738   1209.7459577460115
0.06930248836510605   1177.7590855536316   1176.7484812608438
0.07133412173562886   1142.248108389591   1141.1802437302586
0.07342531334496233   1103.997418757053   1102.93867124973
0.07557780916945323   1063.0855172895353   1062.1122223616003
0.07779340636952398   1019.8713849737478   1019.0669104520408
0.08007395479015682   974.8975947580008   974.3481984779285
0.08242135850536496   928.9060641194212   928.6914567677645
0.08483757740794096   882.7072430298906   882.8959101691208
0.08732462884580919   837.1754569802067   837.8222687449326
0.08988458930634863   793.1853680692701   794.3223461407953
0.09251959615009227   751.6031609260856   753.2288749942585
0.09523184939525078   713.1883783250233   715.2643209653374
0.09802361355455057   678.6213918196299   681.0660424255251
0.10089721952591899   648.3059171895494   651.0040155483858
0.10385506653859616   622.3798904132516   625.190289659962
0.10689962415629803   600.5463584770928   603.3170974878575
0.11003343433910281   582.2011941277239   584.7826496387082
0.11325911356578279   566.3710245023287   568.6430180923937
0.11657935501835284   551.9355771933621   553.8217633141319
0.11999693083066039   537.6774225258723   539.1605783455707
0.12351469440289359   522.4495009532353   523.5906709734427
0.12713558278394044   505.3096928429061   506.2491628892445
0.13086261912358757   485.6663459208829   486.60861200022833
0.13469891519660646   463.429093380674   464.6240407387338
0.13864767400083483   439.0065107709219   440.71299833657963
0.14271219243142114   413.2436895153268   415.6865267125572
0.14689586403346616   387.30668055033397   390.63348391237975
0.1512021818353596   362.5432357160812   366.7761923386669
0.15563474126517718   340.2470283223816   345.2793298798865
0.16019724315257297   321.32461752848354   326.91946046890035
0.1648934968186736   306.01527563967926   311.8631650444153
0.1697274232565544   293.8517759906089   299.65962560670863
0.17470305840495237   283.88453952944815   289.4166999138613
0.17982455651794954   274.92712666296825   280.0622159790057
0.18509619363343993   265.6915249783246   270.47213799529726
0.19052237114327647   255.04228502746483   259.68265346227355
0.19610761946807834   242.46662047099727   247.3054540346087
0.20185660183976684   228.33508055210407   233.7108395801732
0.20777411819498756   213.63895333076005   219.74380596221738
0.21386510918267082   199.5540599534011   206.4164517912319
0.22013466028907505   187.13002282864989   194.5644086111633
0.22658800608375756   176.9493225313368   184.651119131567
0.23323053459001789   168.8638816875789   176.48006124210153
0.2400677917834628   162.09307076520588   169.4009853974477
0.24710548622244882   155.5729761091695   162.5493019599576
0.25434949381426813   148.37391441613124   155.19656230331202
0.2618058627210567   140.19512681721847   147.18542602985278
0.2694808184095226   131.47309319413895   138.85187577748567
0.27738076884870827   122.99441848096419   130.8084658046854
0.2855123098601282   115.50259532456307   123.59321993779633
0.29388223062474755   109.30332229090055   117.4114393378151
0.3024975193514008   104.06268050547497   111.9595645934844
0.31136536911138296   99.11962752723831   106.76916927850294
0.3204931838440838   93.92477708215426   101.49643438866063
0.32988858453867975   88.37393757782745   96.05140051834482
0.3395594155970457   82.85110040316515   90.72511201970377
0.34951375138319807   77.8268112384121   85.82162496963876
0.3597599029647371   73.47788648411449   81.4307188972318
0.37030642505191835   69.60698651792065   77.39859013904817
0.3811621231401457   65.84146247573356   73.50504895868592
0.3923360608618501   61.995804039065376   69.64739268686844
0.4038375675538918   58.2014660515242   65.90089621700986
0.41567624604680364   54.69474469225952   62.403094180302254
0.42786198068238046   51.55442974245853   59.18589108493423
0.4404049455663077   48.64175626277051   56.15866528153557
0.4533156130627191   45.79930978313773   53.243030667608224
0.4666047625377753   43.019915343081564   50.43511482539001
0.4802834893595659   40.41233370450084   47.78587560910756
0.49436321416184764   38.01876148275312   45.310176016404384
0.5088556923793517   35.77504814180496   42.971222730711666
0.5237730240626238   33.61643981026687   40.73661224654106
0.5391276639805903   31.55970702775573   38.61469358553459
0.5549324320192869   29.641775442196316   36.61570478833675
0.5712005238854289   27.848561349536137   34.729232642093635
0.5879455221237613   26.146239550590426   32.93966535623886
0.6051814074573895   24.533161009673098   31.24291796044535
0.622922570460556   23.021062900552714   29.641341500954464
0.6411838235736077   21.601842384912246   28.12675496717484
0.6599804134701901   20.2645246504454   26.69378349091865
0.6793280337869897   19.004117720269146   25.338186835489022
0.6992428382266549   17.817001627172186   24.055945672785374
0.7197414540448374   16.699639546536588   22.843226029956437
0.7408409959326054   15.648585891284702   21.696373344371555
0.7625590803058332   14.66049300984377   20.61190644133536
0.7849138400134885   13.732114346070274   19.58651083273381
0.8079239394770964   12.860192193639884   18.616999104737502
0.8316085902740278   12.041441028285526   17.700296445009688
0.8559875671776167   11.27274432278504   16.833488914066542
0.8810812246675007   10.551161588810425   16.01382003827791
0.9069105139239728   9.873918743299845   15.238682929703975
0.9334970003205227   9.238398990043711   14.50561273489544
0.960862881429187   8.642134189229033   13.812279405447383
0.9890310055537336   8.082798880188953   13.156478972455025
1.0180248908061487   7.558222825585605   12.536109697463267
1.047868744742366   7.0663683067481715   11.949177103418329
1.0785874845736239   6.605307320949844   11.393801043524036
1.1102067579703248   6.173216229893309   10.868209400456825
1.1427529644757777   5.76837084197169   10.370731932559043
1.1762532775476793   5.38914166903793   9.89979445856583
1.210735667245765   5.033989356109442   9.45391336371271
1.246228923584555   4.701458972477331   9.03167982238655
1.2827626805706884   4.390172695348418   8.631728120518124
1.3203674409449337   4.098830616815736   8.252767821784937
1.3590746016495152   3.82620794898349   7.8935889561992765
1.3989164800420282   3.571151015142051   7.553056699639153
1.4399263408778291   3.3325734304355406   7.230106423148811
1.4821384240834183   3.109452464843133   6.923739085184251
1.525587973344019   2.90082558297191   6.633016592624151
1.5703112655292182   2.705787228065938   6.35703968132093
1.6163456409812174   2.523485700890651   6.094939061667231
1.6637295346910133   2.3531200539594623   5.845900529498123
1.7125025083885144   2.1939372607339016   5.60916330598008
1.7627052835733923   2.0452295374821015   5.3840161988904125
1.814379775514258   1.9063318005396683   5.1697940619952085
1.8675691282445197   1.7766192531887752   4.9658745277736225
1.922317750584177   1.6555050449999145   4.771672391058899
1.9786713532176083   1.5424376332440952   4.586612053820669
2.0366769868582977   1.436899092777074   4.410140286446203
2.0963830815323896   1.3384035313437237   4.241742274368146
2.1578394870138577   1.2464952120802357   4.0809389340741
2.2210975144450407   1.160746773573476   3.927284195397319
2.286209979177315   1.0807575481654903   3.780362512222403
2.3532312448676476   1.0061519735786193   3.6397865807681846
2.4222172688678643   0.9365782896430793   3.505193992802105
2.4932256489445366   0.8717075740434526   3.3762421147126074
2.5663156713684585   0.8112316752633913   3.252610548600158
2.641548360413907   0.7548617929507669   3.134000652846333
2.7189865293089923   0.7023273324799987   3.020133957482687
2.798694832679631   0.6533748216748455   2.9107507081132566
2.8807398205309562   0.607766886766218   2.8056085268699618
2.9651899938111903   0.5652812631267249   2.704480835700629
3.05211586160442   0.5257088200097162   2.607138152087437
3.1415899999999994   0.48885258153023947   2.5133417718502735
