0.01   10773.787521190117   10773.083886365808
0.010293154462191829   10869.04296467962   10868.30333587536
0.010594902878253955   10958.919638403577   10958.141095733328
0.010905497183778876   11043.069784386926   11042.24928378211
0.011225196699963396   11121.132625370821   11120.266968986294
0.011554268350120923   11192.74246313249   11191.828287935183
0.011892986882540897   11257.53846682294   11256.572254476263
0.012241635099881474   11315.152808075436   11314.130782236798
0.012600504095286909   11365.200969717973   11364.118899368736
0.012969893495426888   11407.305832990165   11406.159024228311
0.013350111710660605   11441.098865180807   11439.882123009276
0.013741476192534558   11466.201147021457   11464.908411669088
0.014144313698828986   11482.240054459326   11480.864267095847
0.01455896056637426   11488.861782263113   11487.394923932983
0.014985762991865008   11485.716831680473   11484.150112259333
0.01542507732090645   11472.455918964888   11470.780032832743
0.015877270345534218   11448.755704953655   11446.960913844463
0.016342719610456153   11414.31934209236   11412.395217950052
0.016821813728271667   11368.86213899581   11366.795974665885
0.017314952703931925   11312.129876524925   11309.906296441945
0.017822548268711737   11243.908513764232   11241.509676146097
0.01834502422397195   11164.018711422912   11161.425144462431
0.018882816794999403   11072.318334873342   11069.509829730661
0.019436374995219892   10968.714481047553   10965.670351279772
0.02000616100108813   10853.170085353175   10849.869443900867
0.020592650537967844   10725.715759017767   10722.137901723714
0.021196333277324068   10586.440737438172   10582.565431586409
0.02181771324555934   10435.493350783832   10431.301186099456
0.022457309244835088   10273.119563471282   10268.593666884855
0.02311565528622961   10099.653556906494   10094.780942637513
0.023793301035594242   9915.482867550685   9910.254519405884
0.024490812272480036   9721.085326897633   9715.497687359977
0.025208771362518027   9517.093591982117   9511.152498836353
0.0259477777436476   9304.192749596914   9297.913537441995
0.02670844842659881   9083.110196297826   9076.517199244765
0.027491418510046592   8854.756941054937   8847.885538828454
0.028297341710866907   8620.146483510094   8613.043662941338
0.029126890909937666   8380.27892228059   8373.001768205027
0.029980758713939952   8136.258011568251   8128.873311131368
0.030859658033628758   7889.406082042154   7881.99103579293
0.031764322679055976   7640.997789062272   7633.6382367520355
0.03269550797224261   7392.254830721269   7385.043161700338
0.033653991377811755   7144.593181287043   7137.626087850009
0.03464057315210884   6899.430176251599   6892.806778188267
0.03565607701135116   6658.030621266322   6651.8508935116615
0.036701350819364466   6421.728272217245   6416.08567407585
0.03777726729548091   6192.030121184065   6187.001842036752
0.038884724743189276   5970.255518750708   5965.90329453228
0.04002464780014597   5757.501470262742   5753.871898251282
0.041197988210172884   5554.588555076539   5551.705794573544
0.04240572561788674   5362.152375547887   5360.018060715784
0.04364886838662332   5180.71005368474   5179.305987299065
0.04492845444033957   5010.987755636933   5010.249341977552
0.04624555213019635   4853.973199225674   4853.7595057681
0.04760126112654554   4710.528688761007   4710.630082387438
0.04899671333706607   4580.838841648472   4580.994508888912
0.05043307385181555   4463.485126236179   4463.414893421057
0.05191154191598653   4356.9229375570985   4356.332214887822
0.053433351931179485   4259.768346696507   4258.346009236912
0.05499977448602865   4170.785568221248   4168.198841112137
0.05661211741704101   4088.845031337284   4084.7393925122096
0.05827172690053434   4012.52522389985   4006.546201732495
0.05997998857658587   3939.9177822286347   3931.744169325302
0.06173832870592997   3869.1180848310064   3858.473053636847
0.0635482153607709   3797.69876907179   3784.4150772220587
0.06541115965050462   3723.0875299094037   3707.139574647748
0.06732871698337338   3642.6995784527394   3624.2522746874474
0.06930248836510605   3553.9112696476172   3533.3805218518783
0.07133412173562886   3454.5848461409296   3432.640165012748
0.07342531334496233   3343.3867479457735   3320.96345276562
0.07557780916945323   3219.762812846971   3198.0168627373614
0.07779340636952398   3084.5858044816127   3064.8267393295127
0.08007395479015682   2939.4129180439822   2923.0221567535846
0.08242135850536496   2786.6543893586313   2774.985590061424
0.08483757740794096   2629.1984867417686   2623.50088847712
0.08732462884580919   2470.5697159139177   2471.9182579743465
0.08988458930634863   2314.428547324374   2323.6022123270377
0.09251959615009227   2164.4772958421668   2181.849823593284
0.09523184939525078   2024.6104539225496   2050.0070052749943
0.09802361355455057   1898.2299509087368   1930.9585192652537
0.10089721952591899   1787.9455529886332   1826.7538683624216
0.10385506653859616   1695.4900708273844   1738.6363287765973
0.10689962415629803   1620.7549128672633   1666.1358498094544
0.11003343433910281   1562.5691043126938   1607.887522209983
0.11325911356578279   1518.0776500228258   1561.2401154481306
0.11657935501835284   1483.6575316633946   1522.9135629788188
0.11999693083066039   1454.8310839682833   1488.9508163997145
0.12351469440289359   1426.7409414520494   1455.335318197913
0.12713558278394044   1394.6153152338993   1418.3093249632186
0.13086261912358757   1354.3669438938734   1374.784887775537
0.13469891519660646   1303.4138493135022   1322.9684371263772
0.13864767400083483   1240.9993616481088   1262.7484937837114
0.14271219243142114   1168.382295176363   1195.7478817296974
0.14689586403346616   1088.7887562247283   1124.4286903739992
0.1512021818353596   1007.2022024651933   1052.7034039306602
0.15563474126517718   929.5419681079084   985.011970936103
0.16019724315257297   861.2411902480397   924.9906732942043
0.1648934968186736   805.6273398592751   874.8006496692631
0.1697274232565544   763.3133673278815   834.337779839743
0.17470305840495237   732.8516783270561   802.0759460271513
0.17982455651794954   711.2803845260717   775.8373438300928
0.18509619363343993   694.0875161887869   752.3990954447386
0.19052237114327647   675.6939884353133   728.1755258347841
0.19610761946807834   651.4143810091417   700.4815477151519
0.20185660183976684   619.3052782842595   668.3930625119691
0.20777411819498756   580.4287569336171   633.0387323533101
0.21386510918267082   538.0357395289334   596.8475033029536
0.22013466028907505   496.7452352728237   562.1095751605297
0.22658800608375756   460.99200161315304   531.2995217614139
0.23323053459001789   433.15728728428115   505.2028017812876
0.2400677917834628   413.020764763216   483.5739439589271
0.24710548622244882   398.0306744751203   464.7326101183133
0.25434949381426813   384.06122940633287   446.57462998722315
0.2618058627210567   367.51595597903224   427.5487714492979
0.2694808184095226   347.08641174854   407.3345696258857
0.27738076884870827   323.7956765680227   386.6564081077438
0.2855123098601282   300.4693989707866   366.6704795917513
0.29388223062474755   280.18406679435907   348.4839525128721
0.3024975193514008   264.221063861656   332.4368348451914
0.31136536911138296   251.72197695321117   317.95445933085193
0.3204931838440838   240.45191823964637   304.31176857751217
0.32988858453867975   228.17133531751668   290.6675682100751
0.3395594155970457   214.30479866487067   277.0952902522894
0.34951375138319807   200.00495869013716   263.930111721805
0.3597599029647371   186.94154209589956   251.61204098622736
0.37030642505191835   176.0399156466436   240.21801288705743
0.3811621231401457   166.7830269989709   229.64667315001296
0.3923360608618501   157.88203983337937   219.53226987963112
0.4038375675538918   148.5554723970828   209.71419309566696
0.41567624604680364   139.08185625752785   200.2493015611907
0.42786198068238046   130.2953144946321   191.32628320470664
0.4404049455663077   122.59290687312128   182.96271782796651
0.4533156130627191   115.63191114133417   175.03852379798337
0.4666047625377753   108.81760965771724   167.45770623602291
0.4802834893595659   102.05420133666782   160.20714127490393
0.49436321416184764   95.66295771311611   153.31193516393344
0.5088556923793517   89.86530286343843   146.8121458966967
0.5237730240626238   84.49843084546458   140.64450293864047
0.5391276639805903   79.32818675315183   134.75232823760857
0.5549324320192869   74.36811703800512   129.14566382783343
0.5712005238854289   69.74963022602127   123.82411403575261
0.5879455221237613   65.46679745362793   118.7766300976806
0.6051814074573895   61.40825501685425   113.96661229328059
0.622922570460556   57.55535268555695   109.38309906646406
0.6411838235736077   53.94912881203822   105.02964520813165
0.6599804134701901   50.57401618574003   100.88951539470864
0.6793280337869897   47.39691805379789   96.94766383773836
0.6992428382266549   44.40691211841165   93.19338014082271
0.7197414540448374   41.594756491263496   89.61679791591874
0.7408409959326054   38.9514709228433   86.20861382078769
0.7625590803058332   36.468351393868026   82.96005333246586
0.7849138400134885   34.136981549805625   79.86283871675441
0.8079239394770964   31.949239157061246   76.90915657495161
0.8316085902740278   29.897067483400434   74.09134504148938
0.8559875671776167   27.97234624546873   71.40165880012724
0.8810812246675007   26.16737912515924   68.83279548515131
0.9069105139239728   24.474925658798572   66.3779277190551
0.9334970003205227   22.888174441336453   64.03066899981269
0.960862881429187   21.40071791476049   61.78504227821931
0.9890310055537336   20.006528674291875   59.6354508897696
1.0180248908061487   18.69996379143964   57.57655033906863
1.047868744742366   17.47578178553153   55.60305721163096
1.0785874845736239   16.329045449412273   53.709996760405694
1.1102067579703248   15.255092095842766   51.89273194369152
1.1427529644757777   14.249520008345643   50.14693876630018
1.1762532775476793   13.308175425564182   48.4685836543051
1.210735667245765   12.42714004897531   46.85390267977179
1.246228923584555   11.602715333337219   45.299338312045684
1.2827626805706884   10.831400618056945   43.801386548669285
1.3203674409449337   10.109897287998544   42.3567413778673
1.3590746016495152   9.435102313214598   40.962332285201164
1.3989164800420282   8.804097338314383   39.61530765937398
1.4399263408778291   8.214138330839837   38.31301956579726
1.4821384240834183   7.662645763603601   37.05300975862527
1.525587973344019   7.147195527960514   35.83299174919509
1.5703112655292182   6.665511199439848   34.6508122110924
1.6163456409812174   6.215454471319843   33.504463984192505
1.6637295346910133   5.795016649914574   32.3920900444334
1.7125025083885144   5.4023112419455055   31.31197373636806
1.7627052835733923   5.035566934082347   30.26252968592564
1.814379775514258   4.693120944694822   29.24229536310046
1.8675691282445197   4.37341269046263   28.24993083168852
1.922317750584177   4.074977491571654   27.284279795388997
1.9786713532176083   3.7964412159799967   26.34431959504741
2.0366769868582977   3.5365152064827514   25.429105531304277
2.0963830815323896   3.2939912213963702   24.53776526376843
2.1578394870138577   3.0677366522831155   23.669494136317166
2.2210975144450407   2.8566900081843523   22.82355074387667
2.286209979177315   2.6598566130648633   21.999257182642506
2.3532312448676476   2.476303972499993   21.196066725414315
2.4222172688678643   2.3051582901449907   20.41353566278534
2.4932256489445366   2.1456015175976404   19.651249115809186
2.5663156713684585   1.9968679473286586   18.90881656294066
2.641548360413907   1.8582409851352502   18.185869790904164
2.7189865293089923   1.7290501125825932   17.4820609303144
2.798694832679631   1.6086680523725534   16.79706421823839
2.8807398205309562   1.496508814107302   16.13069255098636
2.9651899938111903   1.392025069669508   15.482899261554193
3.05211586160442   1.2947047370142797   14.853617129469464
3.1415899999999994   1.204068754681498   14.242749778458387
