0.01   14627.446262901552   14625.070580503936
0.010293154462191829   14762.822061647368   14760.256689511603
0.010594902878253955   14891.869721527924   14889.102631727637
0.010905497183778876   15014.163372684661   15011.179409800434
0.011225196699963396   15129.273636589924   15126.053655007627
0.011554268350120923   15236.772273390949   15233.293237078042
0.011892986882540897   15336.217148896165   15332.45411752817
0.012241635099881474   15427.158872200493   15423.08647107275
0.012600504095286909   15509.15488478866   15504.747428976088
0.012969893495426888   15581.760514389525   15576.991314352686
0.013350111710660605   15644.515947028924   15639.355550945933
0.013741476192534558   15696.97071587342   15691.386741085797
0.014144313698828986   15738.687243114304   15732.644486044714
0.01455896056637426   15769.222213821067   15762.682716255566
0.014985762991865008   15788.14023501941   15781.063423039663
0.01542507732090645   15795.02900297166   15787.371894348558
0.015877270345534218   15789.489534374188   15781.206242204347
0.016342719610456153   15771.129622637109   15762.170350837667
0.016821813728271667   15739.587275000365   15729.898534039521
0.017314952703931925   15694.534133576482   15684.059049630376
0.017822548268711737   15635.667768387282   15624.345964264638
0.01834502422397195   15562.722707845356   15550.490595767042
0.018882816794999403   15475.47872261293   15462.27007716751
0.019436374995219892   15373.767483244568   15359.513798982787
0.02000616100108813   15257.476337185783   15242.107160176687
0.020592650537967844   15126.545922093446   15109.98958299209
0.021196333277324068   14980.98038025392   14963.165444382748
0.02181771324555934   14820.879489547233   14801.738554847425
0.022457309244835088   14646.41054015615   14625.881786673885
0.02311565528622961   14457.80012547054   14435.828090064339
0.023793301035594242   14255.39836120884   14231.937866431468
0.024490812272480036   14039.673848742139   14014.69360605424
0.025208771362518027   13811.14484928371   13784.627588691696
0.0259477777436476   13570.42195293559   13542.365900763538
0.02670844842659881   13318.315424019498   13288.73931264749
0.027491418510046592   13055.69222598294   13024.635383010334
0.028297341710866907   12783.448550233375   12750.969987885153
0.029126890909937666   12502.688260453371   12468.870894639891
0.029980758713939952   12214.649675542092   12179.602294281136
0.030859658033628758   11920.541893962129   11884.396381036762
0.031764322679055976   11621.658540141183   11584.56729600929
0.03269550797224261   11319.541751436294   11281.675496895889
0.033653991377811755   11015.685405485217   10977.229970846336
0.03464057315210884   10711.509065003267   10672.661621809231
0.03565607701135116   10408.610340854379   10369.571260307108
0.036701350819364466   10108.605241449157   10069.572882755514
0.03777726729548091   9812.952622429177   9774.121459153726
0.038884724743189276   9523.096970166405   9484.644194322815
0.04002464780014597   9240.57694724234   9202.640700479074
0.041197988210172884   8966.770445861044   8929.450590874996
0.04240572561788674   8702.851796295887   8666.210483304974
0.04364886838662332   8449.66521700125   8413.710560236936
0.04492845444033957   8207.857850235037   8172.541268070069
0.04624555213019635   7977.974058886807   7943.195621576136
0.04760126112654554   7760.5061773325   7726.082656612076
0.04899671333706607   7555.919097857223   7521.540345719202
0.05043307385181555   7364.61047812015   7329.84789218348
0.05191154191598653   7186.360729903849   7150.708498558875
0.053433351931179485   7019.151739017019   6982.1327476531615
0.05499977448602865   6860.775638065451   6821.959436577333
0.05661211741704101   6709.27545693253   6668.275419504741
0.05827172690053434   6563.07355001497   6519.544341558969
0.05997998857658587   6420.759309875445   6374.396537614143
0.06173832870592997   6280.641055206653   6231.236819846642
0.0635482153607709   6140.484483529156   6088.020953794652
0.06541115965050462   5998.1251743749335   5942.790223146996
0.06732871698337338   5851.027193993556   5793.353768583328
0.06930248836510605   5696.621819789996   5637.542835454393
0.07133412173562886   5532.712669039409   5473.589791955424
0.07342531334496233   5357.52662126157   5300.196598462487
0.07557780916945323   5170.12007530892   5116.809463408897
0.07779340636952398   4971.122136199784   4924.333350290631
0.08007395479015682   4761.913389295638   4724.270257720839
0.08242135850536496   4545.215335265376   4519.201228285098
0.08483757740794096   4324.197781197047   4312.027095615757
0.08732462884580919   4102.802652844056   4106.281099713727
0.08988458930634863   3884.9027073517964   3905.299802303042
0.09251959615009227   3674.3256712277635   3712.131650963101
0.09523184939525078   3474.704891469187   3529.5864531718175
0.09802361355455057   3289.521656477503   3360.2825729771175
0.10089721952591899   3121.7599567998354   3206.1901508587166
0.10385506653859616   2973.729606672021   3068.6719275588644
0.10689962415629803   2845.955092951392   2947.7103934957604
0.11003343433910281   2737.760527338081   2842.3439345694483
0.11325911356578279   2646.1490687721694   2749.723731215949
0.11657935501835284   2567.0744115162065   2666.305904360798
0.11999693083066039   2495.28908335973   2588.1747778870686
0.12351469440289359   2425.4719163255154   2511.489497830521
0.12713558278394044   2352.5008132736275   2432.6377050645124
0.13086261912358757   2272.235217649508   2349.189096851297
0.13469891519660646   2181.9640838720925   2259.889493679063
0.13864767400083483   2081.0892011877627   2164.7798930039976
0.14271219243142114   1971.179212869611   2065.329106005909
0.14689586403346616   1855.5129907999346   1963.9937347542152
0.1512021818353596   1738.6033417881688   1863.808366285032
0.15563474126517718   1625.8183657945754   1768.2714843713811
0.16019724315257297   1522.6748905313293   1680.138037784007
0.1648934968186736   1433.5246099920648   1601.5142448558217
0.1697274232565544   1360.0573935831799   1533.2319164037108
0.17470305840495237   1300.5880069903014   1472.8437117492026
0.17982455651794954   1251.2317303142663   1418.5199484134823
0.18509619363343993   1207.378735196821   1367.5628008938425
0.19052237114327647   1164.1181657720688   1317.4512765347472
0.19610761946807834   1116.6858461582813   1266.1713722663078
0.20185660183976684   1062.2332395417557   1212.732354398477
0.20777411819498756   1001.5768814426524   1158.0145844209674
0.21386510918267082   938.3071960762607   1103.954680314045
0.22013466028907505   876.7830620915533   1052.2720999625558
0.22658800608375756   820.9950007232799   1004.2068389581322
0.23323053459001789   773.6098575844484   960.7372610390423
0.2400677917834628   734.6955939449468   921.2313655169784
0.24710548622244882   701.8194651688156   884.40875650745
0.25434949381426813   671.3458130166536   849.2238113328228
0.2618058627210567   639.6472207119791   814.8316753617713
0.2694808184095226   604.9331997791163   780.4974315590023
0.27738076884870827   568.2881763706825   747.0860766355216
0.2855123098601282   532.199651264887   714.9442457215115
0.29388223062474755   499.1518602659887   684.5996936891781
0.3024975193514008   470.66094546025914   656.4024214589708
0.31136536911138296   446.1155616270557   629.9562537554988
0.3204931838440838   423.48663079498164   604.7028010822432
0.32988858453867975   400.90157607098905   580.4539944054703
0.3395594155970457   377.5708075614808   556.8672907987898
0.34951375138319807   354.3162919698113   534.272394272861
0.3597599029647371   332.59887611229647   512.9049669096294
0.37030642505191835   313.1334598538815   492.58367499434195
0.3811621231401457   295.6150025924532   473.3612713886266
0.3923360608618501   279.05194985351   455.0209630102049
0.4038375675538918   262.7122344292422   437.4495574726882
0.41567624604680364   246.7248267845872   420.5934963320472
0.42786198068238046   231.67457963160183   404.55287508490306
0.4404049455663077   217.8712553654476   389.3305816685649
0.4533156130627191   205.08079773899902   374.81665772461747
0.4666047625377753   192.88720113045932   360.96047370030766
0.4802834893595659   181.13758233716027   347.7032154197712
0.49436321416184764   170.0266630016082   335.0496231634226
0.5088556923793517   159.68148859688816   323.0068734147854
0.5237730240626238   150.0047252525344   311.51884929635816
0.5391276639805903   140.8267155131902   300.53593071681485
0.5549324320192869   132.11975405750283   290.0382100424083
0.5712005238854289   123.94219082581807   280.014899938437
0.5879455221237613   116.27945643276546   270.44465673415425
0.6051814074573895   109.05778588743479   261.2916612828452
0.622922570460556   102.24051792648993   252.5292925450673
0.6411838235736077   95.83298936771978   244.14932759359422
0.6599804134701901   89.8160330701639   236.1269827673937
0.6793280337869897   84.16099023144406   228.44923469919271
0.6992428382266549   78.83208734231151   221.07739936791575
0.7197414540448374   73.82737797345095   214.0112700708779
0.7408409959326054   69.12890402135257   207.23399504637484
0.7625590803058332   64.71830808471671   200.72823966815736
0.7849138400134885   60.57833640518014   194.4778470147957
0.8079239394770964   56.6927706114819   188.46775146194724
0.8316085902740278   53.04636388455897   182.6838995549056
0.8559875671776167   49.624781242200946   177.11317749653594
0.8810812246675007   46.41455601108148   171.74332280602687
0.9069105139239728   43.40325550079377   166.56245932044632
0.9334970003205227   40.579341112085324   161.5591346732756
0.960862881429187   37.931883762791166   156.72268243761738
0.9890310055537336   35.45052887573815   152.04318287120256
1.0180248908061487   33.125471407223614   147.51141225691094
1.047868744742366   30.947431527289275   143.1187964633141
1.0785874845736239   28.907630973795598   138.85736832439687
1.1102067579703248   26.99776395810027   134.71969018371541
1.1427529644757777   25.209929512534103   130.69851620320657
1.1762532775476793   23.536650061541835   126.78696338593163
1.210735667245765   21.97088193002949   122.97867911772154
1.246228923584555   20.505992215062708   119.26781065949511
1.2827626805706884   19.135736471443852   115.64897518628817
1.3203674409449337   17.854237491515804   112.11723206693071
1.3590746016495152   16.655965133883488   108.66805713946677
1.3989164800420282   15.535718501240245   105.29737824831766
1.4399263408778291   14.488612142582669   102.0017669346984
1.4821384240834183   13.510052799321802   98.7781841258246
1.525587973344019   12.595721120949548   95.62386922777469
1.5703112655292182   11.741556462397302   92.53632402967091
1.6163456409812174   10.943742439613134   89.51329737225377
1.6637295346910133   10.198693211539085   86.55277047001522
1.7125025083885144   9.503040455962397   83.65294323074914
1.7627052835733923   8.853619952439109   80.81245204794472
1.814379775514258   8.247458575309606   78.03069009755161
1.8675691282445197   7.681766098250419   75.30721058617077
1.922317750584177   7.153925021283567   72.641611700017
1.9786713532176083   6.661480438646622   70.03353098107532
2.0366769868582977   6.202130458651357   67.48263985537852
2.0963830815323896   5.773717148602743   64.98863831709895
2.1578394870138577   5.374217967152192   62.551255200812506
2.2210975144450407   5.0017370712081926   60.17053542151666
2.286209979177315   4.65449759761773   57.8469273938504
2.3532312448676476   4.330835495558954   55.58081119064656
2.4222172688678643   4.0291927503522516   53.37246041100377
2.4932256489445366   3.7481109097207024   51.22204541045993
2.5663156713684585   3.4862249839057933   49.12963669542464
2.641548360413907   3.2422576996318444   47.09520846515273
2.7189865293089923   3.0150141705620506   45.11866124041642
2.798694832679631   2.8033781364372223   43.20014714234675
2.8807398205309562   2.606306523929001   41.33996499137841
2.9651899938111903   2.4228235153097843   39.538233865099585
3.05211586160442   2.252016374983603   37.79489437173018
3.1415899999999994   2.093031564066653   36.109721618293136
