0.01   1424.2722973636924   1424.2084120905376
0.010293154462191829   1437.5679067978037   1437.503252649914
0.010594902878253955   1450.2482810985036   1450.1830837811683
0.010905497183778876   1462.271554340154   1462.2059571417406
0.011225196699963396   1473.5953222911896   1473.5293434212294
0.011554268350120923   1484.177289907879   1484.1108280490362
0.011892986882540897   1493.9740401183294   1493.906997958475
0.012241635099881474   1502.9416153311045   1502.8739895596345
0.012600504095286909   1511.0367227775887   1510.9686082295054
0.012969893495426888   1518.2158493826435   1518.1473941411834
0.013350111710660605   1524.4339784441984   1524.3652755556632
0.013741476192534558   1529.646996659561   1529.578067453515
0.014144313698828986   1533.812052947501   1533.7428538850331
0.01455896056637426   1536.8858193981373   1536.8163133020269
0.014985762991865008   1538.8257836936496   1538.7559782026578
0.01542507732090645   1539.5916816079628   1539.5216295785497
0.015877270345534218   1539.144416520903   1539.0741881894285
0.016342719610456153   1537.4453266438193   1537.3749610617615
0.016821813728271667   1534.4586743937366   1534.3881746605564
0.017314952703931925   1530.1520477821307   1530.0813795473166
0.017822548268711737   1524.4958402503696   1524.424920369948
0.01834502422397195   1517.4641603447599   1517.392853418857
0.018882816794999403   1509.0355283694219   1508.9636492757418
0.019436374995219892   1499.1934186836318   1499.1207612062
0.02000616100108813   1487.9265976510258   1487.8529708772148
0.020592650537967844   1475.22902957925   1475.1542614309624
0.021196333277324068   1461.100910807691   1461.024847893506
0.02181771324555934   1445.5518988220385   1445.4744018648257
0.022457309244835088   1428.5982808508315   1428.5192241670384
0.02311565528622961   1410.262134376365   1410.1814082900978
0.023793301035594242   1390.5775293484048   1390.4950715927876
0.024490812272480036   1369.5900428624577   1369.5058675791636
0.025208771362518027   1347.3501122858206   1347.2643078083377
0.0259477777436476   1323.9172127645902   1323.8299571570406
0.02670844842659881   1299.3703569795455   1299.2819783496495
0.027491418510046592   1273.7941161515082   1273.7050941916696
0.028297341710866907   1247.2759324933138   1247.1868834747106
0.029126890909937666   1219.9235485778865   1219.83520577691
0.029980758713939952   1191.8578582685948   1191.7710529919348
0.030859658033628758   1163.1969197951464   1163.112565305728
0.031764322679055976   1134.0670344374907   1133.9861429963546
0.03269550797224261   1104.6187236628384   1104.5424691735982
0.033653991377811755   1074.9978136768557   1074.927517163215
0.03464057315210884   1045.3429026663014   1045.2799885911563
0.03565607701135116   1015.8100253158766   1015.7558363976284
0.036701350819364466   986.5570486795127   986.5127530558073
0.03777726729548091   957.72651075068   957.693111346728
0.038884724743189276   929.4595373362807   929.4378148176469
0.04002464780014597   901.9064240338499   901.8968315483214
0.041197988210172884   875.2017813172622   875.2044703457146
0.04240572561788674   849.460361184957   849.4751840304182
0.04364886838662332   824.7647180412393   824.7910099987857
0.04492845444033957   801.1781767541835   801.2147131846344
0.04624555213019635   778.7540255676532   778.799085604384
0.04760126112654554   757.5404544162272   757.5915556996637
0.04899671333706607   737.582950239613   737.636478712042
0.05043307385181555   718.9204337816477   718.9717258675005
0.05191154191598653   701.5315781691096   701.5752303805908
0.053433351931179485   685.2195065132852   685.2501243092103
0.05499977448602865   669.7688036708194   669.7811347574277
0.05661211741704101   654.9885194909124   654.9774084854396
0.05827172690053434   640.7246911362963   640.6849573624457
0.05997998857658587   626.8396467851273   626.7660884542839
0.06173832870592997   613.1682787941172   613.0561237316724
0.0635482153607709   599.4925167460432   599.3381663855143
0.06541115965050462   585.6010980380166   585.4023115003372
0.06732871698337338   571.2464466749627   571.0035012885896
0.06930248836510605   556.1777587880417   555.8939821014429
0.07133412173562886   540.1805714790574   539.86265469568
0.07342531334496233   523.081736534972   522.740181313109
0.07557780916945323   504.78912698288315   504.43779853654456
0.07779340636952398   485.3642595001336   485.0198069344904
0.08007395479015682   464.94199150777683   464.6227316905473
0.08242135850536496   443.78795451672175   443.51184525091077
0.08483757740794096   422.2115760451452   421.9952664083138
0.08732462884580919   400.5978184230424   400.4558434153461
0.08988458930634863   379.32489342778115   379.26840383545516
0.09251959615009227   358.76655507539493   358.800930523223
0.09523184939525078   339.2775952061533   339.40182343511754
0.09802361355455057   321.19798566581403   321.40408345062724
0.10089721952591899   304.8191412751515   305.0903443505177
0.10385506653859616   290.3666500170457   290.67761883971554
0.10689962415629803   277.89179313565774   278.21144199381706
0.11003343433910281   267.32863946797505   267.62203681965303
0.11325911356578279   258.38457003578975   258.61686368720024
0.11657935501835284   250.66448249262456   250.80434129913695
0.11999693083066039   243.65604476246125   243.68373067016822
0.12351469440289359   236.8396978250862   236.7489204357205
0.12713558278394044   229.71526644918478   229.51414841266478
0.13086261912358757   221.87845700135426   221.5933323679794
0.13469891519660646   213.0645494708092   212.73829724123829
0.13864767400083483   203.2150628371878   202.89861008066165
0.14271219243142114   192.48318273944975   192.22916221561306
0.14689586403346616   181.18913075613523   181.0447877880229
0.1512021818353596   169.77358236244558   169.77303201395335
0.15563474126517718   158.7606797114877   158.91808662284257
0.16019724315257297   148.68916243203216   148.98810340273985
0.1648934968186736   139.98402826504238   140.3805530081
0.1697274232565544   132.81028979935851   133.24560893625713
0.17470305840495237   127.00336376117578   127.40906820264544
0.17982455651794954   122.18397905287337   122.51033276397622
0.18509619363343993   117.9019560557068   118.12086920245729
0.19052237114327647   113.67773786523757   113.79061613929342
0.19610761946807834   109.046137275558   109.09178763298493
0.20185660183976684   103.72895506270183   103.77393033220986
0.20777411819498756   97.80591884899691   97.92086325351288
0.21386510918267082   91.62767483956259   91.86575550865403
0.22013466028907505   85.61985558533776   85.99918171116761
0.22658800608375756   80.17217133264916   80.66975228093455
0.23323053459001789   75.54499054740425   76.10963813013038
0.2400677917834628   71.74501783946948   72.31063277873594
0.24710548622244882   68.53466379724605   69.04875888643468
0.25434949381426813   65.55891813088469   66.00703435514286
0.2618058627210567   62.46350843557067   62.87783516599436
0.2694808184095226   59.07365526680538   59.50727250135721
0.27738076884870827   55.49520172896192   56.00180210324494
0.2855123098601282   51.97109880927453   52.56985753224266
0.29388223062474755   48.74392107899503   49.4173748078525
0.3024975193514008   45.96171321167324   46.6654591469325
0.31136536911138296   43.56481646696087   44.25514334959999
0.3204931838440838   41.35505065942201   42.0159710326178
0.32988858453867975   39.14956497935923   39.80015519141484
0.3395594155970457   36.87125959242851   37.544547410917595
0.34951375138319807   34.600380107416676   35.31975330521648
0.3597599029647371   32.479614196171276   33.240291283478356
0.37030642505191835   30.57876190762709   31.35377417645224
0.3811621231401457   28.868026251872703   29.63502265904367
0.3923360608618501   27.25058982785784   28.00754305353837
0.4038375675538918   25.654962593428777   26.4171863578426
0.41567624604680364   24.093733851684004   24.87417512761033
0.42786198068238046   22.624025062823772   23.420887231976568
0.4404049455663077   21.276080651008556   22.07676478849243
0.4533156130627191   20.02704328079195   20.822354433000612
0.4666047625377753   18.83629839405678   19.629024396047093
0.4802834893595659   17.688898868082983   18.48618435025639
0.49436321416184764   16.60386966309211   17.405803864485637
0.5088556923793517   15.593626227990805   16.395034051238163
0.5237730240626238   14.648649471855839   15.445766039098793
0.5391276639805903   13.75237766347588   14.546558082152206
0.5549324320192869   12.902108361867352   13.695273736691794
0.5712005238854289   12.103534734245919   12.89409388821061
0.5879455221237613   11.355234138317117   12.141021493311037
0.6051814074573895   10.6500063846141   11.430773521008708
0.622922570460556   9.984273223798372   10.76037270693742
0.6411838235736077   9.358545537816301   10.129280109061872
0.6599804134701901   8.770962397489797   9.535328948960768
0.6793280337869897   8.218726288279932   8.976316435764705
0.6992428382266549   7.698331661428401   8.449106550403943
0.7197414540448374   7.209596931814788   7.95300327648235
0.7408409959326054   6.750768688721278   7.486286145539543
0.7625590803058332   6.3200538224405225   7.047232697869197
0.7849138400134885   5.915767079350326   6.634218465935342
0.8079239394770964   5.5363243854558855   6.24571170159442
0.8316085902740278   5.180236602894897   5.880268360124893
0.8559875671776167   4.846103689849811   5.536527330840953
0.8810812246675007   4.53261044732059   5.213206828754622
0.9069105139239728   4.238542781087268   4.909116554757888
0.9334970003205227   3.962773997251441   4.623147336670694
0.960862881429187   3.7042369086558407   4.354249445778648
0.9890310055537336   3.461920414480053   4.101429334594141
1.0180248908061487   3.2348670639500745   3.8637471316213357
1.047868744742366   3.022170683448055   3.6403141976277213
1.0785874845736239   2.822974069192557   3.4302907473517426
1.1102067579703248   2.6364661447251683   3.232883331024275
1.1427529644757777   2.46187533411437   3.047341027277735
1.1762532775476793   2.298471395868982   2.87295458030086
1.210735667245765   2.1455664651449946   2.70905537635204
1.246228923584555   2.0025127946698627   2.555013345091605
1.2827626805706884   1.8687005750660723   2.4102349365821327
1.3203674409449337   1.7435558620997083   2.2741611837317417
1.3590746016495152   1.6265386064220178   2.1462658486822987
1.3989164800420282   1.517140915077054   2.0260537401964966
1.4399263408778291   1.4148857113206519   1.9130593227629478
1.4821384240834183   1.3193244532208233   1.8068447247769401
1.525587973344019   1.230035344623718   1.7069980746356395
1.5703112655292182   1.1466218509450374   1.6131320559732862
1.6163456409812174   1.0687112889573334   1.5248825321567419
1.6637295346910133   0.9959534874699532   1.4419072378420064
1.7125025083885144   0.9280195157250687   1.3638845341863184
1.7627052835733923   0.8646003708388544   1.2905115966220393
1.814379775514258   0.805405704711933   1.2215024646251682
1.8675691282445197   0.75016303089283   1.156588646270825
1.922317750584177   0.6986167321407659   1.0955183453813278
1.9786713532176083   0.6505270707173489   1.0380554404980242
2.0366769868582977   0.6056692526148243   0.9839785234290533
2.0963830815323896   0.5638325430876738   0.9330799942323666
2.1578394870138577   0.52481942985082   0.8851651807024837
2.2210975144450407   0.48844477612084375   0.8400500030367876
2.286209979177315   0.45453506705971225   0.7975598386252053
2.3532312448676476   0.4229278037957214   0.757531309183903
2.4222172688678643   0.39347084153141115   0.7198117251957246
2.4932256489445366   0.36602175748694965   0.6842583618691657
2.5663156713684585   0.3404472553352788   0.6507377854164176
2.641548360413907   0.31662260417708454   0.6191252260925613
2.7189865293089923   0.2944311181070847   0.58930386336922
2.798694832679631   0.27376378792186085   0.5611620713200016
2.8807398205309562   0.25451875056060635   0.5345937101211016
2.9651899938111903   0.23660071111379613   0.5094999162679549
3.05211586160442   0.21992053525400307   0.48578863466283817
3.1415899999999994   0.2043948697594768   0.4633741124707986
