0.01   969.0147363359289   968.9811986024125
0.010293154462191829   983.5788117791549   983.5450258069196
0.010594902878253955   997.9458907265712   997.9118619479041
0.010905497183778876   1012.0888713563048   1012.0545149051517
0.011225196699963396   1025.979315595051   1025.9445316038114
0.011554268350120923   1039.587438103528   1039.5521948501055
0.011892986882540897   1052.8828469968403   1052.8471886465516
0.012241635099881474   1065.8341802984216   1065.7982068082476
0.012600504095286909   1078.4079965947299   1078.371782699396
0.012969893495426888   1090.570068732143   1090.5336442640382
0.013350111710660605   1102.2857691371528   1102.249120388347
0.013741476192534558   1113.5194236222667   1113.482543254453
0.014144313698828986   1124.2345947852268   1124.1975212881082
0.01455896056637426   1134.3947824005345   1134.3576026445082
0.014985762991865008   1143.962889310892   1143.9257051543022
0.01542507732090645   1152.9003542719229   1152.8631976003776
0.015877270345534218   1161.1686900829243   1161.131507697124
0.016342719610456153   1168.7298001584038   1168.692461973682
0.016821813728271667   1175.5453153670187   1175.5077107791058
0.017314952703931925   1181.577194576689   1181.539286721739
0.017822548268711737   1186.788420905523   1186.7502483372978
0.01834502422397195   1191.1428399306772   1191.1044608209954
0.018882816794999403   1194.6050890001193   1194.5664821163145
0.019436374995219892   1197.1414070293029   1197.1024609755216
0.02000616100108813   1198.7200027508377   1198.6805273984173
0.020592650537967844   1199.3116820942114   1199.2714824045868
0.021196333277324068   1198.8897801913063   1198.8486855644126
0.02181771324555934   1197.4302393064377   1197.388104531277
0.022457309244835088   1194.9133600160399   1194.8700613387048
0.02311565528622961   1191.3243808722254   1191.2798107338306
0.023793301035594242   1186.6517699310346   1186.6058372448254
0.024490812272480036   1180.8885259173346   1180.841157592924
0.025208771362518027   1174.0365008860017   1173.987646411967
0.0259477777436476   1166.1023360967838   1166.0519687808953
0.02670844842659881   1157.0963393650345   1157.0444603590079
0.027491418510046592   1147.0390938446747   1146.9858120578428
0.028297341710866907   1135.9605105389794   1135.9061114777705
0.029126890909937666   1123.8933981884782   1123.8383387107187
0.029980758713939952   1110.8781029571687   1110.8229804733483
0.030859658033628758   1096.9720371368064   1096.91751638091
0.031764322679055976   1082.2364334250833   1082.183227389608
0.03269550797224261   1066.7341569098041   1066.6830277430026
0.033653991377811755   1050.541033331284   1050.4928783147602
0.03464057315210884   1033.7402610354402   1033.6961602318238
0.03565607701135116   1016.413340298822   1016.3745392467573
0.036701350819364466   998.653523787621   998.6213155229842
0.03777726729548091   980.5798300568239   980.5553360227623
0.038884724743189276   962.3088002843344   962.2929509617195
0.04002464780014597   943.9468842973939   943.9404626306873
0.041197988210172884   925.5678191217376   925.571726319981
0.04240572561788674   907.228482565031   907.2438464485654
0.04364886838662332   888.9828272090755   889.0109686355086
0.04492845444033957   870.9286215931552   870.9702968709587
0.04624555213019635   853.2274072583758   853.281747156426
0.04760126112654554   836.0335278911142   836.0980850117613
0.04899671333706607   819.4693614611366   819.540495523246
0.05043307385181555   803.5448913384932   803.6191974546676
0.05191154191598653   788.2347336181982   788.309466288024
0.053433351931179485   773.5122433368502   773.5852154584703
0.05499977448602865   759.3157835142648   759.3845604086112
0.05661211741704101   745.5601215111727   745.6214610947685
0.05827172690053434   732.1631677589068   732.2130758269008
0.05997998857658587   719.0215256455101   719.0554571935916
0.06173832870592997   706.0179925633194   706.0310159871109
0.0635482153607709   693.039839569978   693.0268243135564
0.06541115965050462   679.9607857149639   679.917355956077
0.06732871698337338   666.6553555029645   666.5782672390728
0.06930248836510605   652.9905846990282   652.8785283310252
0.07133412173562886   638.8117318472314   638.6668033737564
0.07342531334496233   623.9758997677088   623.8036223912595
0.07557780916945323   608.3500618082911   608.1596329966671
0.07779340636952398   591.8234904695652   591.6275927050664
0.08007395479015682   574.3574072217231   574.1721173136175
0.08242135850536496   555.970066136396   555.8144153729623
0.08483757740794096   536.7817810673926   536.6754697392923
0.08732462884580919   516.9955007405563   516.9570082250714
0.08988458930634863   496.8794362758015   496.9256071630911
0.09251959615009227   476.74159970665823   476.8872837668115
0.09523184939525078   456.89752362800834   457.1538179960444
0.09802361355455057   437.6475134060612   438.02078855528634
0.10089721952591899   419.26715164523347   419.75772887373176
0.10385506653859616   401.99610660431244   402.5965246780658
0.10689962415629803   386.039820989722   386.73179214717874
0.11003343433910281   371.53469077061675   372.29149502700824
0.11325911356578279   358.5244475124821   359.3142999673688
0.11657935501835284   346.9326474697158   347.7218854806489
0.11999693083066039   336.52806893320326   337.2849584883443
0.12351469440289359   326.96380695738975   327.66418110289106
0.12713558278394044   317.8093078372202   318.44161868636417
0.13086261912358757   308.628726417131   309.19820415525254
0.13469891519660646   299.03868102637875   299.56832133684463
0.13864767400083483   288.76081763087984   289.2902900125077
0.14271219243142114   277.6659269828926   278.2474428002557
0.14689586403346616   265.7856834890663   266.4788836673757
0.1512021818353596   253.3310033940748   254.1963256194346
0.15563474126517718   240.64731556182986   241.73247550058795
0.16019724315257297   228.14473729621713   229.4778986186503
0.1648934968186736   216.2406455734349   217.82607017528878
0.1697274232565544   205.31399696812008   207.12305550206872
0.17470305840495237   195.6424578352119   197.62025622429277
0.17982455651794954   187.3025714278923   189.37797800774572
0.18509619363343993   180.10337027170576   182.20854539755447
0.19052237114327647   173.63079161658442   175.72211342280366
0.19610761946807834   167.4099221067722   169.47587208838632
0.20185660183976684   161.0482147381724   163.112660355116
0.20777411819498756   154.2723572041068   156.39020401923258
0.21386510918267082   146.9689598229749   149.22321243266808
0.22013466028907505   139.28370914331862   141.74467944874831
0.22658800608375756   131.60587413819636   134.3076254164483
0.23323053459001789   124.36118027889648   127.29492727020296
0.2400677917834628   117.82954745363821   120.94340885912185
0.24710548622244882   112.11106480244406   115.32951466784472
0.25434949381426813   107.10729906416267   110.35771637021944
0.2618058627210567   102.52638988562937   105.76373465933712
0.2694808184095226   98.02584388688615   101.25398537365719
0.27738076884870827   93.36905380275577   96.63691234697247
0.2855123098601282   88.50389411893083   91.8727280521238
0.29388223062474755   83.6097356052416   87.11730674744706
0.3024975193514008   78.96501814453433   82.60238481904314
0.31136536911138296   74.74594344930203   78.46612717652208
0.3204931838440838   70.97656203304072   74.7214946277942
0.32988858453867975   67.5335985147361   71.26045365114035
0.3395594155970457   64.20549086533259   67.91747012978153
0.34951375138319807   60.86382766900002   64.5902245624067
0.3597599029647371   57.52604927080465   61.300439337015874
0.37030642505191835   54.30818251484666   58.13657512720875
0.3811621231401457   51.331417793515556   55.1876786701687
0.3923360608618501   48.60742665335654   52.45687359231789
0.4038375675538918   46.05318576207652   49.87996601791369
0.41567624604680364   43.58098835976037   47.39266927300953
0.42786198068238046   41.16224949709283   44.97637459876308
0.4404049455663077   38.841928399529095   42.66393913272351
0.4533156130627191   36.67132599312115   40.48719732291559
0.4666047625377753   34.64725025408605   38.440847666268226
0.4802834893595659   32.72881919851819   36.496555233845
0.49436321416184764   30.884708289283992   34.63268248549772
0.5088556923793517   29.122415079239133   32.85385884818612
0.5237730240626238   27.46046313213057   31.17001811733456
0.5391276639805903   25.898663576822326   29.57869526861367
0.5549324320192869   24.417943067865462   28.066982249203786
0.5712005238854289   23.007975307232275   26.62773924133521
0.5879455221237613   21.67212074871513   25.26168425718609
0.6051814074573895   20.41267288398225   23.968393263117118
0.622922570460556   19.222453551971853   22.74221191500657
0.6411838235736077   18.0945481648777   21.57810291184579
0.6599804134701901   17.02787859659794   20.474422267591166
0.6793280337869897   16.02135956217756   19.429151543952194
0.6992428382266549   15.070646145005613   18.438320938508962
0.7197414540448374   14.17250367919402   17.49961032977866
0.7408409959326054   13.324674841795641   16.610355904687854
0.7625590803058332   12.524663178630814   15.76794895667657
0.7849138400134885   11.769978874987327   14.97004521014177
0.8079239394770964   11.058247409194777   14.2144018583916
0.8316085902740278   10.387205185753903   13.498874795361216
0.8559875671776167   9.754695268144827   12.821415759008367
0.8810812246675007   9.158663213830078   12.18006940793612
0.9069105139239728   8.597153501943662   11.57296951277435
0.9334970003205227   8.068311525492414   10.998325570398578
0.960862881429187   7.570376180680085   10.454425325731044
0.9890310055537336   7.1016707520104365   9.93964093097226
1.0180248908061487   6.660599544451829   9.45242566617316
1.047868744742366   6.245644713291762   8.991310512900041
1.0785874845736239   5.855363161987021   8.554900812304878
1.1102067579703248   5.488383510880822   8.141873010831818
1.1427529644757777   5.143402246515032   7.750968596320833
1.1762532775476793   4.819179274205656   7.380985623160723
1.210735667245765   4.514537942400089   7.030784527727955
1.246228923584555   4.2283628164079845   6.699286972951112
1.2827626805706884   3.959596897370306   6.385472772697065
1.3203674409449337   3.7072389381848123   6.088376948235553
1.3590746016495152   3.4703408552014894   5.807086913350259
1.3989164800420282   3.2480052181014862   5.5407390270200105
1.4399263408778291   3.03938257369902   5.288502842099384
1.4821384240834183   2.843669255932186   5.049583044289605
1.525587973344019   2.6601054607241634   4.823230742964251
1.5703112655292182   2.4879731029058285   4.608741143051921
1.6163456409812174   2.326593750125944   4.405450880415114
1.6637295346910133   2.175326642587967   4.212735520631337
1.7125025083885144   2.0335667962632296   4.030007211142241
1.7627052835733923   1.900743095994646   3.8567090237498824
1.814379775514258   1.7763163319519593   3.6923036757397703
1.8675691282445197   1.6597778864347494   3.536283825003602
1.922317750584177   1.5506482304254985   3.388173607457514
1.9786713532176083   1.448475389387363   3.2475265457965428
2.0366769868582977   1.3528334804458826   3.1139236055507347
2.0963830815323896   1.2633213183285337   2.986971387523365
2.1578394870138577   1.1795610778239318   2.8662998444674583
2.2210975144450407   1.1011967920308894   2.751545405495906
2.286209979177315   1.027893207632711   2.642351078077954
2.3532312448676476   0.959334943167179   2.538383584936206
2.4222172688678643   0.8952253959017078   2.4393324764350193
2.4932256489445366   0.8352856891312698   2.3449084077091853
2.5663156713684585   0.7792536737087136   2.2548415581824344
2.641548360413907   0.7268829813566928   2.168880180783298
2.7189865293089923   0.6779422376574087   2.0867888745266128
2.798694832679631   0.6322145881015083   2.0083459062817144
2.8807398205309562   0.5894963927920501   1.9333436954662406
2.9651899938111903   0.5495962998808337   1.8615884010545236
3.05211586160442   0.5123345544578305   1.7928989256066605
3.1415899999999994   0.4775423423619167   1.7271059987223163
