0.01   3217.447074312898   3217.361376948403
0.010293154462191829   3256.81775173684   3256.730765927879
0.010594902878253955   3295.0080727146337   3294.9196354660917
0.010905497183778876   3331.90750493499   3331.8174763240563
0.011225196699963396   3367.4005639106235   3367.30890404476
0.011554268350120923   3401.3706957086188   3401.2774704776543
0.011892986882540897   3433.69836536915   3433.6037036777425
0.012241635099881474   3464.25857864901   3464.1625719968542
0.012600504095286909   3492.9257294210543   3492.8284167377733
0.012969893495426888   3519.5738876020014   3519.475247797255
0.013350111710660605   3544.070678458027   3543.970582646753
0.013741476192534558   3566.281520016247   3566.17970625491
0.014144313698828986   3586.073877913135   3585.9699502821304
0.01455896056637426   3603.314037673041   3603.2075608866608
0.014985762991865008   3617.865350084412   3617.7560046998774
0.01542507732090645   3629.594864388143   3629.482464544076
0.015877270345534218   3638.3735421914507   3638.2579804086513
0.016342719610456153   3644.07115367651   3643.952062998998
0.016821813728271667   3646.5618247039383   3646.4384567477987
0.017314952703931925   3645.7275437665776   3645.5987754025687
0.017822548268711737   3641.4559885659173   3641.320453974638
0.01834502422397195   3633.640942784937   3633.497192367336
0.018882816794999403   3622.1870906158006   3622.0336103016984
0.019436374995219892   3607.0113982933844   3606.846586112546
0.02000616100108813   3588.044429520113   3587.866463761224
0.020592650537967844   3565.2310148221213   3565.037835474095
0.021196333277324068   3538.5314170762035   3538.3207590002276
0.02181771324555934   3507.928627920413   3507.6982352693176
0.022457309244835088   3473.4280629018162   3473.1758775483804
0.02311565528622961   3435.052018529937   3434.776200755774
0.023793301035594242   3392.847874280222   3392.546894979614
0.024490812272480036   3346.9036111874375   3346.5764918987143
0.025208771362518027   3297.3271010563835   3296.9734461729586
0.0259477777436476   3244.2442213634013   3243.864241129453
0.02670844842659881   3187.831902446493   3187.42688680837
0.027491418510046592   3128.3021329134867   3127.8747084966676
0.028297341710866907   3065.87539582964   3065.4294235450393
0.029126890909937666   3000.8102437278585   3000.35081286392
0.029980758713939952   2933.4348573438783   2932.968388884211
0.030859658033628758   2864.0804630202706   2863.614568949971
0.031764322679055976   2793.0792951809776   2792.6226326614496
0.03269550797224261   2720.8287496554976   2720.3911118941737
0.033653991377811755   2647.742188120656   2647.334427602999
0.03464057315210884   2574.207926542029   2573.8417320183025
0.03565607701135116   2500.663194688001   2500.3503642680203
0.036701350819364466   2427.627924871227   2427.3794288391696
0.03777726729548091   2355.58094886905   2355.406870063447
0.038884724743189276   2284.9425665550007   2284.8520943578337
0.04002464780014597   2216.0457637549757   2216.046975953028
0.041197988210172884   2149.168381891118   2149.268254307837
0.04240572561788674   2084.556702589373   2084.7611251548033
0.04364886838662332   2022.6027667075368   2022.913078760471
0.04492845444033957   1963.8571210148548   1964.2665100732863
0.04624555213019635   1908.8117760928333   1909.306110642727
0.04760126112654554   1857.7479762089215   1858.3069077390253
0.04899671333706607   1810.5157021181635   1811.113791611731
0.05043307385181555   1766.911821398108   1767.5190518427028
0.05191154191598653   1726.7206082095547   1727.3025817718008
0.053433351931179485   1689.6612148631143   1690.1790564961939
0.05499977448602865   1655.461078294142   1655.8716001606551
0.05661211741704101   1623.7621165877251   1624.0191543211267
0.05827172690053434   1594.0756467027174   1594.1318890825814
0.05997998857658587   1565.9140820928405   1565.7218678669544
0.06173832870592997   1538.65543838021   1538.171385944236
0.0635482153607709   1511.63886419812   1510.8261902776799
0.06541115965050462   1484.121811756049   1482.955899844008
0.06732871698337338   1455.2539425258237   1453.7293443193055
0.06930248836510605   1424.2214741363782   1422.3554439240938
0.07133412173562886   1390.2346370191435   1388.0745468956422
0.07342531334496233   1352.6421238889745   1350.26734544658
0.07557780916945323   1311.044555079169   1308.5720707835594
0.07779340636952398   1265.2919224046777   1262.8690948228755
0.08007395479015682   1215.6519544904324   1213.4408837176902
0.08242135850536496   1162.6613039342812   1160.8330666449128
0.08483757740794096   1107.1816469471962   1105.9145612884422
0.08732462884580919   1050.2508771803007   1049.7112821973371
0.08988458930634863   993.0422745639088   993.3658457641081
0.09251959615009227   936.8734767654357   938.1538378015281
0.09523184939525078   883.0037597052115   885.2894139242286
0.09802361355455057   832.7303116494589   835.9996932673872
0.10089721952591899   787.1885584519025   791.3477132625824
0.10385506653859616   747.2442896976327   752.1162729506849
0.10689962415629803   713.4069952693626   718.7482751052733
0.11003343433910281   685.634502326616   691.1628929422469
0.11325911356578279   663.4110603518866   668.8238761278097
0.11657935501835284   645.735987436497   650.7318551487498
0.11999693083066039   631.2125222006583   635.5575455075704
0.12351469440289359   618.2238341540469   621.7829083561554
0.12713558278394044   605.0138417418872   607.7673906997097
0.13086261912358757   589.918301049372   592.0143789877766
0.13469891519660646   571.5929060450997   573.3417970647339
0.13864767400083483   549.2467527212326   551.0739824466008
0.14271219243142114   522.8315980284119   525.2504194861946
0.14689586403346616   493.0475741724232   496.5734957212558
0.1512021818353596   461.2748251428963   466.32112226160865
0.15563474126517718   429.4149252704526   436.2015090755889
0.16019724315257297   399.5917638381435   408.0875594636733
0.1648934968186736   373.6494370943973   383.5610059008369
0.1697274232565544   352.63265073645266   363.4455775342594
0.17470305840495237   336.59695902131153   347.67483286360033
0.17982455651794954   324.77206108433325   335.53716692731973
0.18509619363343993   315.7826095534783   325.77491997035224
0.19052237114327647   307.76142539509016   316.797252007276
0.19610761946807834   298.6396963809649   306.88870028045164
0.20185660183976684   286.8491720633029   294.81037618435374
0.20777411819498756   271.9774698862788   280.33666139793183
0.21386510918267082   254.79611842225813   264.19752888354793
0.22013466028907505   236.85785438576818   247.63717767209124
0.22658800608375756   220.0412307541701   232.15738729917427
0.23323053459001789   205.92209660397128   218.93021929292638
0.2400677917834628   195.15148124472717   208.39087099694518
0.24710548622244882   187.2453477332843   200.0068877965427
0.25434949381426813   180.878839597759   192.81307267219202
0.2618058627210567   174.31829713667383   185.51702331191075
0.2694808184095226   166.28876669459873   177.2468612198559
0.27738076884870827   156.60737207419996   167.90030642785538
0.2855123098601282   146.08968732958695   158.18211684399606
0.29388223062474755   136.09057417829607   148.97409383507593
0.3024975193514008   127.76157809778252   141.02965407456014
0.31136536911138296   121.32526385884826   134.42445575736522
0.3204931838440838   116.08577851770369   128.64356974084086
0.32988858453867975   110.93426510833496   122.9839002324118
0.3395594155970457   105.05925843901942   116.99474178504417
0.34951375138319807   98.52675764876363   110.75294236557725
0.3597599029647371   92.08436443452752   104.71503577027026
0.37030642505191835   86.47338378967767   99.26613092121322
0.3811621231401457   81.87764006422158   94.47774202487439
0.3923360608618501   77.82334674352597   90.07190159186108
0.4038375675538918   73.68344697978003   85.72050285723314
0.41567624604680364   69.26878132525037   81.33814035498301
0.42786198068238046   64.90750288296107   77.10355001928035
0.4404049455663077   61.01548328989624   73.21197302267258
0.4533156130627191   57.63879112182027   69.64210040786084
0.4666047625377753   54.47890105108939   66.26069859583349
0.4802834893595659   51.28176705941022   62.96986321114397
0.49436321416184764   48.12517265381328   59.793073916367916
0.5088556923793517   45.22012263232444   56.81642698880791
0.5237730240626238   42.60591941559591   54.04371073948202
0.5391276639805903   40.13097148466581   51.40526957809882
0.5549324320192869   37.70525780267664   48.87581668198985
0.5712005238854289   35.39838574605048   46.4731990414123
0.5879455221237613   33.276201032314106   44.21354568200589
0.6051814074573895   31.292337477312532   42.077141757248725
0.622922570460556   29.388159571582253   40.03986726687614
0.6411838235736077   27.583219578861456   38.107359154504884
0.6599804134701901   25.90217037227522   36.28190291271773
0.6793280337869897   24.32441769332192   34.55392141699448
0.6992428382266549   22.83354436468702   32.91526247319672
0.7197414540448374   21.425392309167776   31.361294262238943
0.7408409959326054   20.09726646749513   29.88805135410859
0.7625590803058332   18.84630157966016   28.49170817368025
0.7849138400134885   17.66950574562706   27.16857952125852
0.8079239394770964   16.563672522781506   25.915073790950277
0.8316085902740278   15.524838745721215   24.727472578427697
0.8559875671776167   14.548968113916438   23.602152836775222
0.8810812246675007   13.632273979352137   22.535695345159912
0.9069105139239728   12.771203564269381   21.524873483494115
0.9334970003205227   11.962422693945516   20.566642404902105
0.960862881429187   11.202801593097146   19.6581288022895
0.9890310055537336   10.48940169764854   18.796621225387423
1.0180248908061487   9.819493419491844   17.979547801898327
1.047868744742366   9.190588521670598   17.204446549858265
1.0785874845736239   8.600341743913086   16.468993370161403
1.1102067579703248   8.046527813956779   15.77100065198854
1.1427529644757777   7.527036484187274   15.108408932311052
1.1762532775476793   7.039867675665337   14.479279081020048
1.210735667245765   6.5831267362733765   13.88178497784599
1.246228923584555   6.155019627316733   13.314205718435037
1.2827626805706884   5.753839766217672   12.77487580552269
1.3203674409449337   5.377962878213335   12.262169154183718
1.3590746016495152   5.025856649212144   11.774559271312294
1.3989164800420282   4.696076893784361   11.310617289583965
1.4399263408778291   4.387262820920827   10.869005139531403
1.4821384240834183   4.098132530691166   10.448469236934734
1.525587973344019   3.827478732152986   10.047834643990223
1.5703112655292182   3.57416478532071   9.66599671916767
1.6163456409812174   3.337122185052015   9.301879069579172
1.6637295346910133   3.11534604128072   8.954446332925148
1.7125025083885144   2.9078903671131022   8.62273179263791
1.7627052835733923   2.71386484362574   8.305833029787937
1.814379775514258   2.532431771249831   8.002907213277405
1.8675691282445197   2.36280317100579   7.713166769596017
1.922317750584177   2.204238029493248   7.435875399070333
1.9786713532176083   2.056039503409112   7.170335982979819
2.0366769868582977   1.917551656602685   6.915847752769878
2.0963830815323896   1.7881580188116957   6.671741371880939
2.1578394870138577   1.6672797400532187   6.437395391252654
2.2210975144450407   1.5543734086425947   6.212232669351205
2.286209979177315   1.4489289868423916   5.9957170688425485
2.3532312448676476   1.3504678590564498   5.787350434281296
2.4222172688678643   1.2585409873923745   5.586669831244168
2.4932256489445366   1.1727275030430393   5.393251054121289
2.5663156713684585   1.092633518364371   5.206715979250446
2.641548360413907   1.017889604536293   5.026714449747072
2.7189865293089923   0.9481491922202843   4.852919362671571
2.798694832679631   0.883087239340631   4.685025124331577
2.8807398205309562   0.8223989699343415   4.522746219837144
2.9651899938111903   0.7657986807941191   4.365815887034284
3.05211586160442   0.7130185811182922   4.213984128393725
3.1415899999999994   0.6638063698247629   4.066982768191552
