0.01   7136.762444523521   7136.235962132743
0.010293154462191829   7230.240709986195   7229.6696225756195
0.010594902878253955   7321.714361564817   7321.094553967715
0.010905497183778876   7410.972632764195   7410.299543773451
0.011225196699963396   7497.797363154008   7497.065928551603
0.011554268350120923   7581.95495312049   7581.159441857061
0.011892986882540897   7663.206444866705   7662.34041888066
0.012241635099881474   7741.309809044421   7740.366132530917
0.012600504095286909   7816.011926049675   7814.982974719636
0.012969893495426888   7887.051905131479   7885.929725146288
0.013350111710660605   7954.168280264474   7952.944610812581
0.013741476192534558   8017.094184717385   8015.760337747664
0.014144313698828986   8075.550369272832   8074.096919902377
0.01455896056637426   8129.25791716561   8127.674676934146
0.014985762991865008   8177.940084969233   8176.2160579437805
0.01542507732090645   8221.31266729751   8219.435449829325
0.015877270345534218   8259.09098562557   8257.046460814796
0.016342719610456153   8290.99775792298   8288.770134358503
0.016821813728271667   8316.757970145927   8314.330052671852
0.017314952703931925   8336.095384578697   8333.449024441165
0.017822548268711737   8348.74508159105   8345.861310412412
0.01834502422397195   8354.455556903114   8351.314509906502
0.018882816794999403   8352.985176723361   8349.565003890004
0.019436374995219892   8344.108024861   8340.384555264336
0.02000616100108813   8327.618493892393   8323.56542347015
0.020592650537967844   8303.334930109791   8298.924501792306
0.021196333277324068   8271.102060928997   8266.305917733614
0.02181771324555934   8230.790649138571   8225.580120132721
0.022457309244835088   8182.303682838271   8176.650156562988
0.02311565528622961   8125.5950456225555   8119.470772926793
0.023793301035594242   8060.654779311071   8054.033289411761
0.024490812272480036   7987.504985498544   7980.361396501183
0.025208771362518027   7906.234477366684   7898.547007124096
0.0259477777436476   7816.997870319566   7808.749274634963
0.02670844842659881   7719.979887421503   7711.157599280129
0.027491418510046592   7615.419186749841   7606.016265379029
0.028297341710866907   7503.669541873487   7493.687719996728
0.029126890909937666   7385.122881199194   7374.572895220403
0.029980758713939952   7260.193753426953   7249.094959836337
0.030859658033628758   7129.413945601479   7117.794882741382
0.031764322679055976   6993.397393361818   6981.295887091549
0.03269550797224261   6852.753327182669   6840.215636785913
0.033653991377811755   6708.153038206607   6695.233512327647
0.03464057315210884   6560.431756515489   6547.193254366822
0.03565607701135116   6410.413629178193   6396.926515338821
0.036701350819364466   6258.888408368795   6245.229079989256
0.03777726729548091   6106.710912613233   6092.958209802095
0.038884724743189276   5954.73997163908   5940.972888152438
0.04002464780014597   5803.766573762826   5790.063546274355
0.041197988210172884   5654.59837490197   5641.032667309653
0.04240572561788674   5508.129266171544   5494.761216560996
0.04364886838662332   5365.180517922363   5352.057537230784
0.04492845444033957   5226.504418369604   5213.659229536415
0.04624555213019635   5092.907089332264   5080.339087468893
0.04760126112654554   4965.163966163036   4952.833744454852
0.04899671333706607   4843.946243145817   4831.779295634293
0.05043307385181555   4729.47149230295   4717.36086475639
0.05191154191598653   4621.55899596465   4609.367541373922
0.053433351931179485   4520.011202830058   4507.574286154926
0.05499977448602865   4424.399787194253   4411.533669686307
0.05661211741704101   4334.083867714852   4320.5934401766945
0.05827172690053434   4248.429275585542   4234.110629247458
0.05997998857658587   4166.560587155632   4151.215939591847
0.06173832870592997   4087.5072133111516   4070.9529259076676
0.0635482153607709   4010.2440828631516   3992.3247689077725
0.06541115965050462   3933.5164699152615   3914.139407538867
0.06732871698337338   3856.078015068948   3835.223568640247
0.06930248836510605   3776.465975753645   3754.243421085023
0.07133412173562886   3693.1923472406743   3669.8620483961436
0.07342531334496233   3604.8229955467223   3580.8179988506517
0.07557780916945323   3510.0240466257183   3485.9630590273837
0.07779340636952398   3407.8789483789806   3384.583969717158
0.08007395479015682   3297.938683099282   3276.4458076664787
0.08242135850536496   3180.4131824405467   3161.90120470879
0.08483757740794096   3056.171900632327   3041.8821808216576
0.08732462884580919   2926.7389342963183   2917.875438366245
0.08988458930634863   2794.090845260052   2791.7428827540652
0.09251959615009227   2660.5676777072226   2665.6499000449203
0.09523184939525078   2528.623525960731   2541.804641210266
0.09802361355455057   2400.846993166244   2422.4231008753036
0.10089721952591899   2279.601320284532   2309.4753705916846
0.10385506653859616   2167.216497520121   2204.799661129072
0.10689962415629803   2065.535617096879   2109.794068151049
0.11003343433910281   1975.865275240322   2025.3366619617843
0.11325911356578279   1898.563077114677   1951.4603488640942
0.11657935501835284   1833.0267099541584   1887.3467546749537
0.11999693083066039   1777.457755576208   1831.3381121255677
0.12351469440289359   1729.297226865881   1781.2219649601727
0.12713558278394044   1685.2575706745674   1734.2162595934462
0.13086261912358757   1641.8822813621837   1687.585697637083
0.13469891519660646   1595.8296770605973   1638.8691037599788
0.13864767400083483   1544.3184845463454   1586.160801380959
0.14271219243142114   1485.6146387282179   1528.4299527971575
0.14689586403346616   1419.3314937207135   1465.6567868968045
0.1512021818353596   1346.587055229921   1398.9100916570278
0.15563474126517718   1269.8394648102064   1330.2990111478848
0.16019724315257297   1192.493895638993   1262.29679177286
0.1648934968186736   1118.4513705296554   1197.5589848034467
0.1697274232565544   1051.465883890573   1138.527499790079
0.17470305840495237   994.2624698918463   1086.6730864665096
0.17982455651794954   947.6806673518324   1042.1356755844072
0.18509619363343993   910.4594119077125   1003.9497622159242
0.19052237114327647   879.8146431579304   969.9949289200745
0.19610761946807834   852.1911827198509   937.9304365143058
0.20185660183976684   823.7683280093651   905.5853152250446
0.20777411819498756   791.1934152391647   871.209304140686
0.21386510918267082   752.8714632357703   834.3544391802797
0.22013466028907505   709.8007826115355   795.6592301599148
0.22658800608375756   664.946295464418   757.0817942171243
0.23323053459001789   621.9022197862492   720.3619215328295
0.2400677917834628   583.8566478404941   687.0067924038669
0.24710548622244882   552.6063013799067   657.4208971550048
0.25434949381426813   527.7400026337123   631.3354822116892
0.2618058627210567   506.89302276291136   607.3437657765569
0.2694808184095226   486.8044005592607   583.9759809624408
0.27738076884870827   464.61353729835236   560.389046367151
0.2855123098601282   439.3132555803954   536.211515535666
0.29388223062474755   412.25182468610876   512.1632088879695
0.3024975193514008   385.93316760182273   489.1229296461664
0.31136536911138296   362.69453618358256   467.8879187601669
0.3204931838440838   343.51021920055865   448.36247434741927
0.32988858453867975   327.34565720561847   430.35382164429524
0.3395594155970457   312.0721991694826   413.09143521141834
0.34951375138319807   295.924122680678   396.01651112021705
0.3597599029647371   278.57034798909876   379.3248834598057
0.37030642505191835   261.25381283491896   363.2446477975086
0.3811621231401457   245.53545593320655   348.1207516552479
0.3923360608618501   232.00288202980494   333.886592027057
0.4038375675538918   219.99261153220263   320.52123808355356
0.41567624604680364   208.262680457096   307.65486491187335
0.42786198068238046   196.1930372084324   295.16417949737274
0.4404049455663077   184.23727084589012   283.1929192668124
0.4533156130627191   173.21644033597204   271.8439538807974
0.4666047625377753   163.3979280286459   261.1259955261568
0.4802834893595659   154.29895850437896   250.92987426253498
0.49436321416184764   145.36743762858632   241.13600851200331
0.5088556923793517   136.59084665951062   231.73388259839683
0.5237730240626238   128.3649842746689   222.79548014891466
0.5391276639805903   120.84348612901702   214.30692108111
0.5549324320192869   113.79115559285485   206.20962683224798
0.5712005238854289   106.97570351295248   198.4504593653398
0.5879455221237613   100.46785946492575   191.0348690164966
0.6051814074573895   94.41111319196732   183.97960103167566
0.622922570460556   88.75341130008445   177.25516597725698
0.6411838235736077   83.36833433354423   170.81491694607814
0.6599804134701901   78.25642320001823   164.65932727708528
0.6793280337869897   73.46903881005885   158.7898291829807
0.6992428382266549   68.97483532138529   153.1761521536767
0.7197414540448374   64.73592408745623   147.80709984127824
0.7408409959326054   60.736428757155366   142.67315763959374
0.7625590803058332   56.96622799368873   137.7614626609351
0.7849138400134885   53.41523058332247   133.05995077592658
0.8079239394770964   50.073425808720245   128.55730500199917
0.8316085902740278   46.9309299001593   124.24290349137908
0.8559875671776167   43.97757072664498   120.10655648374376
0.8810812246675007   41.20250158090816   116.13822241729096
0.9069105139239728   38.59533127841559   112.32844744912565
0.9334970003205227   36.146259912470384   108.66839400249431
0.960862881429187   33.846045469105334   105.14979721909339
0.9890310055537336   31.685972348140623   101.76492487524514
1.0180248908061487   29.657821678531445   98.50654046154574
1.047868744742366   27.753851281554077   95.36783491428486
1.0785874845736239   25.96686433837966   92.34196595965608
1.1102067579703248   24.29012531986353   89.42222045957041
1.1427529644757777   22.717250969921963   86.60235213990306
1.1762532775476793   21.242192993956515   83.8765570202593
1.210735667245765   19.859223259063484   81.23944293670648
1.246228923584555   18.56291942654093   78.68600157603304
1.2827626805706884   17.34815102236372   76.21158277895111
1.3203674409449337   16.210059093961796   73.81182471826901
1.3590746016495152   15.1440293143262   71.48252693420848
1.3989164800420282   14.145702933000912   69.21977349938479
1.4399263408778291   13.210969263271929   67.0199503461372
1.4821384240834183   12.335952723474552   64.87972618503363
1.525587973344019   11.517000470825863   62.7960348460722
1.5703112655292182   10.750670606787665   60.766058894339515
1.6163456409812174   10.033720980157439   58.78721953979417
1.6637295346910133   9.36309956952714   56.857288169130015
1.7125025083885144   8.735933978667816   54.97436109462935
1.7627052835733923   8.1495203572607   53.136699295273885
1.814379775514258   7.60131418857266   51.3427112464
1.8675691282445197   7.088921588132778   49.5909437363657
1.922317750584177   6.610091025604467   47.88007311856724
1.9786713532176083   6.162705453156015   46.208896954844924
2.0366769868582977   5.744774331642205   44.576368867354326
2.0963830815323896   5.354424665849232   42.981765513184804
2.1578394870138577   4.989896614315502   41.42449605289716
2.2210975144450407   4.649537944334683   39.90401405030955
2.286209979177315   4.331797806442244   38.41981329732333
2.3532312448676476   4.035220842256274   36.971423837038394
2.4222172688678643   3.7584416103748826   35.558408121326416
2.4932256489445366   3.5001793426988663   34.18036164488299
2.5663156713684585   3.259234537034284   32.83716446328544
2.641548360413907   3.034484551037774   31.52906880481556
2.7189865293089923   2.8248764106409983   30.256275509556435
2.798694832679631   2.6294225376571436   29.01889946874035
2.8807398205309562   2.4471969435805483   27.816973956160936
2.9651899938111903   2.277331624242214   26.650455007281582
3.05211586160442   2.1190131463706185   25.519225823777404
3.1415899999999994   1.971478583169892   24.423076624859593
