0.01   5615.331772288341   5615.15901712325
0.010293154462191829   5667.1518280307   5666.976512740866
0.010594902878253955   5716.211449374823   5716.033468203304
0.010905497183778876   5762.319012997909   5762.138287013418
0.011225196699963396   5805.282343448907   5805.098821580878
0.011554268350120923   5844.898821900934   5844.712479166708
0.011892986882540897   5880.96177404172   5880.772611061648
0.012241635099881474   5913.26741384487   5913.075456931248
0.012600504095286909   5941.60923595845   5941.414464681485
0.012969893495426888   5965.773786296899   5965.576003493332
0.013350111710660605   5985.55246955581   5985.351286284716
0.013741476192534558   6000.741833662846   6000.536683665031
0.014144313698828986   6011.131681384758   6010.921926132278
0.01455896056637426   6016.515316913472   6016.300292766982
0.014985762991865008   6016.697424719016   6016.476443808997
0.01542507732090645   6011.487921313352   6011.260101406154
0.015877270345534218   6000.700005459095   6000.464022105833
0.016342719610456153   5984.162567879591   5983.916645882271
0.016821813728271667   5961.721021346225   5961.462931649988
0.017314952703931925   5933.230732693948   5932.95770581672
0.017822548268711737   5898.565617545642   5898.2743364956905
0.01834502422397195   5857.623402707101   5857.310044403576
0.018882816794999403   5810.326497333112   5809.986895395271
0.019436374995219892   5756.623393756489   5756.253227361751
0.02000616100108813   5696.491018003317   5696.085867108482
0.020592650537967844   5629.939498350359   5629.494924988709
0.021196333277324068   5557.0249047280795   5556.5366429645055
0.02181771324555934   5477.838083170855   5477.302121809898
0.022457309244835088   5392.5018956491795   5391.914548206937
0.02311565528622961   5301.200390440098   5300.558984891259
0.023793301035594242   5204.176070752109   5203.479579886976
0.024490812272480036   5101.697965347675   5100.94695913927
0.025208771362518027   4994.080561017233   4993.27743053319
0.0259477777436476   4881.735407821309   4880.885352224181
0.02670844842659881   4765.102237675218   4764.213246945424
0.027491418510046592   4644.633815738353   4643.716387950925
0.028297341710866907   4520.88867715107   4519.955998175098
0.029126890909937666   4394.497916216403   4393.56587024822
0.029980758713939952   4266.071478630522   4265.15819639804
0.030859658033628758   4136.243423887095   4135.369097862062
0.031764322679055976   4005.757772525477   4004.9449664370964
0.03269550797224261   3875.326967978876   3874.60019826429
0.033653991377811755   3745.618053698227   3745.0030961716616
0.03464057315210884   3617.44397890912   3616.965481236866
0.03565607701135116   3491.665643041272   3491.3457296669812
0.036701350819364466   3369.0361296473993   3368.894531146524
0.03777726729548091   3250.181224070393   3250.235196044069
0.038884724743189276   3135.580474879772   3135.8444052173113
0.04002464780014597   3025.626514491782   3026.1122153196898
0.041197988210172884   2920.6839863523446   2921.399946329934
0.04240572561788674   2821.463128896218   2822.4039730485874
0.04364886838662332   2728.790313621745   2729.932792456637
0.04492845444033957   2643.355544374615   2644.6612110733195
0.04624555213019635   2565.2724495088373   2566.6913112313537
0.04760126112654554   2494.046718425928   2495.5203697127286
0.04899671333706607   2429.1966772399196   2430.659020431969
0.05043307385181555   2370.2307089865662   2371.607086862206
0.05191154191598653   2316.631326360308   2317.8372456815987
0.053433351931179485   2267.906454934754   2268.8481146730524
0.05499977448602865   2223.336264433652   2223.91483864309
0.05661211741704101   2182.069344600449   2182.1838997684454
0.05827172690053434   2143.2146133451647   2142.765749393818
0.05997998857658587   2105.6166679300363   2104.5181342935493
0.06173832870592997   2068.10547106931   2066.288199508045
0.0635482153607709   2029.2942682188104   2026.7227842654459
0.06541115965050462   1987.719472837697   1984.402165075332
0.06732871698337338   1942.0187277882594   1938.0190955510886
0.06930248836510605   1890.9600679711948   1886.4074013488594
0.07133412173562886   1833.662499670781   1828.752641025422
0.07342531334496233   1769.6901848784946   1764.6843664956523
0.07557780916945323   1699.1383447971464   1694.3437549480284
0.07779340636952398   1622.700637346718   1618.4468424602553
0.08007395479015682   1541.5326449788606   1538.1649651703026
0.08242135850536496   1457.1552825764977   1455.0235136283616
0.08483757740794096   1371.3784711706332   1370.7880783286896
0.08732462884580919   1286.1530604862394   1287.3340828045293
0.08988458930634863   1203.6759452460813   1206.7580914711507
0.09251959615009227   1125.9509468574645   1130.9573288072834
0.09523184939525078   1055.030027490097   1061.8353833329552
0.09802361355455057   992.4924945706504   1000.8298105749766
0.10089721952591899   939.4055404094299   948.8456360699796
0.10385506653859616   896.0768479382467   906.0901166910324
0.10689962415629803   862.0500109023069   872.0622070081948
0.11003343433910281   836.07237898205   845.5014384328368
0.11325911356578279   816.355387198572   824.6573060250903
0.11657935501835284   800.5419167356042   807.324022963471
0.11999693083066039   786.0106025135092   791.0928340303293
0.12351469440289359   770.0305267658763   773.4915419529599
0.12713558278394044   750.1247029987188   752.3182750839316
0.13086261912358757   724.5009899663645   726.117842476661
0.13469891519660646   692.3406550049089   694.319072221415
0.13864767400083483   653.9899540537778   657.2875251048226
0.14271219243142114   610.9801458509089   616.5193640549447
0.14689586403346616   565.9165063023119   574.3503042908532
0.1512021818353596   522.0796068963307   533.6175982634909
0.15563474126517718   482.6761330929396   497.02945548194253
0.16019724315257297   449.9758366846816   466.3768097138594
0.1648934968186736   424.8261611450164   442.21490997650454
0.1697274232565544   406.78181118037634   424.08076158646463
0.17470305840495237   394.39746724730577   410.50124240960173
0.17982455651794954   385.27593940695766   399.53891027909503
0.18509619363343993   376.2711669398317   388.6212542802834
0.19052237114327647   364.39818959156685   375.38850538657385
0.19610761946807834   348.00104188701965   358.72789793400295
0.20185660183976684   327.18974409594085   338.9971965900512
0.20777411819498756   303.58347070684005   317.3795394720275
0.21386510918267082   279.81918464972364   295.9997685282219
0.22013466028907505   258.70550653548264   276.86815002623996
0.22658800608375756   242.08717914461496   261.2893522123576
0.23323053459001789   230.2516090849698   249.21720434127516
0.2400677917834628   221.9825328479064   239.7449825916872
0.24710548622244882   214.92869859441336   231.10396693178592
0.25434949381426813   206.6664065382144   221.64068278876397
0.2618058627210567   195.92872992708266   210.84340285801827
0.2694808184095226   182.98998074510953   198.79445039144858
0.27738076884870827   169.45043636080257   186.63122532103748
0.2855123098601282   157.37348199071357   175.6794108665634
0.29388223062474755   147.94744001756698   166.47207841929924
0.3024975193514008   140.94769616827355   158.84589977382356
0.31136536911138296   135.05863651846224   151.92992211412636
0.3204931838440838   128.6895120540397   144.88463028837384
0.32988858453867975   121.12195843860788   137.38395869266856
0.3395594155970457   112.9017009985476   129.7348293587169
0.34951375138319807   105.19574692226828   122.57626330843051
0.3597599029647371   98.85241348476156   116.26744786667007
0.37030642505191835   93.74274621419036   110.66334351293898
0.3811621231401457   89.0051945818936   105.36143958125967
0.3923360608618501   83.91862742562842   100.07352340418231
0.4038375675538918   78.51635683185559   94.81000423360211
0.41567624604680364   73.39530753873346   89.83625597443054
0.42786198068238046   68.99506979519565   85.3076348541708
0.4404049455663077   65.16636907816456   81.12222553681508
0.4533156130627191   61.43739183020396   77.10101598784702
0.4666047625377753   57.622475512819086   73.19503463160534
0.4802834893595659   53.94519836687909   69.47461950452433
0.49436321416184764   50.65134333231272   66.01088303635251
0.5088556923793517   47.67221951384312   62.76753608894707
0.5237730240626238   44.791454397583514   59.66676320658618
0.5391276639805903   41.97383317512554   56.70434855873867
0.5549324320192869   39.34508410346865   53.910204591560635
0.5712005238854289   36.94131847189259   51.28379332990713
0.5879455221237613   34.669254244268686   48.793261325151455
0.6051814074573895   32.49074687433308   46.42479996049039
0.622922570460556   30.441441549547942   44.18574180437021
0.6411838235736077   28.521810795786752   42.06735637493264
0.6599804134701901   26.723358770392917   40.06257133134299
0.6793280337869897   25.03732403173906   38.165063300973564
0.6992428382266549   23.455708200137856   36.36886598490247
0.7197414540448374   21.971201913789518   34.66835027298548
0.7408409959326054   20.577118452799283   33.05820541948147
0.7625590803058332   19.267334166887643   31.53342122782686
0.7849138400134885   18.03631645651289   30.089270994446434
0.8079239394770964   16.879596725299674   28.721294236674158
0.8316085902740278   15.793231002138247   27.42528272969409
0.8559875671776167   14.773430769256557   26.197267069087868
0.8810812246675007   13.816560366157631   25.033503150937264
0.9069105139239728   12.919136044672099   23.93045939377727
0.9334970003205227   12.077824394809   22.884804669326687
0.960862881429187   11.289440218054509   21.893396904974278
0.9890310055537336   10.550919238672844   20.953250204697714
1.0180248908061487   9.8592349454804   20.061448388525307
1.047868744742366   9.211503390177977   19.21522486103863
1.0785874845736239   8.605013497804244   18.411985341272505
1.1102067579703248   8.03721694228566   17.64929637094329
1.1427529644757777   7.505718598241193   16.924874629693846
1.1762532775476793   7.008267543467292   16.23657700352704
1.210735667245765   6.542748586334372   15.582391322693862
1.246228923584555   6.10718023919488   14.960397766604121
1.2827626805706884   5.699715882542441   14.36871149071411
1.3203674409449337   5.318619080828346   13.805557308607284
1.3590746016495152   4.9622543425670695   13.269277621324248
1.3989164800420282   4.629081758725358   12.758323839617782
1.4399263408778291   4.317651886325379   12.271248487202659
1.4821384240834183   4.0266008691286865   11.806697926926558
1.525587973344019   3.754645768906103   11.363405337275118
1.5703112655292182   3.500578518850626   10.940155422224985
1.6163456409812174   3.263261016943465   10.535761033892642
1.6637295346910133   3.0416242952703705   10.149111240983503
1.7125025083885144   2.834664863542363   9.779171217513285
1.7627052835733923   2.641440906692655   9.424976554528683
1.814379775514258   2.4610686878247092   9.08562804421302
1.8675691282445197   2.2927191465466668   8.760286893673543
1.922317750584177   2.135614678282239   8.44816929207284
1.9786713532176083   1.9890259636715886   8.148513057066916
2.0366769868582977   1.852269123982789   7.860574621373899
2.0963830815323896   1.7247031843403844   7.583662242760183
2.1578394870138577   1.6057275105276967   7.317134117959686
2.2210975144450407   1.4947793809134071   7.060394713437279
2.286209979177315   1.3913316962174669   6.812891404704579
2.3532312448676476   1.2948908199012092   6.574111394610685
2.4222172688678643   1.2049945883366613   6.343580628034981
2.4932256489445366   1.121210944244347   6.120883204399054
2.5663156713684585   1.0431357737047173   5.905648887259627
2.641548360413907   0.9703907018071722   5.697531891984402
2.7189865293089923   0.9026215241473905   5.496208856509869
2.798694832679631   0.8394967383990863   5.30137738083245
2.8807398205309562   0.7807061589870531   5.112754666632548
2.9651899938111903   0.7259596106424433   4.930076248649118
3.05211586160442   0.6749854312414493   4.75308745066781
3.1415899999999994   0.6275277102669754   4.581494924558652
