0.01   19444.51002972174   19434.83256223355
0.010293154462191829   19657.718994886036   19647.134071423272
0.010594902878253955   19863.381840350372   19851.813804888272
0.010905497183778876   20060.89379638174   20048.260480605786
0.011225196699963396   20249.629235006865   20235.8381818389
0.011554268350120923   20428.95996701347   20413.908229216046
0.011892986882540897   20598.24783687749   20581.822661560116
0.012241635099881474   20756.82089883654   20738.902156385913
0.012600504095286909   20904.00333032178   20884.464294156198
0.012969893495426888   21039.124450376075   21017.83195407473
0.013350111710660605   21161.498460310024   21138.31008657019
0.013741476192534558   21270.43218249191   21245.194131053977
0.014144313698828986   21365.247429343348   21337.794957023918
0.01455896056637426   21445.27240966409   21415.4298930355
0.014985762991865008   21509.8230864149   21477.403224554968
0.01542507732090645   21558.236055861045   21523.040508549697
0.015877270345534218   21589.876927945075   21551.697070677714
0.016342719610456153   21604.125418077445   21562.74010466654
0.016821813728271667   21600.387455024575   21555.562209607255
0.017314952703931925   21578.11311971908   21529.601701531123
0.017822548268711737   21536.799523362268   21484.345065006408
0.01834502422397195   21475.993086384216   21419.32866870895
0.018882816794999403   21395.29793192967   21334.14865988095
0.019436374995219892   21294.384196180614   21228.469844003117
0.02000616100108813   21173.017523988678   21102.056615870413
0.020592650537967844   21031.0480409571   20954.76134609121
0.021196333277324068   20868.39927099307   20786.512729126203
0.02181771324555934   20685.116349281547   20597.366714270007
0.022457309244835088   20481.39931068174   20387.541556923807
0.02311565528622961   20257.530002656276   20157.34037321498
0.023793301035594242   20013.890133244837   19907.170723366606
0.024490812272480036   19751.10323826602   19637.697746856804
0.025208771362518027   19469.9225278755   19349.7226628347
0.0259477777436476   19171.159610447914   19044.105479142698
0.02670844842659881   18855.84220823677   18721.927946177737
0.027491418510046592   18525.25852822661   18384.53879810579
0.028297341710866907   18180.724980159626   18033.312807176404
0.029126890909937666   17823.640350236074   17669.706679019895
0.029980758713939952   17455.79239867802   17295.575886134386
0.030859658033628758   17079.042317769643   16912.847186269624
0.031764322679055976   16695.189540079667   16523.378216868277
0.03269550797224261   16306.230296602214   16129.214743039996
0.033653991377811755   15914.35039849362   15732.582667148383
0.03464057315210884   15521.603024841997   15335.566910880316
0.03565607701135116   15130.036725663227   14940.23086975684
0.036701350819364466   14742.113266575923   14549.008700910706
0.03777726729548091   14360.209365686957   14164.23712380118
0.038884724743189276   13986.44771933424   13787.996216577949
0.04002464780014597   13622.390584123028   13421.79655775473
0.041197988210172884   13269.128118309072   13066.670688710343
0.04240572561788674   12927.607807121354   12723.510386111877
0.04364886838662332   12599.011295553255   12393.387470513168
0.04492845444033957   12285.46729789016   12078.154056303933
0.04624555213019635   11989.078774728267   11779.624288466626
0.04760126112654554   11711.36962449772   11499.075015852848
0.04899671333706607   11450.975479276445   11235.074575883915
0.05043307385181555   11205.374427032764   10985.11585503853
0.05191154191598653   10972.2445633941   10746.89571173353
0.053433351931179485   10749.492393567358   10518.35413515613
0.05499977448602865   10535.203991602253   10297.618747817145
0.05661211741704101   10327.38241379211   10082.775393810887
0.05827172690053434   10123.302208716974   9871.335195766616
0.05997998857658587   9920.211159760838   9660.819628871743
0.06173832870592997   9715.015006280502   9448.572793985448
0.0635482153607709   9504.235677148137   9231.734936914709
0.06541115965050462   9284.522915250362   9007.646532905335
0.06732871698337338   9052.323618861872   8773.729558760666
0.06930248836510605   8804.521429652608   8527.816835774373
0.07133412173562886   8539.0755787171   8268.74102790399
0.07342531334496233   8254.868808496458   7996.105992096697
0.07557780916945323   7952.900639589559   7711.395878459743
0.07779340636952398   7635.532754932702   7417.178670559425
0.08007395479015682   7306.951003521017   7117.204055089291
0.08242135850536496   6972.200053144264   6815.71291937621
0.08483757740794096   6637.172105529508   6517.480143090899
0.08732462884580919   6307.7559697251745   6227.06743536597
0.08988458930634863   5989.8588272086   5948.625472216991
0.09251959615009227   5689.102224538018   5685.915948808243
0.09523184939525078   5410.748028663121   5442.333495213605
0.09802361355455057   5158.892529983145   5220.006146505907
0.10089721952591899   4936.55935340326   5019.800593264325
0.10385506653859616   4744.222081700238   4841.252366366524
0.10689962415629803   4580.100217633925   4682.645531267051
0.11003343433910281   4439.36941617908   4539.970619174485
0.11325911356578279   4315.449565064194   4408.1382666696545
0.11657935501835284   4200.167046804613   4281.860649923446
0.11999693083066039   4085.294225525831   4156.249755519044
0.12351469440289359   3963.1286208476185   4027.1196115402927
0.12713558278394044   3827.693805877194   3891.7468057977703
0.13086261912358757   3675.56601375954   3749.072624705322
0.13469891519660646   3506.5898977809306   3599.9096614295663
0.13864767400083483   3324.156192287518   3446.9075104365456
0.14271219243142114   3134.320760143483   3293.771783491709
0.14689586403346616   2944.944518119596   3144.655212277471
0.1512021818353596   2764.7763147315745   3003.54751131056
0.15563474126517718   2602.2485800213094   2873.58282777719
0.16019724315257297   2463.251475022576   2756.942994889099
0.1648934968186736   2349.0760380967445   2652.7409505627274
0.1697274232565544   2256.029013213861   2558.4160283046926
0.17470305840495237   2177.0928423867895   2471.0308018449505
0.17982455651794954   2104.1173674964225   2386.7934138054743
0.18509619363343993   2028.9079446844012   2303.0646190929338
0.19052237114327647   1944.4376622043662   2217.6881475106575
0.19610761946807834   1847.6897334438017   2130.7850972147057
0.20185660183976684   1741.6117996942837   2044.5871639790691
0.20777411819498756   1633.2572461323027   1960.1864322790211
0.21386510918267082   1530.3358792888043   1880.1793244573844
0.22013466028907505   1439.2005329828085   1805.669518479047
0.22658800608375756   1363.1455395455255   1736.8220232302042
0.23323053459001789   1300.7956720044656   1673.2237174608738
0.2400677917834628   1246.6348606593374   1612.7459250019742
0.24710548622244882   1193.9296381900333   1554.224666759201
0.25434949381426813   1137.0239419873765   1496.9809230027488
0.2618058627210567   1074.3848026726337   1440.480106272437
0.2694808184095226   1009.2705905951296   1385.8494969419894
0.27738076884870827   946.7588600181525   1333.7621091934102
0.2855123098601282   891.1141595551916   1284.489539810267
0.29388223062474755   843.8871603292561   1237.9602522646742
0.3024975193514008   802.6946769406765   1193.945508624556
0.31136536911138296   763.3371325944554   1151.563996361637
0.3204931838440838   722.7367283995353   1110.7821377355424
0.32988858453867975   680.5506297363287   1071.2700453132786
0.3395594155970457   639.2389441593252   1033.40221085599
0.34951375138319807   601.5442988544714   997.407918943334
0.3597599029647371   568.1962587661025   963.3265684010236
0.37030642505191835   537.8499788787005   930.6499338374017
0.3811621231401457   508.36650354233706   899.3622302817972
0.3923360608618501   478.82981044313476   869.2235302810038
0.4038375675538918   450.1124844238103   840.2849305497448
0.41567624604680364   423.497436942716   812.7029373110769
0.42786198068238046   399.2591210611907   786.4448109459657
0.4404049455663077   376.5503564839741   761.2978307829433
0.4533156130627191   354.5599780076922   737.1650756328319
0.4666047625377753   333.31059750958264   713.9413365793084
0.4802834893595659   313.37608326173574   691.7346684828607
0.49436321416184764   294.8892804899924   670.5097185218627
0.5088556923793517   277.4759287438872   650.155772815196
0.5237730240626238   260.8225202198785   630.5687844741628
0.5391276639805903   245.0262844148477   611.7641024890919
0.5549324320192869   230.23702720876074   593.737790397678
0.5712005238854289   216.34631927147626   576.4281166427523
0.5879455221237613   203.18614601728228   559.7625799601526
0.6051814074573895   190.74582958665056   543.7207481843886
0.622922570460556   179.06046032432528   528.2913206613147
0.6411838235736077   168.06475723294136   513.4349538317931
0.6599804134701901   157.68983638711563   499.0760970790993
0.6793280337869897   147.9214034362295   485.21862089459177
0.6992428382266549   138.7300718600886   471.8423873290557
0.7197414540448374   130.08336613209983   458.9156914553877
0.7408409959326054   121.95055204809886   446.4090405056899
0.7625590803058332   114.30254748415892   434.2950012092068
0.7849138400134885   107.11183755901557   422.54806078944625
0.8079239394770964   100.35239836537096   411.1444988869118
0.8316085902740278   93.999811432857   400.0622076394915
0.8559875671776167   88.03120606773032   389.2805680981629
0.8810812246675007   82.42488827557767   378.7804476306225
0.9069105139239728   77.16026849848978   368.5441181660084
0.9334970003205227   72.2178148184415   358.555174388164
0.960862881429187   67.57900741146183   348.79845865325456
0.9890310055537336   63.22629428021835   339.2599919309226
1.0180248908061487   59.143043005344495   329.926888824559
1.047868744742366   55.31345484578261   320.78710890308554
1.0785874845736239   51.722560265227315   311.8295169961594
1.1102067579703248   48.356212669139275   303.0439655454472
1.1427529644757777   45.20104801672922   294.4212469637222
1.1762532775476793   42.244445691561   285.95304733396733
1.210735667245765   39.47449102488489   277.6319027426066
1.246228923584555   36.87993942411624   269.45115788068495
1.2827626805706884   34.450182601818355   261.4053569608581
1.3203674409449337   32.17521691181937   253.49122702350715
1.3590746016495152   30.045610099646748   245.7062828723186
1.3989164800420282   28.052470982296498   238.04843172714274
1.4399263408778291   26.187420983825444   230.51594901833465
1.4821384240834183   24.44256697589109   223.1074544741535
1.525587973344019   22.810475377721698   215.82188844930752
1.5703112655292182   21.284147401062903   208.65851723596143
1.6163456409812174   19.85699258107955   201.61818325031132
1.6637295346910133   18.52280624649042   194.70357328838287
1.7125025083885144   17.275752868781073   187.91730826726075
1.7627052835733923   16.110345857753234   181.2617929381168
1.814379775514258   15.021428025551073   174.73921440096186
1.8675691282445197   14.004153044957102   168.3515411907196
1.922317750584177   13.053967858688555   162.10052293239573
1.9786713532176083   12.166595679262556   155.98781971359725
2.0366769868582977   11.338017556713956   150.01611956368578
2.0963830815323896   10.564459584244583   144.18838900051352
2.1578394870138577   9.842380632254978   138.50707430560809
2.2210975144450407   9.16845872939875   132.97411473634068
2.286209979177315   8.539578164671239   127.59096648384852
2.3532312448676476   7.9528172990489   122.35862718406628
2.4222172688678643   7.405437051339435   117.27766082298957
2.4932256489445366   6.894871542478926   112.34843220051218
2.5663156713684585   6.4187209350615015   107.5716023901389
2.641548360413907   5.974736422137049   102.94747103287666
2.7189865293089923   5.560810045693906   98.4758350039385
2.798694832679631   5.174966380435999   94.15602795719984
2.8807398205309562   4.8153546677962655   89.98695914334492
2.9651899938111903   4.4802413790421705   85.96715130076085
3.05211586160442   4.168002991954935   82.09476187487574
3.1415899999999994   3.877111252024715   78.36695320078783
