0.01   9146.751745883712   9146.280101147637
0.010293154462191829   9210.533533591832   9210.049347173637
0.010594902878253955   9269.016118024556   9268.520511985118
0.010905497183778876   9321.894051186253   9321.387901545413
0.011225196699963396   9368.859731082197   9368.343102897954
0.011554268350120923   9409.612030525454   9409.08416904198
0.011892986882540897   9443.844990087167   9443.304715509597
0.012241635099881474   9471.24476424108   9470.691017821602
0.012600504095286909   9491.507942253662   9490.939832731592
0.012969893495426888   9504.338907253627   9503.755640827078
0.013350111710660605   9509.429768264199   9508.830286190827
0.013741476192534558   9506.482210468252   9505.865086775035
0.014144313698828986   9495.21739361686   9494.580839720662
0.01455896056637426   9475.361099226995   9474.702845701453
0.014985762991865008   9446.64636185778   9445.963546166091
0.01542507732090645   9408.833571770581   9408.12276056684
0.015877270345534218   9361.707276292376   9360.964361889855
0.016342719610456153   9305.063098994537   9304.282876755133
0.016821813728271667   9238.728648909577   9237.904786741065
0.017314952703931925   9162.570300480425   9161.695427182149
0.017822548268711737   9076.48602341313   9075.551874754598
0.01834502422397195   8980.410812938573   8979.408378301194
0.018882816794999403   8874.326769732288   8873.246417278438
0.019436374995219892   8758.26900075952   8757.100772677453
0.02000616100108813   8632.332381118795   8631.066516884403
0.020592650537967844   8496.664439673423   8495.291553416268
0.021196333277324068   8351.468842240667   8349.980162591615
0.02181771324555934   8197.04074454208   8195.42937016972
0.022457309244835088   8033.745419535843   8032.006954365464
0.02311565528622961   7861.994477522012   7860.126985172462
0.023793301035594242   7682.292567495028   7680.297486579318
0.024490812272480036   7495.26782348535   7493.1515176510475
0.025208771362518027   7301.582004845233   7299.355507223847
0.0259477777436476   7101.941433319904   7099.6203488116125
0.02670844842659881   6897.225505150023   6894.832006858468
0.027491418510046592   6688.365879552233   6685.928798800589
0.028297341710866907   6476.273545579518   6473.827309483794
0.029126890909937666   6261.982553371965   6259.566903151526
0.029980758713939952   6046.669294327478   6044.3291407783045
0.030859658033628758   5831.435247895068   5829.219440082264
0.031764322679055976   5617.354057565822   5615.314092688645
0.03269550797224261   5405.692067795988   5403.880728079212
0.033653991377811755   5197.6505961502835   5196.120961488776
0.03464057315210884   4994.283178538375   4993.087694791454
0.03565607701135116   4796.724055245461   4795.9097691832885
0.036701350819364466   4606.150806207293   4605.755696617689
0.03777726729548091   4423.547489111596   4423.601509947016
0.038884724743189276   4249.741279207078   4250.264826712291
0.04002464780014597   4085.4824671200367   4086.4789611549227
0.041197988210172884   3931.38093122139   3932.8379975761636
0.04240572561788674   3787.914806397922   3789.8060395131374
0.04364886838662332   3655.5149243788956   3657.7859542352926
0.04492845444033957   3534.5641332680375   3537.1250408908786
0.04624555213019635   3425.3655520781776   3428.095548014668
0.04760126112654554   3327.6451516276416   3330.3998440915557
0.04899671333706607   3240.316202010518   3242.9353008229714
0.05043307385181555   3162.3399199962314   3164.647996816419
0.05191154191598653   3092.664090572909   3094.4705886352835
0.053433351931179485   3030.131632430781   3031.2309142392482
0.05499977448602865   2973.6531760311036   2973.825254070432
0.05661211741704101   2921.8295367186543   2920.85601196356
0.05827172690053434   2872.999840410415   2870.678551085746
0.05997998857658587   2825.447847542435   2821.6029815062857
0.06173832870592997   2776.9010762591465   2771.423477265687
0.0635482153607709   2725.050159381737   2717.911100912325
0.06541115965050462   2667.572895498349   2658.85353896312
0.06732871698337338   2602.2348721013536   2592.146789070266
0.06930248836510605   2527.352445653681   2516.251805529948
0.07133412173562886   2441.951028449195   2430.352356542172
0.07342531334496233   2345.86943341626   2334.4036238171734
0.07557780916945323   2240.0632047714294   2229.415185389202
0.07779340636952398   2126.030324506052   2116.913134402122
0.08007395479015682   2005.8282366847918   1998.9675055117639
0.08242135850536496   1882.0265525728182   1878.0917689642263
0.08483757740794096   1757.6312017315195   1757.1714703059247
0.08732462884580919   1635.8641242466967   1639.263579291389
0.08988458930634863   1519.9253242912662   1527.359984103624
0.09251959615009227   1413.2057744912547   1424.5077606232392
0.09523184939525078   1318.4158170882065   1333.119322118117
0.09802361355455057   1237.534328119991   1254.8993197287891
0.10089721952591899   1171.6017744049273   1190.6737861721938
0.10385506653859616   1120.1778191841966   1139.796285084488
0.10689962415629803   1081.95323374938   1100.8775687473815
0.11003343433910281   1054.481706155553   1071.589698398702
0.11325911356578279   1034.637406215191   1048.989935978536
0.11657935501835284   1018.7207471137401   1029.66547136315
0.11999693083066039   1002.6338573022476   1010.0483184561535
0.12351469440289359   982.453437768283   986.7921421505265
0.12713558278394044   954.8842269205533   957.148046430878
0.13086261912358757   917.939872695546   919.6907329689758
0.13469891519660646   871.1597559606543   874.2513901767427
0.13864767400083483   815.7883913787684   822.0798293727064
0.14271219243142114   754.8615591837028   766.0388827189037
0.14689586403346616   693.0054660499943   709.9180663639049
0.1512021818353596   635.3090933324333   657.8175848847966
0.15563474126517718   585.8730789790525   612.952810310316
0.16019724315257297   546.8266159403489   576.7242849424504
0.1648934968186736   518.3630707483607   548.9976234327137
0.1697274232565544   499.2925337550931   528.6819481716386
0.17470305840495237   487.0618196568141   513.3815709059623
0.17982455651794954   477.53018745777746   500.00520428683154
0.18509619363343993   466.0442110058956   485.14754218667144
0.19052237114327647   449.19837916682104   466.4796273024509
0.19610761946807834   425.8458779262201   443.4030966727974
0.20185660183976684   397.0004163811314   417.02028149203676
0.20777411819498756   365.57799492497884   389.4229685856146
0.21386510918267082   335.59855099704964   363.3624912276691
0.22013466028907505   310.466370608726   341.05492357119994
0.22658800608375756   291.7782724428107   323.10302986603153
0.23323053459001789   279.0997014310953   309.21812909738617
0.2400677917834628   269.99973299404513   297.57420314910195
0.24710548622244882   261.0645856345993   286.0878965888945
0.25434949381426813   249.71441740223239   273.41152049098133
0.2618058627210567   235.080278022127   259.18531078742006
0.2694808184095226   218.2138144319822   244.12832338221847
0.27738076884870827   201.67452601798078   229.69010064551227
0.2855123098601282   187.7710427303389   217.0151705361336
0.29388223062474755   177.25893906733404   206.27242765131112
0.3024975193514008   169.28030791261142   196.96494043042475
0.31136536911138296   161.88509592326014   188.0997142100377
0.3204931838440838   153.42363964100795   178.9917958616887
0.32988858453867975   143.6855384640279   169.64467945020058
0.3395594155970457   133.69134019714326   160.49441427359014
0.34951375138319807   124.80078589105972   152.09126932067866
0.3597599029647371   117.59969448489983   144.61014629198107
0.37030642505191835   111.51825587749916   137.70682415811115
0.3811621231401457   105.52690492554466   131.040725867466
0.3923360608618501   99.11744413960028   124.51498384508696
0.4038375675538918   92.6134799681877   118.17992248778958
0.41567624604680364   86.6884344315192   112.26879284475936
0.42786198068238046   81.58140221314584   106.80938437202234
0.4404049455663077   76.94221073358119   101.66171895310389
0.4533156130627191   72.33766114292483   96.72667443384576
0.4666047625377753   67.74898558895721   91.99206521886177
0.4802834893595659   63.45668945987016   87.5175086797159
0.49436321416184764   59.598653224998074   83.32831194974
0.5088556923793517   56.01537633816496   79.36681401391424
0.5237730240626238   52.540552124124   75.58561321713734
0.5391276639805903   49.213755443950475   71.99798791432966
0.5549324320192869   46.13568398320848   68.6117655493676
0.5712005238854289   43.28280787567641   65.41241921161912
0.5879455221237613   40.57270290907599   62.37673365113193
0.6051814074573895   37.9999797409693   59.493535182343116
0.622922570460556   35.60088056892539   56.769156973571754
0.6411838235736077   33.35651306640895   54.19073731652123
0.6599804134701901   31.24410832899409   51.746107022342244
0.6793280337869897   29.257035309009446   49.428250575181394
0.6992428382266549   27.389171329550425   47.230608118750105
0.7197414540448374   25.634542453452273   45.14694638207997
0.7408409959326054   23.987337907250147   43.17134472063155
0.7625590803058332   22.44192186242214   41.29818153204604
0.7849138400134885   20.992836388904404   39.522115808594975
0.8079239394770964   19.634568555353763   37.83787223303278
0.8316085902740278   18.36155782742783   36.24020567066546
0.8559875671776167   17.168559215479753   34.724177760402085
0.8810812246675007   16.05064849525442   33.28515625217929
0.9069105139239728   15.003202385060838   31.91879472888074
0.9334970003205227   14.021879979258108   30.621013750027327
0.960862881429187   13.102605443137541   29.38798316912198
0.9890310055537336   12.241576677878218   28.216063762181786
1.0180248908061487   11.43527472530908   27.101743356364484
1.047868744742366   10.680387035223736   26.04172088947978
1.0785874845736239   9.973787543218632   25.032906619799473
1.1102067579703248   9.312527314287705   24.072407313968533
1.1427529644757777   8.693825564560637   23.157512556158704
1.1762532775476793   8.115061053307647   22.285682087773722
1.210735667245765   7.5737611119903505   21.454505551790408
1.246228923584555   7.067585632808357   20.661599318093298
1.2827626805706884   6.594331002180815   19.904705118680493
1.3203674409449337   6.151926170159303   19.18171749036357
1.3590746016495152   5.738425093897755   18.490672387978414
1.3989164800420282   5.351999581585339   17.82973673156987
1.4399263408778291   4.990932517974411   17.19719880694624
1.4821384240834183   4.653611587060104   16.591451369356296
1.525587973344019   4.338524156826904   16.010922800256576
1.5703112655292182   4.044250675242559   15.454113547794318
1.6163456409812174   3.7694586046150227   14.919628430070949
1.6637295346910133   3.512897361548785   14.406169206073544
1.7125025083885144   3.2733935356170267   13.912527445080736
1.7627052835733923   3.0498463674493514   13.43757799186694
1.814379775514258   2.841223462424883   12.980271939593669
1.8675691282445197   2.6465565505146   12.539611798768943
1.922317750584177   2.464937754159993   12.114651134464548
1.9786713532176083   2.295516203948787   11.704510055705091
2.0366769868582977   2.13749462529005   11.30837127679034
2.0963830815323896   1.990126109553971   10.925475766193983
2.1578394870138577   1.8527110685673258   10.555118742386421
2.2210975144450407   1.7245943586478463   10.196645961833346
2.286209979177315   1.6051622936660623   9.849448800840523
2.3532312448676476   1.4938400181791025   9.512960394480462
2.4222172688678643   1.3900896138160521   9.186655280994838
2.4932256489445366   1.2934078519663228   8.870046913117365
2.5663156713684585   1.2033240319758827   8.56268510772525
2.641548360413907   1.1193979484499261   8.264153671900468
2.7189865293089923   1.041217980517189   7.974068202663173
2.798694832679631   0.9683995351042061   7.692096670571014
2.8807398205309562   0.9005837296819234   7.417998032226911
2.9651899938111903   0.8374350706131339   7.15155675104071
3.05211586160442   0.7786398539559782   6.892568058570613
3.1415899999999994   0.7239048095977522   6.640837266944643
