0.01   19572.602138307953   19570.17701611079
0.010293154462191829   19708.407131938187   19705.81252565558
0.010594902878253955   19832.880471202814   19830.108185064164
0.010905497183778876   19945.36897231309   19942.409075896463
0.011225196699963396   20045.21323482355   20042.052352256687
0.011554268350120923   20131.767726533253   20128.389048965484
0.011892986882540897   20204.378269221063   20200.76256851023
0.012241635099881474   20262.376129918273   20258.50315785567
0.012600504095286909   20305.11511377831   20300.96379690755
0.012969893495426888   20331.965373570933   20327.51382267355
0.013350111710660605   20342.269097266424   20337.494232051213
0.013741476192534558   20335.388458750927   20330.266009338717
0.014144313698828986   20310.727348441498   20305.231929405516
0.01455896056637426   20267.700580874993   20261.803599987965
0.014985762991865008   20205.73951580656   20199.407137439346
0.01542507732090645   20124.334057961187   20117.527436806704
0.015877270345534218   20023.025305660012   20015.701165423696
0.016342719610456153   19901.376507432382   19893.488206221173
0.016821813728271667   19759.018999429387   19750.51717860189
0.017314952703931925   19595.667116576053   19586.500126115472
0.017822548268711737   19411.103974890317   19401.216331192747
0.01834502422397195   19205.192726411744   19194.524283546023
0.018882816794999403   18977.897191899872   18966.384045175695
0.019436374995219892   18729.294073962654   18716.870700717387
0.02000616100108813   18459.586899755202   18446.189894735424
0.020592650537967844   18169.091591249486   18154.66097361069
0.021196333277324068   17858.244083044978   17842.724785648803
0.02181771324555934   17527.676220069858   17511.024593627422
0.022457309244835088   17178.16985958692   17160.35708010155
0.02311565528622961   16810.605808737564   16791.617891773232
0.023793301035594242   16426.063499046075   16405.90574320171
0.024490812272480036   16025.885954851541   16004.590265684838
0.025208771362518027   15611.487954925537   15589.111718945738
0.0259477777436476   15184.379505112374   15161.00513972968
0.02670844842659881   14746.440870310174   14722.184928473045
0.027491418510046592   14299.664024902097   14274.677409514483
0.028297341710866907   13845.996576326552   13820.459425685363
0.029126890909937666   13387.64891501739   13361.769842045622
0.029980758713939952   12927.135399000246   12901.151338584094
0.030859658033628758   12466.81009658329   12440.979916712105
0.031764322679055976   12008.967508763435   11983.565144986906
0.03269550797224261   11556.314198418439   11531.620923756336
0.033653991377811755   11111.417632178234   11087.71646857829
0.03464057315210884   10676.529213407357   10654.099874430098
0.03565607701135116   10254.072500269416   10233.169065025064
0.036701350819364466   9846.563384633606   9827.396841584707
0.03777726729548091   9456.104046896056   9438.846204504232
0.038884724743189276   9084.461496665625   9069.236635197625
0.04002464780014597   8733.238974518217   8720.087375007524
0.041197988210172884   8403.73960629124   8392.62241116792
0.04240572561788674   8096.98478524343   8087.791938323618
0.04364886838662332   7813.894188705386   7806.379181639887
0.04492845444033957   7555.28457273594   7549.028815195384
0.04624555213019635   7321.802366028241   7316.236899120378
0.04760126112654554   7112.8607156894495   7107.3043895021265
0.04899671333706607   6926.1361721418425   6919.838598405006
0.05043307385181555   6759.4079009531415   6751.553566303206
0.05191154191598653   6610.426309759123   6600.137572265072
0.053433351931179485   6476.717537182512   6463.059742922701
0.05499977448602865   6355.952543680875   6337.938221626556
0.05661211741704101   6245.140196093705   6221.811068915986
0.05827172690053434   6140.73014348092   6111.2319300585505
0.05997998857658587   6039.0538293455775   6002.686452594769
0.06173832870592997   5935.2539839076435   5891.674386213276
0.0635482153607709   5824.394643151083   5773.681072329106
0.06541115965050462   5701.512539771005   5644.300432509921
0.06732871698337338   5561.832152032723   5499.403805952139
0.06930248836510605   5401.75519726835   5336.098990636304
0.07133412173562886   5219.198892265375   5153.066438753125
0.07342531334496233   5013.818795248347   4950.493634798177
0.07557780916945323   4787.6569696283905   4730.61753638871
0.07779340636952398   4543.9151479443035   4496.707243301525
0.08007395479015682   4286.991312864337   4253.159145773489
0.08242135850536496   4022.3775787442178   4005.1064847357916
0.08483757740794096   3756.4979935898004   3758.2832655078882
0.08732462884580919   3496.23810677263   3518.7003447384886
0.08988458930634863   3248.4366310800624   3292.151114357768
0.09251959615009227   3020.3409105305805   3084.223540946472
0.09523184939525078   2817.743571263402   2899.2933438798236
0.09802361355455057   2644.873621744814   2740.3392704269518
0.10089721952591899   2503.95433618657   2608.6406831325107
0.10385506653859616   2394.0440231715133   2502.4134296297816
0.10689962415629803   2312.3440561842826   2418.584598418067
0.11003343433910281   2253.6257769994268   2352.543557502837
0.11325911356578279   2211.2087526947485   2298.5365265648597
0.11657935501835284   2177.18660566947   2250.041181091669
0.11999693083066039   2142.801321157716   2200.6965812153244
0.12351469440289359   2099.6677943558034   2144.663649783877
0.12713558278394044   2040.7432623787577   2077.2440272875283
0.13086261912358757   1961.7832375068565   1996.4856876971571
0.13469891519660646   1861.8031765024077   1902.4824172143722
0.13864767400083483   1743.4624861294276   1797.7431834764814
0.14271219243142114   1613.2501550783752   1687.8974946893165
0.14689586403346616   1481.0518741036176   1579.2049134837694
0.1512021818353596   1357.7441169183605   1478.4291425514132
0.15563474126517718   1252.0908671562086   1390.7827200668878
0.16019724315257297   1168.6412566495912   1317.971871918025
0.1648934968186736   1107.8094394259754   1259.32902141353
0.1697274232565544   1067.051726527457   1212.9489160136357
0.17470305840495237   1040.9117926472184   1174.169876254039
0.17982455651794954   1020.5403278007316   1138.473398739707
0.18509619363343993   995.9921443415594   1100.7510350425177
0.19052237114327647   959.9895602978769   1057.8033478727111
0.19610761946807834   910.0817467196805   1009.0368345241192
0.20185660183976684   848.4348843522556   956.6532287057996
0.20777411819498756   781.2806922291973   903.6081926349138
0.21386510918267082   717.2107440568755   853.7284945668084
0.22013466028907505   663.4999526393942   809.9955182210879
0.22658800608375756   623.5608580700792   772.4040961176479
0.23323053459001789   596.4650674465321   740.7745340443785
0.2400677917834628   577.01716635319   712.2684692693284
0.24710548622244882   557.9213099933398   684.3269452267028
0.25434949381426813   533.664502931223   655.5898707579091
0.2618058627210567   502.38966843145914   625.7084854564259
0.2694808184095226   466.3440478602796   595.5801193103803
0.27738076884870827   430.9977493292476   566.9436465911726
0.2855123098601282   401.28452210141444   540.9142788941145
0.29388223062474755   378.81890098648574   517.4161763565454
0.3024975193514008   361.76761225177756   495.96490434279974
0.31136536911138296   345.9632548229082   475.42303392736693
0.3204931838440838   327.8801752041299   455.15036850337947
0.32988858453867975   307.06890358019257   435.26021595091163
0.3395594155970457   285.71028949850023   416.040237872085
0.34951375138319807   266.7102657877989   398.0400953112826
0.3597599029647371   251.32080132839786   381.4604409282968
0.37030642505191835   238.32418700399367   365.77045346906687
0.3811621231401457   225.52003619282354   350.6944516926261
0.3923360608618501   211.82247104391425   336.2505821855929
0.4038375675538918   197.92283901443093   322.29844508916193
0.41567624604680364   185.26046885151402   309.1483150671941
0.42786198068238046   174.3462895093433   296.8000708487647
0.4404049455663077   164.43188948361606   285.06119966640404
0.4533156130627191   154.5915441589588   273.8300587074745
0.4666047625377753   144.78517692951704   263.0579337704601
0.4802834893595659   135.61210566273914   252.81603846614848
0.49436321416184764   127.36718764311583   243.15018642982793
0.5088556923793517   119.70940075463955   233.95608524759328
0.5237730240626238   112.28338791168026   225.14328272677457
0.5391276639805903   105.17374616069627   216.74089509370117
0.5549324320192869   98.59564512936436   208.76050911924392
0.5712005238854289   92.49880023443546   201.17539370918178
0.5879455221237613   86.70708167331847   193.93127409130562
0.6051814074573895   81.20895737518987   187.00526972801802
0.622922570460556   76.08188953155228   180.41923967184817
0.6411838235736077   71.28549065998392   174.1411921023896
0.6599804134701901   66.77110709515998   168.14430606498803
0.6793280337869897   62.52456815050133   162.41367678430524
0.6992428382266549   58.53278937743386   156.93551798080262
0.7197414540448374   54.78300413303917   151.6968417990263
0.7408409959326054   51.26279441527299   146.685408116421
0.7625590803058332   47.960116049412854   141.8896773274578
0.7849138400134885   44.863305004392316   137.2987448173518
0.8079239394770964   41.960579541695125   132.90146105724884
0.8316085902740278   39.24005603358041   128.6862493238656
0.8559875671776167   36.69052524299454   124.64223975923277
0.8810812246675007   34.30146348692037   120.75929627895776
0.9069105139239728   32.062990266051735   117.02796269504518
0.9334970003205227   29.96582858016624   113.4394133531298
0.960862881429187   28.001267940074666   109.98540734906658
0.9890310055537336   26.16118291253804   106.65809123545696
1.0180248908061487   24.438053246440006   103.4497711736175
1.047868744742366   22.824799804281998   100.3532326692268
1.0785874845736239   21.314741975101217   97.36176154444637
1.1102067579703248   19.901577680270922   94.46910919113884
1.1427529644757777   18.579364187288814   91.66946075518582
1.1762532775476793   17.342499714732437   88.95740597625534
1.210735667245765   16.185699987595246   86.3278615154764
1.246228923584555   15.103964021183351   83.77587844697413
1.2827626805706884   14.09258252659973   81.29680866400516
1.3203674409449337   13.14712951093918   78.88635122171131
1.3590746016495152   12.263446128932637   76.54053065895643
1.3989164800420282   11.43762539033975   74.25567704837131
1.4399263408778291   10.665997682774421   72.02840760100892
1.4821384240834183   9.9451173553641   69.85561948169035
1.525587973344019   9.271751776266575   67.7345484845309
1.5703112655292182   8.642867229750856   65.66270228577007
1.6163456409812174   8.055615961129257   63.63779868452622
1.6637295346910133   7.507325362437798   61.65775327208344
1.7125025083885144   6.995487753763833   59.720668229924804
1.7627052835733923   6.517750719037756   57.82482174292009
1.814379775514258   6.071907945502899   55.96866900075231
1.8675691282445197   5.655890163646676   54.15103969179208
1.922317750584177   5.2677571702088315   52.37107961495105
1.9786713532176083   4.9056905932235395   50.628025243766054
2.0366769868582977   4.567986597298597   48.92118964689128
2.0963830815323896   4.253048983208128   47.24995705646531
2.1578394870138577   3.959382679343485   45.61377758330672
2.2210975144450407   3.6855875955413318   44.01216418031816
2.286209979177315   3.4303522428854034   42.444832494872216
2.3532312448676476   3.1924481207070174   40.91176264906622
2.4222172688678643   2.9707256639760478   39.41294724811591
2.4932256489445366   2.7641094404080975   37.94836535585041
2.5663156713684585   2.5715935308423354   36.51798121867084
2.641548360413907   2.392237185488009   35.121743078710224
2.7189865293089923   2.2251607407739558   33.75958215492405
2.798694832679631   2.069542290627264   32.43153275756029
2.8807398205309562   1.9246148683509081   31.137944563097065
2.9651899938111903   1.7896614916427294   29.879136378015367
3.05211586160442   1.6640117460775647   28.655325817131683
3.1415899999999994   1.5470388872548804   27.466634605034702
