0.01   1432.3676242732597   1432.3325318022023
0.010293154462191829   1449.964994132998   1449.9294248486794
0.010594902878253955   1467.0219283102851   1466.985939516342
0.010905497183778876   1483.487201058086   1483.4508038148279
0.011225196699963396   1499.308929495446   1499.2720846959317
0.011554268350120923   1514.4340753363126   1514.3967123844936
0.011892986882540897   1528.8066581768726   1528.768747404069
0.012241635099881474   1542.3699751182926   1542.3315457987437
0.012600504095286909   1555.0672337771225   1555.028373343295
0.012969893495426888   1566.8391735994708   1566.7999840548405
0.013350111710660605   1577.6248240405946   1577.585386012677
0.013741476192534558   1587.3639077530252   1587.3242785681955
0.014144313698828986   1595.9959915675372   1595.956203605602
0.01455896056637426   1603.4587206301203   1603.4187784378269
0.014985762991865008   1609.6908834862113   1609.650762885143
0.01542507732090645   1614.6330505296276   1614.5926987145378
0.015877270345534218   1618.225017500072   1618.1843574235327
0.016342719610456153   1620.4074449540958   1620.3663783118134
0.016821813728271667   1621.1242826523635   1621.0826903553175
0.017314952703931925   1620.322241560811   1620.2799754845882
0.017822548268711737   1617.950178764908   1617.9070443310375
0.01834502422397195   1613.9614631844795   1613.9172186460955
0.018882816794999403   1608.3146817473225   1608.2690419819212
0.019436374995219892   1600.9737760368816   1600.9264285190213
0.02000616100108813   1591.9087194300378   1591.8593335140904
0.020592650537967844   1581.0961808107422   1581.0444110005067
0.021196333277324068   1568.5218130400267   1568.4673061168353
0.02181771324555934   1554.1816736395137   1554.1240780574071
0.022457309244835088   1538.079666399623   1538.0186364021367
0.02311565528622961   1520.2291515983081   1520.1643613735803
0.023793301035594242   1500.661145048007   1500.5923535025574
0.024490812272480036   1479.4176575982221   1479.3447302525801
0.025208771362518027   1456.5481989370992   1456.4711068551521
0.0259477777436476   1432.1211631840274   1432.0400375812028
0.02670844842659881   1406.225471063736   1406.1406657881046
0.027491418510046592   1378.9553186396374   1378.8673979016128
0.028297341710866907   1350.4157940204443   1350.3255282821517
0.029126890909937666   1320.7460239282557   1320.654433538671
0.029980758713939952   1290.0927306032977   1290.0010738936762
0.030859658033628758   1258.6011145639247   1258.5108565498037
0.031764322679055976   1226.4397190758773   1226.3525342182697
0.03269550797224261   1193.7955961489304   1193.7133658222979
0.033653991377811755   1160.8458816305504   1160.770655328208
0.03464057315210884   1127.775063105832   1127.708973178851
0.03565607701135116   1094.8164148489805   1094.7614924254533
0.036701350819364466   1062.1941412736135   1062.1522789504854
0.03777726729548091   1030.1082694905322   1030.0812205934467
0.038884724743189276   998.7253195864237   998.7146504873746
0.04002464780014597   968.1834493433852   968.190514811167
0.041197988210172884   938.6027054210603   938.6286699457182
0.04240572561788674   910.1338646177861   910.1793635772208
0.04364886838662332   883.0264165640014   883.0907152767253
0.04492845444033957   857.5158162046555   857.5968535248394
0.04624555213019635   833.7807683105582   833.8753216722538
0.04760126112654554   811.813651706831   811.9173993145113
0.04899671333706607   791.5431443819687   791.650742485464
0.05043307385181555   772.8972038587893   773.0023693690647
0.05191154191598653   755.7668415385828   755.8624144706606
0.053433351931179485   740.0358710525549   740.11385595991
0.05499977448602865   725.572222515306   725.6238752579096
0.05661211741704101   712.1701294799163   712.1861726864535
0.05827172690053434   699.6198474840802   699.5905562177827
0.05997998857658587   687.6674961708854   687.5833222358214
0.06173832870592997   676.0182213912605   675.8704134324029
0.0635482153607709   664.3611038198276   664.1423784210655
0.06541115965050462   652.313867303493   652.0201529152753
0.06732871698337338   639.5001626369606   639.1310760354855
0.06930248836510605   625.5383580377173   625.0981996450811
0.07133412173562886   610.0821429446903   609.5802885427403
0.07342531334496233   592.8806646288182   592.3328110954785
0.07557780916945323   573.7761711706587   573.2042896795463
0.07779340636952398   552.7922295294529   552.2234076396187
0.08007395479015682   530.0792341794754   529.5439569424943
0.08242135850536496   505.95869856578065   505.48796338470595
0.08483757740794096   480.8421211250209   480.4658507629028
0.08732462884580919   455.2375555777983   454.98362389455167
0.08988458930634863   429.7171253573193   429.6075422740915
0.09251959615009227   404.87407511827405   404.9221031792918
0.09523184939525078   381.3052010265477   381.5123807903747
0.09802361355455057   359.59052611563374   359.94493890042963
0.10089721952591899   340.20302927030036   340.6790659166888
0.10385506653859616   323.49806040480564   324.05686521624483
0.10689962415629803   309.5873351248883   310.17634821733753
0.11003343433910281   298.39503644546   298.9523292747009
0.11325911356578279   289.57395311199423   290.0398949943927
0.11657935501835284   282.60240919391106   282.9233171428531
0.11999693083066039   276.80275571556086   276.93540096919605
0.12351469440289359   271.3912804528858   271.3138297426907
0.12713558278394044   265.5697540549267   265.2886640472741
0.13086261912358757   258.60385236872867   258.1575263427258
0.13469891519660646   249.95476623652843   249.4114531888596
0.13864767400083483   239.38126973718306   238.83163026497184
0.14271219243142114   226.98560392339292   226.53213510369724
0.14689586403346616   213.21445892733882   212.95627843475748
0.1512021818353596   198.8173012139546   198.82823472408995
0.15563474126517718   184.74952278835016   185.06086766819158
0.16019724315257297   171.97525018269258   172.56392301890162
0.1648934968186736   161.21662848410648   162.00572999517203
0.1697274232565544   152.7772041706677   153.65618088297583
0.17470305840495237   146.52974397274374   147.37904653681537
0.17982455651794954   142.0107879353499   142.7193669056747
0.18509619363343993   138.4883065478077   138.97978165367599
0.19052237114327647   135.02361890439576   135.28756866480168
0.19610761946807834   130.69779622104238   130.80695083061664
0.20185660183976684   124.97127447290679   125.05540536553995
0.20777411819498756   117.87688948315859   118.0813056322093
0.21386510918267082   109.93264252476877   110.39193176207796
0.22013466028907505   101.95408279430708   102.71655564894556
0.22658800608375756   94.81208009608623   95.84065252409273
0.23323053459001789   89.1031561313767   90.27576379553058
0.2400677917834628   84.91556068216597   86.09202543852425
0.24710548622244882   81.86046808530868   82.90267882044101
0.25434949381426813   79.1987228018715   80.06252849859335
0.2618058627210567   76.14810105402817   76.89929352592115
0.2694808184095226   72.29492751898061   73.06417908999533
0.27738076884870827   67.74937399536078   68.66642558309991
0.2855123098601282   63.03001695768018   64.17100711204152
0.29388223062474755   58.79673495173034   60.11945238832617
0.3024975193514008   55.44570456301277   56.83377396389343
0.31136536911138296   52.89416039492907   54.22219173395591
0.3204931838440838   50.70148185347105   51.91694594772933
0.32988858453867975   48.347618780048265   49.496725928505285
0.3395594155970457   45.59405959369324   46.78207937274514
0.34951375138319807   42.63274901919844   43.94088519317158
0.3597599029647371   39.86135659430366   41.28394774983312
0.37030642505191835   37.55743380999934   39.01205169296684
0.3811621231401457   35.67262308945365   37.07769779891363
0.3923360608618501   33.909629300125964   35.25481924241946
0.4038375675538918   32.02310388697395   33.36488039883041
0.41567624604680364   30.03357286246213   31.429355962682983
0.42786198068238046   28.150095078537205   29.601868921536322
0.4404049455663077   26.52385869784466   27.981104580608037
0.4533156130627191   25.094582112602275   26.51519871767262
0.4666047625377753   23.69765866376305   25.095164854078376
0.4802834893595659   22.269625117210367   23.68266190292778
0.49436321416184764   20.89559571476542   22.331364960102015
0.5088556923793517   19.661469066521008   21.095506136698415
0.5237730240626238   18.539225280825583   19.952030025929627
0.5391276639805903   17.450006036569704   18.851402925212803
0.5549324320192869   16.384172811184055   17.79050676501329
0.5712005238854289   15.389356121503255   16.794754699966546
0.5879455221237613   14.476791903604987   15.86809464761353
0.6051814074573895   13.611135506961679   14.989526208224241
0.622922570460556   12.778543471558997   14.150484129709092
0.6411838235736077   11.99855927494342   13.361912399815097
0.6599804134701901   11.267566626212865   12.619350930260234
0.6793280337869897   10.578682830244011   11.917988725093803
0.6992428382266549   9.929615782033721   11.255687275792468
0.7197414540448374   9.318268784863118   10.63044820812456
0.7408409959326054   8.742638467320585   10.040354733183031
0.7625590803058332   8.200812023815296   9.483570466804602
0.7849138400134885   7.690963795510421   8.958336187272915
0.8079239394770964   7.211343112985882   8.462940440798354
0.8316085902740278   6.760276054317723   7.995730341244314
0.8559875671776167   6.336172015566988   7.5551372533180405
0.8810812246675007   5.937520526127744   7.139673991270163
0.9069105139239728   5.562887851096177   6.747931213541435
0.9334970003205227   5.210913689668434   6.3785739170732185
0.960862881429187   4.8803079706821135   6.030338034599572
0.9890310055537336   4.569847349907578   5.702028029368018
1.0180248908061487   4.278370090719516   5.392518552002512
1.047868744742366   4.004775366125126   5.100746577770974
1.0785874845736239   3.7480216422786587   4.825705724233294
1.1102067579703248   3.5071238238753772   4.566443635826141
1.1427529644757777   3.281150508291933   4.32205945758616
1.1762532775476793   3.069221350621931   4.0917013891050695
1.210735667245765   2.870504536759779   3.874564319867482
1.246228923584555   2.6842142643395457   3.669886574226585
1.2827626805706884   2.5096082481870288   3.4769458738666055
1.3203674409449337   2.3459858149167063   3.2950602566012748
1.3590746016495152   2.1926858350853213   3.123586631404015
1.3989164800420282   2.0490846765553603   2.961918706216674
1.4399263408778291   1.9145942502217774   2.8094850106037255
1.4821384240834183   1.7886601449204527   2.6657470105030723
1.525587973344019   1.6707598468595914   2.530197287160895
1.5703112655292182   1.5604009513544774   2.4023562727521273
1.6163456409812174   1.4571195240975336   2.281770103506087
1.6637295346910133   1.3604787246431407   2.1680117259949796
1.7125025083885144   1.2700673464643562   2.060679569720477
1.7627052835733923   1.1854984136080526   1.959396051544265
1.814379775514258   1.1064078466958065   1.8638061637796028
1.8675691282445197   1.032453195390857   1.7735761417412488
1.922317750584177   0.9633124183680334   1.6883918678162084
1.9786713532176083   0.8986825072627224   1.6079526604912833
2.0366769868582977   0.8382785266793857   1.5319723068592999
2.0963830815323896   0.7818328173805486   1.4601828360470999
2.1578394870138577   0.7290940087652232   1.3923334309416127
2.2210975144450407   0.6798260773652555   1.328189275925173
2.286209979177315   0.6338074561170305   1.267530485154647
2.3532312448676476   0.5908301919319663   1.2101511055668943
2.4222172688678643   0.5506992064280427   1.1558573292655623
2.4932256489445366   0.5132318367081992   1.1044619981038752
2.5663156713684585   0.47825680370245466   1.0557881523900894
2.641548360413907   0.44561337688217384   1.0096707894846813
2.7189865293089923   0.41515076205158646   0.9659559926310541
2.798694832679631   0.3867275221986385   0.9245001203831853
2.8807398205309562   0.3602110293070613   0.8851690597449582
2.9651899938111903   0.3354769455709777   0.8478375375595423
3.05211586160442   0.3124083962397974   0.8123881205935946
3.1415899999999994   0.2908949319147961   0.7787099353813817
