0.01   9646.354449020631   9642.175715984304
0.010293154462191829   9792.17869817304   9787.593613923707
0.010594902878253955   9936.213588280521   9931.182815961442
0.010905497183778876   10078.189975584539   10072.670443651536
0.011225196699963396   10217.82637864027   10211.771264441932
0.011554268350120923   10354.834705647505   10348.193384385275
0.011892986882540897   10488.915068192839   10481.63280997581
0.012241635099881474   10619.751187381162   10611.768633604108
0.012600504095286909   10747.020328545505   10738.273418221812
0.012969893495426888   10870.393400141473   10860.813284461046
0.013350111710660605   10989.524277344206   10979.036699407707
0.013741476192534558   11104.05778031922   11092.582833033171
0.014144313698828986   11213.63625204696   11201.088430175374
0.01455896056637426   11317.893051215728   11304.180323612321
0.014985762991865008   11416.449707697291   11401.472092575132
0.01542507732090645   11508.92778922429   11492.577367857522
0.015877270345534218   11594.948901384774   11577.109984193103
0.016342719610456153   11674.12476647273   11654.673955763059
0.016821813728271667   11746.067713869283   11724.874186442616
0.017314952703931925   11810.397158353802   11787.323050043971
0.017822548268711737   11866.736132183132   11841.63519490442
0.01834502422397195   11914.71204959944   11887.427980993254
0.018882816794999403   11953.965130401415   11924.332111286054
0.019436374995219892   11984.150977670266   11951.994447647226
0.02000616100108813   12004.942699633018   11970.08018902121
0.020592650537967844   12016.033268167072   11978.275425124739
0.021196333277324068   12017.138354206427   11976.290113139852
0.02181771324555934   12008.010270297085   11963.871875624647
0.022457309244835088   11988.43986218207   11940.808002512435
0.02311565528622961   11958.246836172557   11906.916151362107
0.023793301035594242   11917.293562743058   11862.05915554061
0.024490812272480036   11865.51766316591   11806.179857943089
0.025208771362518027   11802.898430713374   11739.26506636273
0.0259477777436476   11729.452002230755   11661.340269599894
0.02670844842659881   11645.29119259513   11572.53264704212
0.027491418510046592   11550.611147365395   11473.055762834814
0.028297341710866907   11445.638222552321   11363.155562166736
0.029126890909937666   11330.67463953167   11243.15690970466
0.029980758713939952   11206.178163212786   11113.546532467073
0.030859658033628758   11072.646694980183   10974.852173374997
0.031764322679055976   10930.603366434927   10827.626923348816
0.03269550797224261   10780.712167132073   10672.569955777937
0.033653991377811755   10623.721532536325   10510.467097225423
0.03464057315210884   10460.373461728543   10342.095580281919
0.03565607701135116   10291.513848677483   10168.332436001969
0.036701350819364466   10118.220667175763   9990.280146745607
0.03777726729548091   9941.561007752169   9809.026488710466
0.038884724743189276   9762.54100689544   9625.596095266177
0.04002464780014597   9582.02600059648   9440.879749398864
0.041197988210172884   9400.787134384338   9255.675647491953
0.04240572561788674   9219.552098109138   9070.734307594477
0.04364886838662332   9039.266396179955   8886.99368641393
0.04492845444033957   8861.276597524702   8705.743260470837
0.04624555213019635   8686.874430126829   8528.213371133003
0.04760126112654554   8517.184388860656   8355.46704764679
0.04899671333706607   8352.793572664907   8188.0240161129905
0.05043307385181555   8194.050193193094   8026.165260264761
0.05191154191598653   8041.24649392849   7870.120470630501
0.053433351931179485   7894.170754489989   7719.643884373627
0.05499977448602865   7752.17244498648   7574.077614806741
0.05661211741704101   7614.611433791515   7432.778635971768
0.05827172690053434   7480.606453950016   7294.898961240137
0.05997998857658587   7349.06047359176   7159.408835583256
0.06173832870592997   7218.91224043927   7025.320818177263
0.0635482153607709   7088.941134596047   6891.540125918146
0.06541115965050462   6957.8924888867505   6756.961958080285
0.06732871698337338   6824.481256561478   6620.490179046283
0.06930248836510605   6687.229522379253   6480.932827029012
0.07133412173562886   6544.726862695209   6337.176111663259
0.07342531334496233   6395.484841516406   6188.11999883243
0.07557780916945323   6238.112854895006   6032.7792650674555
0.07779340636952398   6071.653730494937   5870.634637983366
0.08007395479015682   5895.570845251978   5701.584504392716
0.08242135850536496   5710.150266746954   5526.157517877865
0.08483757740794096   5516.51276475939   5345.514185968015
0.08732462884580919   5316.596817589851   5161.415908989307
0.08988458930634863   5113.059409065634   4976.146804618898
0.09251959615009227   4908.961582660324   4792.200281758906
0.09523184939525078   4707.502401921729   4612.082204372294
0.09802361355455057   4511.790556327482   4438.03934813498
0.10089721952591899   4324.661346608669   4271.993958500502
0.10385506653859616   4148.665971968017   4115.513848832406
0.10689962415629803   3985.838481316037   3969.7507882650925
0.11003343433910281   3837.6055558558364   3835.2879129894977
0.11325911356578279   3704.4573947163094   3712.0738028175365
0.11657935501835284   3585.5749779417556   3599.1608252471756
0.11999693083066039   3478.7649562535203   3494.702543781586
0.12351469440289359   3380.5642060247387   3396.0745824059222
0.12713558278394044   3286.663063407157   3300.4955898027947
0.13086261912358757   3192.644011894289   3205.3083580905336
0.13469891519660646   3094.535919504798   3108.2234696572814
0.13864767400083483   2989.459858859172   3007.9598942757784
0.14271219243142114   2875.91646416395   2904.1736870874165
0.14689586403346616   2754.1765729168164   2797.338588373949
0.1512021818353596   2626.3242769942026   2689.078429073295
0.15563474126517718   2495.8329724013483   2581.58813341976
0.16019724315257297   2366.997038882786   2477.0881262205608
0.1648934968186736   2244.2295089563095   2377.619561867616
0.1697274232565544   2131.4960115828053   2284.71113829424
0.17470305840495237   2031.6486850012627   2199.4161095190475
0.17982455651794954   1945.5206290123594   2121.5377905979744
0.18509619363343993   1871.242001439097   2049.573829594387
0.19052237114327647   1804.6145328046296   1981.6648172638033
0.19610761946807834   1740.672533039858   1915.5538736030164
0.20185660183976684   1675.1731491485157   1849.9118595133984
0.20777411819498756   1605.1710348436602   1783.8069939284694
0.21386510918267082   1529.4962077058115   1717.489827332268
0.22013466028907505   1449.660952723352   1651.5985542593567
0.22658800608375756   1369.7077287118914   1587.4988563900472
0.23323053459001789   1294.1965834757384   1526.5931067811237
0.2400677917834628   1226.2483373625294   1469.3369145743038
0.24710548622244882   1166.9932898009179   1415.9301132142025
0.25434949381426813   1115.3785532745014   1365.5633516507196
0.2618058627210567   1068.2574357960923   1317.4283814706391
0.2694808184095226   1021.8493350719444   1270.6976557622231
0.27738076884870827   973.5272027469475   1225.003582396967
0.2855123098601282   922.7734649729088   1180.1771367088134
0.29388223062474755   871.5657637480357   1136.7684086476415
0.3024975193514008   822.9094197059222   1095.3721145907691
0.31136536911138296   778.8967547837213   1056.0351294991174
0.3204931838440838   739.8217518593527   1018.5313605188734
0.32988858453867975   704.268889594819   982.8586523256846
0.3395594155970457   669.8493728714727   948.4918050029916
0.34951375138319807   635.0599746830216   915.2400227814713
0.3597599029647371   600.1039794889745   883.1070627672983
0.37030642505191835   566.3605015088643   852.3360293978794
0.3811621231401457   535.2542236357166   822.9624802509449
0.3923360608618501   506.9540894200161   794.9279320007274
0.4038375675538918   480.47966293668526   768.0746040486611
0.41567624604680364   454.76193330867153   742.2499608761713
0.42786198068238046   429.46447066239256   717.3480837895153
0.4404049455663077   405.15266037815854   693.483670530231
0.4533156130627191   382.47573377613406   670.6466151062408
0.4666047625377753   361.4138528022026   648.7944165815919
0.4802834893595659   341.45137885819776   627.8418102416509
0.49436321416184764   322.1957296483954   607.686402490214
0.5088556923793517   303.7530291919551   588.3163196468294
0.5237730240626238   286.38624064974726   569.7475775201849
0.5391276639805903   270.10449011901875   551.942840176311
0.5549324320192869   254.6624359723373   534.8386420883296
0.5712005238854289   239.92880056765796   518.371588751392
0.5879455221237613   225.96478852300822   502.542334770927
0.6051814074573895   212.8173141332632   487.33776873908477
0.622922570460556   200.39690088890006   472.70724947988197
0.6411838235736077   188.61590521265276   458.6009564469852
0.6599804134701901   177.4721927092968   445.0138958985842
0.6793280337869897   166.96384169605568   431.9273398435807
0.6992428382266549   157.039100335552   419.3021898874745
0.7197414540448374   147.65763795717368   407.09754642644566
0.7408409959326054   138.80222336069852   395.3039931275647
0.7625590803058332   130.44808859013506   383.9062103727317
0.7849138400134885   122.56869072490679   372.87938066884703
0.8079239394770964   115.13878421919108   362.2004321168721
0.8316085902740278   108.13436446763723   351.8479250588123
0.8559875671776167   101.53261243576083   341.80194438089995
0.8810812246675007   95.31185071895457   332.0439937296639
0.9069105139239728   89.45167604183338   322.5567557551009
0.9334970003205227   83.932847992186   313.3240336588967
0.960862881429187   78.73703099915167   304.3308358666405
0.9890310055537336   73.84675326646583   295.56331063541353
1.0180248908061487   69.24537534730193   287.0086793359437
1.047868744742366   64.91705914214934   278.6551748134332
1.0785874845736239   60.846737377240245   270.4919842861836
1.1102067579703248   57.0200681668791   262.50919006570484
1.1427529644757777   53.423374793642715   254.69770613422938
1.1762532775476793   50.04366902577158   247.04925086615816
1.210735667245765   46.868633293445015   239.55630830798947
1.246228923584555   43.88659068332869   232.21208697727164
1.2827626805706884   41.08647593915224   225.01048081774854
1.3203674409449337   38.45780745983936   217.94603202206642
1.3590746016495152   35.9906602511207   211.01397135795924
1.3989164800420282   33.675639442317454   204.21123729833886
1.4399263408778291   31.50385545612221   197.53602380623448
1.4821384240834183   29.466900291130955   190.98679472643798
1.525587973344019   27.5568242896819   184.56223912419333
1.5703112655292182   25.766113805513292   178.26125292956587
1.6163456409812174   24.08766976301449   172.08292090168055
1.6637295346910133   22.51478708373054   166.0265000007941
1.7125025083885144   21.041133041465198   160.09203691430946
1.7627052835733923   19.66072595335495   154.28127236183417
1.814379775514258   18.36792237945934   148.59600041897397
1.8675691282445197   17.157400493588856   143.03776596456217
1.922317750584177   16.02414326071279   137.60786911243318
1.9786713532176083   14.963422382947673   132.30737014683453
2.0366769868582977   13.970782987188166   127.13709493193954
2.0963830815323896   13.042028675365055   122.09771668676774
2.1578394870138577   12.173204379805986   117.19048992235618
2.2210975144450407   11.360585612033521   112.41680010981138
2.286209979177315   10.600668383938158   107.77761595108873
2.3532312448676476   9.890157007062532   103.27350411856781
2.4222172688678643   9.225952470698237   98.90465278395214
2.4932256489445366   8.6051414126538   94.67089521950261
2.5663156713684585   8.024985675465041   90.57173465459071
2.641548360413907   7.482915302704559   86.60657536445262
2.7189865293089923   6.9765211816061345   82.77492129521804
2.798694832679631   6.503539592733816   79.07595573046125
2.8807398205309562   6.061843273438847   75.5085129533662
2.9651899938111903   5.649433781619672   72.07111023276163
3.05211586160442   5.264434239682876   68.76197882757197
3.1415899999999994   4.905082443501502   65.57909389265878
