0.01   16715.105397135645   16705.750542204853
0.010293154462191829   16924.421742328082   16914.158163972035
0.010594902878253955   17128.56748758548   17117.313681117346
0.010905497183778876   17327.04410501035   17314.713270614076
0.011225196699963396   17519.322763568576   17505.81917623904
0.011554268350120923   17704.863659737588   17690.08187304855
0.011892986882540897   17883.12058340303   17866.945455140863
0.012241635099881474   18053.521852049384   18035.829316365576
0.012600504095286909   18215.477369157314   18196.13511470451
0.012969893495426888   18368.396115022937   18347.263827357583
0.013350111710660605   18511.67738718565   18488.60565049914
0.013741476192534558   18644.696323379507   18619.523531000912
0.014144313698828986   18766.829564845342   18739.38176711383
0.01455896056637426   18877.45947919502   18847.550740702645
0.014985762991865008   18975.952898971897   18943.384791456054
0.01542507732090645   19061.675486540746   19026.237190251813
0.015877270345534218   19134.00993245702   19095.479079539713
0.016342719610456153   19192.34818980921   19150.489725320564
0.016821813728271667   19236.08487560984   19190.64817971873
0.017314952703931925   19264.64048643397   19215.360283995855
0.017822548268711737   19277.466466600457   19224.06419344719
0.01834502422397195   19274.04069729993   19216.224822028653
0.018882816794999403   19253.87732933089   19191.34475222399
0.019436374995219892   19216.53548863615   19148.97380908543
0.02000616100108813   19161.632199408326   19088.721594056227
0.020592650537967844   19088.85024280766   19010.265277983995
0.021196333277324068   18997.929704668186   18913.342217257035
0.02181771324555934   18888.681569464392   18797.764940272493
0.022457309244835088   18761.03865975426   18663.476986133002
0.02311565528622961   18615.01677737176   18510.509939548658
0.023793301035594242   18450.69927063565   18338.966218360347
0.024490812272480036   18268.318531253462   18149.106337691515
0.025208771362518027   18068.26328487472   17941.3563886684
0.0259477777436476   17850.98555353621   17716.207995284032
0.02670844842659881   17617.048774498144   17474.26949685985
0.027491418510046592   17367.284792716895   17216.43310849642
0.028297341710866907   17102.614496716316   16943.682834812113
0.029126890909937666   16823.997850277425   16657.040723386544
0.029980758713939952   16532.63320560179   16357.775954374722
0.030859658033628758   16229.907829590491   16047.351966933946
0.031764322679055976   15917.19431967125   15727.212116190258
0.03269550797224261   15595.988489086512   15398.917070307276
0.033653991377811755   15268.189057982723   15064.423952133182
0.03464057315210884   14935.684118406263   14725.670927803932
0.03565607701135116   14600.261448945663   14384.487816630004
0.036701350819364466   14263.6887057256   14042.68161525742
0.03777726729548091   13927.671676735796   13701.992472619606
0.038884724743189276   13593.786784081853   13364.022414742996
0.04002464780014597   13263.742144563268   13030.468487344666
0.041197988210172884   12939.68377339743   12703.395630944016
0.04240572561788674   12623.631924079249   12384.734725612137
0.04364886838662332   12317.391356454085   12076.194578367269
0.04492845444033957   12022.47615605513   11779.120517637592
0.04624555213019635   11740.184132383207   11494.61260916343
0.04760126112654554   11471.64658757548   11223.61851216846
0.04899671333706607   11217.097184368908   10966.227892497624
0.05043307385181555   10975.834700038904   10721.638100435157
0.05191154191598653   10747.137790659439   10489.03734801812
0.053433351931179485   10529.845133599112   10267.214835348608
0.05499977448602865   10322.295662891398   10054.506377190119
0.05661211741704101   10122.868419570459   9849.302236406207
0.05827172690053434   9929.525139020101   9649.67210294542
0.05997998857658587   9740.024839503576   9453.543744539767
0.06173832870592997   9552.062791547305   9258.844129457868
0.0635482153607709   9362.84796942462   9063.201515658058
0.06541115965050462   9169.634344013739   8864.329911798583
0.06732871698337338   8969.335492030175   8659.815207481102
0.06930248836510605   8758.844711845304   8447.316161575465
0.07133412173562886   8535.39257145409   8224.953842530138
0.07342531334496233   8296.60751918679   7991.341149204393
0.07557780916945323   8041.204034004596   7745.941933004955
0.07779340636952398   7769.195359408462   7489.229336936964
0.08007395479015682   7482.016426055393   7222.943516942674
0.08242135850536496   7182.633893147109   6950.186030662091
0.08483757740794096   6875.186820782701   6674.458940427486
0.08732462884580919   6564.645274444715   6399.50503898133
0.08988458930634863   6256.421879248779   6129.506474771793
0.09251959615009227   5955.919961803193   5868.510718075835
0.09523184939525078   5668.58403742748   5620.036843307244
0.09802361355455057   5399.190136282623   5387.03927664034
0.10089721952591899   5152.119602286321   5172.035420500634
0.10385506653859616   4930.541129606794   4976.526056968234
0.10689962415629803   4735.964498014418   4800.376093122737
0.11003343433910281   4567.757964198951   4642.28014522577
0.11325911356578279   4422.8780624494475   4499.668939195681
0.11657935501835284   4295.9699792713745   4368.644505380589
0.11999693083066039   4180.266149824904   4244.640529692027
0.12351469440289359   4068.093919437836   4123.045420809201
0.12713558278394044   3952.112233232698   3999.9637095032676
0.13086261912358757   3825.9757294482843   3872.471925107791
0.13469891519660646   3685.38373473481   3738.87285040844
0.13864767400083483   3528.8859703939956   3599.236589519204
0.14271219243142114   3358.168964063916   3455.2608084261
0.14689586403346616   3177.93086887046   3309.88208170854
0.1512021818353596   2995.0377367708497   3167.036535740882
0.15563474126517718   2817.506858131097   3030.480459639203
0.16019724315257297   2653.420173032076   2902.775593919309
0.1648934968186736   2509.401878694165   2785.999936313629
0.1697274232565544   2388.7018376345986   2681.466564814633
0.17470305840495237   2289.8745979988903   2586.3090967577145
0.17982455651794954   2207.376751190921   2498.539892046131
0.18509619363343993   2133.5928302567554   2415.0100548584246
0.19052237114327647   2060.5254328512265   2332.9237963038563
0.19610761946807834   1980.8819118822885   2250.25751790825
0.20185660183976684   1890.020369198869   2166.441683845643
0.20777411819498756   1788.3805545285932   2082.053251232436
0.21386510918267082   1681.503497900026   1999.2009987821602
0.22013466028907505   1577.0854476112615   1919.9068247835844
0.22658800608375756   1482.110482925056   1845.3153577273295
0.23323053459001789   1401.1559483088342   1775.974468746743
0.2400677917834628   1334.7177911198114   1711.881729458143
0.24710548622244882   1278.726420802971   1650.851100989356
0.25434949381426813   1226.5753354720293   1592.1885411364062
0.2618058627210567   1171.8965016824218   1535.415679984088
0.2694808184095226   1111.3276152774088   1479.3984009415747
0.27738076884870827   1046.3590614474608   1424.8344559800737
0.2855123098601282   981.9938737531054   1372.2708070991334
0.29388223062474755   923.2460753877936   1322.8045401881106
0.3024975193514008   872.9503396533868   1275.4846448697626
0.31136536911138296   830.1455857376089   1230.9920189540069
0.3204931838440838   790.7347455243876   1188.2851247767014
0.32988858453867975   750.7096166848435   1147.2697537611573
0.3395594155970457   708.544163041508   1107.3390820353738
0.34951375138319807   665.9461818625131   1068.8831099627662
0.3597599029647371   626.1821918901936   1032.2564636767656
0.37030642505191835   591.0413484827192   997.4625042148939
0.3811621231401457   559.7650561338243   964.2450258401485
0.3923360608618501   530.0429235465797   932.5075200824392
0.4038375675538918   500.1447114115901   901.8596162315304
0.41567624604680364   470.42108578121525   872.2712437928442
0.42786198068238046   442.4495926370339   843.9913542455046
0.4404049455663077   417.0910162645816   817.0808788957189
0.4533156130627191   393.74664518257634   791.3319406952453
0.4666047625377753   371.2424345845886   766.5250618665275
0.4802834893595659   349.2455440638649   742.6742651672938
0.49436321416184764   328.35810291505135   719.7529348513876
0.5088556923793517   309.05329497382246   697.8606451330783
0.5237730240626238   291.0370323223718   676.8636957792951
0.5391276639805903   273.7998566513855   656.6054307633241
0.5549324320192869   257.30910572856783   637.1272090674182
0.5712005238854289   241.83259466604954   618.3995613647854
0.5879455221237613   227.36612520833268   600.4108729038481
0.6051814074573895   213.66993822528718   583.0636103643754
0.622922570460556   200.6648749065031   566.3077948226738
0.6411838235736077   188.43359719266226   550.1625761124654
0.6599804134701901   176.94387200436068   534.5975557419939
0.6793280337869897   166.10330686030295   519.5269167365352
0.6992428382266549   155.88462161754586   504.9549528667549
0.7197414540448374   146.25736184855245   490.8552723314189
0.7408409959326054   137.19104783504693   477.1975250115565
0.7625590803058332   128.656429229063   463.9535063199924
0.7849138400134885   120.62546611596255   451.097015813179
0.8079239394770964   113.07129811610362   438.60372272353544
0.8316085902740278   105.96789065807735   426.45084638601094
0.8559875671776167   99.29001569313115   414.6170137756508
0.8810812246675007   93.0137091315949   403.08243583483244
0.9069105139239728   87.11624687261701   391.82883282909484
0.9334970003205227   81.5760883044372   380.83934776885013
0.960862881429187   76.37282185198413   370.09846666119563
0.9890310055537336   71.48711253433788   359.5919448503414
1.0180248908061487   66.900658500864   349.306758276969
1.047868744742366   62.59618027314548   339.23115289064015
1.0785874845736239   58.5573346154491   329.35449179636146
1.1102067579703248   54.76864813599146   319.66713751119767
1.1427529644757777   51.21547679458118   310.1604004575688
1.1762532775476793   47.883966937689465   300.82649038763265
1.210735667245765   44.76101775157916   291.6584701087635
1.246228923584555   41.83424506639017   282.65021691517217
1.2827626805706884   39.091939965177666   273.79721574182446
1.3203674409449337   36.5230309414841   265.0972484343721
1.3590746016495152   34.11706628028877   256.54866179469605
1.3989164800420282   31.86418434325711   248.15011522727443
1.4399263408778291   29.755083282693697   239.90055658813782
1.4821384240834183   27.78099208475158   231.79919832224806
1.525587973344019   25.933642900274194   223.84549387594402
1.5703112655292182   24.2052443924281   216.03928227282407
1.6163456409812174   22.588454115951116   208.3826118810924
1.6637295346910133   21.076356148304477   200.87872953699764
1.7125025083885144   19.662440177606012   193.53055942664943
1.7627052835733923   18.34057950581684   186.34067871208813
1.814379775514258   17.105010076641523   179.31132295477659
1.8675691282445197   15.950310527294882   172.4443922998152
1.922317750584177   14.871383222939377   165.74145845838822
1.9786713532176083   13.86343468169774   159.2041712064026
2.0366769868582977   12.921955611455648   152.83507907647558
2.0963830815323896   12.04270978660659   146.63641433679553
2.1578394870138577   11.221719535639142   140.60982454247312
2.2210975144450407   10.455250827249086   134.7564038295036
2.286209979177315   9.739799152442465   129.0767246100891
2.3532312448676476   9.07207616482606   123.57086946052479
2.4222172688678643   8.448997237583567   118.23847976462396
2.4932256489445366   7.86767390754111   113.07917786061661
2.5663156713684585   7.325401244564629   108.09253162257727
2.641548360413907   6.819641756848685   103.27762138925588
2.7189865293089923   6.348015450243936   98.63306047711795
2.798694832679631   5.908290666350957   94.15703749414644
2.8807398205309562   5.498375403951477   89.8473573928812
2.9651899938111903   5.11630910222904   85.70148110146972
3.05211586160442   4.760251571951526   81.71634589374095
3.1415899999999994   4.428462982306231   77.88751765146127
