0.01   6683.05170214475   6682.742785399547
0.010293154462191829   6745.048846308409   6744.730549822116
0.010594902878253955   6803.682971362166   6803.354697176832
0.010905497183778876   6858.728364305845   6858.389767049731
0.011225196699963396   6909.959244048596   6909.610196558938
0.011554268350120923   6957.1381515067615   6956.778315958713
0.011892986882540897   7000.022704937136   6999.651281890319
0.012241635099881474   7038.374325086417   7037.990044681359
0.012600504095286909   7071.953610116636   7071.554892802796
0.012969893495426888   7100.5169203837895   7100.102170461599
0.013350111710660605   7123.827169263891   7123.394812941923
0.013741476192534558   7141.6539782280615   7141.202403382078
0.014144313698828986   7153.762645632743   7153.289778629975
0.01455896056637426   7159.924862088703   7159.428010793742
0.014985762991865008   7159.9259337600015   7159.401806185017
0.01542507732090645   7153.56036235489   7153.005271041858
0.015877270345534218   7140.632243327741   7140.04235529643
0.016342719610456153   7120.9644132277745   7120.335791403743
0.016821813728271667   7094.400086147435   7093.728551304834
0.017314952703931925   7060.802626347263   7060.083107058263
0.017822548268711737   7020.059281656898   7019.285696137102
0.01834502422397195   6972.083970966229   6971.24934016725
0.018882816794999403   6916.8264579699835   6915.923702130026
0.019436374995219892   6854.272174059357   6853.294784190105
0.02000616100108813   6784.436437401921   6783.378542260991
0.020592650537967844   6707.377477500756   6706.233948885061
0.021196333277324068   6623.217453847056   6621.984107799269
0.02181771324555934   6532.113193600167   6530.786836482952
0.022457309244835088   6434.255946110998   6432.834492787838
0.02311565528622961   6329.924375590179   6328.407960090852
0.023793301035594242   6219.454731030277   6217.846257266824
0.024490812272480036   6103.202972783623   6101.507957181695
0.025208771362518027   5981.5952686163455   5979.82215711958
0.0259477777436476   5855.16503709003   5853.325870256654
0.02670844842659881   5724.45496592403   5722.5651039611685
0.027491418510046592   5590.026304824623   5588.10410373431
0.028297341710866907   5452.582473050963   5450.649367303143
0.029126890909937666   5312.858192352127   5310.938407620531
0.029980758713939952   5171.552703327907   5169.672741309501
0.030859658033628758   5029.429553816023   5027.617257237301
0.031764322679055976   4887.329032997448   4885.612619116198
0.03269550797224261   4746.02808515204   4744.435812958333
0.033653991377811755   4606.283809736572   4604.843063438423
0.03464057315210884   4468.9981116125655   4467.732469517104
0.03565607701135116   4335.029279483799   4333.958083166316
0.036701350819364466   4205.126785915346   4204.265315845165
0.03777726729548091   4079.856289999493   4079.2113286799254
0.038884724743189276   3959.6292365184945   3959.1958231673284
0.04002464780014597   3844.79293225244   3844.5556658836517
0.041197988210172884   3735.75917452397   3735.690806863482
0.04240572561788674   3633.213001042019   3633.2682640302605
0.04364886838662332   3537.811252706922   3537.9275867103643
0.04492845444033957   3449.9919363629183   3450.091817998739
0.04624555213019635   3369.156086240063   3369.1523580664357
0.04760126112654554   3294.339353021121   3294.1375076381314
0.04899671333706607   3224.664987452222   3224.163134306602
0.05043307385181555   3159.3622210697904   3158.4487878669256
0.05191154191598653   3097.7354378695745   3096.288640353407
0.053433351931179485   3039.035791643086   3036.9286175591155
0.05499977448602865   2982.190290539144   2979.306332728842
0.05661211741704101   2926.1081179405755   2922.34589672592
0.05827172690053434   2869.5188442447798   2864.81029687276
0.05997998857658587   2810.973257692931   2805.302894034914
0.06173832870592997   2749.0619974633855   2742.474329174668
0.0635482153607709   2682.294185216165   2674.915835864338
0.06541115965050462   2609.375672214525   2601.415916443641
0.06732871698337338   2529.5297170808312   2521.283885455919
0.06930248836510605   2442.3711597934366   2434.209700619718
0.07133412173562886   2348.260356165285   2340.599537892535
0.07342531334496233   2248.0411152874153   2241.320565040428
0.07557780916945323   2143.25609974345   2137.935291131809
0.07779340636952398   2035.7556375682063   2032.2898424753555
0.08007395479015682   1927.674660588058   1926.439902930169
0.08242135850536496   1821.1668052886116   1822.4361551528252
0.08483757740794096   1718.4738649816632   1722.409202980123
0.08732462884580919   1621.8042534168799   1628.404975310602
0.08988458930634863   1533.2596431715706   1542.323863906807
0.09251959615009227   1454.4540369987442   1465.5922389366294
0.09523184939525078   1386.5644390884622   1399.2089065047956
0.09802361355455057   1329.7298050055697   1343.1862838906673
0.10089721952591899   1283.2861454890003   1296.7768299900515
0.10385506653859616   1245.4726660250958   1258.2675253997286
0.10689962415629803   1213.9623325533883   1225.453918478957
0.11003343433910281   1185.8455192207025   1195.6408560150667
0.11325911356578279   1158.1034335497293   1166.1119905119551
0.11657935501835284   1127.7947098072557   1134.305067736977
0.11999693083066039   1092.4977794269894   1098.181818959829
0.12351469440289359   1050.7153657203357   1056.5539007225252
0.12713558278394044   1002.1294069141192   1009.281863290526
0.13086261912358757   947.7199942095025   957.361038113265
0.13469891519660646   889.5471061540495   902.7132229307119
0.13864767400083483   830.541773077686   847.8870664884214
0.14271219243142114   774.1734319913244   795.7577225195345
0.14689586403346616   723.8316260724589   749.1009516323926
0.1512021818353596   681.7903963207277   709.5501310649522
0.15563474126517718   648.531185639643   677.3640772909827
0.16019724315257297   622.9065159554838   651.4340145958466
0.1648934968186736   602.742716205878   629.8199670762281
0.1697274232565544   585.2142858380089   610.2395526488003
0.17470305840495237   567.0256725854634   590.1477596664085
0.17982455651794954   545.224773880864   567.3580332192839
0.18509619363343993   518.5499472365881   541.2041665970198
0.19052237114327647   487.89038394638067   512.5117276466808
0.19610761946807834   455.54510130222087   482.9931502359726
0.20185660183976684   424.3081717189914   454.73364778468317
0.20777411819498756   396.8527659504048   429.55159786328943
0.21386510918267082   374.6742433132552   408.26998034844314
0.22013466028907505   357.47924672106114   390.6255227025618
0.22658800608375756   343.5325880423633   375.20177640469706
0.23323053459001789   330.2797592517064   360.3610323570197
0.2400677917834628   315.4073784484432   344.72813789056084
0.24710548622244882   298.1694958749364   327.86155930114614
0.25434949381426813   279.4683837251278   310.50978127838243
0.2618058627210567   261.0694836590467   293.7115124014265
0.2694808184095226   244.81859374078732   278.52842857096283
0.27738076884870827   231.50437558195418   265.20304887582137
0.2855123098601282   220.43031876721594   253.3682254550847
0.29388223062474755   210.1378852511267   242.11127718554917
0.3024975193514008   199.29433558905615   230.83238434042894
0.31136536911138296   187.57703710595428   219.4046084085416
0.3204931838440838   175.8109978794611   208.28129835470622
0.32988858453867975   165.04315355955666   197.9170385199384
0.3395594155970457   155.75055081594903   188.4837660343558
0.34951375138319807   147.55829834489174   179.74328816621227
0.3597599029647371   139.64449334223457   171.33809439396128
0.37030642505191835   131.55530502415584   163.12519180085027
0.3811621231401457   123.52899736002048   155.19990457725046
0.3923360608618501   116.06928358068826   147.7269626300412
0.4038375675538918   109.38936147615641   140.76832234994117
0.41567624604680364   103.22615670808275   134.1998306376812
0.42786198068238046   97.23410553816461   127.89832010488462
0.4404049455663077   91.3698746135393   121.85706752700138
0.4533156130627191   85.84434356372871   116.13716788993163
0.4666047625377753   80.76520817649941   110.74561777736812
0.4802834893595659   76.01673682311372   105.63795468507972
0.49436321416184764   71.45948450941547   100.76824151287386
0.5088556923793517   67.11201150973663   96.13299762555295
0.5237730240626238   63.048530183864905   91.74754408396115
0.5391276639805903   59.25058622721289   87.59132896254992
0.5549324320192869   55.650893952429   83.64218205190956
0.5712005238854289   52.239146162453785   79.88938340437504
0.5879455221237613   49.03644820920441   76.33027507266581
0.6051814074573895   46.030087259410124   72.95537344139743
0.622922570460556   43.19709519656459   69.75143763930957
0.6411838235736077   40.52734820832295   66.70916020400429
0.6599804134701901   38.01278879065091   63.82025788308421
0.6793280337869897   35.645620503836035   61.07686634574396
0.6992428382266549   33.41831350166154   58.47152067925822
0.7197414540448374   31.323608208734488   55.997136630375444
0.7408409959326054   29.354517319038525   53.64699257946098
0.7625590803058332   27.504313963110434   51.41469879994911
0.7849138400134885   25.766323985841662   49.29394841707639
0.8079239394770964   24.13401403106726   47.278575055034544
0.8316085902740278   22.60120872797433   45.36277452098293
0.8559875671776167   21.16207920778346   43.54108976861095
0.8810812246675007   19.811124432657365   41.808388725040174
0.9069105139239728   18.543153492362755   40.15984361578357
0.9334970003205227   17.353268820246313   38.59091168150391
0.960862881429187   16.236853997114796   37.09730079958159
0.9890310055537336   15.189590802373159   35.67480467707039
1.0180248908061487   14.207419455513579   34.31938255307662
1.047868744742366   13.286500866357684   33.02725120993371
1.0785874845736239   12.423205725718974   31.794868190922106
1.1102067579703248   11.61410434196536   30.618914929925676
1.1427529644757777   10.855956870172474   29.496281166157555
1.1762532775476793   10.145703926500527   28.424050538881392
1.210735667245765   9.480456241399814   27.399460018953707
1.246228923584555   8.857479726164456   26.419750979625174
1.2827626805706884   8.274194292172037   25.482285292724406
1.3203674409449337   7.728169237780231   24.58460427470112
1.3590746016495152   7.217115208081382   23.72441551922496
1.3989164800420282   6.7388765359223886   22.899580664970596
1.4399263408778291   6.291423957043497   22.108104168656563
1.4821384240834183   5.8728476840013455   21.348122993314036
1.525587973344019   5.481350871924675   20.617875068591644
1.5703112655292182   5.115243484078749   19.91563033226842
1.6163456409812174   4.772936171079843   19.239758687083476
1.6637295346910133   4.452934591580369   18.58874469288702
1.7125025083885144   4.153834075045015   17.96117931913454
1.7627052835733923   3.874314558840811   17.355752379950097
1.814379775514258   3.61313578741168   16.7712455878379
1.8675691282445197   3.369132760652791   16.206526133503978
1.922317750584177   3.141211004004515   15.660526672784492
1.9786713532176083   2.9283420216603897   15.132221112744835
2.0366769868582977   2.729560532011977   14.62065377724093
2.0963830815323896   2.543960931980559   14.124940290067391
2.1578394870138577   2.3706937745690344   13.644262793463316
2.2210975144450407   2.208962442015288   13.1778655282094
2.286209979177315   2.0580200045730694   12.7250507396638
2.3532312448676476   1.9171662655188777   12.285175600545022
2.4222172688678643   1.7857456414956452   11.857699005789685
2.4932256489445366   1.6631447136596422   11.442202113243964
2.5663156713684585   1.5487884981484905   11.038299490730811
2.641548360413907   1.4421380557707069   10.645628916566432
2.7189865293089923   1.342688350822421   10.263849904208222
2.798694832679631   1.2499662276329784   9.892642302706257
2.8807398205309562   1.163528499108545   9.531704967834187
2.9651899938111903   1.0829600541869404   9.180751900733345
3.05211586160442   1.0078699893504954   8.839444147967306
3.1415899999999994   0.9378905557771174   8.507394406977864
