0.01   14706.87103054926   14687.098682240092
0.010293154462191829   14932.937923002532   14911.192119282035
0.010594902878253955   15156.616088637142   15132.711130717382
0.010905497183778876   15377.506356605141   15351.238277664945
0.011225196699963396   15595.19854214235   15566.344664267695
0.011554268350120923   15809.265329166134   15777.583748973911
0.011892986882540897   16019.252107127882   15984.48096361326
0.012241635099881474   16224.691942565183   16186.549192018367
0.012600504095286909   16425.107519866262   16383.29056943709
0.012969893495426888   16619.997031656247   16574.17957119941
0.013350111710660605   16808.841900391235   16758.672119919975
0.013741476192534558   16991.11729436993   16936.21800237857
0.014144313698828986   17166.28443414   17106.251370713206
0.01455896056637426   17333.783574470264   17268.18207337606
0.014985762991865008   17493.051083295082   17421.416221868283
0.01542507732090645   17643.52075105955   17565.357592205026
0.015877270345534218   17784.609756419864   17699.39039194459
0.016342719610456153   17915.731101776266   17822.894191893596
0.016821813728271667   18036.303859695192   17935.25615105116
0.017314952703931925   18145.748559678377   18035.86429983123
0.017822548268711737   18243.486614202415   18124.106230679357
0.01834502422397195   18328.95291866116   18199.385380529522
0.018882816794999403   18401.599537471415   18261.124576959202
0.019436374995219892   18460.89802185093   18308.765255747727
0.02000616100108813   18506.343304873473   18341.77476430889
0.020592650537967844   18537.457828083552   18359.65250702332
0.021196333277324068   18553.809291831854   18361.951425616757
0.02181771324555934   18555.0152344916   18348.283286377497
0.022457309244835088   18540.730459620427   18318.302989292562
0.02311565528622961   18510.66433178759   18271.727164121756
0.023793301035594242   18464.625921126262   18208.382649332765
0.024490812272480036   18402.48151095071   18128.160710061533
0.025208771362518027   18324.14743142833   18031.010039010824
0.0259477777436476   18229.670196214756   17917.03406533304
0.02670844842659881   18119.211648309312   17786.472008634006
0.027491418510046592   17992.97988759404   17639.614116105673
0.028297341710866907   17851.28816473224   17476.86593191412
0.029126890909937666   17694.66239025803   17298.86575708056
0.029980758713939952   17523.690628138662   17106.317345973905
0.030859658033628758   17339.00546079617   16899.970603801466
0.031764322679055976   17141.4504331   16680.81165355679
0.03269550797224261   16931.99892206081   16449.968079176542
0.033653991377811755   16711.627818778292   16208.563300343863
0.03464057315210884   16481.460011041   15957.858612848082
0.03565607701135116   16242.913782789681   15699.401038751519
0.036701350819364466   15997.404363538812   15434.721167900097
0.03777726729548091   15746.296984441831   15165.287240987733
0.038884724743189276   15490.905402389031   14892.514588826358
0.04002464780014597   15232.485805662971   14617.752243167026
0.041197988210172884   14972.23574894943   14342.275008341841
0.04240572561788674   14711.531126655547   14067.467747870855
0.04364886838662332   14452.047747146606   13794.918562626703
0.04492845444033957   14195.38520676715   13526.125835666535
0.04624555213019635   13942.993463984385   13262.42045119911
0.04760126112654554   13695.990930392236   13004.722242536973
0.04899671333706607   13455.331244172305   12753.764582533364
0.05043307385181555   13221.844947908103   12510.17070963407
0.05191154191598653   12995.465176343327   12273.750480638797
0.053433351931179485   12775.444390253733   12043.703690510141
0.05499977448602865   12561.031774155132   11819.241554084478
0.05661211741704101   12351.06034732173   11599.260857972837
0.05827172690053434   12144.049514303046   11382.428008317918
0.05997998857658587   11938.55189186336   11167.465094468735
0.06173832870592997   11732.845914262363   10952.968355714074
0.0635482153607709   11525.163102430255   10737.544897746822
0.06541115965050462   11313.69904942858   10519.84359929236
0.06732871698337338   11096.454967190108   10298.48454832654
0.06930248836510605   10871.522249114201   10072.207105898991
0.07133412173562886   10636.84787044613   9839.863924226838
0.07342531334496233   10390.507906193146   9600.467466356733
0.07557780916945323   10131.045208818528   9353.382373275163
0.07779340636952398   9857.465068520269   9098.30658276941
0.08007395479015682   9569.873476688406   8835.963937512071
0.08242135850536496   9269.41185944792   8567.980904001693
0.08483757740794096   8958.530210612713   8296.436338675538
0.08732462884580919   8640.743784770877   8023.773523214771
0.08988458930634863   8320.410878291445   7753.092653490586
0.09251959615009227   8002.22199145127   7487.6747739083075
0.09523184939525078   7690.899776889037   7230.276978478435
0.09802361355455057   7390.796538626244   6983.243895738202
0.10089721952591899   7105.799112431631   6748.591007036631
0.10385506653859616   6839.06198977903   6527.65828578069
0.10689962415629803   6592.9331789255475   6320.75396837105
0.11003343433910281   6368.504427650777   6127.700390638548
0.11325911356578279   6165.254667082976   5947.765211637207
0.11657935501835284   5980.615006633592   5778.988523654778
0.11999693083066039   5810.175421739031   5618.380405196499
0.12351469440289359   5647.873268526281   5462.734693058915
0.12713558278394044   5487.220403938627   5309.000933717046
0.13086261912358757   5322.048985353537   5154.567732135602
0.13469891519660646   5147.6696926038385   4997.831367481942
0.13864767400083483   4961.3246797472975   4838.324792871209
0.14271219243142114   4762.782769021973   4676.88516762628
0.14689586403346616   4554.506937415875   4515.279182820982
0.1512021818353596   4341.214036352596   4355.512680232406
0.15563474126517718   4129.153912338781   4199.642998949438
0.16019724315257297   3924.982992506929   4050.2316448401757
0.1648934968186736   3734.733194079527   3908.523368364802
0.1697274232565544   3562.9905641037144   3775.4535528926067
0.17470305840495237   3411.8371101154744   3651.017338593745
0.17982455651794954   3279.7286054440447   3533.7125078142926
0.18509619363343993   3161.2865504688284   3421.8197505523067
0.19052237114327647   3048.978310291349   3313.182551523705
0.19610761946807834   2935.794250571663   3206.4035869700165
0.20185660183976684   2816.8980944609384   3101.022576399558
0.20777411819498756   2690.1063993873613   2996.691500548849
0.21386510918267082   2556.637994301127   2894.412759856198
0.22013466028907505   2421.597028183113   2794.9410295341677
0.22658800608375756   2292.0827914897513   2699.5561243598836
0.23323053459001789   2173.7209512745603   2608.4943109232554
0.2400677917834628   2068.8558270131684   2522.102832701645
0.24710548622244882   1976.5329866967143   2439.6425803905504
0.25434949381426813   1892.6665248439583   2360.5007009254873
0.2618058627210567   1811.4348338707675   2283.9204539668017
0.2694808184095226   1728.2010523032639   2209.6703116557983
0.27738076884870827   1641.459979896615   2137.1661591064103
0.2855123098601282   1553.3033109712987   2067.3500442478876
0.29388223062474755   1468.3274327220395   2000.2276458909657
0.3024975193514008   1390.438800038003   1935.776410206776
0.31136536911138296   1320.6871649606448   1874.2110200195934
0.3204931838440838   1257.2311325284804   1815.1225285960509
0.32988858453867975   1196.6444785249846   1758.3647470066821
0.3395594155970457   1135.9791872618716   1703.2608942089932
0.34951375138319807   1074.9986161250458   1650.3281114338365
0.3597599029647371   1015.6184093166221   1599.2006317026637
0.37030642505191835   960.2052600416495   1550.1235372378542
0.3811621231401457   909.5961154800004   1503.1945430886171
0.3923360608618501   862.4826346747462   1458.0734582136395
0.4038375675538918   817.0273470987265   1414.6458056945767
0.41567624604680364   772.3967704297713   1372.6290348738062
0.42786198068238046   729.2335668072477   1332.0958612270338
0.4404049455663077   688.6878177778642   1293.1968154132007
0.4533156130627191   651.0030887283741   1255.799340465651
0.4666047625377753   615.4105713229633   1219.7944654686
0.4802834893595659   581.1592972479742   1185.0308806265823
0.49436321416184764   548.2471352983188   1151.418976017857
0.5088556923793517   517.1265170703628   1119.0224709721688
0.5237730240626238   487.93162682196163   1087.8146893205203
0.5391276639805903   460.2920222954752   1057.6502254654959
0.5549324320192869   433.91518025461886   1028.468255271241
0.5712005238854289   408.8531558256939   1000.206961978592
0.5879455221237613   385.2213713558708   972.8766485156865
0.6051814074573895   362.907174854723   946.4135587007918
0.622922570460556   341.7369684547402   920.7250221654606
0.6411838235736077   321.68289730450806   895.7749866823042
0.6599804134701901   302.7540950028551   871.5549753251577
0.6793280337869897   284.8760832303805   848.0171986199813
0.6992428382266549   267.96571294700993   825.0893689708106
0.7197414540448374   251.99047611624115   802.7485997505302
0.7408409959326054   236.90931714963028   780.9655692022943
0.7625590803058332   222.67676592073303   759.709802029982
0.7849138400134885   209.24852382013952   738.9473527520523
0.8079239394770964   196.58239296824956   718.646978786887
0.8316085902740278   184.6381890297963   698.7799941743348
0.8559875671776167   173.37768209474572   679.3202051560046
0.8810812246675007   162.7648310149972   660.2447134860993
0.9069105139239728   152.7655211298098   641.533424238631
0.9334970003205227   143.34719846984305   623.1681321018759
0.960862881429187   134.4788099516888   605.1324084533657
0.9890310055537336   126.13075140054472   587.4115136412291
1.0180248908061487   118.2748160334822   569.9923134686785
1.047868744742366   110.88414304298273   552.863216740213
1.0785874845736239   103.93312682890998   536.0156289912367
1.1102067579703248   97.39735007185081   519.444822544626
1.1427529644757777   91.25361316823162   503.14711766845863
1.1762532775476793   85.47989095916826   487.11952835443236
1.210735667245765   80.05528227485144   471.35971443232097
1.246228923584555   74.9599609857597   455.86593414688895
1.2827626805706884   70.17512856669262   440.63699714181786
1.3203674409449337   65.6829671853597   425.6731960211144
1.3590746016495152   61.46659230707513   410.9794585903661
1.3989164800420282   57.510013931307064   396.5615774896458
1.4399263408778291   53.798096386939264   382.42484359495626
1.4821384240834183   50.31651816181904   368.57404471404396
1.525587973344019   47.05173321487487   355.01346567355483
1.5703112655292182   43.99093374692591   341.7468896822503
1.6163456409812174   41.122013795109105   328.7778260653297
1.6637295346910133   38.43352807805544   316.1121187039052
1.7125025083885144   35.914663474564584   303.756589480673
1.7627052835733923   33.55521320637168   291.71685630655827
1.814379775514258   31.345546095101554   279.99734537054866
1.8675691282445197   29.276577028681125   268.60135140333415
1.922317750584177   27.33973872550596   257.5310991065529
1.9786713532176083   25.526954681842373   246.7878098829671
2.0366769868582977   23.83060849017136   236.37207879353235
2.0963830815323896   22.24351782300269   226.28407127520651
2.1578394870138577   20.758919924657622   216.52303897489176
2.2210975144450407   19.370449593781274   207.08733871943645
2.286209979177315   18.072117389841146   197.97450487297206
2.3532312448676476   16.85828891877595   189.18132009500857
2.4222172688678643   15.72366515269698   180.70388419487517
2.4932256489445366   14.663267124643355   172.5376651687406
2.5663156713684585   13.672427164868827   164.67751915434508
2.641548360413907   12.746758596020065   157.11781051089207
2.7189865293089923   11.882136349498134   149.85248812741239
2.798694832679631   11.074682601485817   142.8751399863202
2.8807398205309562   10.32075309830856   136.17904489059507
2.9651899938111903   9.616924145951899   129.75722130555602
3.05211586160442   8.959977416042033   123.60232690729066
3.1415899999999994   8.346860337513139   117.70520886005818
