0.01   723.3318881624446   723.3174121664193
0.010293154462191829   735.1992622445953   735.1845137988806
0.010594902878253955   746.9595889409042   746.9445240914105
0.010905497183778876   758.5918816067727   758.5765435716593
0.011225196699963396   770.0744290707687   770.0589410101531
0.011554268350120923   781.3841069648909   781.3685748643269
0.011892986882540897   792.4968005959134   792.4812628564424
0.012241635099881474   803.3878151851852   803.3722387819589
0.012600504095286909   814.0312236558833   814.0155369081743
0.012969893495426888   824.3994787462594   824.383627198119
0.013350111710660605   834.4644644538133   834.4484170509186
0.013741476192534558   844.19752664262   844.1812778770084
0.014144313698828986   853.5688725878097   853.5524484614332
0.01455896056637426   862.548166163878   862.5316272075943
0.014985762991865008   871.1048871466623   871.0883282763369
0.01542507732090645   879.207585280704   879.1910923299815
0.015877270345534218   886.8238102188168   886.8074066455055
0.016342719610456153   893.9212013885344   893.9048428995635
0.016821813728271667   900.4675108542856   900.4510987450644
0.017314952703931925   906.4301837476734   906.4136271101067
0.017822548268711737   911.7770609050339   911.760293583583
0.01834502422397195   916.476725081812   916.4597051750693
0.018882816794999403   920.498398954786   920.4810823007826
0.019436374995219892   923.8121573657231   923.794473467364
0.02000616100108813   926.3893690320219   926.3712201826576
0.020592650537967844   928.2031809199311   928.1844494198714
0.021196333277324068   929.2292721142007   929.2098416831212
0.02181771324555934   929.4453617113518   929.4251220570457
0.022457309244835088   928.8314193049318   928.8102670893683
0.02311565528622961   927.3719141149372   927.3497569243044
0.023793301035594242   925.0552101847021   925.0319693246407
0.024490812272480036   921.8722150184155   921.8478260809904
0.025208771362518027   917.8187885092866   917.7932106705849
0.0259477777436476   912.8985551417919   912.8717906816207
0.02670844842659881   907.118421512246   907.090517717004
0.027491418510046592   900.4888998362889   900.4599507365905
0.028297341710866907   893.0314876901869   893.0016563776526
0.029126890909937666   884.7740791418794   884.7436067063895
0.029980758713939952   875.7466046775635   875.7158064655766
0.030859658033628758   865.9873960807859   865.9566718315212
0.031764322679055976   855.5468136445089   855.5166655195304
0.03269550797224261   844.4766600823331   844.4476871333555
0.033653991377811755   832.8318021262227   832.8046873554472
0.03464057315210884   820.6842630299188   820.659738054579
0.03565607701135116   808.1107564414544   808.0895848474244
0.036701350819364466   795.1856943320021   795.1686650767509
0.03777726729548091   781.9860418673285   781.9739412562043
0.038884724743189276   768.5918352689649   768.5854163352197
0.04002464780014597   755.0794179859628   755.0793982986783
0.041197988210172884   741.5246033014936   741.5316309547005
0.04240572561788674   728.0145145320604   728.0290256218891
0.04364886838662332   714.6347049392506   714.6569004230865
0.04492845444033957   701.4649173344014   701.4947717944203
0.04624555213019635   688.5836353175558   688.6207111544211
0.04760126112654554   676.0676385948967   676.110931449517
0.04899671333706607   663.9878207986666   664.0357972877438
0.05043307385181555   652.3824773508394   652.4331414813291
0.05191154191598653   641.2316115875661   641.2825901807566
0.053433351931179485   630.5094167686967   630.5579903601565
0.05499977448602865   620.175652885792   620.2188063512012
0.05661211741704101   610.1591598844136   610.1936625549587
0.05827172690053434   600.3881938567367   600.4106303999118
0.05997998857658587   590.7761660018572   590.7831488841933
0.06173832870592997   581.2200957364545   581.2084969933121
0.0635482153607709   571.6179286832324   571.5849560387458
0.06541115965050462   561.8493994351865   561.7929420422525
0.06732871698337338   551.7934891802006   551.7122514261877
0.06930248836510605   541.3195112779341   541.2135844005386
0.07133412173562886   530.2894977135846   530.1608872201003
0.07342531334496233   518.5791560447923   518.4320529038683
0.07557780916945323   506.0799395275465   505.92121456683407
0.07779340636952398   492.72067739516103   492.5595871182251
0.08007395479015682   478.49390541068874   478.3415780453591
0.08242135850536496   463.44775016747093   463.31691184554927
0.08483757740794096   447.71811696736086   447.6229718160145
0.08732462884580919   431.49302918613085   431.4477013979858
0.08988458930634863   415.0195865026186   415.0360707517987
0.09251959615009227   398.56610273041247   398.65396326948314
0.09523184939525078   382.40779997161644   382.57379335134004
0.09802361355455057   366.8150861370947   367.0609635385456
0.10089721952591899   352.02986807883934   352.35205786299923
0.10385506653859616   338.26549343574226   338.6546187705128
0.10689962415629803   325.6902372879372   326.13139005936284
0.11003343433910281   314.38917116380264   314.8616437031262
0.11325911356578279   304.36180387606925   304.84095075340537
0.11657935501835284   295.47166445526676   295.9325577883861
0.11999693083066039   287.4735000804313   287.8940644482715
0.12351469440289359   280.02572091872355   280.3901327640088
0.12713558278394044   272.7386295368146   273.0420337699896
0.13086261912358757   265.23544220737165   265.48616968085696
0.13469891519660646   257.19504723856426   257.4152489266099
0.13864767400083483   248.4064989194292   248.6302605732519
0.14271219243142114   238.79915514678197   239.06934752603556
0.14689586403346616   228.46291847847755   228.8265309407669
0.1512021818353596   217.64789806175048   218.14896958787315
0.15563474126517718   206.71399505902446   207.38409354386428
0.16019724315257297   196.07196730717862   196.92367876277473
0.1648934968186736   186.12592553391895   187.15142010587851
0.1697274232565544   177.2120439635842   178.3821248037744
0.17470305840495237   169.5162202453448   170.77747231982838
0.17982455651794954   162.99117548910894   164.28986283756558
0.18509619363343993   157.34921530488037   158.63866163346574
0.19052237114327647   152.16031216261666   153.41662531355996
0.19610761946807834   146.98690246799364   148.21568681846492
0.20185660183976684   141.4703151790513   142.7053804259456
0.20777411819498756   135.39051567384703   136.68961976920917
0.21386510918267082   128.75830728648972   130.1957459559699
0.22013466028907505   121.85862479490804   123.48305498851387
0.22658800608375756   115.12752643948068   116.95300123406393
0.23323053459001789   108.95111065643769   110.95309676371234
0.2400677917834628   103.55447780885066   105.6763623800985
0.24710548622244882   98.95510293284153   101.131328083219
0.25434949381426813   94.93596944190233   97.1118990003592
0.2618058627210567   91.1290373653486   93.28933087215758
0.2694808184095226   87.19453311900925   89.368645130123
0.27738076884870827   82.96165521369116   85.20135030032604
0.2855123098601282   78.51146246806962   80.87340571593009
0.29388223062474755   74.12827913764407   76.62918922179657
0.3024975193514008   70.10038013638065   72.71225536490378
0.31136536911138296   66.55547347491228   69.22423815560322
0.3204931838440838   63.438644906117744   66.1077210965479
0.32988858453867975   60.52431472669828   63.177566481591754
0.3395594155970457   57.58520822883257   60.241350094627514
0.34951375138319807   54.55146190929734   57.25184454430077
0.3597599029647371   51.52300947206469   54.29181793145892
0.37030642505191835   48.67962663141491   51.50492984332339
0.3811621231401457   46.120646636512625   48.963922858075165
0.3923360608618501   43.79148329141563   46.62176049287922
0.4038375675538918   41.56187856014504   44.37692623075258
0.41567624604680364   39.34115378970397   42.16188308642614
0.42786198068238046   37.152802546050516   39.996879777340325
0.4404049455663077   35.08658527924209   37.9480655373476
0.4533156130627191   33.18706885479244   36.0430745531856
0.4666047625377753   31.41493935218738   34.251941830683336
0.4802834893595659   29.70521566627691   32.52946709636207
0.49436321416184764   28.042669141925835   30.864172964609974
0.5088556923793517   26.461460308440405   29.279406648966376
0.5237730240626238   24.986775279366267   27.790367111837156
0.5391276639805903   23.598645288703437   26.381363812827914
0.5549324320192869   22.26924484681036   25.034531682641756
0.5712005238854289   20.997908973803   23.74848155087861
0.5879455221237613   19.799150096842418   22.531147958772422
0.6051814074573895   18.670996213511756   21.379948325958768
0.622922570460556   17.59945144137803   20.285129865876435
0.6411838235736077   16.580630415939087   19.243801860032814
0.6599804134701901   15.618536407969925   18.257279251262272
0.6793280337869897   14.710705378114211   17.32285560392138
0.6992428382266549   13.850627176890795   16.435843396782424
0.7197414540448374   13.036730150202452   15.594602585268467
0.7408409959326054   12.268023514689679   14.797428505100624
0.7625590803058332   11.54214724011071   14.042109730387754
0.7849138400134885   10.856786374360077   13.326503954526107
0.8079239394770964   10.209752905667699   12.648570477174802
0.8316085902740278   9.598978758496862   12.00636636873106
0.8559875671776167   9.022546860447195   11.398061555840915
0.8810812246675007   8.478703757251479   10.821945634881226
0.9069105139239728   7.965778559337013   10.27638747099271
0.9334970003205227   7.482172270217541   9.759828748822097
0.960862881429187   7.0263557801148515   9.270781749034766
0.9890310055537336   6.596867825083282   8.807827090223304
1.0180248908061487   6.1923129216057715   8.36961144947016
1.047868744742366   5.811357472141297   7.954843937632641
1.0785874845736239   5.452719392552332   7.562287541164313
1.1102067579703248   5.115175331903101   7.190763363808854
1.1427529644757777   4.797562866688724   6.839151547752027
1.1762532775476793   4.498777910051989   6.506388760998279
1.210735667245765   4.217772192040262   6.19146574257811
1.246228923584555   3.9535508199134313   5.893424915143882
1.2827626805706884   3.705169943559344   5.611357807276367
1.3203674409449337   3.471735170348581   5.3443955742924265
1.3590746016495152   3.2523992415182534   5.091707459832709
1.3989164800420282   3.046358986275341   4.852507945353908
1.4399263408778291   2.852853276295578   4.626054865430518
1.4821384240834183   2.6711611021825887   4.41164710130502
1.525587973344019   2.5005997175012267   4.208622386983626
1.5703112655292182   2.3405228495513155   4.016355223380663
1.6163456409812174   2.190318774252062   3.8342532935183264
1.6637295346910133   2.049408223850417   3.6617518974516803
1.7125025083885144   1.9172435018753209   3.498317483872671
1.7627052835733923   1.7933070996939438   3.343447215749901
1.814379775514258   1.677110188163639   3.1966671870116414
1.8675691282445197   1.5681911732966232   3.0575307419149014
1.922317750584177   1.4661143140490973   2.9256168913931075
1.9786713532176083   1.3704683713860843   2.8005273512027857
2.0366769868582977   1.280865005427834   2.6818673114524305
2.0963830815323896   1.196937784239124   2.5692532013700538
2.1578394870138577   1.1183413334564156   2.462326679881249
2.2210975144450407   1.0447502178442105   2.3607531282130334
2.286209979177315   0.9758578696496064   2.2642199317767697
2.3532312448676476   0.9113755688106737   2.1724348964388547
2.4222172688678643   0.8510314746583804   2.085124782566534
2.4932256489445366   0.794570017251617   2.0020329592655384
2.5663156713684585   0.7417512662727812   1.922917212267107
2.641548360413907   0.6923493743629128   1.8475507495503132
2.7189865293089923   0.6461517250543549   1.7757213940884895
2.798694832679631   0.6029582202300291   1.7072305480250196
2.8807398205309562   0.5625806010072015   1.6418922366382334
2.9651899938111903   0.5248418008667733   1.579532225496291
3.05211586160442   0.48957506762599434   1.5199854636915353
3.1415899999999994   0.45662187163706136   1.4630847320987495
