0.01   1427.2357379664033   1427.1881026818369
0.010293154462191829   1446.3035491312826   1446.2552514025795
0.010594902878253955   1464.9442681124087   1464.8955025028627
0.010905497183778876   1483.112832155767   1483.0637116676455
0.011225196699963396   1500.7632397484463   1500.7137733197058
0.011554268350120923   1517.8485654018818   1517.7986680925965
0.011892986882540897   1534.318964405868   1534.2685681954115
0.012241635099881474   1550.1230553995197   1550.0721623414468
0.012600504095286909   1565.2091221756382   1565.1578065090011
0.012969893495426888   1579.5240647796222   1579.4724204798388
0.013350111710660605   1593.0130222589898   1592.9610852086096
0.013741476192534558   1605.6211899873713   1605.5689298580237
0.014144313698828986   1617.293548109636   1617.24088352287
0.01455896056637426   1627.9726451780423   1627.9195255140182
0.014985762991865008   1637.6009450695865   1637.5473765950728
0.01542507732090645   1646.1219501286312   1646.0679946637633
0.015877270345534218   1653.4788258812155   1653.4245396798074
0.016342719610456153   1659.6147326199948   1659.5601052742345
0.016821813728271667   1664.4747989964317   1664.419749962228
0.017314952703931925   1668.0058738077141   1667.9502657346031
0.017822548268711737   1670.1554221087981   1670.099104517296
0.01834502422397195   1670.8736206845795   1670.8164393369764
0.018882816794999403   1670.1141489782838   1670.055943023734
0.019436374995219892   1667.8342994670977   1667.7748552238836
0.02000616100108813   1663.9954712212134   1663.9344919928126
0.020592650537967844   1658.563766535636   1658.500874792345
0.021196333277324068   1651.511422952669   1651.4461883141555
0.02181771324555934   1642.8183124608283   1642.750306909156
0.022457309244835088   1632.470259947543   1632.399067528753
0.02311565528622961   1620.4598903595024   1620.3851206764775
0.023793301035594242   1606.7924935965293   1606.7138627873512
0.024490812272480036   1591.4824346922157   1591.3998006952017
0.025208771362518027   1574.5503353003471   1574.4636950017918
0.0259477777436476   1556.0310690024207   1555.9405475664219
0.02670844842659881   1535.9767855109155   1535.8826218772622
0.027491418510046592   1514.4454095190567   1514.3479495700465
0.028297341710866907   1491.5038785142688   1491.4036006453987
0.029126890909937666   1467.2447030855635   1467.1423664045205
0.029980758713939952   1441.769015559114   1441.66568531433
0.030859658033628758   1415.1800467291991   1415.0770672464987
0.031764322679055976   1387.6049229430103   1387.5039089592403
0.03269550797224261   1359.1916495172206   1359.0944740144357
0.033653991377811755   1330.0844525263442   1329.9932122733435
0.03464057315210884   1300.4322550909667   1300.349202703732
0.03565607701135116   1270.4093011472141   1270.3367107406546
0.036701350819364466   1240.1855587945363   1240.1256868453097
0.03777726729548091   1209.922631279248   1209.8776956613215
0.038884724743189276   1179.8113630845232   1179.7834468071123
0.04002464780014597   1150.0540824894663   1150.0450800417634
0.041197988210172884   1120.8345647595102   1120.846193743523
0.04240572561788674   1092.302631534547   1092.3360810113918
0.04364886838662332   1064.5594029895012   1064.614609599286
0.04492845444033957   1037.6903262207209   1037.7660055512024
0.04624555213019635   1011.7824058939653   1011.8761815956084
0.04760126112654554   987.002315137035   987.1108263515792
0.04899671333706607   963.5402537592113   963.6592620532297
0.05043307385181555   941.5602875174964   941.684768509825
0.05191154191598653   921.0447376240752   921.168888067373
0.053433351931179485   901.8068474513448   901.9240729814235
0.05499977448602865   883.6668369438145   883.7697838174839
0.05661211741704101   866.4579138168883   866.5381611220147
0.05827172690053434   850.0247280675874   850.0724877783424
0.05997998857658587   834.21638822466   834.220688747929
0.06173832870592997   818.8270811557762   818.7768418508105
0.0635482153607709   803.6275826747683   803.5122419052653
0.06541115965050462   788.3784177247109   788.1889780041472
0.06732871698337338   772.78954669508   772.5211712444572
0.06930248836510605   756.5783852646061   756.2309019883076
0.07133412173562886   739.4394886372451   739.0191573923804
0.07342531334496233   721.0785779899985   720.5986580898668
0.07557780916945323   701.2700326063243   700.7501835568062
0.07779340636952398   679.8602507922625   679.3257368147601
0.08007395479015682   656.8324860950386   656.3136609016934
0.08242135850536496   632.3177135722046   631.8492914048647
0.08483757740794096   606.5781203722291   606.195994846244
0.08732462884580919   579.9979714879536   579.7361017883047
0.08988458930634863   553.0355692887747   552.9250841190484
0.09251959615009227   526.184919194225   526.2529935421048
0.09523184939525078   499.9542609128583   500.2191239961151
0.09802361355455057   474.833488094888   475.3016700435967
0.10089721952591899   451.3105698360889   451.97368392962164
0.10385506653859616   429.79191954172126   430.62588278414665
0.10689962415629803   410.60903929769944   411.5683886052508
0.11003343433910281   393.9379048561109   394.96263531683746
0.11325911356578279   379.7362783403101   380.7623259934899
0.11657935501835284   367.7459590711254   368.709096867975
0.11999693083066039   357.49287107229753   358.33278551307814
0.12351469440289359   348.3472270993211   349.0200676218405
0.12713558278394044   339.6134172746882   340.09969978020393
0.13086261912358757   330.58981567396785   330.89984217776356
0.13469891519660646   320.6690724506646   320.84664972129275
0.13864767400083483   309.4048115983177   309.52723299081237
0.14271219243142114   296.61130749620696   296.7826025602392
0.14689586403346616   282.40357032802774   282.7386249773218
0.1512021818353596   267.167450670063   267.7738432569263
0.15563474126517718   251.50118435152459   252.4617986776337
0.16019724315257297   236.14033373442018   237.49674028497165
0.1648934968186736   221.86441947052887   223.59715820024496
0.1697274232565544   209.33920071021373   211.37136465238487
0.17470305840495237   198.9225639203281   201.13512842915975
0.17982455651794954   190.5354394498062   192.7912213278093
0.18509619363343993   183.71657023357662   185.89975715236244
0.19052237114327647   177.80983643580504   179.8431702980485
0.19610761946807834   172.0936594312972   173.95961711095538
0.20185660183976684   165.854981362813   167.61821588163374
0.20777411819498756   158.5867043163421   160.37807057370568
0.21386510918267082   150.2518684918328   152.23369098638793
0.22013466028907505   141.30003404703314   143.5906224338325
0.22658800608375756   132.40154973484624   135.0551094991689
0.23323053459001789   124.20960789855296   127.19028983930808
0.2400677917834628   117.20535564858132   120.39958789763229
0.24710548622244882   111.51997269128499   114.77510617382642
0.25434949381426813   106.84435899230121   110.02622487489023
0.2618058627210567   102.62348459562277   105.67587194277299
0.2694808184095226   98.2573933825526   101.22578057906878
0.27738076884870827   93.36718287376569   96.36139494214068
0.2855123098601282   88.01994686644629   91.17162409929162
0.29388223062474755   82.61195835181627   85.98216249163846
0.3024975193514008   77.59463937504042   81.15667957862055
0.31136536911138296   73.28195644660714   76.92736505835073
0.3204931838440838   69.65707852145799   73.270935446036
0.32988858453867975   66.39758358335037   69.92242876718765
0.3395594155970457   63.13961057754698   66.60306455284048
0.34951375138319807   59.69257186252445   63.18063488441368
0.3597599029647371   56.151974253736576   59.73241090432399
0.37030642505191835   52.793152284863886   56.466015539123454
0.3811621231401457   49.80393559617068   53.50731409129894
0.3923360608618501   47.16614121021554   50.82918323397763
0.4038375675538918   44.700509620746914   48.30757083188747
0.41567624604680364   42.236522236919456   45.82302219829522
0.42786198068238046   39.767455337396854   43.37622914401515
0.4404049455663077   37.414639194455205   41.050645503950506
0.4533156130627191   35.26962373613747   38.89700303714261
0.4666047625377753   33.307833006828815   36.89625472557556
0.4802834893595659   31.434077744376953   34.987417588274155
0.49436321416184764   29.602079144260937   33.14160332650168
0.5088556923793517   27.84891260854591   31.381526111045435
0.5237730240626238   26.220532012243762   29.73149720207042
0.5391276639805903   24.70585761547314   28.180708860789657
0.5549324320192869   23.263313566348184   26.70525405617443
0.5712005238854289   21.880754490088055   25.297602038672363
0.5879455221237613   20.57719330404651   23.966199642473345
0.6051814074573895   19.358111794427202   22.711700321539695
0.622922570460556   18.206729244338945   21.52336115765029
0.6411838235736077   17.1128454395859   20.39497887590362
0.6599804134701901   16.08119067011343   19.327704571207626
0.6793280337869897   15.111244806552266   18.31860675936067
0.6992428382266549   14.20034469493208   17.36641468774842
0.7197414540448374   13.339744331437501   16.464677970435872
0.7408409959326054   12.526909152431658   15.610722250854655
0.7625590803058332   11.759861553680754   14.802346033713102
0.7849138400134885   11.036628042080999   14.037411318896599
0.8079239394770964   10.355249719590615   13.313846140909787
0.8316085902740278   9.713791487999632   12.629646488572202
0.8559875671776167   9.110350047691792   11.982877663408628
0.8810812246675007   8.543009143819008   11.371643768301249
0.9069105139239728   8.009708382561996   10.794001896100989
0.9334970003205227   7.508448878464969   10.248079636443677
0.960862881429187   7.037349268581138   9.732107249798927
0.9890310055537336   6.594638618595282   9.24441235503087
1.0180248908061487   6.178649776575875   8.783414858563573
1.047868744742366   5.787813144769304   8.347622117419709
1.0785874845736239   5.420651138296459   7.935624438827909
1.1102067579703248   5.075790569724696   7.546097458432587
1.1427529644757777   4.7519619809035865   7.177800226830322
1.1762532775476793   4.447963517791974   6.829559756422904
1.210735667245765   4.162655231775492   6.50026660511439
1.246228923584555   3.8949564399165633   6.188871694233321
1.2827626805706884   3.643843153379091   5.8943832585654
1.3203674409449337   3.4083455761540447   5.615863925777899
1.3590746016495152   3.187545229825232   5.352426422062917
1.3989164800420282   2.980568109824027   5.103215359791522
1.4399263408778291   2.786585611277572   4.867414189690272
1.4821384240834183   2.6048160021663507   4.644255108025469
1.525587973344019   2.434522031981979   4.433016277032005
1.5703112655292182   2.275008586028835   4.233019003895855
1.6163456409812174   2.1256204502235385   4.0436250951942485
1.6637295346910133   1.985740182114969   3.8642343758835054
1.7125025083885144   1.8547862173491647   3.6942792259913966
1.7627052835733923   1.7322112857125767   3.5332137135133777
1.814379775514258   1.6175000556684236   3.380522933611121
1.8675691282445197   1.5101672599363347   3.2357243211259594
1.922317750584177   1.409756065813009   3.0983654816666335
1.9786713532176083   1.3158365245721917   2.968022176553491
2.0366769868582977   1.228004096787923   2.844296450160927
2.0963830815323896   1.1458782461065224   2.726814704914692
2.1578394870138577   1.069100850090847   2.6152149762177612
2.2210975144450407   0.9973348790500082   2.5091413332991364
2.286209979177315   0.930263644928703   2.4082607963943654
2.3532312448676476   0.8675896751790998   2.31226319685916
2.4222172688678643   0.8090336063892261   2.2208594555628474
2.4932256489445366   0.7543331372610548   2.1337800030763536
2.5663156713684585   0.703242038066451   2.050773329085373
2.641548360413907   0.6555292523459417   1.9716043906936147
2.7189865293089923   0.610978391808139   1.8960507057829732
2.798694832679631   0.5693866181057681   1.8239027660172114
2.8807398205309562   0.5305635412776941   1.7549650875764324
2.9651899938111903   0.49433049723625266   1.689055212841853
3.05211586160442   0.46051986858825034   1.6260027586128545
3.1415899999999994   0.4289744413617088   1.5656485409286405
