0.01   17364.333237066327   17357.440993500197
0.010293154462191829   17559.408366247182   17551.874144131492
0.010594902878253955   17748.195436469574   17739.96567486207
0.010905497183778876   17930.176783565388   17921.192230293625
0.011225196699963396   18104.819972088495   18095.013623616876
0.011554268350120923   18271.58977398331   18260.88682708656
0.011892986882540897   18429.935426368917   18418.25457200578
0.012241635099881474   18579.284640057907   18566.540107178138
0.012600504095286909   18719.065463560266   18705.16737786235
0.012969893495426888   18848.704133442603   18833.558112151695
0.013350111710660605   18967.600603854957   18951.104583301454
0.013741476192534558   19075.15243730364   19057.195793808514
0.014144313698828986   19170.767469351624   19151.23131249575
0.01455896056637426   19253.84563203393   19232.60272966837
0.014985762991865008   19323.779802845547   19300.69455661423
0.01542507732090645   19379.981604244575   19354.910610473402
0.015877270345534218   19421.877476228696   19394.669506649698
0.016342719610456153   19448.889028697577   19419.383224388956
0.016821813728271667   19460.461337311892   19428.48753338518
0.017314952703931925   19456.073172613233   19421.452769011317
0.017822548268711737   19435.224638024378   19397.768819274435
0.01834502422397195   19397.445043070908   19356.953804240242
0.018882816794999403   19342.31072707632   19298.57440088888
0.019436374995219892   19269.449235823602   19222.25052837195
0.02000616100108813   19178.542768645322   19127.659373430153
0.020592650537967844   19069.33290714246   19014.539720269724
0.021196333277324068   18941.627595453112   18882.699124084986
0.02181771324555934   18795.33265472309   18732.046870242728
0.022457309244835088   18630.440255974663   18562.58183998406
0.02311565528622961   18447.0133617315   18374.37618877715
0.023793301035594242   18245.232804084368   18167.626249061574
0.024490812272480036   18025.434195337533   17942.692323223666
0.025208771362518027   17788.029159050082   17700.01314405849
0.0259477777436476   17533.52044732943   17440.12202767754
0.02670844842659881   17262.641767272824   17163.797467729528
0.027491418510046592   16976.24481381737   16871.9409599454
0.028297341710866907   16675.226666822506   16565.498467878388
0.029126890909937666   16360.688577610783   16245.626729194666
0.029980758713939952   16033.969834943024   15913.728197570745
0.030859658033628758   15696.417851205822   15571.209558166911
0.031764322679055976   15349.448175504758   15219.542674868886
0.03269550797224261   14994.82729429668   14860.554057596819
0.033653991377811755   14634.356421707731   14496.099984573006
0.03464057315210884   14269.758512248534   14127.950407178037
0.03565607701135116   13902.942153602879   13758.053362414606
0.036701350819364466   13535.953137434413   13388.486061459931
0.03777726729548091   13170.68317525963   13021.16325024174
0.038884724743189276   12809.013969584666   12657.968634938657
0.04002464780014597   12453.140395215762   12301.0511046879
0.041197988210172884   12105.123192323119   11952.416201129157
0.04240572561788674   11766.767810893392   11613.814169542868
0.04364886838662332   11439.362234087379   11286.469818865175
0.04492845444033957   11123.819520778623   10971.229946328522
0.04624555213019635   10820.921926323776   10668.814550499203
0.04760126112654554   10531.671404227634   10380.090691132124
0.04899671333706607   10257.682439297154   10106.377079686938
0.05043307385181555   10000.478017070158   9848.904357301939
0.05191154191598653   9760.930409435769   9608.312178757837
0.053433351931179485   9537.216473324874   9382.75393333108
0.05499977448602865   9326.787818258807   9169.724977367958
0.05661211741704101   9127.332803765967   8966.955184176859
0.05827172690053434   8936.874352578168   8772.504148635944
0.05997998857658587   8753.639359880011   8584.634858066242
0.06173832870592997   8575.69478345877   8401.506645475976
0.0635482153607709   8400.423218556112   8220.748613365582
0.06541115965050462   8225.23261157557   8040.044662552296
0.06732871698337338   8047.115264602371   7856.854036683337
0.06930248836510605   7862.789469827166   7668.510631301454
0.07133412173562886   7669.126467986497   7472.58071341898
0.07342531334496233   7462.966056794324   7266.825855617779
0.07557780916945323   7241.752883462213   7049.543752775782
0.07779340636952398   7004.339560028123   6820.323793432951
0.08007395479015682   6750.536708551232   6579.526246467083
0.08242135850536496   6482.072579216002   6329.1273990340505
0.08483757740794096   6201.712886568394   6071.851937226909
0.08732462884580919   5913.840006044002   5811.489829831267
0.08988458930634863   5623.320026294164   5552.044887718399
0.09251959615009227   5335.472645016717   5297.6651104516795
0.09523184939525078   5055.456645059227   5052.191717234583
0.09802361355455057   4788.38113575177   4819.1698405582565
0.10089721952591899   4539.0878761083995   4601.64681622799
0.10385506653859616   4311.947435073759   4402.153217294923
0.10689962415629803   4109.975782903422   4222.180216215712
0.11003343433910281   3934.9871920036558   4062.2710450276104
0.11325911356578279   3786.100178822725   3920.8460703259093
0.11657935501835284   3660.5216215449673   3794.967529642727
0.11999693083066039   3552.876684354322   3680.8322006421117
0.12351469440289359   3456.696766385397   3574.194602391249
0.12713558278394044   3364.606393181737   3470.2212215870727
0.13086261912358757   3269.5536304253665   3364.8931768845496
0.13469891519660646   3165.3424068219488   3255.2386606807177
0.13864767400083483   3047.6942134204473   3139.371706566617
0.14271219243142114   2914.98012350257   3017.1240584319958
0.14689586403346616   2768.5074218001737   2890.1761426965772
0.1512021818353596   2612.4146319960228   2761.668283185676
0.15563474126517718   2452.7934291488878   2634.6833211611956
0.16019724315257297   2296.9936315875534   2512.59555394391
0.1648934968186736   2152.7507227479523   2398.9850839832097
0.1697274232565544   2026.7139015653731   2296.0738948565104
0.17470305840495237   1922.1652894492568   2204.1224961154844
0.17982455651794954   1837.8858295831628   2122.1878352710155
0.18509619363343993   1769.085253902045   2047.2262692609181
0.19052237114327647   1709.2624498014388   1976.1981687874957
0.19610761946807834   1651.3562331342068   1907.1081366221738
0.20185660183976684   1588.398156993139   1837.8576100558769
0.20777411819498756   1515.5410544640936   1767.1544945699754
0.21386510918267082   1432.6946238650833   1695.2652767190723
0.22013466028907505   1344.4188472093422   1624.3863411590105
0.22658800608375756   1257.139433792579   1556.5685292129847
0.23323053459001789   1177.0703231567736   1492.7667889181932
0.2400677917834628   1108.6284937700032   1434.0145108640806
0.24710548622244882   1052.8451159341441   1379.3900398780327
0.25434949381426813   1006.7310958740137   1328.4598034773821
0.2618058627210567   964.9878039695138   1279.7662958571327
0.2694808184095226   921.9874793406644   1232.3360275987889
0.27738076884870827   874.2764232928283   1185.4572007560319
0.2855123098601282   822.6488059501274   1140.0388093536094
0.29388223062474755   770.7865839501472   1096.4082022698062
0.3024975193514008   722.7594820305161   1054.8701071529417
0.31136536911138296   681.3850353951957   1015.6654738184394
0.3204931838440838   646.3920685781447   978.8001700830931
0.32988858453867975   614.8046510616022   943.4966162935723
0.3395594155970457   583.3942310082414   909.5913382258767
0.34951375138319807   550.4893679550624   876.752452230917
0.3597599029647371   516.9855443561958   845.1841355891074
0.37030642505191835   485.3107070725997   815.1113103099972
0.3811621231401457   457.03435338138746   786.5210245458153
0.3923360608618501   431.9555244631163   759.2273944650809
0.4038375675538918   408.5080158813081   733.2209973364879
0.41567624604680364   385.24210515317554   708.1834146659886
0.42786198068238046   362.1208727962156   684.1098973638706
0.4404049455663077   340.16060796692375   661.0961825353894
0.4533156130627191   320.0936436633432   639.1369822528707
0.4666047625377753   301.69003699750715   618.1887242192371
0.4802834893595659   284.1642427932771   598.1099076567822
0.49436321416184764   267.13786929701814   578.7877946828493
0.5088556923793517   250.91016931216075   560.2529619517666
0.5237730240626238   235.82712584921393   542.537887846577
0.5391276639805903   221.78679235006902   525.5745110913904
0.5549324320192869   208.4562886765251   509.27933412165225
0.5712005238854289   195.73711693593975   493.5866734498418
0.5879455221237613   183.7653968898637   478.52321826298294
0.6051814074573895   172.5703390112984   464.07325444932786
0.622922570460556   162.0175731937702   450.16630327035654
0.6411838235736077   152.02434282513485   436.7536185638505
0.6599804134701901   142.61845149571872   423.8443678914714
0.6793280337869897   133.78883334265967   411.40997419327573
0.6992428382266549   125.47772485703477   399.40574368477746
0.7197414540448374   117.65326553686907   387.81399848863083
0.7408409959326054   110.29002584895369   376.6110122493099
0.7625590803058332   103.36345156190768   365.7730550351292
0.7849138400134885   96.85005881495009   355.27804383993805
0.8079239394770964   90.72740829133097   345.1054324226563
0.8316085902740278   84.974078029802   335.2361103963209
0.8559875671776167   79.56963511921184   325.65231068953415
0.8810812246675007   74.49459092246575   316.3374811511922
0.9069105139239728   69.73012825904756   307.2754954701688
0.9334970003205227   65.25818741516836   298.4507884997436
0.960862881429187   61.061685526272996   289.84897622282654
0.9890310055537336   57.12447588936064   281.4568076544422
1.0180248908061487   53.43130085620164   273.26209930762394
1.047868744742366   49.96774681721739   265.25367467572255
1.0785874845736239   46.72020120159958   257.4213081704554
1.1102067579703248   43.675818150001504   249.75574145498558
1.1427529644757777   40.822516327294004   242.24903826441218
1.1762532775476793   38.14890310636613   234.89420548973098
1.210735667245765   35.644217517396704   227.68492446336322
1.246228923584555   33.298298815265525   220.61551353891826
1.2827626805706884   31.101556421744863   213.68089330658137
1.3203674409449337   29.044941112949488   206.87655324538719
1.3590746016495152   27.11991741963036   200.19851968403447
1.3989164800420282   25.318433257516602   193.64377072365357
1.4399263408778291   23.63288727708141   187.21114838550756
1.4821384240834183   22.056117805283534   180.89998207895567
1.525587973344019   20.581382156612   174.709738191024
1.5703112655292182   19.202333899482344   168.64000525279423
1.6163456409812174   17.913001223849438   162.6904793681077
1.6637295346910133   16.707766366409114   156.86094991467934
1.7125025083885144   15.58134603922889   151.15129868358235
1.7627052835733923   14.528772091978228   145.5623728150046
1.814379775514258   13.545373654401612   140.0963644154652
1.8675691282445197   12.626761735200056   134.75528519486176
1.922317750584177   11.768813364395857   129.54082583526676
1.9786713532176083   10.967656429474847   124.45436548752784
2.0366769868582977   10.219655303561192   119.4969818350257
2.0963830815323896   9.521397229614754   114.66946166018609
2.1578394870138577   8.869679299863218   109.9723479616295
2.2210975144450407   8.261494361841171   105.40651304883716
2.286209979177315   7.694020450944514   100.9729567477398
2.3532312448676476   7.164611782415231   96.67226598622563
2.4222172688678643   6.670788318284455   92.50462374719822
2.4932256489445366   6.210225857697904   88.46983578710545
2.5663156713684585   5.780746684333792   84.56735720896084
2.641548360413907   5.380310742187265   80.79631874485176
2.7189865293089923   5.00700781810305   77.15558424497885
2.798694832679631   4.6590523711315495   73.64395183502754
2.8807398205309562   4.334773239890242   70.26001431381353
2.9651899938111903   4.032605149601648   67.00208371291349
3.05211586160442   3.7510823545131355   63.86821960230346
3.1415899999999994   3.488832638869058   60.856256702517854
