0.01   3499.101313208192   3498.9398247756226
0.010293154462191829   3552.0724451312312   3551.9019947337997
0.010594902878253955   3604.3955000155943   3604.215275771815
0.010905497183778876   3655.9730021270384   3655.7820108459373
0.011225196699963396   3706.7034361832034   3706.5004862530172
0.011554268350120923   3756.482918001852   3756.26661286099
0.011892986882540897   3805.202844473831   3804.971644035103
0.012241635099881474   3852.7478078711342   3852.500151272711
0.012600504095286909   3898.999925472289   3898.734249197753
0.012969893495426888   3943.8390758122214   3943.553794922672
0.013350111710660605   3987.139715040856   3986.8330523707414
0.013741476192534558   4028.7733605966205   4028.4432680517216
0.014144313698828986   4068.6106380571987   4068.254792627544
0.01455896056637426   4106.5185155942   4106.134317085903
0.014985762991865008   4142.359054548252   4141.94362512945
0.01542507732090645   4175.99425384047   4175.544440068507
0.015877270345534218   4207.286206873496   4206.798583094454
0.016342719610456153   4236.093997773388   4235.5648679414135
0.016821813728271667   4262.277137481774   4261.702542630347
0.017314952703931925   4285.697703707861   4285.073428113628
0.017822548268711737   4306.218842312703   4305.540240634061
0.01834502422397195   4323.704987164249   4322.966772233558
0.018882816794999403   4338.025192092255   4337.221437399926
0.019436374995219892   4349.054114253879   4348.178314613169
0.02000616100108813   4356.672883427989   4355.718154214375
0.020592650537967844   4360.769870346421   4359.729030662729
0.021196333277324068   4361.241682880564   4360.107297123113
0.02181771324555934   4357.998231587   4356.762659993138
0.022457309244835088   4350.963417698674   4349.618870792088
0.02311565528622961   4340.071619901625   4338.610212520482
0.023793301035594242   4325.27272372826   4323.686635275383
0.024490812272480036   4306.543995965459   4304.82588635702
0.025208771362518027   4283.877847404835   4282.020985782905
0.0259477777436476   4257.280060523191   4255.2783988215715
0.02670844842659881   4226.791419107089   4224.6400607651
0.027491418510046592   4192.482524397126   4190.178084832358
0.028297341710866907   4154.435317871029   4151.975931388391
0.029126890909937666   4112.759320323829   4110.144799990416
0.029980758713939952   4067.620601887618   4064.8528824704426
0.030859658033628758   4019.1998295807566   4016.282968072892
0.031764322679055976   3967.6868453010993   3964.626944478927
0.03269550797224261   3913.322657978728   3910.128046520109
0.033653991377811755   3856.3789590245715   3853.060226621852
0.03464057315210884   3797.125117434857   3793.694931508388
0.03565607701135116   3735.8682199318764   3732.3407322575795
0.036701350819364466   3672.999593697457   3669.3893788845794
0.03777726729548091   3608.906629743478   3605.228438537495
0.038884724743189276   3543.954597902381   3540.2232843911197
0.04002464780014597   3478.457580216084   3474.688348021221
0.041197988210172884   3412.6954375644527   3408.9039087465308
0.04240572561788674   3346.93227646709   3343.134342795753
0.04364886838662332   3281.5114068613725   3277.7198879421876
0.04492845444033957   3216.9219470690714   3213.141005723382
0.04624555213019635   3153.633125785035   3149.8582855139434
0.04760126112654554   3092.0534284830424   3088.2719556923134
0.04899671333706607   3032.3960501883535   3028.5858466896307
0.05043307385181555   2974.7873849179696   2970.916962087908
0.05191154191598653   2919.333518832797   2915.362782366222
0.053433351931179485   2865.9576385768446   2861.840719647938
0.05499977448602865   2814.423671373341   2810.1114578022302
0.05661211741704101   2764.499312716389   2759.9400123552246
0.05827172690053434   2715.864735313958   2711.0083741452927
0.05997998857658587   2668.121794931385   2662.9243844612
0.06173832870592997   2620.8853114390927   2615.309703302219
0.0635482153607709   2573.7121325647204   2567.7350895845557
0.06541115965050462   2526.146685604843   2519.7621682730683
0.06732871698337338   2477.722397676675   2470.946908336174
0.06930248836510605   2427.902746395019   2420.7885458710894
0.07133412173562886   2376.1757166152747   2368.812637610921
0.07342531334496233   2322.0009825996535   2314.530446391359
0.07557780916945323   2264.8737313648635   2257.4919907941885
0.07779340636952398   2204.4464204308183   2197.4117705859644
0.08007395479015682   2140.5241247151284   2134.1589408282266
0.08242135850536496   2073.210628746223   2067.882820516738
0.08483757740794096   2002.9128044973625   1999.015606972008
0.08732462884580919   1930.3346208173652   1928.2572426881873
0.08988458930634863   1856.4410759475745   1856.5419465481962
0.09251959615009227   1782.3434109818902   1784.9263191110178
0.09523184939525078   1709.2027923104006   1714.4996158334534
0.09802361355455057   1638.14827501124   1646.2868966608062
0.10089721952591899   1570.2096597517468   1581.2002830857407
0.10385506653859616   1506.313019444636   1520.0311302675714
0.10689962415629803   1447.196740837443   1463.391560107105
0.11003343433910281   1393.3790119882221   1411.665570646269
0.11325911356578279   1345.037935980543   1364.9346980181936
0.11657935501835284   1301.8760940067814   1322.8538737451045
0.11999693083066039   1263.097310157866   1284.6442666889545
0.12351469440289359   1227.4445051898533   1249.1345633528617
0.12713558278394044   1193.3524766754567   1214.9558618470253
0.13086261912358757   1159.217057646062   1180.743558401281
0.13469891519660646   1123.5972241630907   1145.2981617851003
0.13864767400083483   1085.4472497625472   1107.8224644217469
0.14271219243142114   1044.222053923728   1067.9666577638284
0.14689586403346616   1000.0208149297988   1025.8869879751976
0.1512021818353596   953.6001901093592   982.3015175964398
0.15563474126517718   906.2210355415771   938.3005157441369
0.16019724315257297   859.4426739404337   895.1358931440215
0.1648934968186736   814.867420376317   854.0402144905157
0.1697274232565544   773.9354748795255   816.0534041741759
0.17470305840495237   737.6822514008411   781.9000565515497
0.17982455651794954   706.4102005876659   751.6809399188236
0.18509619363343993   679.4407467995985   724.7411791992757
0.19052237114327647   655.2492708021933   699.9233148801966
0.19610761946807834   632.0327310673414   675.8747606977607
0.20185660183976684   608.2507603248157   651.5708929874564
0.20777411819498756   582.8336284434345   626.3229032569285
0.21386510918267082   555.3567701690146   600.0057933040918
0.22013466028907505   526.3691624951904   573.049598259728
0.22658800608375756   497.338704622468   546.4652439698627
0.23323053459001789   469.9210332666125   521.3268710997329
0.2400677917834628   445.2494303442864   498.24136303083293
0.24710548622244882   423.73424149446106   477.40594423057007
0.25434949381426813   404.99324982197675   458.4387038411482
0.2618058627210567   387.88380718048796   440.6319841315856
0.2694808184095226   371.0333150045805   423.20716864015407
0.27738076884870827   353.48768835910346   405.70263068105686
0.2855123098601282   335.0591634928828   388.0441881127188
0.29388223062474755   316.465807214392   370.6792800582805
0.3024975193514008   298.79881942040356   354.1796825863636
0.31136536911138296   282.8179082586523   338.8356842022108
0.3204931838440838   268.6298853660958   324.5929757076018
0.32988858453867975   255.7206799747264   311.2356940930687
0.3395594155970457   243.22304805634744   298.3366899302191
0.34951375138319807   230.59102299904433   285.68358208853147
0.3597599029647371   217.89851233314909   273.3310875882275
0.37030642505191835   205.64630813273897   261.50216154044466
0.3811621231401457   194.35163156441732   250.3464947054307
0.3923360608618501   184.07584681580414   239.8406892577874
0.4038375675538918   174.46301303732258   229.84415881872118
0.41567624604680364   165.12485461504903   220.22156395347085
0.42786198068238046   155.93935061558716   210.93103148875184
0.4404049455663077   147.11173343776576   202.0497150356221
0.4533156130627191   138.87771088377224   193.615526070212
0.4666047625377753   131.23016176748797   185.60580093745216
0.4802834893595659   123.9817332535885   177.96333869888747
0.49436321416184764   116.98999578830794   170.6385918198213
0.5088556923793517   110.29342057929668   163.63563195069966
0.5237730240626238   103.9875041488153   156.96739018704204
0.5391276639805903   98.07559208873437   150.6188755447406
0.5549324320192869   92.4685669956783   144.56092327998235
0.5712005238854289   87.11874650419561   138.77195317175588
0.5879455221237613   82.04840418242588   133.25034491325277
0.6051814074573895   77.27452409821737   127.99016954567547
0.622922570460556   72.76465337617748   122.97303606026922
0.6411838235736077   68.48693337786962   118.18213303015975
0.6599804134701901   64.4406444148745   113.61265623644545
0.6793280337869897   60.62501872647509   109.25656559961368
0.6992428382266549   57.021321994594615   105.10056952365333
0.7197414540448374   53.61490170794946   101.13104370293938
0.7408409959326054   50.399494107981866   97.34228318108387
0.7625590803058332   47.36609265232219   93.72702353916391
0.7849138400134885   44.50506285108824   90.27610984156023
0.8079239394770964   41.807240707984576   86.9809231736038
0.8316085902740278   39.26391229748889   83.83334724310464
0.8559875671776167   36.86679372760771   80.82573639328082
0.8810812246675007   34.608015209682236   77.95087718334193
0.9069105139239728   32.48016851328465   75.2017834835946
0.9334970003205227   30.47626685455092   72.57170547930622
0.960862881429187   28.589652067320877   70.05429813741482
0.9890310055537336   26.813979714340906   67.64360174424516
1.0180248908061487   25.143207664767257   65.33401607604281
1.047868744742366   23.571584826504814   63.12027646422547
1.0785874845736239   22.093640054164776   60.997431593288894
1.1102067579703248   20.70416569625498   58.9606993837761
1.1427529644757777   19.398195829841665   57.00517395241238
1.1762532775476793   18.171014537417477   55.12618805378947
1.210735667245765   17.01814939291474   53.31938783416473
1.246228923584555   15.93536057040039   51.58071040829032
1.2827626805706884   14.918630317660163   49.906363262647545
1.3203674409449337   13.9641527916285   48.29280532156074
1.3590746016495152   13.06832423609443   46.73671823617785
1.3989164800420282   12.227733320202802   45.23483360955559
1.4399263408778291   11.439152151660004   43.783980016660514
1.4821384240834183   10.699527711966539   42.38120990821225
1.525587973344019   10.00597342007263   41.02378778201461
1.5703112655292182   9.355761021708602   39.70917577649997
1.6163456409812174   8.74631280265702   38.43502042795761
1.6637295346910133   8.175194117131053   37.199140471075424
1.7125025083885144   7.64010553951189   35.99951089314502
1.7627052835733923   7.1388751413505345   34.83424559919258
1.814379775514258   6.6694538089334525   33.701599651044496
1.8675691282445197   6.229909200074588   32.59996244162438
1.922317750584177   5.818419636837952   31.527849258362792
1.9786713532176083   5.433268277212971   30.483893425722517
2.0366769868582977   5.072837555972542   29.46683896781855
2.0963830815323896   4.735603755982348   28.47553690401452
2.1578394870138577   4.4201307732727315   27.508969445437664
2.2210975144450407   4.1250662217387095   26.566225751267396
2.286209979177315   3.8491377820205597   25.646473180713123
2.3532312448676476   3.591148771155269   24.74895195674615
2.4222172688678643   3.349973922309259   23.872970422962798
2.4932256489445366   3.124555379749652   23.017900514484417
2.5663156713684585   2.913898906437781   22.183174245126324
2.641548360413907   2.7170713425450104   21.36841045798696
2.7189865293089923   2.5331979350374847   20.573527097022307
2.798694832679631   2.361456723431759   19.798463072893828
2.8807398205309562   2.2010752944628296   19.043140546552827
2.9651899938111903   2.0513280094392434   18.30746522362514
3.05211586160442   1.9115333696386885   17.59132668122396
3.1415899999999994   1.7810515142250178   16.894598726002577
