0.01   22205.860167998315   22200.367573293912
0.010293154462191829   22414.904912596314   22408.923175863914
0.010594902878253955   22612.74443892489   22606.232253855236
0.010905497183778876   22798.596824916818   22791.509519523643
0.011225196699963396   22971.6659430614   22963.955547542133
0.011554268350120923   23131.104395647744   23122.719714097337
0.011892986882540897   23276.06190833732   23266.94866310473
0.012241635099881474   23405.697889604213   23395.79879266495
0.012600504095286909   23519.14413567292   23508.397394484782
0.012969893495426888   23615.519748397568   23603.858013355923
0.013350111710660605   23693.968768705454   23681.319388898966
0.013741476192534558   23753.64121122706   23739.926308843722
0.014144313698828986   23793.657672488527   23778.79384001007
0.01455896056637426   23813.17071523317   23797.06941396446
0.014985762991865008   23811.377287011434   23793.945128965443
0.01542507732090645   23787.47647831901   23768.612378220583
0.015877270345534218   23740.697301212756   23720.29111179743
0.016342719610456153   23670.339147040686   23648.27260796864
0.016821813728271667   23575.759036953816   23551.905837933682
0.017314952703931925   23456.356093274568   23430.580919625623
0.017822548268711737   23311.61848380534   23283.77827032699
0.01834502422397195   23141.135239833846   23111.080746025964
0.018882816794999403   22944.59287743641   22912.169287323883
0.019436374995219892   22721.788268142445   22686.836652163456
0.02000616100108813   22472.641197555695   22435.000858106378
0.020592650537967844   22197.226159644786   22156.74046729469
0.021196333277324068   21895.794639425665   21852.319213194503
0.02181771324555934   21568.734146197792   21522.13946441102
0.022457309244835088   21216.58833796344   21166.763171649556
0.02311565528622961   20840.188576973716   20787.05165499873
0.023793301035594242   20440.548830980242   20384.053579357475
0.024490812272480036   20018.796793543836   19958.931625499546
0.025208771362518027   19576.344811856492   19513.145201649557
0.0259477777436476   19114.93926808797   19048.50306972119
0.02670844842659881   18636.391823030244   18566.876094084182
0.027491418510046592   18142.64519611724   18070.263933259903
0.028297341710866907   17636.173405179212   17561.206712141746
0.029126890909937666   17119.558270732126   17042.348594317336
0.029980758713939952   16595.29615409288   16516.238882411144
0.030859658033628758   16066.18530416156   15985.728489875384
0.031764322679055976   15535.321840625049   15453.965741753273
0.03269550797224261   15005.574941542944   14923.85990925724
0.033653991377811755   14479.80187377264   14398.288724195068
0.03464057315210884   13961.617667200038   13880.845307085108
0.03565607701135116   13454.468234151114   13374.94051135792
0.036701350819364466   12961.323839752618   12883.50740978233
0.03777726729548091   12484.596267745936   12408.916957452375
0.038884724743189276   12026.195309914727   11953.036319859983
0.04002464780014597   11587.686503988358   11517.390757020517
0.041197988210172884   11170.907774942014   11103.71442932886
0.04240572561788674   10779.307191523376   10715.138302738325
0.04364886838662332   10416.184559494506   10354.640878297776
0.04492845444033957   10084.00775126531   10024.419007661614
0.04624555213019635   9782.172522484047   9723.691611997567
0.04760126112654554   9508.74135562734   9450.392792873468
0.04899671333706607   9261.933621685434   9202.618055173794
0.05043307385181555   9039.778898375771   8978.24032568911
0.05191154191598653   8840.319002328446   8775.130681199786
0.053433351931179485   8661.490497581277   8591.083281858242
0.05499977448602865   8500.054391126212   8422.824277853806
0.05661211741704101   8352.643613011494   8266.983132159156
0.05827172690053434   8215.263712302874   8119.697923183513
0.05997998857658587   8083.053342212047   7976.416938834605
0.06173832870592997   7950.993081426461   7832.533060119924
0.0635482153607709   7812.8950461916675   7682.610228820663
0.06541115965050462   7662.625492123973   7521.377954162259
0.06732871698337338   7494.2943900916525   7344.094270390918
0.06930248836510605   7302.6412368559   7146.712182201716
0.07133412173562886   7084.089885565267   6926.741984384942
0.07342531334496233   6836.666802637318   6683.126591405029
0.07557780916945323   6561.102781057114   6417.507235112293
0.07779340636952398   6260.133421224462   6133.2352405198535
0.08007395479015682   5938.772595889627   5834.991503429852
0.08242135850536496   5603.288576283221   5528.294209020683
0.08483757740794096   5261.308170115111   5220.014992008168
0.08732462884580919   4921.391080030887   4917.300624226737
0.08988458930634863   4592.658485198939   4627.2249041764535
0.09251959615009227   4283.9355117815685   4356.376610315823
0.09523184939525078   4003.8646080380527   4111.00894154983
0.09802361355455057   3758.919069554561   3895.095093776667
0.10089721952591899   3553.5954228073388   3710.61545304361
0.10385506653859616   3388.6693673761306   3557.040796546116
0.10689962415629803   3262.3650305838814   3432.0620204308416
0.11003343433910281   3169.297445726025   3330.7773351082806
0.11325911356578279   3102.0179631489564   3246.8999690892083
0.11657935501835284   3050.8576580743197   3172.9107694210356
0.11999693083066039   3004.654272147875   3101.3223575549555
0.12351469440289359   2951.908075936457   3024.968045348686
0.12713558278394044   2882.0026119545805   2937.6052667656963
0.13086261912358757   2787.2220327779496   2835.709234032028
0.13469891519660646   2663.996737372155   2718.117157029514
0.13864767400083483   2513.707520972337   2587.11356284677
0.14271219243142114   2342.9414335989363   2448.7330499694913
0.14689586403346616   2163.1594133233393   2308.865410156232
0.1512021818353596   1988.693122435123   2175.5410978704367
0.15563474126517718   1833.0590267219973   2056.1123745827645
0.16019724315257297   1705.4402342252604   1953.503908553508
0.1648934968186736   1609.247552224455   1867.6008556001734
0.1697274232565544   1542.8133841079602   1797.2518476732632
0.17470305840495237   1500.1683744171662   1738.2767684684056
0.17982455651794954   1470.9048308689214   1685.053590865094
0.18509619363343993   1441.3934227257073   1631.635718355072
0.19052237114327647   1399.0812873368523   1573.558188703378
0.19610761946807834   1337.0912569464733   1509.6308389004976
0.20185660183976684   1255.815799143575   1440.7039938590096
0.20777411819498756   1162.088737345917   1370.0626546239307
0.21386510918267082   1067.5657794098472   1302.6199582467239
0.22013466028907505   984.3995223266083   1241.2995035951176
0.22658800608375756   920.2878839291398   1187.3262201028258
0.23323053459001789   876.4289782028785   1140.3140240840482
0.2400677917834628   847.4783866854498   1098.138906657119
0.24710548622244882   823.1730758350877   1057.6978127275734
0.25434949381426813   793.256912045643   1017.4310822508295
0.2618058627210567   752.2989143036368   976.0327760496357
0.2694808184095226   701.4354984359654   934.3002469231244
0.27738076884870827   647.8832036539674   893.9841930061351
0.2855123098601282   600.636867001324   856.2586031540778
0.29388223062474755   564.6760969977087   822.6042030684479
0.3024975193514008   539.021542504932   790.6451889459062
0.31136536911138296   517.8260299635405   760.7342866435043
0.3204931838440838   494.14049993820737   731.9589380457554
0.32988858453867975   464.97335913323207   703.141438671979
0.3395594155970457   432.753510103458   675.3732234624001
0.34951375138319807   402.68785600264783   648.97993626702
0.3597599029647371   378.4984252556546   624.6264095741438
0.37030642505191835   359.5103518665809   601.4027420874471
0.3811621231401457   341.8848491010183   579.2464043300147
0.3923360608618501   322.47747749314135   558.024309241319
0.4038375675538918   301.48503527064753   537.3669178573979
0.41567624604680364   281.64285264384284   517.6828510609884
0.42786198068238046   264.8785845555253   499.20657109027934
0.4404049455663077   250.48802990917346   481.71545828898047
0.4533156130627191   236.33631532190867   464.9074955404018
0.4666047625377753   221.6343640035068   448.6303420052629
0.4802834893595659   207.43379698021351   433.03829217154265
0.49436321416184764   194.85046744251449   418.32681372788136
0.5088556923793517   183.5436745296063   404.3635105316237
0.5237730240626238   172.53088682491173   390.904615440667
0.5391276639805903   161.68049705237107   377.9363218863469
0.5549324320192869   151.5864137399091   365.57618791175787
0.5712005238854289   142.40990553238788   353.8379446599502
0.5879455221237613   133.7162477811519   342.5598705681476
0.6051814074573895   125.34430330941505   331.72751560113136
0.622922570460556   117.44988518407905   321.32165191642315
0.6411838235736077   110.07508977884768   311.3525344903693
0.6599804134701901   103.17950952400437   301.7946235787705
0.6793280337869897   96.72159417785694   292.62117996465645
0.6992428382266549   90.66436547595275   283.80736892403195
0.7197414540448374   84.97489128905771   275.3301148153814
0.7408409959326054   79.62382506554432   267.1679687997641
0.7625590803058332   74.5865066551521   259.30118515541164
0.7849138400134885   69.84658061823197   251.71218616274103
0.8079239394770964   65.38979949118333   244.38477767163505
0.8316085902740278   61.202217031281116   237.30384357051688
0.8559875671776167   57.270228623287124   230.45527268138892
0.8810812246675007   53.58060491965029   223.82589161018234
0.9069105139239728   50.12051924544707   217.4034030151364
0.9334970003205227   46.87738323066179   211.1761153917458
0.960862881429187   43.838138528460455   205.1319859519388
0.9890310055537336   40.99016181143249   199.25946372347798
1.0180248908061487   38.3216130227827   193.54785800137205
1.047868744742366   35.82138601285896   187.98728521143514
1.0785874845736239   33.47906210918513   182.56861986202262
1.1102067579703248   31.284866729427847   177.28344948912533
1.1427529644757777   29.229651056330187   172.12405302884267
1.1762532775476793   27.304979171960937   167.08348248476145
1.210735667245765   25.502963966517008   162.1554303912389
1.246228923584555   23.81616061383422   157.3341291069543
1.2827626805706884   22.237544280879305   152.61432107258796
1.3203674409449337   20.760489063020096   147.99123121091833
1.3590746016495152   19.37874776318416   143.46054092963527
1.3989164800420282   18.08642953624419   139.01841471430578
1.4399263408778291   16.877957258745642   134.66191782068233
1.4821384240834183   15.748069857545751   130.38871136945713
1.525587973344019   14.69182281104277   126.1967223850864
1.5703112655292182   13.704570278520718   122.08412414672301
1.6163456409812174   12.781947968925442   118.04932069344831
1.6637295346910133   11.91985692689038   114.09093169875145
1.7125025083885144   11.114448474515111   110.20783208956385
1.7627052835733923   10.362113072553457   106.39981869842583
1.814379775514258   9.659464445381104   102.66728041848255
1.8675691282445197   9.003323564875984   99.01059456749404
1.922317750584177   8.390706590532073   95.43010861754934
1.9786713532176083   7.8188135255390385   91.92613605775499
2.0366769868582977   7.28501748339482   88.49895246777498
2.0963830815323896   6.786854411562159   85.14881596065203
2.1578394870138577   6.322011235988234   81.87642024625053
2.2210975144450407   5.888317732221771   78.68277206146875
2.286209979177315   5.483740472213845   75.56869946144738
2.3532312448676476   5.106374627457165   72.53483913912629
2.4222172688678643   4.754436147346968   69.58164350680886
2.4932256489445366   4.42625439033991   66.70938804204519
2.5663156713684585   4.120265254103665   63.918191212182535
2.641548360413907   3.835006731146677   61.20839977372381
2.7189865293089923   3.5691124226547766   58.5805902223353
2.798694832679631   3.321302858156723   56.03507650785222
2.8807398205309562   3.0903800795574687   53.57189932317726
2.9651899938111903   2.8752227002916935   51.19084604417135
3.05211586160442   2.674781243557172   48.89147043793219
3.1415899999999994   2.4880736633367464   46.673106481300515
