0.01   1880.044654312679   1879.9618916408454
0.010293154462191829   1890.3745178167678   1890.2910798423059
0.010594902878253955   1899.5821256349086   1899.4979931592995
0.010905497183778876   1907.611893310011   1907.527133090336
0.011225196699963396   1914.407588190362   1914.322301905811
0.011554268350120923   1919.9126658379266   1919.8269395337163
0.011892986882540897   1924.0725549183774   1923.986456496584
0.012241635099881474   1926.83341155649   1926.7470007188565
0.012600504095286909   1928.1383590201656   1928.0517226519823
0.012969893495426888   1927.932363122921   1927.8456228531527
0.013350111710660605   1926.1636270579236   1926.0769349517223
0.013741476192534558   1922.7801904939429   1922.6936656138257
0.014144313698828986   1917.7311973951396   1917.6448752923916
0.01455896056637426   1910.9705478077879   1910.8843798991206
0.014985762991865008   1902.4553672036798   1902.3692588868955
0.01542507732090645   1892.1427626620386   1892.0566769676118
0.015877270345534218   1879.9952490526791   1879.909223694974
0.016342719610456153   1865.981968476178   1865.8961040012182
0.016821813728271667   1850.0757664233913   1849.9901015661592
0.017314952703931925   1832.255048808895   1832.1694817803552
0.017822548268711737   1812.506734821838   1812.4210282650918
0.01834502422397195   1790.8257720956167   1790.7396068427083
0.018882816794999403   1767.214349829074   1767.127435716278
0.019436374995219892   1741.6842208090115   1741.596312780021
0.02000616100108813   1714.25753886154   1714.1684314886681
0.020592650537967844   1684.969043878903   1684.8785145782404
0.021196333277324068   1653.8649900440867   1653.7727726973992
0.02181771324555934   1621.001914141561   1620.9077067256917
0.022457309244835088   1586.451446116834   1586.3549773777531
0.02311565528622961   1550.3038356763514   1550.2049760835393
0.023793301035594242   1512.6585844049962   1512.5573497606194
0.024490812272480036   1473.6256614549095   1473.5222085003363
0.025208771362518027   1433.3421771643925   1433.2368357882963
0.0259477777436476   1391.9579089660806   1391.851182663053
0.02670844842659881   1349.6247705269288   1349.5173144568332
0.027491418510046592   1306.5157228803669   1306.4083686318645
0.028297341710866907   1262.831296723811   1262.7250942084972
0.029126890909937666   1218.7663841172946   1218.6625659360564
0.029980758713939952   1174.515211949145   1174.4151618724507
0.030859658033628758   1130.311210284251   1130.2164817064886
0.031764322679055976   1086.3856416375445   1086.29792993348
0.03269550797224261   1042.9474539757566   1042.8685466569789
0.033653991377811755   1000.2208578274913   1000.1525541238733
0.03464057315210884   958.4483716250121   958.3924067982357
0.03565607701135116   917.8391478423256   917.7971748555836
0.036701350819364466   878.5809879359476   878.5545201863722
0.03777726729548091   840.8889210473483   840.8791168567783
0.038884724743189276   804.9536528666741   804.9613059441892
0.04002464780014597   770.9255724272242   770.9511656195283
0.041197988210172884   738.9243672438058   738.9678348218777
0.04240572561788674   709.0437191808588   709.1042464300165
0.04364886838662332   681.3514760951743   681.4276298187851
0.04492845444033957   655.897860510378   655.9875265055541
0.04624555213019635   632.7285998696522   632.8284124872511
0.04760126112654554   611.8799838904777   611.9853477929082
0.04899671333706607   593.359374142988   593.4646492654153
0.05043307385181555   576.9631754691583   577.0621251123813
0.05191154191598653   562.3955396647141   562.4815363663021
0.053433351931179485   549.3936262861728   549.4596298577617
0.05499977448602865   537.7323662254586   537.7709102790213
0.05661211741704101   527.2144567171664   527.2176376899936
0.05827172690053434   517.6303403007201   517.5899831945364
0.05997998857658587   508.6416755867323   508.55019099173063
0.06173832870592997   499.88824155901204   499.73894668759425
0.0635482153607709   490.96568982219407   490.75383918186816
0.06541115965050462   481.4030805812676   481.12729358052667
0.06732871698337338   470.7605814472605   470.42322797812176
0.06930248836510605   458.6398136659843   458.24795289772266
0.07133412173562886   444.71420312387374   444.27959743769713
0.07342531334496233   428.83754089969136   428.3764088952042
0.07557780916945323   410.9988780085011   410.53115322065156
0.07779340636952398   391.3896440850545   390.9379430086752
0.08007395479015682   370.3339848567263   369.922255511341
0.08242135850536496   348.2324974828112   347.88403319291604
0.08483757740794096   325.53248595533836   325.26833484135716
0.08732462884580919   302.8014125122731   302.63898141271744
0.08988458930634863   280.62586401444025   280.57734355653673
0.09251959615009227   259.6287003947721   259.6976740379258
0.09523184939525078   240.38735370697844   240.567296832808
0.09802361355455057   223.42779934831808   223.70123569631977
0.10089721952591899   209.06946994388227   209.4092452193317
0.10385506653859616   197.4584070064556   197.82737335597713
0.10689962415629803   188.5036835565192   188.86027042270217
0.11003343433910281   181.92522997411274   182.2271490634476
0.11325911356578279   177.26780043248337   177.47409984488465
0.11657935501835284   173.97022244548438   174.0443926754311
0.11999693083066039   171.3454382833358   171.26512513232075
0.12351469440289359   168.67281432003074   168.432591005668
0.12713558278394044   165.24078189109085   164.8537670998321
0.13086261912358757   160.48632446585376   159.98871044365004
0.13469891519660646   154.05974698953435   153.50744638765366
0.13864767400083483   145.88483905913063   145.34473509965505
0.14271219243142114   136.19086628911722   135.7335271484585
0.14689586403346616   125.54324597133368   125.22850187295028
0.1512021818353596   114.7733355485974   114.6347151053164
0.15563474126517718   104.79277938260826   104.82814949306578
0.16019724315257297   96.30305687721875   96.47678524901555
0.1648934968186736   89.63206553893203   89.88367044426599
0.1697274232565544   84.80541678994418   85.05999890929726
0.17470305840495237   81.61544613146538   81.79704641494756
0.17982455651794954   79.60303333648723   79.64833695699566
0.18509619363343993   78.04468678286483   77.92165535699439
0.19052237114327647   76.13478754281583   75.85874885506423
0.19610761946807834   73.31022676250436   72.94207856110148
0.20185660183976684   69.38671188225429   69.01483753459549
0.20777411819498756   64.53423388794207   64.24102170493366
0.21386510918267082   59.25650752559803   59.101254814085785
0.22013466028907505   54.238924850303725   54.23222407367178
0.22658800608375756   50.043745617177834   50.14093215218978
0.23323053459001789   46.93382556372536   47.06291143432437
0.2400677917834628   44.83263343702019   44.907501967635945
0.24710548622244882   43.32159801871019   43.288669069315745
0.25434949381426813   41.838131292337046   41.697192981025886
0.2618058627210567   39.96959502041096   39.770475400506186
0.2694808184095226   37.569223961411616   37.387112145306546
0.27738076884870827   34.80888307190573   34.705605483294484
0.2855123098601282   32.110937615784884   32.10486671721752
0.29388223062474755   29.84076068683166   29.897162108135984
0.3024975193514008   28.117796196174748   28.173198388940033
0.31136536911138296   26.80594877752492   26.810043718048558
0.3204931838440838   25.590707005970938   25.53690911563974
0.32988858453867975   24.215264291381104   24.14123176709864
0.3395594155970457   22.64753109974897   22.60086763941638
0.34951375138319807   21.043370588327104   21.049163928112012
0.3597599029647371   19.614409473664676   19.659121574917208
0.37030642505191835   18.449881696017364   18.494753896100008
0.3811621231401457   17.461853800558256   17.48155631890395
0.3923360608618501   16.49474098317687   16.497004590500385
0.4038375675538918   15.471018554082088   15.48176292449272
0.41567624604680364   14.438577086526266   14.475164231394285
0.42786198068238046   13.495579645497921   13.551475070869213
0.4404049455663077   12.678670503329897   12.73433833012135
0.4533156130627191   11.935458758628478   11.982230269478242
0.4666047625377753   11.20386026557585   11.251162860378324
0.4802834893595659   10.47970285082686   10.538894905984284
0.49436321416184764   9.802399163376315   9.872293879848213
0.5088556923793517   9.191307991891154   9.263291869431733
0.5237730240626238   8.624158742804601   8.69516767702721
0.5391276639805903   8.077438810953044   8.152142956447069
0.5549324320192869   7.555863012653698   7.6374683121115075
0.5712005238854289   7.0728248502892015   7.1584548681271025
0.5879455221237613   6.624843410937409   6.7119655061890615
0.6051814074573895   6.201017247998438   6.290795246863095
0.622922570460556   5.799947815764419   5.89345925430848
0.6411838235736077   5.425586726910739   5.5219833348807965
0.6599804134701901   5.0760286711006986   5.1742336263034465
0.6793280337869897   4.747938841503431   4.847903649201791
0.6992428382266549   4.439756872037962   4.541587121947893
0.7197414540448374   4.150473471612551   4.254168267383492
0.7408409959326054   3.87910782105477   3.9845808855968308
0.7625590803058332   3.6247093391893674   3.731807434703939
0.7849138400134885   3.3863591897078944   3.494878033847696
0.8079239394770964   3.163171420105508   3.272869343875316
0.8316085902740278   2.9542892802025107   3.064901143348357
0.8559875671776167   2.7588424502592765   2.870113692142398
0.8810812246675007   2.5759794185540907   2.6876818799869344
0.9069105139239728   2.4049021938414366   2.516830840251397
0.9334970003205227   2.244863414624557   2.3568332619296184
0.960862881429187   2.0951630807659716   2.2070065695767944
0.9890310055537336   1.955145502722464   2.0667102619331157
1.0180248908061487   1.8241966218304304   1.93534350704414
1.047868744742366   1.7017471773123947   1.8123464569836116
1.0785874845736239   1.5872698450806597   1.697197851487332
1.1102067579703248   1.4802683938125818   1.5894075661646674
1.1427529644757777   1.3802755027644922   1.4885145946602765
1.1762532775476793   1.2868512424777505   1.3940854752723775
1.210735667245765   1.1995816218545043   1.3057127875244674
1.246228923584555   1.1180771984456523   1.2230137169996775
1.2827626805706884   1.0419710540091232   1.1456286771423922
1.3203674409449337   0.9709166871090154   1.0732199933981286
1.3590746016495152   0.904588718208726   1.0054706876337993
1.3989164800420282   0.8426819720495485   0.9420833007270837
1.4399263408778291   0.7849102788830841   0.8827787692120864
1.4821384240834183   0.7310053427814185   0.8272953586519646
1.525587973344019   0.6807156735593627   0.775387651639716
1.5703112655292182   0.6338056182613159   0.7268257599217534
1.6163456409812174   0.5900545737580184   0.6813951397639545
1.6637295346910133   0.549255891618908   0.6388948835479488
1.7125025083885144   0.5112159528331146   0.5991365518889619
1.7627052835733923   0.4757533844546948   0.5619434540183367
1.814379775514258   0.4426983205239145   0.5271499643535476
1.8675691282445197   0.41189170487279136   0.4946008735494518
1.922317750584177   0.3831846310625996   0.4641507588755095
1.9786713532176083   0.3564376915236784   0.4356632308724935
2.0366769868582977   0.33152041336262794   0.40901048184900546
2.0963830815323896   0.30831073618750765   0.38407291500155893
2.1578394870138577   0.2866944917118192   0.3607386413628638
2.2210975144450407   0.26656491327746357   0.3389030017343494
2.286209979177315   0.24782217433032583   0.3184681160286802
2.3532312448676476   0.23037295345041112   0.2993424655918526
2.4222172688678643   0.21412998669484726   0.28144083518783924
2.4932256489445366   0.19901167955086038   0.26468399379125734
2.5663156713684585   0.18494181148695676   0.24899778485721033
2.641548360413907   0.17184919776542099   0.2343127774106299
2.7189865293089923   0.15966736675295798   0.22056398103273403
2.798694832679631   0.14833425715045484   0.20769057609644823
2.8807398205309562   0.13779193398428197   0.19563565844864095
2.9651899938111903   0.12798635235109398   0.18434560861988888
3.05211586160442   0.11886715582515005   0.17376920230060483
3.1415899999999994   0.11038734763870935   0.1638585748061364
