0.01   149.55503840453986   149.5550316715735
0.010293154462191829   151.75351945129833   151.75351676444217
0.010594902878253955   153.91711717324878   153.91711292261246
0.010905497183778876   156.0411851207389   156.0411767977985
0.011225196699963396   158.12096810631758   158.12095656168765
0.011554268350120923   160.15153649068682   160.15152470925537
0.011892986882540897   162.12767396326802   162.1276636607866
0.012241635099881474   164.04405169345574   164.04404270887136
0.012600504095286909   165.89526440987754   165.89525483232248
0.012969893495426888   167.67576644950833   167.6757548111368
0.013350111710660605   169.37992220724178   169.37990885398824
0.013741476192534558   171.0020740630608   171.00206123400739
0.014144313698828986   172.53634263510725   172.53633267494757
0.01455896056637426   173.9764132592146   173.97640486016877
0.014985762991865008   175.31594363342475   175.31593126075376
0.01542507732090645   176.548641697787   176.54861637581658
0.015877270345534218   177.6682710379425   177.66822755377893
0.016342719610456153   178.6686964260451   178.66863697215692
0.016821813728271667   179.5439272901948   179.54386157556758
0.017314952703931925   180.28795573464166   180.2878953342412
0.017822548268711737   180.8946590251781   180.8946078338004
0.01834502422397195   181.35813095735463   181.35808416431283
0.018882816794999403   181.67276140319808   181.6727067320393
0.019436374995219892   181.8333250052312   181.83325112223505
0.02000616100108813   181.83498743365402   181.83488731091762
0.020592650537967844   181.67332553124885   181.67319644580445
0.021196333277324068   181.344468449669   181.34430962305169
0.02181771324555934   180.84517153420614   180.8449809222837
0.022457309244835088   180.1727186620517   180.1724927544195
0.02311565528622961   179.32507650492101   179.3248103463972
0.023793301035594242   178.30145776010863   178.3011448948238
0.024490812272480036   177.1018723138966   177.10150482631144
0.025208771362518027   175.72695828925941   175.72652705852357
0.0259477777436476   174.17884584002587   174.178345165771
0.02670844842659881   172.46122750251143   172.46066006136806
0.027491418510046592   170.57838029342278   170.57775708721084
0.028297341710866907   168.53565031542166   168.53498806525664
0.029126890909937666   166.3410906207085   166.34040251391198
0.029980758713939952   164.00363002324903   164.0029235586004
0.030859658033628758   161.5325265777015   161.53180432607627
0.031764322679055976   158.93921731488444   158.9384872548054
0.03269550797224261   156.23695151030105   156.23623582387495
0.033653991377811755   153.4388315291507   153.43816586774665
0.03464057315210884   150.55917086050894   150.55859559585127
0.03565607701135116   147.61665722680928   147.61619237373262
0.036701350819364466   144.63003166748763   144.62967334909405
0.03777726729548091   141.61691419472163   141.6166402490603
0.038884724743189276   138.59299595844615   138.59282177149353
0.04002464780014597   135.57229385532426   135.5723098919079
0.041197988210172884   132.56780825025274   132.5681742265007
0.04240572561788674   129.59502580997835   129.59589909852048
0.04364886838662332   126.67720616394107   126.67857245643769
0.04492845444033957   123.83699069106015   123.83865204918455
0.04624555213019635   121.09438018567819   121.09599046278302
0.04760126112654554   118.46142709538464   118.4627128155669
0.04899671333706607   115.945244334486   115.94612702255617
0.05043307385181555   113.55200177135285   113.55258149875321
0.05191154191598653   111.28091765351586   111.28136746005849
0.053433351931179485   109.12257954511158   109.12301619768547
0.05499977448602865   107.06750488627014   107.06798406822595
0.05661211741704101   105.10274574558035   105.10324977948747
0.05827172690053434   103.21047919401371   103.2108986703149
0.05997998857658587   101.3733565234773   101.37349624529158
0.06173832870592997   99.57085760711628   99.57046108326774
0.0635482153607709   97.78053350669607   97.77930203051467
0.06541115965050462   95.97953925534169   95.97716905533987
0.06732871698337338   94.13994590402463   94.13624701499629
0.06930248836510605   92.23424614828112   92.22916586197901
0.07133412173562886   90.23287477373314   90.22652395398153
0.07342531334496233   88.1064548314769   88.09911775298615
0.07557780916945323   85.83126096825559   85.82333220322667
0.07779340636952398   83.39006984685966   83.38198036507029
0.08007395479015682   80.77769714223082   80.76984884053178
0.08242135850536496   78.00482705954805   77.99750728289739
0.08483757740794096   75.09509028720997   75.08852033119408
0.08732462884580919   72.08730545596164   72.08171721278947
0.08988458930634863   69.02842707489258   69.02408873549227
0.09251959615009227   65.97135460667873   65.96858485700967
0.09523184939525078   62.97015816942631   62.969282563243866
0.09802361355455057   60.07697135765041   60.078241306551895
0.10089721952591899   57.34272976232614   57.346111083004025
0.10385506653859616   54.81085819540436   54.816002833238315
0.10689962415629803   52.5172973114296   52.523490873762285
0.11003343433910281   50.48469967533722   50.490985493044384
0.11325911356578279   48.713088718816834   48.718542159113625
0.11657935501835284   47.18141748971421   47.185227061056935
0.11999693083066039   45.84239635382419   45.84392569447737
0.12351469440289359   44.6312627119766   44.63004892568244
0.12713558278394044   43.473308024787904   43.469076550326456
0.13086261912358757   42.29296904906485   42.28569294193636
0.13469891519660646   41.02446232602256   41.01446993868174
0.13864767400083483   39.618681694236095   39.60673714248104
0.14271219243142114   38.05363628947473   38.04087419835976
0.14689586403346616   36.33864875092684   36.32639125920877
0.1512021818353596   34.5130869842183   34.50267822221621
0.15563474126517718   32.64040289188428   32.63307996618602
0.16019724315257297   30.797486145740674   30.79398678872499
0.1648934968186736   29.064988943785576   29.065134222630327
0.1697274232565544   27.514739389025333   27.517343676581845
0.17470305840495237   26.19191708853687   26.195204080711633
0.17982455651794954   25.097097539053525   25.09936409976888
0.18509619363343993   24.183965255034025   24.183850435283752
0.19052237114327647   23.378411976399065   23.374810033782204
0.19610761946807834   22.600609574047066   22.592934181104525
0.20185660183976684   21.77652346100817   21.765428529830576
0.20777411819498756   20.850762046536936   20.838128418519396
0.21386510918267082   19.81091953441732   19.79911262405861
0.22013466028907505   18.699896199232402   18.690447195805493
0.22658800608375756   17.59305714815349   17.586826977204105
0.23323053459001789   16.563614546575632   16.560531077655206
0.2400677917834628   15.663943517760666   15.662505445685813
0.24710548622244882   14.911714622916989   14.909823331079421
0.25434949381426813   14.278804858141731   14.274565064969533
0.2618058627210567   13.703975390462098   13.696501775605908
0.2694808184095226   13.122309175509862   13.112170774266428
0.27738076884870827   12.488741268705004   12.477772300750923
0.2855123098601282   11.804497827644317   11.794660398498339
0.29388223062474755   11.112969182022107   11.105354538651365
0.3024975193514008   10.465731989372802   10.460306779713498
0.31136536911138296   9.897100594004831   9.892377336053054
0.3204931838440838   9.409331261132664   9.40355223367314
0.32988858453867975   8.968830221712768   8.961096037166092
0.3395594155970457   8.533361736490793   8.524135695818062
0.34951375138319807   8.080675215340625   8.071327658140044
0.3597599029647371   7.618531239533766   7.610390335740536
0.37030642505191835   7.176760111639439   7.169993582459961
0.3811621231401457   6.778585354978242   6.772306298987582
0.3923360608618501   6.422824635584151   6.41591505614665
0.4038375675538918   6.090336068293281   6.082496509124869
0.41567624604680364   5.761359334449535   5.75325123462491
0.42786198068238046   5.433424412663448   5.425915932741921
0.4404049455663077   5.119653009443838   5.112961294037014
0.4533156130627191   4.83110689635382   4.824700637426625
0.4666047625377753   4.565718069561875   4.559048206664133
0.4802834893595659   4.312817742807908   4.305984129250088
0.49436321416184764   4.066622629002548   4.060086254830147
0.5088556923793517   3.830541653408386   3.824536298103938
0.5237730240626238   3.610201242022154   3.604511925783638
0.5391276639805903   3.404561386765723   3.3989331058090517
0.5549324320192869   3.208947424017984   3.2034701892103827
0.5712005238854289   3.0215696698310137   3.0164663706268073
0.5879455221237613   2.844450256072912   2.8397251973231272
0.6051814074573895   2.6783547954196427   2.6738798059640305
0.622922570460556   2.521392732502653   2.5171614620834477
0.6411838235736077   2.3722581717682827   2.3683630941244043
0.6599804134701901   2.2313609654278492   2.227813823945561
0.6793280337869897   2.098733665373799   2.095486271981062
0.6992428382266549   1.9735056329739775   1.9705535308958255
0.7197414540448374   1.8552598707822598   1.8526121577252148
0.7408409959326054   1.7436539968973541   1.7413187923602644
0.7625590803058332   1.6383571865628122   1.6363392542421948
0.7849138400134885   1.5390514463572627   1.5373525602581652
0.8079239394770964   1.4454314308795564   1.4440507183184872
0.8316085902740278   1.3572042312033858   1.356138493008532
0.8559875671776167   1.2740891243912842   1.2733331373230445
0.8810812246675007   1.195815021197149   1.195362548837803
0.9069105139239728   1.1221184504149384   1.121963784430158
0.9334970003205227   1.0527483910520137   1.0528862393630365
0.960862881429187   0.9874664179548477   0.9878916303056277
0.9890310055537336   0.9260461497437071   0.9267535004759087
1.0180248908061487   0.8682727155581121   0.8692567359544313
1.047868744742366   0.8139422403415412   0.8151970936661461
1.0785874845736239   0.762861390657286   0.7643807716840357
1.1102067579703248   0.7148473650429908   0.7166242972716251
1.1427529644757777   0.6697271260124473   0.6717538732353342
1.1762532775476793   0.6273365521408241   0.6296046670535854
1.210735667245765   0.5875200348423157   0.5900204186752119
1.246228923584555   0.5501300966462481   0.5528530649743257
1.2827626805706884   0.5150270221373165   0.5179623748524744
1.3203674409449337   0.4820785014764817   0.4852155951856775
1.3590746016495152   0.45115922562264743   0.4544869951425722
1.3989164800420282   0.42215043482366826   0.42565731140374596
1.4399263408778291   0.3949398040309073   0.3986138060833087
1.4821384240834183   0.36942117521847495   0.373250031006563
1.525587973344019   0.3454942512743382   0.34946551017638855
1.5703112655292182   0.3230643027172422   0.32716543558945055
1.6163456409812174   0.3020418868749544   0.3062603760572381
1.6637295346910133   0.28234257835599025   0.2866660090646992
1.7125025083885144   0.263886692735041   0.26830310563183885
1.7627052835733923   0.24659904575148445   0.2510972148212761
1.814379775514258   0.23040874300414824   0.23497810512521475
1.8675691282445197   0.21524895551631407   0.21987953739044866
1.922317750584177   0.2010567044702837   0.2057390626555149
1.9786713532176083   0.18777265602174065   0.19249782804412774
2.0366769868582977   0.1753409258182455   0.18010039058880276
2.0963830815323896   0.16370888233687184   0.168494472470061
2.1578394870138577   0.1528269269372222   0.15763051900400635
2.2210975144450407   0.1426483773238875   0.14746186119122556
2.286209979177315   0.13312932794745036   0.13794469050342067
2.3532312448676476   0.12422849442125361   0.12903789028201612
2.4222172688678643   0.11590706593670567   0.12070287637934625
2.4932256489445366   0.10812856533970759   0.1129034467304681
2.5663156713684585   0.1008587170890693   0.1056056412518787
2.641548360413907   0.09406536268139691   0.09877774157678304
2.7189865293089923   0.08771835493885168   0.09239019013975773
2.798694832679631   0.0817893689785228   0.08641522402238369
2.8807398205309562   0.07625179252229287   0.08082675191673802
2.9651899938111903   0.0710806292789833   0.0756002613969141
3.05211586160442   0.06625240722620847   0.07071273059635812
3.1415899999999994   0.06174509158666204   0.0661425441493707
