0.01   16948.882291737573   16947.091073484014
0.010293154462191829   17067.162409013472   17065.257124418484
0.010594902878253955   17175.753577048585   17173.72922881243
0.010905497183778876   17274.101123051965   17271.951124467472
0.011225196699963396   17361.648449595235   17359.363652685348
0.011554268350120923   17437.850283606087   17435.418999840647
0.011892986882540897   17502.15227265163   17499.561100619507
0.012241635099881474   17553.991852979365   17551.226600994385
0.012600504095286909   17592.826125383785   17589.87192235295
0.012969893495426888   17618.12336773889   17614.96465515538
0.013350111710660605   17629.330057145926   17625.950355297296
0.013741476192534558   17625.912778442445   17622.294714314034
0.014144313698828986   17607.372172953306   17603.497505427636
0.01455896056637426   17573.21731232128   17569.065499097833
0.014985762991865008   17522.975744816926   17518.522815773973
0.01542507732090645   17456.223809965275   17451.44255047211
0.015877270345534218   17372.57932840406   17367.439373079236
0.016342719610456153   17271.68368411365   17266.151352156954
0.016821813728271667   17153.236423439776   17147.275013510673
0.017314952703931925   17017.004872470898   17010.57507028122
0.017822548268711737   16862.816467069406   16855.876566782496
0.01834502422397195   16690.56799204542   16683.074271477664
0.018882816794999403   16500.237806058904   16492.145120513534
0.019436374995219892   16291.901013292741   16283.16402145818
0.02000616100108813   16065.744373859112   16056.319404657495
0.020592650537967844   15822.045036552767   15811.8908235773
0.021196333277324068   15561.178705499093   15550.257540974371
0.02181771324555934   15283.69289779051   15271.975827596263
0.022457309244835088   14990.256109070966   14977.725288204238
0.02311565528622961   14681.613752622445   14668.262356943158
0.023793301035594242   14358.685888159092   14344.521522211835
0.024490812272480036   14022.6131659052   14007.66290272127
0.025208771362518027   13674.587254315164   13658.896646838566
0.0259477777436476   13315.879638796687   13299.512321597944
0.02670844842659881   12948.078176278097   12931.121485129983
0.027491418510046592   12572.85138636579   12555.415998161374
0.028297341710866907   12191.826600907265   12174.043079693518
0.029126890909937666   11806.862500792455   11788.880562579403
0.029980758713939952   11420.062560062901   11402.050493926236
0.030859658033628758   11033.392242184118   11015.532737997573
0.031764322679055976   10648.76883035657   10631.253903674471
0.03269550797224261   10268.429927950096   10251.453279418853
0.033653991377811755   9894.490733738474   9878.243974964646
0.03464057315210884   9528.817005241839   9513.48689680238
0.03565607701135116   9173.433136288239   9159.185774808042
0.036701350819364466   8830.443272960956   8817.412154277554
0.03777726729548091   8501.623997995175   8489.913292095063
0.038884724743189276   8188.425696560203   8178.101978912419
0.04002464780014597   7891.979594387786   7883.038624101758
0.041197988210172884   7613.176579076249   7605.546339112972
0.04240572561788674   7352.734565291676   7346.282557249632
0.04364886838662332   7111.4988761824225   7105.997926240038
0.04492845444033957   6890.361121857175   6885.471084850539
0.04624555213019635   6690.056677062688   6685.337398758186
0.04760126112654554   6509.97032774657   6504.9084020058035
0.04899671333706607   6347.568457301075   6341.6092346354135
0.05043307385181555   6200.407086760327   6192.957578548119
0.05191154191598653   6066.313342231215   6056.740948675249
0.053433351931179485   5943.363526479547   5930.994217669049
0.05499977448602865   5829.758281496311   5813.881861648351
0.05661211741704101   5722.9660502982115   5702.915999498172
0.05827172690053434   5619.852099499054   5595.076776699292
0.05997998857658587   5517.2180301860035   5487.320227555178
0.06173832870592997   5410.998177904371   5375.892654843
0.0635482153607709   5297.142070045194   5257.09814393632
0.06541115965050462   5171.750307277795   5127.471735144023
0.06732871698337338   5031.232026676438   4983.900820251467
0.06930248836510605   4873.155104622707   4824.449705486885
0.07133412173562886   4696.53991624223   4648.647667717723
0.07342531334496233   4501.872729852846   4457.300432829619
0.07557780916945323   4291.618630040128   4252.929732995201
0.07779340636952398   4069.0707624628494   4038.802609779334
0.08007395479015682   3838.358324611164   3818.9894193445307
0.08242135850536496   3604.333346415925   3598.012784193572
0.08483757740794096   3372.4497690263506   3380.7475345759526
0.08732462884580919   3148.4108770492653   3172.190506928451
0.08988458930634863   2937.745640681198   2977.05143531962
0.09251959615009227   2746.0615084831247   2799.658966960899
0.09523184939525078   2577.702763651983   2643.2870563733177
0.09802361355455057   2435.3154778417174   2509.774313975342
0.10089721952591899   2319.9110254675816   2399.5534301645985
0.10385506653859616   2229.6434565649647   2310.3408471529133
0.10689962415629803   2161.2265674000214   2238.8104884104405
0.11003343433910281   2109.3971396642055   2180.3586165970037
0.11325911356578279   2067.9037161831684   2129.679714786675
0.11657935501835284   2029.7174226084703   2081.0437256710416
0.11999693083066039   1987.6087952724629   2029.1071398657189
0.12351469440289359   1935.2087576387787   1969.3732802783286
0.12713558278394044   1867.8792763852016   1898.7666883103072
0.13086261912358757   1783.7136720487556   1816.7702560890787
0.13469891519660646   1683.6160093531023   1724.667459913371
0.13864767400083483   1571.3587913653307   1625.5518636148306
0.14271219243142114   1453.5426640741523   1524.7642045794291
0.14689586403346616   1338.8544292853576   1427.9901535673077
0.1512021818353596   1235.7621918963923   1340.6451931555391
0.15563474126517718   1150.1121565322371   1266.2118707880338
0.16019724315257297   1083.8589642689508   1205.0160367684482
0.1648934968186736   1035.6920663893063   1155.6381559751956
0.1697274232565544   1002.1041193160673   1115.384288757291
0.17470305840495237   977.3133432779874   1080.09667659735
0.17982455651794954   953.3145327429487   1045.2354407684668
0.18509619363343993   922.5395089450916   1006.9675965770083
0.19052237114327647   880.9414174422888   963.6616296774911
0.19610761946807834   828.7990539858014   915.8316084157685
0.20185660183976684   769.7774678723786   866.1045034897732
0.20777411819498756   710.0548775836319   817.6209500441902
0.21386510918267082   656.4181102058299   773.4160570733465
0.22013466028907505   613.3386320705607   735.4491356857452
0.22658800608375756   581.6873278848469   702.875383698948
0.23323053459001789   558.8847668201414   674.6603299540992
0.2400677917834628   539.5088410002459   648.2137784265976
0.24710548622244882   517.9028287890206   621.4891486121224
0.25434949381426813   491.15545834702635   593.6903354572047
0.2618058627210567   459.6123017514235   565.3694890724164
0.2694808184095226   426.5260265464532   537.404714402178
0.27738076884870827   396.46016246073066   511.58415987204194
0.2855123098601282   372.1407090894175   488.323156884
0.29388223062474755   353.2924275160151   467.16071506003726
0.3024975193514008   337.3237534514865   447.4862346239701
0.31136536911138296   320.8579037705072   428.2134693149145
0.3204931838440838   302.23054313280863   409.24355189917185
0.32988858453867975   282.37032359418794   390.7603695717607
0.3395594155970457   263.47530167841273   373.2173651083005
0.34951375138319807   247.30980095754808   356.8887464165307
0.3597599029647371   233.8088471634829   341.7535756140003
0.37030642505191835   221.40682206521822   327.2888260317159
0.3811621231401457   208.68657283665138   313.3594695611314
0.3923360608618501   195.55960971432893   299.96753706467337
0.4038375675538918   183.00586858160887   287.18777641456086
0.41567624604680364   171.8454002443703   275.1913105467043
0.42786198068238046   161.92979548918476   263.8894605386903
0.4404049455663077   152.46963336871298   253.0734173217882
0.4533156130627191   143.08355430967217   242.73259664830564
0.4666047625377753   134.05437993711857   232.87302015178042
0.4802834893595659   125.77885566746315   223.52522999497893
0.49436321416184764   118.20027240532058   214.67968373635094
0.5088556923793517   110.98968736116225   206.2394273695496
0.5237730240626238   104.0461394014496   198.16822302050008
0.5391276639805903   97.52166750580348   190.50026855288704
0.5549324320192869   91.48021310999324   183.21965683159897
0.5712005238854289   85.79982034210074   176.28185527144916
0.5879455221237613   80.4012116436963   169.65455006784168
0.6051814074573895   75.33166760967448   163.3609981416226
0.622922570460556   70.59203084859661   157.35685669024613
0.6411838235736077   66.12992779849668   151.62864553708803
0.6599804134701901   61.93310758952709   146.16680528436342
0.6793280337869897   57.99239986429561   140.95593395821044
0.6992428382266549   54.293020435148605   135.98185847382908
0.7197414540448374   50.82079951417173   131.23132053021567
0.7408409959326054   47.5623612560317   126.69190331025352
0.7625590803058332   44.50508156026656   122.35197239336941
0.7849138400134885   41.637047984460835   118.20062120541705
0.8079239394770964   38.947021669976685   114.22762063081497
0.8316085902740278   36.42440672926845   110.4233198048476
0.8559875671776167   34.05926941873707   106.77806865859833
0.8810812246675007   31.842266129539766   103.28247739851575
0.9069105139239728   29.76456957425639   99.9277850194639
0.9334970003205227   27.81784256989426   96.70581954082512
0.960862881429187   25.994213604056565   93.60895522154196
0.9890310055537336   24.286253408377227   90.63007330633765
1.0180248908061487   22.686952513824107   87.76252598585066
1.047868744742366   21.189697911215834   85.00005009302092
1.0785874845736239   19.78824199475714   82.3364137951861
1.1102067579703248   18.47669366985211   79.76565158160106
1.1427529644757777   17.249505758846126   77.28222076180994
1.1762532775476793   16.101456324778127   74.88097272996
1.210735667245765   15.027630880223663   72.55712584104735
1.246228923584555   14.023405475434988   70.30624054358756
1.2827626805706884   13.08443062911467   68.12419655220972
1.3203674409449337   12.206616165257714   66.00715352045626
1.3590746016495152   11.386117052209565   63.95146492524994
1.3989164800420282   10.619319209266164   61.95373244187175
1.4399263408778291   9.902826320831176   60.010817846322695
1.4821384240834183   9.233447493461902   58.11982676949169
1.525587973344019   8.608185554080988   56.27809364878053
1.5703112655292182   8.02422596032581   54.48316775985454
1.6163456409812174   7.478926294927617   52.732800227717526
1.6637295346910133   6.969805811751227   51.0249886358247
1.7125025083885144   6.494535105415401   49.35808286381
1.7627052835733923   6.0509288601034585   47.73060569186606
1.814379775514258   5.636937710140854   46.14120352212187
1.8675691282445197   5.250640176453042   44.58863877891498
1.922317750584177   4.890235051719904   43.071782661429296
1.9786713532176083   4.554034211433845   41.589608213770674
2.0366769868582977   4.240455827342911   40.14118415338876
2.0963830815323896   3.9480176130869897   38.72576850176119
2.1578394870138577   3.6753304951221253   37.342905780321885
2.2210975144450407   3.4210937574789804   35.99220080016404
2.286209979177315   3.1840897458600455   34.673282581833824
2.3532312448676476   2.963178761990602   33.38580159867035
2.4222172688678643   2.757294256945056   32.12942711734777
2.4932256489445366   2.565438307031498   30.90384463580455
2.5663156713684585   2.3866773703356023   29.70875668211104
2.641548360413907   2.2201390493047435   28.54406987026567
2.7189865293089923   2.065008463056066   27.409959155278507
2.798694832679631   1.920523373129355   26.306554840565347
2.8807398205309562   1.785970822878837   25.23391749953342
2.9651899938111903   1.6606840881919769   24.192041493141762
3.05211586160442   1.5440398058126816   23.180858521569498
3.1415899999999994   1.435455269799695   22.20024119296693
