0.01   364.74730104190553   364.7411230572492
0.010293154462191829   370.40971631113194   370.4034441433457
0.010594902878253955   376.0019921687142   375.9956165567014
0.010905497183778876   381.51304887076276   381.5065730596537
0.011225196699963396   386.9315142356444   386.92495404707756
0.011554268350120923   392.2457118607057   392.23908312696364
0.011892986882540897   397.4436880122408   397.4369943765285
0.012241635099881474   402.5132707107898   402.5065025019922
0.012600504095286909   407.4418045394701   407.43494335644033
0.012969893495426888   412.21551963333576   412.2085547047553
0.013350111710660605   416.82028691458777   416.81321883877007
0.013741476192534558   421.24182977558553   421.2346702566645
0.014144313698828986   425.4656037608758   425.4583650488976
0.01455896056637426   429.47688995597827   429.4695767492868
0.014985762991865008   433.26097561964264   433.2535845800227
0.01542507732090645   436.80294433711975   436.7954677687085
0.015877270345534218   440.0873228522195   440.07975844864524
0.016342719610456153   443.09870697181185   443.0910595130204
0.016821813728271667   445.8219152362319   445.8141959222437
0.017314952703931925   448.24185924410193   448.2340770569284
0.017822548268711737   450.3437156209784   450.3358721205143
0.01834502422397195   452.1131407813008   452.1052298892886
0.018882816794999403   453.5363218454269   453.52832888539376
0.019436374995219892   454.6000279221125   454.59192787455197
0.02000616100108813   455.2917656463292   455.28352297777565
0.020592650537967844   455.5999624256308   455.59153261849343
0.021196333277324068   455.5146182362277   455.5059588164683
0.02181771324555934   455.02704260539014   455.01811839657165
0.022457309244835088   454.12964914042425   454.1204325387174
0.02311565528622961   452.8169082880874   452.80738177732576
0.023793301035594242   451.08590158993934   451.07606147140746
0.024490812272480036   448.9350779586749   448.92493456198525
0.025208771362518027   446.3646811282559   446.35425643799147
0.0259477777436476   443.3792572463823   443.36857208614435
0.02670844842659881   439.98566656501146   439.9747360279549
0.027491418510046592   436.1920356830129   436.18086978901704
0.028297341710866907   432.01088863965674   431.9995114574884
0.029126890909937666   427.4597537917837   427.4482263439653
0.029980758713939952   422.55711997577646   422.5455399073298
0.030859658033628758   417.3233678188679   417.31186207925913
0.031764322679055976   411.78516744609453   411.77386685805686
0.03269550797224261   405.97081212603   405.95984383461314
0.033653991377811755   399.90864904667563   399.89813618787275
0.03464057315210884   393.63419435415994   393.6242610581155
0.03565607701135116   387.1894327113569   387.1802088203798
0.036701350819364466   380.61493617109267   380.6065564732918
0.03777726729548091   373.9484237586004   373.9410251784563
0.038884724743189276   367.2223576933469   367.2160720054064
0.04002464780014597   360.46670515307966   360.4616573991556
0.041197988210172884   353.710681038434   353.70698675144894
0.04240572561788674   346.99760270975054   346.9953232821102
0.04364886838662332   340.3803996578181   340.379510802043
0.04492845444033957   333.90838519558724   333.908783002862
0.04624555213019635   327.62097203873924   327.62246434007574
0.04760126112654554   321.5378151163395   321.5400865230279
0.04899671333706607   315.674087512786   315.67670167463586
0.05043307385181555   310.04000579171606   310.0424195664582
0.05191154191598653   304.6202797771463   304.6218864389176
0.053433351931179485   299.39035490020893   299.39050318235013
0.05499977448602865   294.32503352740525   294.32303395605715
0.05661211741704101   289.385941225906   289.38109116015653
0.05827172690053434   284.5308435485621   284.52243919188317
0.05997998857658587   279.7171847879139   279.704536814017
0.06173832870592997   274.8948420333682   274.8773225745797
0.0635482153607709   270.01460623004635   269.991663670031
0.06541115965050462   265.0220202182573   264.9932645566783
0.06732871698337338   259.85784378744694   259.8231308278936
0.06930248836510605   254.46456847832084   254.4240447041586
0.07133412173562886   248.78071914085203   248.73495597105065
0.07342531334496233   242.75249922986526   242.70250964879398
0.07557780916945323   236.3446167736118   236.29193542581586
0.07779340636952398   229.53786300529518   229.4845209614521
0.08007395479015682   222.35346991949427   222.30188090360707
0.08242135850536496   214.8379631090365   214.7907867999208
0.08483757740794096   207.07908263472447   207.0388918689608
0.08732462884580919   199.18331325709636   199.15240009353928
0.08988458930634863   191.2775651815577   191.2577364007077
0.09251959615009227   183.48852011983195   183.48096203177744
0.09523184939525078   175.94012032056483   175.9451711845701
0.09802361355455057   168.74549363908756   168.7624604826926
0.10089721952591899   162.00546227169707   162.03249426019602
0.10385506653859616   155.79812717172786   155.83223401296803
0.10689962415629803   150.17951505683735   150.2165741610235
0.11003343433910281   145.15591753069177   145.19093660829563
0.11325911356578279   140.6906683739534   140.7180940794559
0.11657935501835284   136.6783553341937   136.6931021000239
0.11999693083066039   132.97584053707905   132.97395066276943
0.12351469440289359   129.4032562618004   129.3826762746234
0.12713558278394044   125.78510576261931   125.74626050259067
0.13086261912358757   121.96596524986296   121.91206069258496
0.13469891519660646   117.83764546834026   117.77412044630289
0.13864767400083483   113.35265882250133   113.28713125106148
0.14271219243142114   108.5331940407464   108.4747663631654
0.14689586403346616   103.47635112748077   103.43312028834667
0.1512021818353596   98.33293482698888   98.3112739073707
0.15563474126517718   93.2806982514175   93.28403142711245
0.16019724315257297   88.49885508035739   88.52633742011662
0.1648934968186736   84.1455990113615   84.1922079075678
0.1697274232565544   80.32716752969604   80.38372169429455
0.17470305840495237   77.05715044360976   77.11239117593557
0.17982455651794954   74.23662222896577   74.28020751649274
0.18509619363343993   71.68328540952989   71.7086683578173
0.19052237114327647   69.1972686866915   69.20342440947444
0.19610761946807834   66.61288113874609   66.60515162930578
0.20185660183976684   63.818429870989235   63.807617732110884
0.20777411819498756   60.78369076248775   60.782794254891726
0.21386510918267082   57.59557062186597   57.61647178587576
0.22013466028907505   54.43328321741415   54.482180602064794
0.22658800608375756   51.477664856296514   51.55228223399849
0.23323053459001789   48.84346651517098   48.93573442693888
0.2400677917834628   46.56307565632707   46.66094142586361
0.24710548622244882   44.57450165198928   44.66648154535362
0.25434949381426813   42.735638178236016   42.81720018707042
0.2618058627210567   40.89397439289092   40.96952179105173
0.2694808184095226   38.95430798061626   39.0338620875158
0.27738076884870827   36.915168004007924   37.01192593620813
0.2855123098601282   34.875542738635424   34.9959441112853
0.29388223062474755   32.958674138673615   33.10178396946284
0.3024975193514008   31.239065003273808   31.396345946725873
0.31136536911138296   29.716007421559414   29.877600317388435
0.3204931838440838   28.317605890406657   28.47821853014712
0.32988858453867975   26.944391838913916   27.106484135456302
0.3395594155970457   25.547227304048906   25.719159904613903
0.34951375138319807   24.14647108285105   24.334877285122136
0.3597599029647371   22.80606039220746   23.011742764970553
0.37030642505191835   21.57952336890169   21.796763367710657
0.3811621231401457   20.462110839128993   20.68445111110164
0.3923360608618501   19.40854448837697   19.634035543242465
0.4038375675538918   18.377008898584855   18.608676376296106
0.41567624604680364   17.36172271641581   17.603581258555955
0.42786198068238046   16.39124198489255   16.643750241512272
0.4404049455663077   15.489526490513507   15.749218337422633
0.4533156130627191   14.650088595029986   14.913403453134563
0.4666047625377753   13.849920880573821   14.1167291741225
0.4802834893595659   13.07610873752329   13.3483126297563
0.49436321416184764   12.336356434775672   12.6143547376949
0.5088556923793517   11.641415693347259   11.923520049349026
0.5237730240626238   10.988620013482771   11.273043983646817
0.5391276639805903   10.367534903709219   10.65413632151076
0.5549324320192869   9.774380719675296   10.063820580361064
0.5712005238854289   9.212806275516568   9.504564651524689
0.5879455221237613   8.683835178988497   8.976866720448097
0.6051814074573895   8.18310778124231   8.477018852511705
0.622922570460556   7.707672587659914   8.00248513727387
0.6411838235736077   7.257946182208468   7.553347901942883
0.6599804134701901   6.833574128203028   7.129011344233022
0.6793280337869897   6.4322557102906694   6.727499481804888
0.6992428382266549   6.052613728754956   6.347499554298118
0.7197414540448374   5.694010188568723   5.9882728552563655
0.7408409959326054   5.355450604513631   5.648814564576199
0.7625590803058332   5.0358841324561405   5.328101619138925
0.7849138400134885   4.734311282647421   5.025158114643632
0.8079239394770964   4.4497815953613085   4.739053610930733
0.8316085902740278   4.18139141215538   4.468901457724609
0.8559875671776167   3.9282826032939906   4.2138577839006395
0.8810812246675007   3.6896503506650515   3.9731271920129476
0.9069105139239728   3.4647349912032204   3.7459567049378326
0.9334970003205227   3.252811576085625   3.531627878941868
0.960862881429187   3.053188514018697   3.3294555705324487
0.9890310055537336   2.8652064146091427   3.1387868348720347
1.0180248908061487   2.68823694234228   2.958999819298978
1.047868744742366   2.521681679856866   2.7895026580593147
1.0785874845736239   2.3649699993981077   2.6297326756235493
1.1102067579703248   2.217556988646884   2.479155597176675
1.1427529644757777   2.0789248356871823   2.3372637323881515
1.1762532775476793   1.948582031263106   2.2035748267371154
1.210735667245765   1.8260622169524536   2.077631043549785
1.246228923584555   1.710923070514746   1.9589979624972729
1.2827626805706884   1.602745228203575   1.8472635968905404
1.3203674409449337   1.5011312458173602   1.7420374567931665
1.3590746016495152   1.4057046091804233   1.6429497954277672
1.3989164800420282   1.316108751923236   1.5496505386091168
1.4399263408778291   1.2320061114754826   1.4618082685591751
1.4821384240834183   1.153077231140542   1.3791093689124685
1.525587973344019   1.079019896263486   1.3012571964193935
1.5703112655292182   1.009548303727893   1.227971278717036
1.6163456409812174   0.9443922626266984   1.1589865531070591
1.6637295346910133   0.8832963134667196   1.094053772642359
1.7125025083885144   0.8260189489960691   1.032939290254267
1.7627052835733923   0.7723321277230535   0.9754222150585617
1.814379775514258   0.7220206097179124   0.9212936155448297
1.8675691282445197   0.67488129907298   0.8703559701995268
1.922317750584177   0.6307226156606892   0.8224226331980866
1.9786713532176083   0.5893638952100531   0.7773173158721793
2.0366769868582977   0.5506347883789694   0.7348732226786873
2.0963830815323896   0.5143745785541693   0.6949307863157196
2.1578394870138577   0.48043181305039095   0.6573390499195937
2.2210975144450407   0.44866387936714985   0.6219561509635517
2.286209979177315   0.41893652271384596   0.5886487919060185
2.3532312448676476   0.3911233872713083   0.5572917372975769
2.4222172688678643   0.365105580378774   0.5277673385583094
2.4932256489445366   0.3407712632901728   0.49996507698179077
2.5663156713684585   0.3180154259039596   0.4737808407877631
2.641548360413907   0.2967395075649704   0.4491165122058232
2.7189865293089923   0.27685079422033104   0.42588002142476294
2.798694832679631   0.2582620819419211   0.4039850009344576
2.8807398205309562   0.24089137371219999   0.3833504317939855
2.9651899938111903   0.22466159097250898   0.3639003114685285
3.05211586160442   0.2095002993659795   0.34556334197547983
3.1415899999999994   0.19533927850117055   0.3282733496704777
