0.01   384.7372905795251   384.73160401927566
0.010293154462191829   390.1874751286342   390.18170875095
0.010594902878253955   395.54074707848804   395.53488734345217
0.010905497183778876   400.7854729511449   400.77950788601265
0.011225196699963396   405.90953828333585   405.9034661729836
0.011554268350120923   410.9005716814383   410.8944030917858
0.011892986882540897   415.7459793303756   415.7397361597534
0.012241635099881474   420.43260917501647   420.4263089234223
0.012600504095286909   424.94693346014736   424.9405792140087
0.012969893495426888   429.2753178971483   429.2688976474773
0.013350111710660605   433.4035973404291   433.3970941141265
0.013741476192534558   437.31668970776275   437.31010153276975
0.014144313698828986   440.99941710025206   440.9927597888164
0.01455896056637426   444.4366168375866   444.42992066295005
0.014985762991865008   447.612945982781   447.6062301719227
0.01542507732090645   450.5131237904304   450.50638556984717
0.015877270345534218   453.12211166705316   453.11532607128345
0.016342719610456153   455.42461618684075   455.4177517182636
0.016821813728271667   457.4049894595353   457.3980288069514
0.017314952703931925   459.0480142412747   459.04095600165806
0.017822548268711737   460.33897755030586   460.3318331387664
0.01834502422397195   461.2635342118731   461.2563134307435
0.018882816794999403   461.8080235957208   461.80073065749053
0.019436374995219892   461.95964808326   461.9522813120543
0.02000616100108813   461.70650661030817   461.69905351566666
0.020592650537967844   461.0377033410948   461.03013631699355
0.021196333277324068   459.9435092293967   459.9357856474647
0.02181771324555934   458.4157086718466   458.4077775593703
0.022457309244835088   456.4481454684016   456.43996583167825
0.02311565528622961   454.03621358316866   454.0277577114752
0.023793301035594242   451.17696374508625   451.1682165568282
0.024490812272480036   447.87075458935027   447.8617065879136
0.025208771362518027   444.12057115758523   444.1112141794337
0.0259477777436476   439.9309715636727   439.9212988460932
0.02670844842659881   435.30979832280275   435.2998081259279
0.027491418510046592   430.26967172541623   430.2593739751056
0.028297341710866907   424.82486334251826   424.8142799056521
0.029126890909937666   418.9917152500352   418.98088177022845
0.029980758713939952   412.7935913720438   412.7825731219885
0.030859658033628758   406.256929656206   406.24582641026115
0.031764322679055976   399.4085811088019   399.3975240771489
0.03269550797224261   392.2797970908499   392.2689326295067
0.033653991377811755   384.90706072405015   384.8965308234845
0.03464057315210884   377.3262999152886   377.3162402620776
0.03565607701135116   369.57538436794385   369.56592741820594
0.036701350819364466   361.7042060520549   361.6954963029635
0.03777726729548091   353.763505485212   353.75570195466884
0.038884724743189276   345.8004347997562   345.7937083283337
0.04002464780014597   337.85408688246673   337.84860750394984
0.041197988210172884   329.95636766855887   329.95229415689107
0.04240572561788674   322.1364801052691   322.13395988295997
0.04364886838662332   314.4314339495818   314.43057775599334
0.04492845444033957   306.90475471158834   306.90556512493765
0.04624555213019635   299.6192404745792   299.62160953797684
0.04760126112654554   292.6292997757014   292.633019702848
0.04899671333706607   285.9595530945152   285.96431499998636
0.05043307385181555   279.6166777506163   279.62207393130103
0.05191154191598653   273.6057880723083   273.611320564731
0.053433351931179485   267.91705551814175   267.9221424440122
0.05499977448602865   262.5216756336415   262.5256560597271
0.05661211741704101   257.39125777526976   257.39339747585365
0.05827172690053434   252.48947245501043   252.48898923481568
0.05997998857658587   247.76842192317667   247.76451844841068
0.06173832870592997   243.18175821260405   243.1736298668354
0.0635482153607709   238.6756473601835   238.66252829583593
0.06541115965050462   234.19174864053613   234.17294775172232
0.06732871698337338   229.67071399225136   229.64565363666804
0.06930248836510605   225.03928049774365   225.00762715974855
0.07133412173562886   220.2256146663842   220.1873148692598
0.07342531334496233   215.15483333135435   215.11025668467474
0.07557780916945323   209.75424938881935   209.70426796587694
0.07779340636952398   203.9693914902406   203.91537988144273
0.08007395479015682   197.7666843776639   197.71051086985332
0.08242135850536496   191.1453079689812   191.08929702332932
0.08483757740794096   184.14759162257394   184.0944848009879
0.08732462884580919   176.84640790534309   176.79904304614502
0.08988458930634863   169.34993557401657   169.31084901640133
0.09251959615009227   161.78168014064568   161.75304272784606
0.09523184939525078   154.27521506518877   154.25878129135188
0.09802361355455057   146.9637668174322   146.9604755002916
0.10089721952591899   139.9736548255242   139.98342718306046
0.10385506653859616   133.42741529910145   133.44902624795319
0.10689962415629803   127.42692318757229   127.45802418061398
0.11003343433910281   122.04973812134605   122.08652386354451
0.11325911356578279   117.33681661298954   117.37432987747476
0.11657935501835284   113.26549736275021   113.29827566748294
0.11999693083066039   109.76114904183734   109.78362342981711
0.12351469440289359   106.68663222460776   106.69364588641977
0.12713558278394044   103.86991983577275   103.85790019755534
0.13086261912358757   101.12296002551484   101.0906479040158
0.13469891519660646   98.26470453601912   98.2131423302451
0.13864767400083483   95.14555693041581   95.07860542715645
0.14271219243142114   91.6640972803834   91.58854825047867
0.14689586403346616   87.79210167192429   87.71628626655301
0.1512021818353596   83.57936365498047   83.51204106167992
0.15563474126517718   79.14412869176982   79.0932507997445
0.16019724315257297   74.65402265168046   74.62525463010907
0.1648934968186736   70.30235127872078   70.29771668995639
0.1697274232565544   66.2842590766072   66.3013967266763
0.17470305840495237   62.7595355893978   62.79143116290224
0.17982455651794954   59.80463620642941   59.84066727694152
0.18509619363343993   57.378214554259124   57.40699932109624
0.19052237114327647   55.337568309204435   55.34983804849508
0.19610761946807834   53.49571657809025   53.48619168616655
0.20185660183976684   51.66372166587617   51.632695247905986
0.20777411819498756   49.670667598660806   49.624454252518646
0.21386510918267082   47.407846640003676   47.35940473922515
0.22013466028907505   44.89101382494046   44.85346225846346
0.22658800608375756   42.25950461613249   42.24244745394033
0.23323053459001789   39.69788204607996   39.70491698706018
0.2400677917834628   37.36697990433616   37.393839757241466
0.24710548622244882   35.370241638983025   35.40690960356886
0.25434949381426813   33.71520867965197   33.74930145916737
0.2618058627210567   32.30454605986307   32.32571179545332
0.2694808184095226   30.980625677906225   30.986663447985507
0.27738076884870827   29.59929973395332   29.596898668485192
0.2855123098601282   28.084523068143007   28.084926384910844
0.29388223062474755   26.477099615417966   26.491798324415914
0.3024975193514008   24.893294984841344   24.926630797883647
0.31136536911138296   23.443745197951184   23.492717095057444
0.3204931838440838   22.189611832247756   22.243711611554076
0.32988858453867975   21.10695853948637   21.157635979216714
0.3395594155970457   20.102225657276872   20.146505847255675
0.34951375138319807   19.088179113015983   19.130730533820376
0.3597599029647371   18.033662734206   18.082627441154617
0.37030642505191835   16.97703746400662   17.038760393274043
0.3811621231401457   15.989550564541673   16.062499073746523
0.3923360608618501   15.107266130129302   15.18486397569463
0.4038375675538918   14.311930726649981   14.38912881390554
0.41567624604680364   13.55477700134614   13.631369464336936
0.42786198068238046   12.800272079364104   12.880463744415929
0.4404049455663077   12.056555151805053   12.144136472640538
0.4533156130627191   11.355944711180927   11.450303813086508
0.4666047625377753   10.714481138349827   10.812007886486008
0.4802834893595659   10.119385931308539   10.21774174968618
0.49436321416184764   9.547286271660505   9.64748232199337
0.5088556923793517   8.992058424901371   9.096158282763133
0.5237730240626238   8.465109582043604   8.573221483705458
0.5391276639805903   7.97484176141429   8.085221441424506
0.5549324320192869   7.515111672550402   7.626626009285806
0.5712005238854289   7.076355878757157   7.1895862817854415
0.5879455221237613   6.657853912157884   6.773439752926977
0.6051814074573895   6.264070762154886   6.38145381843382
0.622922570460556   5.894450787627658   6.012888150637977
0.6411838235736077   5.544515857940887   5.663985998956486
0.6599804134701901   5.212690938351174   5.333409871258741
0.6793280337869897   4.900035505988895   5.021755952957676
0.6992428382266549   4.60553342744344   4.727889643732019
0.7197414540448374   4.328362562770442   4.451101770788963
0.7408409959326054   4.066653542231851   4.189745030179316
0.7625590803058332   3.819588679333374   3.9429916535489897
0.7849138400134885   3.5865039944448434   3.7101509311296463
0.8079239394770964   3.366749124493015   3.490551230212046
0.8316085902740278   3.159688909877184   3.2835409617372466
0.8559875671776167   2.9647047298718716   3.0884893387721375
0.8810812246675007   2.7811956049344215   2.9047869449151458
0.9069105139239728   2.60856928287325   2.7318386944063557
0.9334970003205227   2.4462158765706468   2.5690433860232793
0.960862881429187   2.293547262715928   2.4158230528200577
0.9890310055537336   2.1500079320573886   2.271630950379819
1.0180248908061487   2.015073217900839   2.135950010755886
1.047868744742366   1.8882476202048275   2.008291361668774
1.0785874845736239   1.7690632201635954   1.8881929091776766
1.1102067579703248   1.6570782609951424   1.7752180567142488
1.1427529644757777   1.5518794112653158   1.6689578378777066
1.1762532775476793   1.453080800380657   1.5690301023933217
1.210735667245765   1.3603168426250885   1.4750728799418629
1.246228923584555   1.273240897331122   1.3867431005423527
1.2827626805706884   1.1915244400277367   1.3037157820016414
1.3203674409449337   1.114856257856273   1.2256832359446626
1.3590746016495152   1.0429416695421947   1.1523542936816937
1.3989164800420282   0.9755016349661774   1.0834535215975019
1.4399263408778291   0.9122710616716851   1.018720264124703
1.4821384240834183   0.8529989623341693   0.9579081296886546
1.525587973344019   0.797448422608722   0.9007844550336859
1.5703112655292182   0.7453958827096188   0.8471296292879563
1.6163456409812174   0.6966304454305182   0.7967364416414952
1.6637295346910133   0.6509532156324264   0.7494094539471358
1.7125025083885144   0.6081766701168652   0.7049643986269396
1.7627052835733923   0.5681240812155565   0.6632280228183014
1.814379775514258   0.5306289767757199   0.6240381182117568
1.8675691282445197   0.49553452520988306   0.5872418170698158
1.922317750584177   0.4626930065515313   0.552694916136321
1.9786713532176083   0.43196532153255324   0.5202614450565192
2.0366769868582977   0.40322052425310206   0.48981325020966215
2.0963830815323896   0.3763353775200084   0.4612295940385826
2.1578394870138577   0.35119392530647625   0.4343967544508254
2.2210975144450407   0.32768699898257037   0.40920734663380204
2.286209979177315   0.30571186889644847   0.3855600661389151
2.3532312448676476   0.28517198780320396   0.36335970043805893
2.4222172688678643   0.265976643120852   0.34251679809063657
2.4932256489445366   0.24804062307299735   0.32294733962827865
2.5663156713684585   0.23128390056292056   0.30457242508004434
2.641548360413907   0.21563133393584422   0.2873179775174453
2.7189865293089923   0.20101241284001442   0.2711143823407952
2.798694832679631   0.18736110616849078   0.2558958940955269
2.8807398205309562   0.1746154656936281   0.2416007604566714
2.9651899938111903   0.16271733120232704   0.22817113852683985
3.05211586160442   0.1516121133857642   0.2155528500734613
3.1415899999999994   0.1412485880700972   0.20369515143130573
