0.01   3266.2322151707763   3266.141196806623
0.010293154462191829   3306.6434451165374   3306.551359574313
0.010594902878253955   3345.98105468002   3345.8881321730933
0.010905497183778876   3384.1428915996366   3384.0491714559616
0.011225196699963396   3421.0252619787284   3420.9305687622355
0.011554268350120923   3456.5222648368813   3456.426267323107
0.011892986882540897   3490.5219124210494   3490.4244157302323
0.012241635099881474   3522.9102032190917   3522.8112365289794
0.012600504095286909   3553.572703171203   3553.4725157200323
0.012969893495426888   3582.3906084932105   3582.2894381933565
0.013350111710660605   3609.241553227432   3609.139412083866
0.013741476192534558   3634.0039795887487   3633.900639238466
0.014144313698828986   3656.5555475728147   3656.450600778512
0.01455896056637426   3676.7694583746215   3676.6625073824425
0.014985762991865008   3694.520301973411   3694.410994269341
0.01542507732090645   3709.6853092705874   3709.5733288778583
0.015877270345534218   3722.1396487325524   3722.0245960770453
0.016342719610456153   3731.759437382934   3731.640755794835
0.016821813728271667   3738.4260569775824   3738.303032818895
0.017314952703931925   3742.0245099503454   3741.8962742135236
0.017822548268711737   3742.4420170463486   3742.3075476058025
0.01834502422397195   3739.57316055179   3739.431287734017
0.018882816794999403   3733.321016144984   3733.170414492154
0.019436374995219892   3723.5963615127303   3723.435455381502
0.02000616100108813   3710.3197671392786   3710.146701388575
0.020592650537967844   3693.4233555698675   3693.23601421567
0.021196333277324068   3672.8541967604197   3672.6503106691316
0.02181771324555934   3648.5757360327375   3648.3530151007217
0.022457309244835088   3620.565287087941   3620.3214467776593
0.02311565528622961   3588.817731122687   3588.550568628888
0.023793301035594242   3553.3565889767565   3553.064238481201
0.024490812272480036   3514.2235134635694   3513.904515949922
0.025208771362518027   3471.475865040819   3471.1291890317007
0.0259477777436476   3425.2082989107444   3424.833684552693
0.02670844842659881   3375.5482286403735   3375.1464591565828
0.027491418510046592   3322.6351377216756   3322.207995074005
0.028297341710866907   3266.6363220092526   3266.186660265345
0.029126890909937666   3207.77451072635   3207.3065481296953
0.029980758713939952   3146.2845244963987   3145.8037845558324
0.030859658033628758   3082.4097199622875   3081.9229264053506
0.031764322679055976   3016.458542466893   3015.97379968129
0.03269550797224261   2948.7704363387   2948.2972386583265
0.033653991377811755   2879.6737657393496   2879.222797284868
0.03464057315210884   2809.5212940970437   2809.1041867811778
0.03565607701135116   2738.715619309729   2738.34468949064
0.036701350819364466   2667.6396241828297   2667.327695664455
0.03777726729548091   2596.6657859891366   2596.4258242204437
0.038884724743189276   2526.2504938857146   2526.094150570074
0.04002464780014597   2456.8515218499138   2456.788685830671
0.041197988210172884   2388.8783086715234   2388.917252142643
0.04240572561788674   2322.6501817107096   2322.797414138651
0.04364886838662332   2258.3938409111183   2258.653922195586
0.04492845444033957   2196.3038082328994   2196.679556574186
0.04624555213019635   2136.605801895313   2137.096883628742
0.04760126112654554   2079.7295410732204   2080.3262084187827
0.04899671333706607   2026.113635553536   2026.796134507467
0.05043307385181555   1976.1057807710965   1976.8457160906028
0.05191154191598653   1929.5798079475267   1930.3435790629128
0.053433351931179485   1886.1573457512409   1886.9080815446996
0.05499977448602865   1845.4862693501577   1846.1840590005895
0.05661211741704101   1807.221054731892   1807.8234734824227
0.05827172690053434   1771.0295036638474   1771.4919725919867
0.05997998857658587   1736.572330618992   1736.8488877117861
0.06173832870592997   1703.3683174978928   1703.415095355772
0.0635482153607709   1670.9149852524272   1670.6914217189317
0.06541115965050462   1638.6540352237685   1638.127256287411
0.06732871698337338   1605.9314996703565   1605.0826998728623
0.06930248836510605   1572.1042486728795   1570.9314020071417
0.07133412173562886   1536.445811365444   1534.9746970205565
0.07342531334496233   1498.272711116734   1496.559016870214
0.07557780916945323   1457.0258702075   1455.158700793804
0.07779340636952398   1412.2823084220754   1410.3839093540969
0.08007395479015682   1363.9496288220887   1362.1788218585677
0.08242135850536496   1312.2026732600025   1310.7515367517133
0.08483757740794096   1257.567882936468   1256.6346635290222
0.08732462884580919   1200.803795767135   1200.5750064644492
0.08988458930634863   1142.8996325532744   1143.5501637556308
0.09251959615009227   1084.9185031445495   1086.6037230462518
0.09523184939525078   1027.991930423945   1030.8211747655555
0.09802361355455057   973.242554200623   977.267549475057
0.10089721952591899   921.7841561596792   926.9917144825529
0.10385506653859616   874.5737572873156   880.8776733445986
0.10689962415629803   832.447183485248   839.6720088269327
0.11003343433910281   795.8551655924653   803.7546717061817
0.11325911356578279   764.8773566666923   773.1504217107947
0.11657935501835284   739.027359060388   747.3574794138939
0.11999693083066039   717.4294620660484   725.5144684994076
0.12351469440289359   698.7676310536651   706.3674965548337
0.12713558278394044   681.5639353323944   688.5393930709607
0.13086261912358757   664.2504892293742   670.603213611893
0.13469891519660646   645.3809137882383   651.2532318630643
0.13864767400083483   623.8134684300625   629.5087644603102
0.14271219243142114   598.8958505258768   604.8819224949788
0.14689586403346616   570.6414887518853   577.4275892264361
0.1512021818353596   539.6969437868191   547.766426893446
0.15563474126517718   507.2430075735076   516.9923553576077
0.16019724315257297   474.84417542896034   486.49680203786943
0.1648934968186736   444.2670459584316   457.78962627335835
0.1697274232565544   417.13329536352177   432.2040362681441
0.17470305840495237   394.4609260273634   410.56248687592273
0.17982455651794954   376.35660390816076   392.8521910775137
0.18509619363343993   362.06709019853065   378.3270690489818
0.19052237114327647   350.30603745567214   365.88428540339953
0.19610761946807834   339.51794140579244   354.22341842273164
0.20185660183976684   328.0348951474359   342.0282384392642
0.20777411819498756   314.48945307181486   328.2462784439315
0.21386510918267082   298.4442674646017   312.5965488799689
0.22013466028907505   280.5797867279934   295.71389636882145
0.22658800608375756   262.2450816654572   278.7127079795771
0.23323053459001789   244.94421930105838   262.6959324510668
0.2400677917834628   229.956439874345   248.6025815130966
0.24710548622244882   217.87060479829512   236.71920615638447
0.25434949381426813   208.29500043329668   226.7694979845493
0.2618058627210567   200.15040854334424   217.86295721781764
0.2694808184095226   192.05746198684753   209.04722130439023
0.27738076884870827   182.92936057434687   199.6709757332889
0.2855123098601282   172.5825494692576   189.60667312171154
0.29388223062474755   161.69997436742415   179.38998166611051
0.3024975193514008   151.30291666843056   169.67100917221953
0.31136536911138296   142.28095152808712   161.0038251042377
0.3204931838440838   134.86953661479654   153.4083836608441
0.32988858453867975   128.52061318228925   146.58002200583948
0.3395594155970457   122.3890798134251   139.98699521294535
0.34951375138319807   115.85316041668722   133.27994500089085
0.3597599029647371   108.91209837420901   126.51615074309792
0.37030642505191835   102.1214733625568   120.00403125759776
0.3811621231401457   96.02777550967102   113.99983155867196
0.3923360608618501   90.76639021361363   108.53852245853093
0.4038375675538918   86.01877085691501   103.45624573360416
0.41567624604680364   81.32849142780097   98.520096375826
0.42786198068238046   76.53886915052816   93.67267394672109
0.4404049455663077   71.86736916574799   89.02468126767972
0.4533156130627191   67.59118187198777   84.67272367808349
0.4666047625377753   63.754491939902046   80.62080447774373
0.4802834893595659   60.15749533318518   76.78099971498577
0.49436321416184764   56.628770752536234   73.08561346705609
0.5088556923793517   53.19971535604697   69.54449707244949
0.5237730240626238   50.0028502256407   66.2044040944179
0.5391276639805903   47.06404241499577   63.059275448223026
0.5549324320192869   44.29141892140737   60.072888087583046
0.5712005238854289   41.62164097315937   57.22236091122314
0.5879455221237613   39.088621301274266   54.51519932113046
0.6051814074573895   36.72918586533815   51.957008344206166
0.622922570460556   34.51592735523218   49.532614578054286
0.6411838235736077   32.411852247649605   47.22632513911788
0.6599804134701901   30.422291811776706   45.03831271666162
0.6793280337869897   28.558140864190324   42.96540903532541
0.6992428382266549   26.804340801558812   40.99953510760395
0.7197414540448374   25.151096058638625   39.13437367439247
0.7408409959326054   23.593429639747523   37.36475653841807
0.7625590803058332   22.12656794884518   35.68577756746002
0.7849138400134885   20.74590082755726   34.09277353317324
0.8079239394770964   19.44698346384721   32.581313540981306
0.8316085902740278   18.22553733856952   31.147188780091216
0.8559875671776167   17.077449758433225   29.78640212806883
0.8810812246675007   15.99870057193317   28.495094668442704
0.9069105139239728   14.985313138351977   27.269486632765663
0.9334970003205227   14.033508496626885   26.105999165500716
0.960862881429187   13.139714754381435   25.001258742951443
0.9890310055537336   12.300556433617238   23.95208501439594
1.0180248908061487   11.512844324322012   22.955479378902385
1.047868744742366   10.77356582402322   22.0086142528777
1.0785874845736239   10.079876571245252   21.108819048489433
1.1102067579703248   9.429105955012817   20.253500722612966
1.1427529644757777   8.818742663699554   19.440155784311198
1.1762532775476793   8.246411351619958   18.666434036220732
1.210735667245765   7.709865637590451   17.93013076479929
1.246228923584555   7.20698193041312   17.229176956915698
1.2827626805706884   6.735753486790975   16.561630222366443
1.3203674409449337   6.294284697851919   15.925666368156921
1.3590746016495152   5.8807849764448825   15.319557264053605
1.3989164800420282   5.4935604083868945   14.7415886261348
1.4399263408778291   5.131012088834637   14.190122255587237
1.4821384240834183   4.791632949044563   13.663629049420285
1.525587973344019   4.47400289641385   13.160681093628984
1.5703112655292182   4.176784176800248   12.679944286036559
1.6163456409812174   3.898716955961558   12.2201715502545
1.6637295346910133   3.638615111724521   11.780196555329482
1.7125025083885144   3.3953621767495163   11.358908070308354
1.7627052835733923   3.167907463110445   10.955215662553899
1.814379775514258   2.9552625828677344   10.568095275744597
1.8675691282445197   2.756498022166502   10.196593205673159
1.922317750584177   2.5707398614250376   9.839820926578566
1.9786713532176083   2.397166661229403   9.496950345471415
2.0366769868582977   2.235006506816637   9.16720944546955
2.0963830815323896   2.0835341890388084   8.849877343365185
2.1578394870138577   1.9420681102710347   8.544252580043397
2.2210975144450407   1.8099678382585827   8.249649447520733
2.286209979177315   1.6866323102522813   7.965430606502766
2.3532312448676476   1.5714975646971434   7.691005616396191
2.4222172688678643   1.4640345626394295   7.425827607661213
2.4932256489445366   1.3637471288035101   7.169390226549496
2.5663156713684585   1.2701700063646522   6.921224825603333
2.641548360413907   1.1828671106722721   6.680902456027573
2.7189865293089923   1.101430456335624   6.448066852895007
2.798694832679631   1.0254779210855858   6.222407069083408
2.8807398205309562   0.954651246774982   6.003632065084812
2.9651899938111903   0.8886146300338665   5.791469239770298
3.05211586160442   0.8270533934368309   5.585663264416233
3.1415899999999994   0.7696727289786041   5.385974988167209
