0.01   770.9014478375605   770.8812956412683
0.010293154462191829   778.8115093464961   778.7912003707285
0.010594902878253955   786.40787669939   786.3874073520622
0.010905497183778876   793.6680901635918   793.6474086700237
0.011225196699963396   800.5682562796924   800.5473106571891
0.011554268350120923   807.0831527499696   807.0619380771525
0.011892986882540897   813.187564761565   813.1661266448968
0.012241635099881474   818.8561233180791   818.8345390579458
0.012600504095286909   824.0627635489553   824.0410811451461
0.012969893495426888   828.7815882516611   828.7598137866324
0.013350111710660605   832.9870487795725   832.9651486158344
0.013741476192534558   836.6528015568446   836.630739410842
0.014144313698828986   839.7523063572612   839.7300679712412
0.01455896056637426   842.2598430942742   842.2374370507653
0.014985762991865008   844.1500737594266   844.1275242832552
0.01542507732090645   845.397572671905   845.3749045753599
0.015877270345534218   845.9780761564632   845.9553129536813
0.016342719610456153   845.8686509897967   845.8458127578023
0.016821813728271667   845.0469036125996   845.0239920115733
0.017314952703931925   843.491797484194   843.4687893086679
0.017822548268711737   841.1843323167913   841.1611800653524
0.01834502422397195   838.1076839183352   838.0843282448174
0.018882816794999403   834.2473668579293   834.2237534220627
0.019436374995219892   829.5914702276002   829.5675512137469
0.02000616100108813   824.1310788994303   824.1068106223971
0.020592650537967844   817.8613317951633   817.8366626481097
0.021196333277324068   810.7806885656584   810.7555561800784
0.02181771324555934   802.8908207287925   802.8651538608455
0.022457309244835088   794.1992593003351   794.172998035474
0.02311565528622961   784.7191639515258   784.6922778666632
0.023793301035594242   774.4667908886547   774.4392789336299
0.024490812272480036   763.4636892090132   763.4355777387218
0.025208771362518027   751.7411579864536   751.7124968704455
0.0259477777436476   739.3340349481838   739.3048956341742
0.02670844842659881   726.2799692537923   726.2504453792787
0.027491418510046592   712.6279236701835   712.5981550404839
0.028297341710866907   698.4337518328172   698.4039367526477
0.029126890909937666   683.7534423628518   683.7238319161122
0.029980758713939952   668.6502125617258   668.6210991597112
0.030859658033628758   653.2009706108581   653.1726717402997
0.031764322679055976   637.4813147956975   637.4541667604144
0.03269550797224261   621.5654611895508   621.5398170562283
0.033653991377811755   605.5391878177516   605.5154318851546
0.03464057315210884   589.4890630181188   589.4676127629946
0.03565607701135116   573.4952056947475   573.4765037904475
0.036701350819364466   557.6453513162382   557.6298022485412
0.03777726729548091   542.0383066516019   542.0262010478001
0.038884724743189276   526.7638523467702   526.755372803533
0.04002464780014597   511.8980874741503   511.893321284888
0.041197988210172884   497.4917271325751   497.4906809485031
0.04240572561788674   483.5842272336927   483.58683802781775
0.04364886838662332   470.21108513395313   470.21721954662814
0.04492845444033957   457.4354224818128   457.4446841077418
0.04624555213019635   445.34273627424056   445.35430884839735
0.04760126112654554   434.00920864854146   434.0218954736818
0.04899671333706607   423.45174025253544   423.4640816530597
0.05043307385181555   413.58038905682696   413.590848343428
0.05191154191598653   404.29992912045253   404.30691628770836
0.053433351931179485   395.5234948116384   395.52535296387737
0.05499977448602865   387.17213012952556   387.16710644361547
0.05661211741704101   379.1723125229705   379.1585666515279
0.05827172690053434   371.4322418745059   371.407967166885
0.05997998857658587   363.8396398511398   363.8031985111187
0.06173832870592997   356.28360791472846   356.2335855089535
0.0635482153607709   348.62876993983974   348.564229875185
0.06541115965050462   340.73916525538556   340.6597429137722
0.06732871698337338   332.47387489545144   332.38004549352803
0.06930248836510605   323.69000076860857   323.58332253784647
0.07133412173562886   314.2762692994244   314.159440314562
0.07342531334496233   304.1650858895136   304.0420546626425
0.07557780916945323   293.3362805826583   293.2120037167098
0.07779340636952398   281.8465696242238   281.7266150701886
0.08007395479015682   269.80250512501425   269.69274246324954
0.08242135850536496   257.3838518434385   257.29011317155397
0.08483757740794096   244.795105821914   244.72266347510543
0.08732462884580919   232.26431806888095   232.21728109184048
0.08988458930634863   220.02125631303588   220.00225075628506
0.09251959615009227   208.28954119052165   208.2994207051464
0.09523184939525078   197.29220164099755   197.3291487864354
0.09802361355455057   187.2197303548035   187.2793278001797
0.10089721952591899   178.22161350115869   178.29688432693825
0.10385506653859616   170.3933447188166   170.47500206746898
0.10689962415629803   163.71663345350782   163.79306062923482
0.11003343433910281   158.0960000260074   158.15450267319738
0.11325911356578279   153.31763672417816   153.3472295744136
0.11657935501835284   149.11209126662158   149.10429689573888
0.11999693083066039   145.16513731953083   145.11486641018894
0.12351469440289359   141.1611370391443   141.06855496517187
0.12713558278394044   136.8176588687521   136.6887520297352
0.13086261912358757   131.91873478132354   131.76483337963762
0.13469891519660646   126.36235960373523   126.19889985952761
0.13864767400083483   120.17353720472597   120.0187388745386
0.14271219243142114   113.50347478724449   113.37594419915678
0.14689586403346616   106.6038667904445   106.51764096924441
0.1512021818353596   99.79202749746776   99.75488361152775
0.15563474126517718   93.4117136061859   93.422775550685
0.16019724315257297   87.77075413030903   87.81864606311645
0.1648934968186736   83.05401842352248   83.11899068779259
0.1697274232565544   79.25425664059502   79.3136304163277
0.17470305840495237   76.19250393123367   76.2240939643158
0.17982455651794954   73.59648010619816   73.58549350029372
0.18509619363343993   71.15585496932144   71.09788287151335
0.19052237114327647   68.55236756839832   68.45574158498793
0.19610761946807834   65.53874260260454   65.4238620901813
0.20185660183976684   62.05874404814214   61.95191914929508
0.20777411819498756   58.2739493013205   58.19906492230955
0.21386510918267082   54.460642911957436   54.43153576276913
0.22013466028907505   50.90406134902246   50.91854483725828
0.22658800608375756   47.83255079118218   47.875063528054326
0.23323053459001789   45.331543951685454   45.37609155064094
0.2400677917834628   43.30183650042999   43.32644511630938
0.24710548622244882   41.52210744055498   41.51410168632475
0.25434949381426813   39.73226335814045   39.69608097964482
0.2618058627210567   37.74384463416373   37.70026729833113
0.2694808184095226   35.54816470818249   35.52096102149793
0.27738076884870827   33.29267061098161   33.29771581651292
0.2855123098601282   31.167723377492806   31.204709471627474
0.29388223062474755   29.32383102202496   29.37823071615917
0.3024975193514008   27.783993796595553   27.834468291500116
0.31136536911138296   26.430820350030327   26.46556159942792
0.3204931838440838   25.108914302798077   25.131153816304447
0.32988858453867975   23.718331957422958   23.74282701102821
0.3395594155970457   22.27482015851218   22.316695347155644
0.34951375138319807   20.885430662520015   20.948509439501624
0.3597599029647371   19.64031151977297   19.715936172216356
0.37030642505191835   18.549568772983655   18.62426056721326
0.3811621231401457   17.548787343001887   17.617414862409465
0.3923360608618501   16.5604615493681   16.629100465357975
0.4038375675538918   15.566687731388832   15.644351194539716
0.41567624604680364   14.610555126083915   14.70018787666626
0.42786198068238046   13.735655587936522   13.83226206234127
0.4404049455663077   12.942058334439867   13.039034474351268
0.4533156130627191   12.19283732073878   12.289468215127396
0.4666047625377753   11.462703156891223   11.56337336943743
0.4802834893595659   10.760551118219288   10.86786010385177
0.49436321416184764   10.107178211413103   10.218926260911319
0.5088556923793517   9.502869608986177   9.616011573084341
0.5237730240626238   8.931381679474446   9.04588167068113
0.5391276639805903   8.384191801506793   8.50195315550488
0.5549324320192869   7.867502414687733   7.988697055349576
0.5712005238854289   7.385489748101042   7.508551559541023
0.5879455221237613   6.932469032857887   7.056889476852252
0.6051814074573895   6.503019270405772   6.6294097596449255
0.622922570460556   6.098177375086104   6.226559166978077
0.6411838235736077   5.718642836690963   5.848369788975396
0.6599804134701901   5.361973852972638   5.4926968024346605
0.6793280337869897   5.026173334743582   5.157850268046742
0.6992428382266549   4.7101289752770175   4.842700290423817
0.7197414540448374   4.412825790871499   4.5461981971132746
0.7408409959326054   4.133286313511247   4.267339598281746
0.7625590803058332   3.870570650659827   4.005163664077465
0.7849138400134885   3.623776367382508   3.7587522861346585
0.8079239394770964   3.3920382098249156   3.527229139753579
0.8316085902740278   3.1745248938646755   3.3097568836463522
0.8559875671776167   2.9704164278415037   3.1055219153971976
0.8810812246675007   2.778922009440732   2.913744861017336
0.9069105139239728   2.5992951322756324   2.7336894695438168
0.9334970003205227   2.430831404552574   2.564660572826165
0.960862881429187   2.2728662967539925   2.406002012357158
0.9890310055537336   2.124773002710169   2.2570946519160975
1.0180248908061487   1.985960408739398   2.117354474092129
1.047868744742366   1.855872338717007   1.986231836222832
1.0785874845736239   1.7339884367288814   1.8632122518679144
1.1102067579703248   1.6198181181695392   1.7478108090167073
1.1427529644757777   1.512897956117594   1.6395696829270812
1.1762532775476793   1.4127903495321956   1.5380568154869754
1.210735667245765   1.3190822434566583   1.4428646408820363
1.246228923584555   1.2313839002481417   1.3536088577004926
1.2827626805706884   1.1493277131070803   1.269927250646565
1.3203674409449337   1.0725665932752324   1.1914787613757274
1.3590746016495152   1.0007727634011225   1.1179424579084003
1.3989164800420282   0.9336375851444798   1.0490161250228465
1.4399263408778291   0.8708705983103534   0.9844152487997768
1.4821384240834183   0.8121985261417872   0.9238720777723394
1.525587973344019   0.7573643293948668   0.8671347242339764
1.5703112655292182   0.7061263072182221   0.8139663049270974
1.6163456409812174   0.6582572425582541   0.7641441824808427
1.6637295346910133   0.6135435867507488   0.7174599292550551
1.7125025083885144   0.5717846921155981   0.6737181304534539
1.7627052835733923   0.5327920850348357   0.6327350070300192
1.814379775514258   0.4963887727063695   0.5943377747725793
1.8675691282445197   0.46240858585974665   0.5583640463318964
1.922317750584177   0.43069555590709635   0.5246612594984585
1.9786713532176083   0.40110332496375756   0.49308613122107287
2.0366769868582977   0.3734945616256105   0.46350410595920805
2.0963830815323896   0.3477403417643834   0.43578874784091853
2.1578394870138577   0.32371976736337343   0.40982140723536636
2.2210975144450407   0.3013195337625507   0.3854908209857879
2.286209979177315   0.2804334748079522   0.3626926781418608
2.3532312448676476   0.26096213357570064   0.3413292083091442
2.4222172688678643   0.2428123573735358   0.32130879176281607
2.4932256489445366   0.22589691620072833   0.30254558860757086
2.5663156713684585   0.21013421423690845   0.28495888659294827
2.641548360413907   0.19544800161159595   0.2684725318805175
2.7189865293089923   0.18176689128600065   0.2530152889165384
2.798694832679631   0.16902404552022268   0.23852060648633078
2.8807398205309562   0.15715690141682087   0.22492631001270075
2.9651899938111903   0.14610691176371762   0.21217431370698367
3.05211586160442   0.1358193004240923   0.20021035134211523
3.1415899999999994   0.12624281621083291   0.18898381019147845
