0.01   19906.49610381684   19903.265429594907
0.010293154462191829   20035.427446617246   20031.981517515513
0.010594902878253955   20153.405525067592   20149.729320154078
0.010905497183778876   20259.86017806199   20255.934649284638
0.011225196699963396   20354.23224451245   20350.034346780703
0.011554268350120923   20435.956269971783   20431.460454622
0.011892986882540897   20504.457482982507   20499.637638488795
0.012241635099881474   20559.17895705381   20554.008648489722
0.012600504095286909   20599.575938361737   20594.0281463922
0.012969893495426888   20625.084878721373   20619.13047694651
0.013350111710660605   20635.159614839366   20628.767083351206
0.013741476192534558   20629.285325405624   20622.42087461566
0.014144313698828986   20606.95447803949   20599.581222700253
0.01455896056637426   20567.674647622345   20559.75195613114
0.014985762991865008   20510.997619409587   20502.48138751219
0.01542507732090645   20436.510564001772   20427.353193693176
0.015877270345534218   20343.815834746045   20333.96561046545
0.016342719610456153   20232.56759886017   20221.968998195876
0.016821813728271667   20102.481517740158   20091.075657294557
0.017314952703931925   19953.326975298263   19941.05110999881
0.017822548268711737   19784.936578256893   19771.724150544833
0.01834502422397195   19597.217754300647   19582.999196921046
0.018882816794999403   19390.16229302394   19374.866709319558
0.019436374995219892   19163.854157215555   19147.411704732924
0.02000616100108813   18918.4609604132   18900.80386551632
0.020592650537967844   18654.244952720564   18635.30889635591
0.021196333277324068   18371.621943942493   18351.350288210433
0.02181771324555934   18071.115652224   18049.46137103618
0.022457309244835088   17753.33004174954   17730.25628526611
0.02311565528622961   17419.04170427964   17394.527175159572
0.023793301035594242   17069.21416905774   17043.259224182635
0.024490812272480036   16704.870001015937   16677.496136295176
0.025208771362518027   16327.13915958974   16298.389887561216
0.0259477777436476   15937.44484501871   15907.392541698993
0.02670844842659881   15537.279520248921   15506.024953462922
0.027491418510046592   15128.138622458104   15095.808211905687
0.028297341710866907   14711.79062352704   14678.539213289987
0.029126890909937666   14290.193281365537   14256.205112149446
0.029980758713939952   13865.210666979077   13830.694658547625
0.030859658033628758   13438.765836270653   13403.950641837528
0.031764322679055976   13013.105834800308   12978.234764937113
0.03269550797224261   12590.355652917084   12555.682085781413
0.033653991377811755   12172.473539178718   12138.255469441463
0.03464057315210884   11761.652621540556   11728.135368555255
0.03565607701135116   11360.080514809553   11327.487520992632
0.036701350819364466   10969.658076916137   10938.191160388558
0.03777726729548091   10592.131457799953   10561.955880552769
0.038884724743189276   10229.194537723954   10200.413561280664
0.04002464780014597   9882.28919120006   9854.948537981
0.041197988210172884   9552.6219059259   9526.707911622176
0.04240572561788674   9241.268052934214   9216.655223657044
0.04364886838662332   8949.138880173674   8925.580634555254
0.04492845444033957   8676.95798145613   8654.101688874005
0.04624555213019635   8424.651532136644   8402.041462870007
0.04760126112654554   8191.285319451908   8168.361487010365
0.04899671333706607   7975.948058239459   7952.054980715588
0.05043307385181555   7777.307661268734   7751.72772541542
0.05191154191598653   7592.718638263141   7564.751112161697
0.053433351931179485   7419.518828592669   7388.491546032325
0.05499977448602865   7255.2535950777865   7220.530019768868
0.05661211741704101   7097.60535655948   7058.608858616072
0.05827172690053434   6944.41988235441   6900.639815670771
0.05997998857658587   6792.971545450576   6744.0706466274405
0.06173832870592997   6639.601714333434   6585.578517208838
0.0635482153607709   6480.8050834398   6422.01824795971
0.06541115965050462   6312.760076938091   6250.11484457781
0.06732871698337338   6131.806690289772   6066.808743412068
0.06930248836510605   5935.3790314757125   5870.118194842495
0.07133412173562886   5722.200479703162   5659.324463939322
0.07342531334496233   5492.308706360895   5434.878076706932
0.07557780916945323   5248.00152919511   5199.309960134314
0.07779340636952398   4992.44064033527   4955.77105433663
0.08007395479015682   4730.230559963933   4708.443848230512
0.08242135850536496   4466.082903794324   4461.518482129433
0.08483757740794096   4204.8408019085555   4219.3064537367545
0.08732462884580919   3951.320186039644   3985.909281035789
0.08988458930634863   3710.7787581228436   3765.498853595758
0.09251959615009227   3488.1851939957437   3561.881813940546
0.09523184939525078   3288.0942063413527   3378.405345249489
0.09802361355455057   3113.5192341486654   3216.7887311108543
0.10089721952591899   2966.188584014937   3077.644570825688
0.10385506653859616   2844.717922662734   2959.3269712727083
0.10689962415629803   2746.1241370057123   2858.999269217877
0.11003343433910281   2665.0369975007584   2772.005407002931
0.11325911356578279   2595.2708006931894   2693.2071158190233
0.11657935501835284   2529.86322447391   2617.3440323606496
0.11999693083066039   2462.098140319175   2539.6837466814263
0.12351469440289359   2385.8971822058106   2456.324189091644
0.12713558278394044   2297.1259287307194   2365.017736134315
0.13086261912358757   2193.9585476758207   2265.1638315387736
0.13469891519660646   2077.420148060661   2157.9810818409064
0.13864767400083483   1950.7976987106472   2046.1726470882832
0.14271219243142114   1819.3304129971264   1933.5968076158172
0.14689586403346616   1689.9577023988643   1824.861366682685
0.1512021818353596   1570.6322210535043   1724.3069396736262
0.15563474126517718   1467.707611755354   1635.4396581939584
0.16019724315257297   1383.9742509755729   1559.2146759050095
0.1648934968186736   1318.1447600155582   1493.683206711854
0.1697274232565544   1266.4253720431668   1436.671988931007
0.17470305840495237   1223.968731113634   1384.8061862879404
0.17982455651794954   1184.4101253893539   1334.66823201997
0.18509619363343993   1140.8055037789168   1283.5377183691205
0.19052237114327647   1088.55535005191   1229.4085988052182
0.19610761946807834   1027.5689368902417   1172.619088816921
0.20185660183976684   961.2069364148442   1115.1988132982706
0.20777411819498756   894.306643013744   1059.4995839064352
0.21386510918267082   832.2905064212558   1007.5375469052752
0.22013466028907505   779.4420562247113   960.5553599650037
0.22658800608375756   736.908232004682   918.648607326625
0.23323053459001789   702.8292459906249   880.7460726228279
0.2400677917834628   673.2374328488022   845.1111059988729
0.24710548622244882   643.221664154366   810.1946777593646
0.25434949381426813   609.7681969339388   775.3425601436261
0.2618058627210567   573.1588161439444   741.0028439820362
0.2694808184095226   535.5928980729002   707.5843786368251
0.27738076884870827   500.2548505212201   675.9741684318392
0.2855123098601282   469.73366799946996   646.6984656295734
0.29388223062474755   444.08637059711947   619.6425658915313
0.3024975193514008   421.4920426462027   593.8443561222622
0.31136536911138296   399.5746133006074   569.3001066654525
0.3204931838440838   376.7198996319007   545.4000700459659
0.32988858453867975   353.3211119110559   522.4521357682479
0.3395594155970457   330.9128391778625   500.5840525794046
0.34951375138319807   310.6865118591761   479.94050528740746
0.3597599029647371   292.8179258031845   460.51647907596754
0.37030642505191835   276.370065340311   441.9996001331497
0.3811621231401457   260.29195836686176   424.2697746267559
0.3923360608618501   244.38367468874375   407.327143928922
0.4038375675538918   229.15499355507598   391.1663218962704
0.41567624604680364   215.1459162453217   375.85316223462644
0.42786198068238046   202.30808647052294   361.32117181976554
0.4404049455663077   190.23357557580357   347.47330921133334
0.4533156130627191   178.59017324649352   334.23651646140354
0.4666047625377753   167.4921071269043   321.616030295297
0.4802834893595659   157.12759207055777   309.6061271283627
0.49436321416184764   147.49255711377933   298.1864870274691
0.5088556923793517   138.40783872218546   287.2938812555645
0.5237730240626238   129.78051734742314   276.88587698794646
0.5391276639805903   121.65502683348943   266.9672668773101
0.5549324320192869   114.05222125428249   257.5126160004514
0.5712005238854289   106.91332875179936   248.49285471412136
0.5879455221237613   100.17846686021684   239.87367567264803
0.6051814074573895   93.84355142585488   231.6413670918865
0.622922570460556   87.90327427730927   223.78533791929772
0.6411838235736077   82.32176760951086   216.26924888935298
0.6599804134701901   77.07452605332958   209.08089315869793
0.6793280337869897   72.14681882423648   202.20427547112888
0.6992428382266549   67.52294251210799   195.6207647285697
0.7197414540448374   63.184848056804135   189.3134459390367
0.7408409959326054   59.11538915521747   183.2665378187185
0.7625590803058332   55.29842870446005   177.46528572805798
0.7849138400134885   51.71877969707635   171.89588822328247
0.8079239394770964   48.36214961543264   166.5454294970325
0.8316085902740278   45.215089498740724   161.40181146801527
0.8559875671776167   42.26505296786986   156.45323130179716
0.8810812246675007   39.500390820690875   151.68785856229857
0.9069105139239728   36.91010213063554   147.09459904079614
0.9334970003205227   34.48378331756284   142.6631240056069
0.960862881429187   32.21160029609878   138.38381611452772
0.9890310055537336   30.084261548140606   134.2477199020051
1.0180248908061487   28.092992094935877   130.24649623731077
1.047868744742366   26.229488441940266   126.37223935840935
1.0785874845736239   24.485867247129434   122.61721101505601
1.1102067579703248   22.85469915341902   118.97417069448537
1.1427529644757777   21.32899424822153   115.4364119571971
1.1762532775476793   19.902177588903715   111.99772818233468
1.210735667245765   18.56806598381724   108.65238111815394
1.246228923584555   17.320845971959784   105.39507195353357
1.2827626805706884   16.155054826896343   102.2209199775431
1.3203674409449337   15.065566548933223   99.12545601615548
1.3590746016495152   14.047565044308193   96.10457944940094
1.3989164800420282   13.096523992400112   93.15452959883936
1.4399263408778291   12.208190513853985   90.27186619317555
1.4821384240834183   11.378569675756777   87.4534510906415
1.525587973344019   10.603909796939487   84.6964311129548
1.5703112655292182   9.880688208482242   81.99826382857746
1.6163456409812174   9.20559617334191   79.3569753137488
1.6637295346910133   8.57552826206693   76.77093063108083
1.7125025083885144   7.987571673530997   74.23865675522464
1.7627052835733923   7.438994891073998   71.75883151851578
1.814379775514258   6.927236954842898   69.33027386436497
1.8675691282445197   6.449897326896871   66.95193439756628
1.922317750584177   6.004726277704316   64.62291493971212
1.9786713532176083   5.5896153437289415   62.34282541508287
2.0366769868582977   5.202589119747957   60.11160771450622
2.0963830815323896   4.841797672237809   57.929207234518856
2.1578394870138577   4.505508916993389   55.79556236463835
2.2210975144450407   4.192101423861238   53.71060186541741
2.286209979177315   3.9000576369712885   51.67424237505304
2.3532312448676476   3.6279574695083516   49.68639363583664
2.4222172688678643   3.374471773385554   47.747173291218985
2.4932256489445366   3.138356780448009   45.85689663289538
2.5663156713684585   2.9184494663053853   44.01579680907666
2.641548360413907   2.7136625235422307   42.22401208678607
2.7189865293089923   2.522979598101192   40.48158941703496
2.798694832679631   2.345450812835335   38.78848811653571
2.8807398205309562   2.1801885697793213   37.144585326891196
2.9651899938111903   2.026364321807173   35.54983744424448
3.05211586160442   1.8832051724191508   34.004376724545146
3.1415899999999994   1.7499889515026938   32.50821689938378
