0.01   8242.725869973487   8241.979465992952
0.010293154462191829   8348.80250660519   8347.994606148864
0.010594902878253955   8452.157388240907   8451.281803880755
0.010905497183778876   8552.520075878921   8551.570001540964
0.011225196699963396   8649.604474620137   8648.572969127015
0.011554268350120923   8743.120034553978   8742.000087058459
0.011892986882540897   8832.771140948827   8831.555590703685
0.012241635099881474   8918.244900097925   8916.925820525355
0.012600504095286909   8999.221459893879   8997.789921678801
0.012969893495426888   9075.380633026854   9073.826705016872
0.013350111710660605   9146.392664089755   9144.705432838287
0.013741476192534558   9211.91635346309   9210.083955254364
0.014144313698828986   9271.613193588886   9269.622843868787
0.01455896056637426   9325.145791542196   9322.983763813028
0.014985762991865008   9372.164574973445   9369.815975188618
0.01542507732090645   9412.32298809204   9409.771731680441
0.015877270345534218   9445.28447090908   9442.513324573643
0.016342719610456153   9470.712963345031   9467.703008581802
0.016821813728271667   9488.274998021008   9485.005105129434
0.017314952703931925   9497.653714341503   9494.100631386405
0.017822548268711737   9498.548704466877   9494.687215148473
0.01834502422397195   9490.670571651945   9486.473717599994
0.018882816794999403   9473.752218146594   9469.191512700841
0.019436374995219892   9447.554004607784   9442.599631673764
0.02000616100108813   9411.86796657761   9406.48852971835
0.020592650537967844   9366.519870904982   9360.682286723313
0.021196333277324068   9311.370163758382   9305.039988715056
0.02181771324555934   9246.324822843802   9239.467207584015
0.022457309244835088   9171.35170771927   9163.933337800188
0.02311565528622961   9086.461904447697   9078.451594475075
0.023793301035594242   8991.711819939497   8983.08097372342
0.024490812272480036   8887.253001906889   8877.977419081095
0.025208771362518027   8773.309347467664   8763.37034632485
0.0259477777436476   8650.142405038805   8639.526949119454
0.02670844842659881   8518.098151331724   8506.800575940835
0.027491418510046592   8377.654118756696   8365.679442731927
0.028297341710866907   8229.322872660847   8216.686746660822
0.029126890909937666   8073.656503210798   8060.384899399407
0.029980758713939952   7911.388036300427   7897.518871495156
0.030859658033628758   7743.327302977423   7728.910488478781
0.031764322679055976   7570.271275516236   7555.367464554849
0.03269550797224261   7393.105493839708   7377.785517679295
0.033653991377811755   7212.854675052976   7197.199277642401
0.03464057315210884   7030.503553668837   7014.601857648829
0.03565607701135116   6847.030791634872   6830.977620592802
0.036701350819364466   6663.675659995991   6647.563643589343
0.03777726729548091   6481.693237376031   6465.609709559088
0.038884724743189276   6302.217146626922   6286.2438235282325
0.04002464780014597   6126.1913118132825   6110.403344182438
0.041197988210172884   5954.363897688695   5938.828955847737
0.04240572561788674   5787.389244318067   5772.16778363799
0.04364886838662332   5625.986126315747   5611.122583078815
0.04492845444033957   5471.450455965427   5456.932510006751
0.04624555213019635   5325.114518675148   5310.866966067468
0.04760126112654554   5188.082094855977   5173.9740665794125
0.04899671333706607   5060.4473719285625   5046.307058139733
0.05043307385181555   4941.699143981063   4927.32354170295
0.05191154191598653   4831.34204253709   4816.4993294528185
0.053433351931179485   4728.72813740874   4713.159705652198
0.05499977448602865   4633.130117160187   4616.5522611306515
0.05661211741704101   4543.799863426512   4525.908698399242
0.05827172690053434   4459.595708606   4440.0897649630515
0.05997998857658587   4379.290896852503   4357.879767138873
0.06173832870592997   4301.516926107118   4277.945718874328
0.0635482153607709   4224.621883040822   4198.711144261643
0.06541115965050462   4146.941238822427   4118.6035206962315
0.06732871698337338   4066.465801091131   4035.7745201073953
0.06930248836510605   3981.19235699368   3948.404678422606
0.07133412173562886   3889.164953251379   3854.785078392622
0.07342531334496233   3788.5992342475706   3753.4022797103275
0.07557780916945323   3678.316881462688   3643.329194712203
0.07779340636952398   3557.725939372536   3524.1927197461578
0.08007395479015682   3427.1651875809625   3396.531029844135
0.08242135850536496   3287.7312531980115   3261.5850091051525
0.08483757740794096   3141.404166664246   3121.286608836819
0.08732462884580919   2990.649437261695   2977.93985988947
0.08988458930634863   2838.4062603178922   2834.2718373215002
0.09251959615009227   2687.80659259398   2693.098080788481
0.09523184939525078   2542.1575997618374   2557.2777096159266
0.09802361355455057   2404.5545228052656   2429.396603427514
0.10089721952591899   2278.065957807695   2311.8940682072894
0.10385506653859616   2165.063412071572   2206.5713053408563
0.10689962415629803   2067.2351922351936   2114.579200306393
0.11003343433910281   1984.9147188861991   2035.8484371799261
0.11325911356578279   1917.3175152726772   1969.3334285945843
0.11657935501835284   1862.117533670388   1912.879016859996
0.11999693083066039   1816.1175764387833   1863.6774845213351
0.12351469440289359   1775.2382204481848   1818.2632946463889
0.12713558278394044   1735.0925383325382   1773.2079392704507
0.13086261912358757   1691.387383686102   1725.3512079726559
0.13469891519660646   1640.4434072669947   1672.0837828433887
0.13864767400083483   1579.9094082268446   1611.9060135253676
0.14271219243142114   1509.162947308284   1544.797740876662
0.14689586403346616   1429.4883885334673   1472.1982371140575
0.1512021818353596   1343.9303722335987   1396.508091042193
0.15563474126517718   1256.9132056801034   1321.0412360233438
0.16019724315257297   1173.6373653456596   1249.3316610183178
0.1648934968186736   1099.0657016429332   1184.5350473124652
0.1697274232565544   1036.641297752711   1128.6889386860737
0.17470305840495237   987.3260759075077   1081.8994121317191
0.17982455651794954   949.6064032359435   1042.6179061230534
0.18509619363343993   920.2220188282147   1008.713413065373
0.19052237114327647   894.7548396406297   977.183290234572
0.19610761946807834   868.1005647054967   944.9993832278882
0.20185660183976684   835.7401018206247   910.0669962734344
0.20777411819498756   795.6381281521834   871.4123430475523
0.21386510918267082   749.0362514062174   830.06842066987
0.22013466028907505   699.5325312433719   788.3496152354338
0.22658800608375756   651.7332173788645   748.6115517362356
0.23323053459001789   609.9567972608573   712.8839887660258
0.2400677917834628   576.6238280193336   681.8028540347048
0.24710548622244882   551.3085197782272   654.8013085288839
0.25434949381426813   531.0837693912599   630.4451707122138
0.2618058627210567   511.71150347308526   606.8285349054859
0.2694808184095226   489.390697221116   582.5864007416798
0.27738076884870827   462.8179696442488   557.1537408183895
0.2855123098601282   433.5483187030624   531.742269086521
0.29388223062474755   404.75116505889736   507.34089918907677
0.3024975193514008   379.6425644759589   484.88604767612867
0.31136536911138296   359.56384294245936   464.79862342583937
0.3204931838440838   343.2593798772376   446.08630297817194
0.32988858453867975   328.0438233667107   428.30766124520824
0.3395594155970457   311.50588806561944   410.779015851937
0.34951375138319807   293.13260739557063   393.2418300374366
0.3597599029647371   274.50795937112866   376.3929460933568
0.37030642505191835   257.67197948684463   360.5529865261975
0.3811621231401457   243.5244162365716   345.8583829554205
0.3923360608618501   231.26320037362203   332.00262884818227
0.4038375675538918   219.24650814987965   318.69507657640213
0.41567624604680364   206.6060225007683   305.73409545940274
0.42786198068238046   193.89068162091004   293.2804154546635
0.4404049455663077   182.19982356497928   281.5070350979671
0.4533156130627191   171.95824259577668   270.369897667408
0.4666047625377753   162.5634395080181   259.7957643040549
0.4802834893595659   153.2577694808018   249.65672160486127
0.49436321416184764   144.00089738056084   239.8921215524481
0.5088556923793517   135.31451984426445   230.6031259769181
0.5237730240626238   127.44871931976346   221.82142568100565
0.5391276639805903   120.10646651763042   213.43961542742
0.5549324320192869   112.96528863314428   205.40897003789456
0.5712005238854289   106.10982923730015   197.72541161615402
0.5879455221237613   99.74858583416643   190.41613218487447
0.6051814074573895   93.83078110298962   183.4598392856662
0.622922570460556   88.18386232853796   176.79601086718958
0.6411838235736077   82.80591966994974   170.41994173119093
0.6599804134701901   77.77926131164563   164.34543961662055
0.6793280337869897   73.05967960769773   158.54387901689103
0.6992428382266549   68.6031203003463   152.9960633848111
0.7197414540448374   64.39764839564815   147.68904680152505
0.7408409959326054   60.43236790528798   142.61077327585159
0.7625590803058332   56.69648154223507   137.74985810541207
0.7849138400134885   53.179338377376894   133.09554708467735
0.8079239394770964   49.870473491389454   128.63767652842003
0.8316085902740278   46.75921891877341   124.36615210478868
0.8559875671776167   43.834326661026076   120.27035872523349
0.8810812246675007   41.085026439935184   116.34022220469242
0.9069105139239728   38.50115382701527   112.56633347523542
0.9334970003205227   36.07311662846597   108.93990090083263
0.960862881429187   33.79186314046852   105.45270644847479
0.9890310055537336   31.648852168765057   102.0970653763529
1.0180248908061487   29.63602913060049   98.86577210373032
1.047868744742366   27.74588217743467   95.75173269690197
1.0785874845736239   25.971385478124187   92.74800228277584
1.1102067579703248   24.305882186950647   89.84810777300675
1.1427529644757777   22.74306446155483   87.04602837007909
1.1762532775476793   21.276957863590468   84.33616436778745
1.210735667245765   19.90190624529792   81.71330851924174
1.246228923584555   18.612557124271646   79.1726197310513
1.2827626805706884   17.403843986945752   76.70956463614195
1.3203674409449337   16.270956141878933   74.31972470747195
1.3590746016495152   15.209344244975217   71.99893185354144
1.3989164800420282   14.214716225138465   69.74333573129466
1.4399263408778291   13.283023906208188   67.5493837786792
1.4821384240834183   12.410450222811221   65.41380259713615
1.525587973344019   11.5933970286484   63.33358071723834
1.5703112655292182   10.828473477985224   61.305952890897295
1.6163456409812174   10.112485598471176   59.32845750336021
1.6637295346910133   9.44242633712093   57.39900427763034
1.7125025083885144   8.815463953535644   55.51569913630046
1.7627052835733923   8.22893231808249   53.676808249913506
1.814379775514258   7.680321911981464   51.88074829188646
1.8675691282445197   7.167271265312469   50.12607717878655
1.922317750584177   6.687558815404578   48.41148524503207
1.9786713532176083   6.239095072380764   46.7357954573829
2.0366769868582977   5.81991350091329   45.09812130008948
2.0963830815323896   5.428164255646584   43.497819628392136
2.1578394870138577   5.062109533061725   41.93430625640327
2.2210975144450407   4.720117212302997   40.40704439831845
2.286209979177315   4.400654758173161   38.91554037640305
2.3532312448676476   4.102283451703676   37.4593394648591
2.4222172688678643   3.823652932436829   36.038021866761376
2.4932256489445366   3.5634965060436374   34.65127465712766
2.5663156713684585   3.320628395318344   33.29925522111183
2.641548360413907   3.0939366569108393   31.98222973353573
2.7189865293089923   2.8823777229919485   30.70038018142855
2.798694832679631   2.684972452630355   29.4538078093392
2.8807398205309562   2.5008023928307885   28.242537034416664
2.9651899938111903   2.3290062374392697   27.06651941182451
3.05211586160442   2.1687764616088763   25.92563724942828
3.1415899999999994   2.019353077618713   24.819617222229663
