0.01   20049.030398397346   20043.15316068472
0.010293154462191829   20252.82160808897   20246.40110251317
0.010594902878253955   20447.90117625924   20440.891435671703
0.010905497183778876   20633.605163693395   20625.955721382885
0.011225196699963396   20809.26279883857   20800.91830855379
0.011554268350120923   20974.201783024535   20965.102077250496
0.011892986882540897   21127.71489962281   21117.795122924326
0.012241635099881474   21269.07152171005   21258.262303998858
0.012600504095286909   21397.54839952429   21385.77604932702
0.012969893495426888   21512.41800835881   21499.604197883782
0.013350111710660605   21612.926703130735   21598.987314773047
0.013741476192534558   21698.332539640505   21683.177762660267
0.014144313698828986   21767.911853512724   21751.44640026262
0.01455896056637426   21820.922195192026   21803.04384875691
0.014985762991865008   21856.62432011292   21837.223302050406
0.01542507732090645   21874.314644995917   21853.27423261236
0.015877270345534218   21873.311500640026   21850.507615339513
0.016342719610456153   21852.939195337083   21828.23884926924
0.016821813728271667   21812.569686784886   21785.831703175052
0.017314952703931925   21751.63046938637   21722.706298183344
0.017822548268711737   21669.58708214873   21638.31912863699
0.01834502422397195   21565.96259111402   21532.184264925596
0.018882816794999403   21440.356779581212   21403.894242722145
0.019436374995219892   21292.453328706368   21253.127727502022
0.02000616100108813   21122.026075233203   21079.65613647343
0.020592650537967844   20928.94146448944   20883.345767385334
0.021196333277324068   20713.171719142134   20664.171892344544
0.02181771324555934   20474.848893342296   20422.277586632772
0.022457309244835088   20214.229111784076   20157.934366391317
0.02311565528622961   19931.67090490985   19871.51826216977
0.023793301035594242   19627.72624390223   19563.6070732193
0.024490812272480036   19303.16967690789   19235.01129697912
0.025208771362518027   18958.868915952262   18886.635495425282
0.0259477777436476   18595.822868111693   18519.518702988702
0.02670844842659881   18215.37047102767   18135.056752646942
0.027491418510046592   17818.97899481995   17734.776414215517
0.028297341710866907   17408.151053754074   17320.23598760128
0.029126890909937666   16984.706304740466   16893.31546942359
0.029980758713939952   16550.780496667972   16456.21495338996
0.030859658033628758   16108.456753735229   16011.074273219218
0.031764322679055976   15659.855802319657   15560.064844305736
0.03269550797224261   15207.491588741397   15105.75217331666
0.033653991377811755   14753.832082496398   14650.647819280424
0.03464057315210884   14301.179081924218   14197.085614927646
0.03565607701135116   13852.247820211676   13747.77906542668
0.036701350819364466   13410.04243215044   13305.701892672241
0.03777726729548091   12977.241123348442   12873.498364002591
0.038884724743189276   12556.107365383794   12453.395659874814
0.04002464780014597   12148.339271901064   12047.052386691637
0.041197988210172884   11755.33196018429   11655.824670664308
0.04240572561788674   11378.343859714048   11280.922611413773
0.04364886838662332   11019.693528813146   10924.452274185807
0.04492845444033957   10682.327152467638   10589.043462284051
0.04624555213019635   10368.789475375464   10276.958186030774
0.04760126112654554   10079.890195236381   9988.799138673703
0.04899671333706607   9813.969422116592   9722.795866320226
0.05043307385181555   9569.294050787154   9477.120662028794
0.05191154191598653   9344.121215856961   9249.932641463705
0.053433351931179485   9136.566797008925   9039.23907110934
0.05499977448602865   8944.847169243863   8843.156221442983
0.05661211741704101   8766.521250600792   8659.235197853388
0.05827172690053434   8598.570066518876   8484.53411226901
0.05997998857658587   8437.937866453953   8316.122097116404
0.06173832870592997   8280.718026417317   8150.424393397821
0.0635482153607709   8122.926145022307   7983.854688151972
0.06541115965050462   7960.002344641303   7812.464155860846
0.06732871698337338   7787.036452601699   7632.119836047686
0.06930248836510605   7599.52783473298   7439.270341058998
0.07133412173562886   7393.460074386033   7231.087473185846
0.07342531334496233   7165.959142130004   7005.722023504322
0.07557780916945323   6915.818229120673   6762.724885929515
0.07779340636952398   6643.519644517915   6503.117553120015
0.08007395479015682   6351.798559373052   6229.95381621906
0.08242135850536496   6044.850311891665   5947.268988702865
0.08483757740794096   5728.239527625935   5659.9710061955075
0.08732462884580919   5408.3499500428   5373.430305178138
0.08988458930634863   5091.96127737286   5093.124170825155
0.09251959615009227   4786.56665878914   4824.654557952781
0.09523184939525078   4498.962598617984   4572.9583597637575
0.09802361355455057   4235.951436485415   4342.589624369805
0.10089721952591899   4002.9197523427106   4136.907395969092
0.10385506653859616   3803.257709303744   3957.181394333791
0.10689962415629803   3637.983774864969   3803.1123125777685
0.11003343433910281   3505.0175029136717   3672.412219541732
0.11325911356578279   3399.694716108582   3560.813215159514
0.11657935501835284   3315.195557350283   3462.595619890753
0.11999693083066039   3242.9115172952697   3371.9610325047092
0.12351469440289359   3173.5419319405205   3282.9652610721173
0.12713558278394044   3097.6509118371855   3189.7352452313035
0.13086261912358757   3007.0993819340956   3088.2620780875327
0.13469891519660646   2896.347896382562   2976.0783079733783
0.13864767400083483   2763.450441389528   2852.8396785481423
0.14271219243142114   2610.5950392125064   2721.628148775882
0.14689586403346616   2443.8100832979826   2586.3064475709025
0.1512021818353596   2272.3627417460043   2452.073923148504
0.15563474126517718   2107.4592458656216   2324.800831279299
0.16019724315257297   1959.9466677548278   2209.1999800704093
0.1648934968186736   1837.3236872617356   2108.283995445476
0.1697274232565544   1741.8458051991327   2021.9378455144906
0.17470305840495237   1670.9491223063085   1946.855518292547
0.17982455651794954   1618.6006993134379   1880.5366048072365
0.18509619363343993   1575.9541970813361   1818.6403163560808
0.19052237114327647   1532.1473866760173   1757.0140608091085
0.19610761946807834   1477.278868873433   1692.0840456600752
0.20185660183976684   1406.4995782520384   1623.2091425522447
0.20777411819498756   1321.5062398273155   1552.0676164004797
0.21386510918267082   1228.9200490503465   1481.4206983860527
0.22013466028907505   1138.131942752453   1414.0334701685426
0.22658800608375756   1058.4191941014228   1352.0253522190612
0.23323053459001789   995.3241474403826   1296.5268600809836
0.2400677917834628   948.7830140856993   1246.6457675518764
0.24710548622244882   913.6293163813692   1200.0831477022682
0.25434949381426813   881.3895673645691   1155.6257838787028
0.2618058627210567   843.9745162189981   1111.6567301371429
0.2694808184095226   798.0099613486375   1067.589421624341
0.27738076884870827   745.6442078465261   1023.6647289623047
0.2855123098601282   692.881737159704   982.0957747745927
0.29388223062474755   646.5278822042334   942.7641531382757
0.3024975193514008   609.8971829289211   906.6271338285677
0.31136536911138296   581.2454785761512   872.6494088973717
0.3204931838440838   555.5843371643343   840.4098316432149
0.32988858453867975   527.7616134405168   808.8593330683673
0.3395594155970457   496.0958212053456   778.2229810397005
0.34951375138319807   463.1666467078428   748.7696534174669
0.3597599029647371   432.99169136665284   720.9599250220862
0.37030642505191835   407.87455807491193   694.5094404298457
0.3811621231401457   386.7508707584287   669.5896131413971
0.3923360608618501   366.5070525461191   645.8510146856188
0.4038375675538918   345.08022004031426   622.8143768545142
0.41567624604680364   323.10393253359945   600.5731334976501
0.42786198068238046   302.6724735286476   579.4134667204873
0.4404049455663077   284.9244872362891   559.474081812849
0.4533156130627191   268.99137720818857   540.4624829703105
0.4666047625377753   253.33340700629955   522.1586508692571
0.4802834893595659   237.61639369477962   504.55447000763894
0.49436321416184764   222.72908339071512   487.68431102099686
0.5088556923793517   209.3157822146767   471.69378393773934
0.5237730240626238   196.9593896293962   456.4250070262304
0.5391276639805903   184.98572356736207   441.7346551864658
0.5549324320192869   173.42446832970037   427.6018415965701
0.5712005238854289   162.6846382585948   414.1040113756895
0.5879455221237613   152.7685841324349   401.2065917981963
0.6051814074573895   143.3520654504598   388.80431169665906
0.622922570460556   134.37254306752305   376.8371673868303
0.6411838235736077   125.97336427924786   365.4014330196197
0.6599804134701901   118.09308991515509   354.4191007320067
0.6793280337869897   110.68445295343489   343.84047516473703
0.6992428382266549   103.72028761408147   333.64486589244905
0.7197414540448374   97.17498095459646   323.812864889745
0.7408409959326054   91.02435037066356   314.3262070553173
0.7625590803058332   85.2455650709682   305.16769744373295
0.7849138400134885   79.81707187059449   296.32114372811543
0.8079239394770964   74.71860760063281   287.77059493186806
0.8316085902740278   69.93139824292423   279.4978202078902
0.8559875671776167   65.43773855526987   271.4849220407713
0.8810812246675007   61.22082069551096   263.7152978116754
0.9069105139239728   57.26469771864413   256.1735540578406
0.9334970003205227   53.554247836158765   248.8454280310394
0.960862881429187   50.075139469174445   241.71771598574188
0.9890310055537336   46.813797058872   234.7782075011437
1.0180248908061487   43.75732976470137   228.01561704419785
1.047868744742366   40.89345396428468   221.4195168880416
1.0785874845736239   38.21056402788024   214.9803061175018
1.1102067579703248   35.69771439644489   208.68916699552577
1.1427529644757777   33.344584882722515   202.53802113003084
1.1762532775476793   31.14144759519531   196.51948873350196
1.210735667245765   29.079135423053092   190.62685061484697
1.246228923584555   27.149012163405015   184.8540189767543
1.2827626805706884   25.34295098404891   179.19583526832008
1.3203674409449337   23.653308168957665   173.64814854723795
1.3590746016495152   22.072885583223577   168.2072743466872
1.3989164800420282   20.59490582232254   162.8699268784234
1.4399263408778291   19.212989500394038   157.63319615528061
1.4821384240834183   17.921133622458427   152.49452583831945
1.525587973344019   16.713690999473464   147.45169170641407
1.5703112655292182   15.585350455015725   142.50283592954187
1.6163456409812174   14.53111485766063   137.6473656782301
1.6637295346910133   13.546285053082958   132.8856477028885
1.7125025083885144   12.62644655481011   128.2180734156596
1.7627052835733923   11.767453422891833   123.6450208157906
1.814379775514258   10.96541286912126   119.16684801819495
1.8675691282445197   10.216670673935083   114.78388702622273
1.922317750584177   9.517797377431988   110.49643776444287
1.9786713532176083   8.865574926489462   106.30487164688225
2.0366769868582977   8.256982403162404   102.21040573118799
2.0963830815323896   7.689186121871695   98.21449584643322
2.1578394870138577   7.159529817263535   94.31832977302055
2.2210975144450407   6.665524048748592   90.52283307119292
2.286209979177315   6.204836190816311   86.82867934360765
2.3532312448676476   5.775280989020748   83.2363008492711
2.4222172688678643   5.374811652226649   79.74589940523349
2.4932256489445366   5.0015123003750555   76.35762222140875
2.5663156713684585   4.653592563817298   73.07209998408948
2.641548360413907   4.32937651296031   69.88981159590966
2.7189865293089923   4.0272946112373615   66.81087681527913
2.798694832679631   3.745877316958187   63.83508268202822
2.8807398205309562   3.4837490411608205   60.96190965192112
2.9651899938111903   3.2396224438679586   58.19055727169739
3.05211586160442   3.0122930414408984   55.51996855700957
3.1415899999999994   2.800630400099824   52.948597168500115
