0.01   1415.1004691314574   1415.0417271642955
0.010293154462191829   1422.7426920889286   1422.6834596942042
0.010594902878253955   1429.5582860602362   1429.4985479809054
0.010905497183778876   1435.5061523128675   1435.4459627294916
0.011225196699963396   1440.5460378693729   1440.485513889041
0.011554268350120923   1444.6372328012856   1444.5764951767467
0.011892986882540897   1447.7396909963056   1447.6788354990026
0.012241635099881474   1449.8150310154465   1449.7541277360492
0.012600504095286909   1450.8245667591084   1450.7636612873791
0.012969893495426888   1450.7285226697456   1450.6676381775715
0.013350111710660605   1449.489344023349   1449.4284814156688
0.013741476192534558   1447.071543157602   1447.0106879036337
0.014144313698828986   1443.4392447298274   1443.3783998928632
0.01455896056637426   1438.5589244610396   1438.4981206932111
0.014985762991865008   1432.4006789612863   1432.3399725994175
0.01542507732090645   1424.9359818637226   1424.875419292818
0.015877270345534218   1416.1381158187662   1416.0776992417566
0.016342719610456153   1405.9850804209375   1405.924767607037
0.016821813728271667   1394.4593205287524   1394.3990361232902
0.017314952703931925   1381.5465542762988   1381.4862216118331
0.017822548268711737   1367.2379348126751   1367.1774826138849
0.01834502422397195   1351.5307436743117   1351.470104940328
0.018882816794999403   1334.428269290246   1334.3673607772198
0.019436374995219892   1315.94017770564   1315.878887901275
0.02000616100108813   1296.0829693131536   1296.0211612451274
0.020592650537967844   1274.8816847453606   1274.819215005899
0.021196333277324068   1252.3714772585406   1252.308230184965
0.02181771324555934   1228.5945527176643   1228.5304443427867
0.022457309244835088   1203.6008757564277   1203.5358554657817
0.02311565528622961   1177.4553334701745   1177.3893978963747
0.023793301035594242   1150.2318158570004   1150.1650126251957
0.024490812272480036   1122.0090362156611   1121.9414609724774
0.025208771362518027   1092.8804801052174   1092.8123029461187
0.0259477777436476   1062.956335077459   1062.8878333494658
0.02670844842659881   1032.3480618465294   1032.2796096551597
0.027491418510046592   1001.1727012115741   1001.1047656599637
0.028297341710866907   969.572430518238   969.5056024402295
0.029126890909937666   937.6908382569216   937.6258229101978
0.029980758713939952   905.6652082022931   905.6028013953742
0.030859658033628758   873.6523743953711   873.5934373331462
0.031764322679055976   841.821269769262   841.7667058313259
0.03269550797224261   810.3248711277722   810.2756066903236
0.033653991377811755   779.3132177249366   779.2701744508844
0.03464057315210884   748.9570937115425   748.9211458015001
0.03565607701135116   719.4099909624681   719.3819560713974
0.036701350819364466   690.8045124631607   690.7851384578227
0.03777726729548091   663.2835068712754   663.2733364170712
0.038884724743189276   636.9835894116903   636.9829066473209
0.04002464780014597   612.0151482618628   612.024020645561
0.041197988210172884   588.4622499940273   588.4804673423954
0.04240572561788674   566.3838398408928   566.4107771680649
0.04364886838662332   545.8228550879036   545.8575242824234
0.04492845444033957   526.8102058909558   526.851264062254
0.04624555213019635   509.36887085861594   509.41431940080935
0.04760126112654554   493.5157564622415   493.56288429006116
0.04899671333706607   479.2568747333175   479.30234992112133
0.05043307385181555   466.46039562118153   466.500589652538
0.05191154191598653   454.88543378623945   454.91667491338677
0.053433351931179485   444.3123835658889   444.33094572785916
0.05499977448602865   434.5650181976715   434.56706000597444
0.05661211741704101   425.5037704479915   425.48528762195446
0.05827172690053434   416.98929695414324   416.94618933003113
0.05997998857658587   408.78834568887765   408.7169439591999
0.06173832870592997   400.6319612827122   400.5293123167935
0.0635482153607709   392.24223529800037   392.10652038170707
0.06541115965050462   383.2977555996053   383.12919481292164
0.06732871698337338   373.50310188969786   373.3041087708368
0.06930248836510605   362.617465703054   362.39304602184137
0.07133412173562886   350.4566553640427   350.2143735542802
0.07342531334496233   336.96851192669476   336.7180156577878
0.07557780916945323   322.2142625186059   321.96668861605264
0.07779340636952398   306.3725727746251   306.1399203252343
0.08007395479015682   289.7234741266579   289.51793724133705
0.08242135850536496   272.5806399505634   272.41378212894097
0.08483757740794096   255.2769332140671   255.1589487797409
0.08732462884580919   238.2036041021012   238.1420814890829
0.08988458930634863   221.7647072521984   221.76384273228948
0.09251959615009227   206.37919312057804   206.43822192507383
0.09523184939525078   192.41690382369617   192.52978907533222
0.09802361355455057   180.19858197081643   180.35347867971785
0.10089721952591899   169.90922611866023   170.08957864031606
0.10385506653859616   161.56449461128096   161.74905469213775
0.10689962415629803   155.05093776448388   155.2161561172767
0.11003343433910281   150.08204069944253   150.20541496791114
0.11325911356578279   146.28645493269636   146.34804691334418
0.11657935501835284   143.20925761172322   143.193722963061
0.11999693083066039   140.34753119510358   140.24772223369962
0.12351469440289359   137.20027184038454   137.01919332859958
0.12713558278394044   133.32442776662108   133.07544002996963
0.13086261912358757   128.42084850456757   128.128419704674
0.13469891519660646   122.36501852926986   122.06248124930758
0.13864767400083483   115.2311320593571   114.95420664063818
0.14271219243142114   107.29038550998571   107.07253958538678
0.14689586403346616   99.00521449696923   98.8712401899334
0.1512021818353596   90.97626657657037   90.9354632789504
0.15563474126517718   83.79689508163968   83.83930815696277
0.16019724315257297   77.84558265736194   77.94422151025917
0.1648934968186736   73.22877529712319   73.34665672511593
0.1697274232565544   69.84606807274913   69.9431312165833
0.17470305840495237   67.4569431577758   67.49608027910163
0.17982455651794954   65.65995568032909   65.61586365230679
0.18509619363343993   63.9144169688522   63.78342869045718
0.19052237114327647   61.714192372559054   61.517392818880836
0.19610761946807834   58.80774905037194   58.584102761912035
0.20185660183976684   55.22710245662293   55.02372527989997
0.20777411819498756   51.21478133572599   51.06927145921093
0.21386510918267082   47.17783401413069   47.10795328727864
0.22013466028907505   43.55771524539149   43.55497628296405
0.22658800608375756   40.63519750746364   40.66641181959993
0.23323053459001789   38.46056519256071   38.482231988610444
0.2400677917834628   36.8637434570003   36.84111869918117
0.24710548622244882   35.48953449832048   35.40700887439863
0.25434949381426813   33.98056348327468   33.851630612230444
0.2618058627210567   32.16288470044561   32.02361889035018
0.2694808184095226   30.0584906159374   29.944489634300854
0.27738076884870827   27.870525679537113   27.8041390682062
0.2855123098601282   25.882778155875265   25.857709266902003
0.29388223062474755   24.257047866310685   24.246813852407797
0.3024975193514008   22.97355999547252   22.947473565536665
0.31136536911138296   21.874246936322788   21.817108201320572
0.3204931838440838   20.75366595407862   20.675266782338152
0.32988858453867975   19.51546484029265   19.439485990249086
0.3395594155970457   18.216015483324238   18.16236304402928
0.34951375138319807   16.982247840932896   16.953318523288498
0.3597599029647371   15.916091038819582   15.896991770765888
0.37030642505191835   15.012229479482125   14.985089544319683
0.3811621231401457   14.179809547422686   14.140651318888027
0.3923360608618501   13.339026189790124   13.298453577039108
0.4038375675538918   12.484695272663144   12.45442881693642
0.41567624604680364   11.67088797756634   11.653195900438298
0.42786198068238046   10.941126752092245   10.92864139242085
0.4404049455663077   10.287361561057878   10.272432227139445
0.4533156130627191   9.666104428221539   9.649658270624359
0.4666047625377753   9.057226788847448   9.04520715562623
0.4802834893595659   8.474806834450888   8.469780444800419
0.49436321416184764   7.9388467069960775   7.93778033725886
0.5088556923793517   7.445939028560533   7.445707622085287
0.5237730240626238   6.979042478823619   6.980434728266649
0.5391276639805903   6.5326799477464   6.537989911801347
0.5549324320192869   6.1137870538297125   6.122924838062021
0.5712005238854289   5.725048411920661   5.736402822821529
0.5879455221237613   5.3601344188937805   5.373606349150589
0.6051814074573895   5.015100480129353   5.031396092278341
0.622922570460556   4.691483109599726   4.710518047503282
0.6411838235736077   4.38879478384981   4.410118530751527
0.6599804134701901   4.104932053084604   4.1284039577870235
0.6793280337869897   3.8380211496573864   3.8638846494942456
0.6992428382266549   3.58775329935606   3.615904421774742
0.7197414540448374   3.3533805616499834   3.3835986431965885
0.7408409959326054   3.1338935200455715   3.165990758636755
0.7625590803058332   2.9283471983477845   2.9621633500231193
0.7849138400134885   2.7358586081776335   2.7712556149799217
0.8079239394770964   2.5556024403792152   2.5924599036679483
0.8316085902740278   2.3868070757949518   2.425018466209126
0.8559875671776167   2.228752369440313   2.268221149804688
0.8810812246675007   2.0807822451769042   2.121410693657919
0.9069105139239728   1.942290578735069   1.9839745370539426
0.9334970003205227   1.8127045361032788   1.8553353217064679
0.960862881429187   1.6914827790039115   1.734948973052038
0.9890310055537336   1.5781140052599578   1.6223029977096508
1.0180248908061487   1.4721155333158218   1.5169148483629498
1.047868744742366   1.373031787428108   1.4183302981973762
1.0785874845736239   1.2804301967821434   1.3261208374674662
1.1102067579703248   1.1939009785746768   1.2398826408996897
1.1427529644757777   1.1130590826405782   1.1592364457624567
1.1762532775476793   1.0375428966842968   1.0838261998844767
1.210735667245765   0.9670128908297065   1.0133177272118536
1.246228923584555   0.9011503354882474   0.9473974622813229
1.2827626805706884   0.8396560947040766   0.8857712641692389
1.3203674409449337   0.7822497056888685   0.8281638076795285
1.3590746016495152   0.7286682946356963   0.7743175154697297
1.3989164800420282   0.6786652070028079   0.7239907366579994
1.4399263408778291   0.6320090386690798   0.6769567755171636
1.4821384240834183   0.5884827440129247   0.633003026822126
1.525587973344019   0.547882792276168   0.5919301553207452
1.5703112655292182   0.5100183696533308   0.553551319966619
1.6163456409812174   0.47471060025338946   0.5176916875913097
1.6637295346910133   0.4417918208069089   0.484187870831757
1.7125025083885144   0.4111049597860832   0.45288675258328664
1.7627052835733923   0.3825029050314056   0.42364482896344596
1.814379775514258   0.3558479011239477   0.3963276454940881
1.8675691282445197   0.33101098100814796   0.37080926229785427
1.922317750584177   0.30787143006829565   0.34697174721577495
1.9786713532176083   0.2863162702373294   0.3247046973147946
2.0366769868582977   0.26623977025693935   0.3039047866315994
2.0963830815323896   0.24754302769169217   0.28447533213690035
2.1578394870138577   0.23013355047310088   0.26632588707866256
2.2210975144450407   0.2139248576003112   0.24937185767992853
2.286209979177315   0.19883610346191324   0.23353414133050343
2.3532312448676476   0.1847917244762549   0.21873878527544052
2.4222172688678643   0.1717210939051156   0.20491680366348902
2.4932256489445366   0.15955817793101418   0.19200422237773326
2.5663156713684585   0.14824129199044067   0.17994126884452552
2.641548360413907   0.13771283638226015   0.16867197645458606
2.7189865293089923   0.1279190340538868   0.15814395977101348
2.798694832679631   0.11880968458873004   0.14830820103583167
2.8807398205309562   0.11033793344092667   0.13911884762006735
2.9651899938111903   0.10246006805341142   0.13053290514176522
3.05211586160442   0.09513536755696679   0.1225095619702263
3.1415899999999994   0.08832584808489319   0.11501058671942911
