0.01   13905.540217755493   13898.504480833235
0.010293154462191829   14091.363178546037   14083.658639145899
0.010594902878253955   14273.44403588349   14265.007676512243
0.010905497183778876   14451.390165337696   14442.153046208266
0.011225196699963396   14624.797844016717   14614.685099497392
0.011554268350120923   14793.237445364564   14782.168510158503
0.011892986882540897   14956.268567011748   14944.157266338974
0.012241635099881474   15113.445738911709   15100.200271009833
0.012600504095286909   15264.306807408275   15249.828289257182
0.012969893495426888   15408.375168436993   15392.556320019461
0.013350111710660605   15545.172808925556   15527.897999076822
0.013741476192534558   15674.214018324423   15655.359135673152
0.014144313698828986   15794.990179918326   15774.421998296659
0.01455896056637426   15906.991589977137   15884.567893139247
0.014985762991865008   16009.712644360541   15985.282422112517
0.01542507732090645   16102.63678197116   16076.03864709859
0.015877270345534218   16185.244958408886   16156.306322924054
0.016342719610456153   16257.030259827028   16225.567921054231
0.016821813728271667   16317.491102398193   16283.31088154184
0.017314952703931925   16366.12291353047   16329.018184665925
0.017822548268711737   16402.439170705387   16362.191571738509
0.01834502422397195   16425.97554513935   16382.355913796928
0.018882816794999403   16436.281451682225   16389.049275809382
0.019436374995219892   16432.930290810313   16381.83434060963
0.02000616100108813   16415.529177128563   16360.309220068211
0.020592650537967844   16383.72512665438   16324.1131483795
0.021196333277324068   16337.20981283438   16272.931055905368
0.02181771324555934   16275.718657413901   16206.493844059016
0.022457309244835088   16199.039311196866   16124.587664115508
0.02311565528622961   16107.040451908895   16027.085176209092
0.023793301035594242   15999.652299734009   15913.924194339646
0.024490812272480036   15876.859380060763   15785.099704901733
0.025208771362518027   15738.75415962879   15640.722228159391
0.0259477777436476   15585.542413573783   15481.023429279123
0.02670844842659881   15417.484220040802   15306.29159624546
0.027491418510046592   15234.928211419756   15116.908751772125
0.028297341710866907   15038.414592718682   14913.462368269156
0.029126890909937666   14828.556119624349   14696.615539257355
0.029980758713939952   14606.009622843818   14467.07550437593
0.030859658033628758   14371.631844558458   14225.757323358719
0.031764322679055976   14126.432394019945   13973.733640137223
0.03269550797224261   13871.42501625212   13712.077789564253
0.033653991377811755   13607.726581985125   13441.966854137776
0.03464057315210884   13336.723604074836   13164.854719744353
0.03565607701135116   13059.800871915315   12882.188313494986
0.036701350819364466   12778.308196391448   12595.371651379435
0.03777726729548091   12493.781523431002   12305.984114649067
0.038884724743189276   12207.812565931341   12015.650946601512
0.04002464780014597   11921.88623232143   11725.882565226319
0.041197988210172884   11637.548022857092   11438.227209373592
0.04240572561788674   11356.5421986777   11154.396760480297
0.04364886838662332   11080.49180847408   10875.975690883708
0.04492845444033957   10810.816825164075   10604.341192530757
0.04624555213019635   10548.4628564277   10340.379373405784
0.04760126112654554   10294.131950193996   10084.728089629061
0.04899671333706607   10048.452032656563   9837.95233832163
0.05043307385181555   9812.334977347131   9600.820684226965
0.05191154191598653   9587.087726103191   9374.391145457888
0.053433351931179485   9373.919652223374   9159.634011108963
0.05499977448602865   9173.233518338773   8956.784936373075
0.05661211741704101   8983.198211192595   8764.035293321142
0.05827172690053434   8801.6874246329   8579.318156061088
0.05997998857658587   8626.795429200865   8400.789093496076
0.06173832870592997   8456.95696740333   8226.950416393125
0.0635482153607709   8290.757777188583   8056.45767136591
0.06541115965050462   8126.560017271518   7887.821166745182
0.06732871698337338   7962.2891437204125   7719.244589293115
0.06930248836510605   7795.925456908736   7549.0103835551245
0.07133412173562886   7625.077836793233   7375.23333996025
0.07342531334496233   7447.293620048596   7196.05080412199
0.07557780916945323   7260.278944679583   7009.8483550336005
0.07779340636952398   7061.878855477387   6815.284741919226
0.08007395479015682   6850.565856886979   6611.5354729124665
0.08242135850536496   6625.948901722931   6398.751277182775
0.08483757740794096   6388.484648138414   6177.719638371386
0.08732462884580919   6140.405503106834   5950.654250853702
0.08988458930634863   5884.652106718631   5720.203161709155
0.09251959615009227   5625.281362527513   5489.657650601375
0.09523184939525078   5366.508199618033   5262.279447256423
0.09802361355455057   5112.751592759167   5041.299356239054
0.10089721952591899   4868.181246152985   4829.552225330873
0.10385506653859616   4636.709186462171   4629.461364725731
0.10689962415629803   4421.917186579825   4443.092421632728
0.11003343433910281   4226.815911023567   4272.067851806403
0.11325911356578279   4053.09777140929   4116.688676799589
0.11657935501835284   3901.3612978088427   3976.415661678428
0.11999693083066039   3769.6794981711505   3849.580649239784
0.12351469440289359   3654.7088257739615   3733.762511441421
0.12713558278394044   3551.057097857104   3625.174088974209
0.13086261912358757   3452.822427281231   3520.039464289887
0.13469891519660646   3353.8881246238952   3414.98201430758
0.13864767400083483   3248.962116095195   3307.471814307848
0.14271219243142114   3134.06062064427   3195.9235309399537
0.14689586403346616   3007.218671104578   3079.957112946335
0.1512021818353596   2868.9926639911705   2960.5146340419146
0.15563474126517718   2722.2312671424697   2839.5983991066555
0.16019724315257297   2571.6552183375265   2719.8704438475565
0.1648934968186736   2423.006336657023   2603.862321861172
0.1697274232565544   2282.386614587774   2494.249243923125
0.17470305840495237   2155.445229225451   2392.8865654489487
0.17982455651794954   2046.105472741972   2300.359239239252
0.18509619363343993   1954.9310492680806   2216.8644467395557
0.19052237114327647   1878.6546289412374   2139.7595757775416
0.19610761946807834   1811.7006749648672   2066.9474778468416
0.20185660183976684   1748.0774896508312   1996.3434162365663
0.20777411819498756   1682.2533568907174   1926.322721029174
0.21386510918267082   1609.7908016526656   1856.025016508301
0.22013466028907505   1529.0941846810895   1785.2157701520441
0.22658800608375756   1442.7885794392942   1715.4722162996068
0.23323053459001789   1356.2966856067032   1648.0764453612328
0.2400677917834628   1275.030838497215   1584.136361619251
0.24710548622244882   1202.9589354450327   1524.1047982977752
0.25434949381426813   1141.8221446719708   1467.9979924440358
0.2618058627210567   1090.1077012739256   1415.4300233341373
0.2694808184095226   1043.6365498543244   1365.1412990248864
0.27738076884870827   997.7841064188513   1316.492570893342
0.2855123098601282   949.0609548855956   1268.9709467695225
0.29388223062474755   896.9055805042829   1222.4956480714025
0.3024975193514008   843.9995800332847   1177.759178781002
0.31136536911138296   793.899139106922   1135.2692304320906
0.3204931838440838   749.1052263229593   1094.5265060032568
0.32988858453867975   710.2124091868002   1056.0409188017509
0.3395594155970457   675.3001641522271   1019.4370347961651
0.34951375138319807   641.4909486653514   984.0592588837695
0.3597599029647371   607.0518235566933   950.0960932454634
0.37030642505191835   572.1041421187781   917.2720674033477
0.3811621231401457   538.3983002045411   885.7999454677986
0.3923360608618501   507.5982153218229   855.8363118923314
0.4038375675538918   479.853070347397   827.2215451787541
0.41567624604680364   454.11237245887037   799.8811873057447
0.42786198068238046   429.0774422385708   773.5357523290523
0.4404049455663077   404.3568065097128   748.1859346888695
0.4533156130627191   380.6133449808355   723.9185878523564
0.4666047625377753   358.57122618337206   700.6959530479288
0.4802834893595659   338.2288331853114   678.4671037252592
0.49436321416184764   319.0062399732303   657.1451232903718
0.5088556923793517   300.4773558358908   636.610522390083
0.5237730240626238   282.7286343482617   616.8645709593843
0.5391276639805903   266.0782149760132   597.9313970187071
0.5549324320192869   250.5184673933296   579.7630993619932
0.5712005238854289   235.80221408687783   562.2836460020889
0.5879455221237613   221.77795026207346   545.4430990728399
0.6051814074573895   208.51271847530393   529.2269005519794
0.622922570460556   196.05543658948739   513.6277095371794
0.6411838235736077   184.3147750558467   498.58790012426607
0.6599804134701901   173.20029223752854   484.06711339489163
0.6793280337869897   162.70585780856206   470.0504936341579
0.6992428382266549   152.83068529605487   456.5117336913263
0.7197414540448374   143.5241628610194   443.4205788005199
0.7408409959326054   134.7465198356262   430.7406739290039
0.7625590803058332   126.47714030431628   418.45933528395847
0.7849138400134885   118.68906182628537   406.55220268331203
0.8079239394770964   111.35622846311998   394.9959972636593
0.8316085902740278   104.45385290454456   383.7691219732164
0.8559875671776167   97.95836475612276   372.85155504046077
0.8810812246675007   91.84736022590897   362.22475233205483
0.9069105139239728   86.09955322517544   351.8715577112
0.9334970003205227   80.69473343178966   341.77606622894467
0.960862881429187   75.61374515487739   331.9232848354367
0.9890310055537336   70.83841434718016   322.2993040482477
1.0180248908061487   66.35149266035408   312.89136337760124
1.047868744742366   62.13661732238777   303.6877881698223
1.0785874845736239   58.17827225429868   294.6779305814371
1.1102067579703248   54.46175040410388   285.85211441102655
1.1427529644757777   50.97311726488635   277.2015852773858
1.1762532775476793   47.69916851206769   268.71889933934744
1.210735667245765   44.627389744369125   260.39835131747077
1.246228923584555   41.74594057473905   252.23497257014074
1.2827626805706884   39.04362459573462   244.22435072695004
1.3203674409449337   36.509858054471415   236.36259731654258
1.3590746016495152   34.134639779359006   228.64631631259277
1.3989164800420282   31.908522328748692   221.07257346869397
1.4399263408778291   29.822584178089773   213.63894203540815
1.4821384240834183   27.868400523599078   206.34486816614765
1.525587973344019   26.038019040257907   199.19128560098062
1.5703112655292182   24.32393855886139   192.17912958716693
1.6163456409812174   22.719085746529718   185.30927266812026
1.6637295346910133   21.216792726642733   178.58251692455798
1.7125025083885144   19.810775719333   171.99958660697797
1.7627052835733923   18.495114667068908   165.5611211806003
1.814379775514258   17.264233240224016   159.2679619161655
1.8675691282445197   16.1128778183859   153.12251928433608
1.922317750584177   15.036102801082276   147.12740770171766
1.9786713532176083   14.029255100121501   141.28474499709145
2.0366769868582977   13.08795798609433   135.59617254482163
2.0963830815323896   12.20809573948829   130.06287729710277
2.1578394870138577   11.385799074831635   124.68561431934789
2.2210975144450407   10.617431298747661   119.46473064682044
2.286209979177315   9.899573946196044   114.40039145161313
2.3532312448676476   9.22901329845208   109.49280417053161
2.4222172688678643   8.602731508775305   104.74178552234731
2.4932256489445366   8.017895672398044   100.1467258498386
2.5663156713684585   7.471847068891241   95.70662161259916
2.641548360413907   6.9620909876669925   91.42010731794336
2.7189865293089923   6.486287108098144   87.2854867446856
2.798694832679631   6.042240580828162   83.30076542680354
2.8807398205309562   5.6278964485367435   79.4637175031499
2.9651899938111903   5.241330193236065   75.7719019339836
3.05211586160442   4.880736783861686   72.22265014780338
3.1415899999999994   4.544423582612466   68.81309203055861
