0.01   1687.810040747621   1687.7594101213017
0.010293154462191829   1706.0023857543033   1705.951302076543
0.010594902878253955   1723.4869870868906   1723.4353958298816
0.010905497183778876   1740.208332273804   1740.1561518793064
0.011225196699963396   1756.107540973817   1756.0547594755308
0.011554268350120923   1771.1253041755203   1771.0719921093585
0.011892986882540897   1785.2020092054988   1785.1483065088864
0.012241635099881474   1798.2757320232813   1798.221751150166
0.012600504095286909   1810.2840680875138   1810.229854752855
0.012969893495426888   1821.1653347444883   1821.1108670829417
0.013350111710660605   1830.8561047856253   1830.8013330333667
0.013741476192534558   1839.2908937590068   1839.235789516786
0.014144313698828986   1846.4056946235712   1846.350254423657
0.01455896056637426   1852.137667132921   1852.0819060558597
0.014985762991865008   1856.422895449536   1856.366820219936
0.01542507732090645   1859.1994393680554   1859.1430416691521
0.015877270345534218   1860.4084719337673   1860.3517267110178
0.016342719610456153   1859.99213653696   1859.93497395081
0.016821813728271667   1857.8945536427836   1857.8368367770836
0.017314952703931925   1854.0644915761727   1854.006016959202
0.017822548268711737   1848.4552596138697   1848.3957733095342
0.01834502422397195   1841.0241944142913   1840.9634301461936
0.018882816794999403   1831.7345923701628   1831.6722792261867
0.019436374995219892   1820.5565848114243   1820.4924446919938
0.02000616100108813   1807.468692813089   1807.4023987580206
0.020592650537967844   1792.4576265271828   1792.3887832091903
0.021196333277324068   1775.5180134716345   1775.4461634238262
0.02181771324555934   1756.6560842581055   1756.5807664157376
0.022457309244835088   1735.8919748785258   1735.8128147730647
0.02311565528622961   1713.2545045207478   1713.1712227857533
0.023793301035594242   1688.7832451164809   1688.6956665417704
0.024490812272480036   1662.540201865376   1662.4483078064732
0.025208771362518027   1634.5993458779417   1634.5032861843156
0.0259477777436476   1605.0415475196983   1604.9416328236066
0.02670844842659881   1573.970407880055   1573.867160388019
0.027491418510046592   1541.511990499857   1541.4061937588979
0.028297341710866907   1507.7950709445354   1507.6877470038805
0.029126890909937666   1472.9602841874735   1472.8526958739596
0.029980758713939952   1437.1860571382738   1437.07978374793
0.030859658033628758   1400.6537084647055   1400.550624989692
0.031764322679055976   1363.5395700104893   1363.441793505994
0.03269550797224261   1326.0462033190427   1325.9559608513255
0.033653991377811755   1288.3884621452237   1288.3079937802381
0.03464057315210884   1250.765300703923   1250.6968343626547
0.03565607701135116   1213.3868043837883   1213.3325380277945
0.036701350819364466   1176.5062908954858   1176.4683829633414
0.03777726729548091   1140.358031151489   1140.3385932589783
0.038884724743189276   1105.1452822939718   1105.1462810145072
0.04002464780014597   1071.019346208497   1071.041833429717
0.041197988210172884   1038.098000727494   1038.1418435724431
0.04240572561788674   1006.4826559540761   1006.5466837529613
0.04364886838662332   976.331169248728   976.4132757759778
0.04492845444033957   947.8874093301162   947.984633539181
0.04624555213019635   921.3723780308381   921.4810239921718
0.04760126112654554   896.9098229493854   897.0255032366863
0.04899671333706607   874.364386861431   874.4819025950087
0.05043307385181555   853.5596702797483   853.6730287613498
0.05191154191598653   834.3302337339819   834.4324818284385
0.053433351931179485   816.5061888767628   816.5886877725815
0.05499977448602865   799.92733737626   799.9796983892002
0.05661211741704101   784.4010704485808   784.4116105322198
0.05827172690053434   769.6639450090445   769.6204298137886
0.05997998857658587   755.4543795918499   755.3443724998008
0.06173832870592997   741.4475455406786   741.2606569962909
0.0635482153607709   727.2926699371109   727.021863900637
0.06541115965050462   712.6176281425896   712.2602614860203
0.06732871698337338   697.004055640208   696.563546239723
0.06930248836510605   680.0728799822303   679.5586537699103
0.07133412173562886   661.5053257908806   660.9325549491226
0.07342531334496233   641.0671718668651   640.4565769286947
0.07557780916945323   618.6925411379507   618.0711411933767
0.07779340636952398   594.4397181213023   593.8391511628658
0.08007395479015682   568.579472484684   568.031694919563
0.08242135850536496   541.4877985351479   541.0242204729997
0.08483757740794096   513.6684040570367   513.3213086975538
0.08732462884580919   485.6705631485155   485.469406896688
0.08988458930634863   458.0816495933883   458.0482898870433
0.09251959615009227   431.53008827845304   431.67461392062006
0.09523184939525078   406.6050908198732   406.92475371361746
0.09802361355455057   383.85504675258693   384.3294247140903
0.10089721952591899   363.74065844647765   364.3314115921646
0.10385506653859616   346.5081341323274   347.1639063768866
0.10689962415629803   332.22935115646794   332.88961990363526
0.11003343433910281   320.663654878365   321.26429977540306
0.11325911356578279   311.3897651346757   311.8678842285242
0.11657935501835284   303.7657951526216   304.0674621621218
0.11999693083066039   297.0379606352778   297.1270191753726
0.12351469440289359   290.3949871816952   290.26016869248974
0.12713558278394044   283.04051226435956   282.69989069505664
0.13086261912358757   274.3199624589516   273.827290536204
0.13469891519660646   263.8134143933332   263.25573266788393
0.13864767400083483   251.43408752596548   250.91625730296
0.14271219243142114   237.44302665251007   237.0739495397361
0.14689586403346616   222.4119594601565   222.28856192928933
0.1512021818353596   207.16341493040562   207.34905084514037
0.15563474126517718   192.6644825393314   193.16713414489143
0.16019724315257297   179.82050301912219   180.59080755999622
0.1648934968186736   169.20860080564555   170.15124769760155
0.1697274232565544   160.94133690412636   161.93352569945776
0.17470305840495237   154.72051848869867   155.63776967003415
0.17982455651794954   149.96519746851334   150.7032345302944
0.18509619363343993   145.87952038501112   146.3824985547304
0.19052237114327647   141.53226061449817   141.82267322195398
0.19610761946807834   136.12802699930467   136.30964654416533
0.20185660183976684   129.35312746906322   129.5701151625404
0.20777411819498756   121.45889972223387   121.85359058717162
0.21386510918267082   113.07893537791134   113.76135672415349
0.22013466028907505   105.02508394993423   106.01171823764714
0.22658800608375756   98.05517884411248   99.27648319108789
0.23323053459001789   92.55372715356091   93.86830238258273
0.2400677917834628   88.42402980677409   89.69217926053769
0.24710548622244882   85.15693216403973   86.27329916494755
0.25434949381426813   82.00882436840524   82.96340622535742
0.2618058627210567   78.33971684553681   79.2289300561135
0.2694808184095226   73.95804778003989   74.91227099754198
0.27738076884870827   69.13189360409471   70.2706447795741
0.2855123098601282   64.39890716659254   65.74467901817427
0.29388223062474755   60.30265226588002   61.79557641754207
0.3024975193514008   57.045170683313366   58.551692466174714
0.31136536911138296   54.40639706676344   55.83229733987847
0.3204931838440838   51.9421007359544   53.27054484225399
0.32988858453867975   49.255857920880906   50.55957701952368
0.3395594155970457   46.27819871854551   47.649462015981754
0.34951375138319807   43.27263470859463   44.757274896997515
0.3597599029647371   40.5626450967338   42.12865972622333
0.37030642505191835   38.288841906839764   39.85489519991283
0.3811621231401457   36.31566804403281   37.8270252487814
0.3923360608618501   34.38220957947073   35.855402711526914
0.4038375675538918   32.357007246654554   33.846854785097236
0.41567624604680364   30.328550714190055   31.869008489990193
0.42786198068238046   28.466541426379464   30.039858829814506
0.4404049455663077   26.83213267934448   28.39439558694688
0.4533156130627191   25.332274218858227   26.862843705504183
0.4666047625377753   23.851031174041662   25.371956729378166
0.4802834893595659   22.385474995065906   23.921565543472553
0.49436321416184764   21.01193338483216   22.558142643091486
0.5088556923793517   19.766182620932263   21.30095081753414
0.5237730240626238   18.603347869707726   20.119280071982658
0.5391276639805903   17.476832987647732   18.98541992798341
0.5549324320192869   16.398871458402414   17.907072329273202
0.5712005238854289   15.398295728460816   16.897702263015404
0.5879455221237613   14.467226315350054   15.95092683617101
0.6051814074573895   13.58102562506791   15.052345707678338
0.622922570460556   12.73953640765471   14.200840159861146
0.6411838235736077   11.952640340388795   13.400998007882402
0.6599804134701901   11.213256593209096   12.64725092117139
0.6793280337869897   10.516947793954508   11.935859630126615
0.6992428382266549   9.861474870333879   11.264644538261738
0.7197414540448374   9.244695506165922   10.631518514615918
0.7408409959326054   8.6645562045942   10.034481204363564
0.7625590803058332   8.11909076187388   9.47161771392829
0.7849138400134885   7.606418545775887   8.941097049353981
0.8079239394770964   7.124738745713269   8.441165983402795
0.8316085902740278   6.672299045190898   7.970113563729846
0.8559875671776167   6.247418567052096   7.526296210172013
0.8810812246675007   5.8485060588648725   7.10815859379728
0.9069105139239728   5.474055793657861   6.714229686170437
0.9334970003205227   5.122643423100884   6.343118704058758
0.960862881429187   4.79292200049912   5.993511198958486
0.9890310055537336   4.483618168814813   5.664165291225498
1.0180248908061487   4.193528928646841   5.3539095404163985
1.047868744742366   3.9215195582191966   5.061644638909572
1.0785874845736239   3.666518395950586   4.7863336513004775
1.1102067579703248   3.427513026077384   4.526996589381844
1.1427529644757777   3.203547325533805   4.2827076423609824
1.1762532775476793   2.9937186343536553   4.052592505617812
1.210735667245765   2.797175046012893   3.8358258076618896
1.246228923584555   2.613112813945658   3.6316286328054592
1.2827626805706884   2.4407736717824924   3.439264747301867
1.3203674409449337   2.279442209622581   3.2580364219831455
1.3590746016495152   2.1284441621942043   3.087285976384886
1.3989164800420282   1.987144318345771   2.926394229563598
1.4399263408778291   1.854944429576596   2.7747783534587636
1.4821384240834183   1.7312812179064396   2.6318898335227385
1.525587973344019   1.6156244792958128   2.4972125325499026
1.5703112655292182   1.5074752765644475   2.370260818684476
1.6163456409812174   1.4063640962623625   2.2505758943704985
1.6637295346910133   1.3118491944905286   2.1377236205542163
1.7125025083885144   1.2235152623572565   2.0312961273265646
1.7627052835733923   1.1409719587055662   1.9309104832431008
1.814379775514258   1.0638524994962972   1.836207172112178
1.8675691282445197   0.9918123201224432   1.7468486607540152
1.922317750584177   0.9245278073818741   1.662518052593084
1.9786713532176083   0.8616950872166373   1.5829175039196348
2.0366769868582977   0.8030287065184804   1.5077615385249143
2.0963830815323896   0.7482606380917406   1.4367778309506243
2.1578394870138577   0.6971394542649637   1.3697118407339193
2.2210975144450407   0.64942935341476   1.3063257621303594
2.286209979177315   0.6049092335472392   1.2463973549287741
2.3532312448676476   0.5633718174877963   1.189718861312271
2.4222172688678643   0.5246228270451772   1.1360960021393058
2.4932256489445366   0.48848024082508146   1.0853465294816866
2.5663156713684585   0.4547738222335213   1.0372955370514492
2.641548360413907   0.4233441837037459   0.9917776226058881
2.7189865293089923   0.394041954971391   0.9486386422933649
2.798694832679631   0.36672718601536586   0.9077348944111644
2.8807398205309562   0.3412687843666284   0.8689323472804779
2.9651899938111903   0.3175439834980745   0.8321059286610817
3.05211586160442   0.2954378407785224   0.7971388714712754
3.1415899999999994   0.2748425673534813   0.7639215764558906
