0.01   3348.9740570171293   3348.8477477433785
0.010293154462191829   3387.183913760969   3387.0561926079736
0.010594902878253955   3424.1553006926224   3424.02626617002
0.010905497183778876   3459.7846224138752   3459.6543293783047
0.011225196699963396   3493.9674178841506   3493.8358735277
0.011554268350120923   3526.5973265474768   3526.464502789203
0.011892986882540897   3557.564030683987   3557.4299003064525
0.012241635099881474   3586.756735391051   3586.621278261762
0.012600504095286909   3614.0646092307225   3613.927806795503
0.012969893495426888   3639.3718930103905   3639.2336684790967
0.013350111710660605   3662.5606928643433   3662.4208749900013
0.013741476192534558   3683.5148006199747   3683.373122122024
0.014144313698828986   3702.117776772942   3701.973929551528
0.01455896056637426   3718.251291442585   3718.1050320563218
0.014985762991865008   3731.799912642112   3731.651076280431
0.01542507732090645   3742.6514891004426   3742.499954215972
0.015877270345534218   3750.6931773957413   3750.5386103184874
0.016342719610456153   3755.8152923929492   3755.6570400177366
0.016821813728271667   3757.9142698742353   3757.7513629492078
0.017314952703931925   3756.8913933760164   3756.722646653621
0.017822548268711737   3752.6528388595907   3752.4769872408306
0.01834502422397195   3745.1131092757696   3744.9288247780623
0.018882816794999403   3734.1962813820696   3734.0021767167245
0.019436374995219892   3719.837720608024   3719.6323344807242
0.02000616100108813   3701.9839412381084   3701.7657424103077
0.020592650537967844   3680.593187059401   3680.360588154538
0.021196333277324068   3655.6415559988995   3655.3929546526906
0.02181771324555934   3627.123301504213   3626.857121080869
0.022457309244835088   3595.0456881333293   3594.760392235291
0.02311565528622961   3559.434964213338   3559.1291709390293
0.023793301035594242   3520.3497596295824   3520.0225805001432
0.024490812272480036   3477.8649436948344   3477.516042539136
0.025208771362518027   3432.0695000411333   3431.6991005966916
0.0259477777436476   3383.093197247921   3382.702385493288
0.02670844842659881   3331.096111016162   3330.6870188983908
0.027491418510046592   3276.24624850698   3275.8219878757536
0.028297341710866907   3218.7398825236655   3218.3045356154453
0.029126890909937666   3158.827488717716   3158.386177744976
0.029980758713939952   3096.7655146647544   3096.324312598668
0.030859658033628758   3032.8149177238342   3032.380747342
0.031764322679055976   2967.2980415484426   2966.878707346706
0.03269550797224261   2900.5592715260086   2900.163403361195
0.033653991377811755   2832.9270397859973   2832.56395067089
0.03464057315210884   2764.749489046756   2764.428853480715
0.03565607701135116   2696.4144823817232   2696.145922103187
0.036701350819364466   2628.2862998726805   2628.079294895821
0.03777726729548091   2560.712508293544   2560.57609858436
0.038884724743189276   2494.0898914103445   2494.031155594395
0.04002464780014597   2428.805925783164   2428.829602323762
0.041197988210172884   2365.206307742228   2365.3150217778416
0.04240572561788674   2303.5534967144613   2303.7473480519598
0.04364886838662332   2244.024845871503   2244.3009104075804
0.04492845444033957   2186.7718594153075   2187.1244862300814
0.04624555213019635   2131.952518960668   2132.3725166101867
0.04760126112654554   2079.8149885876255   2080.285309107474
0.04899671333706607   2030.6078566455465   2031.1031661717795
0.05043307385181555   1984.5122361787924   1985.0000581512593
0.05191154191598653   1941.24965595561   1941.6949553549682
0.053433351931179485   1900.2944691792188   1900.6622492552558
0.05499977448602865   1861.1625831285387   1861.4179372480378
0.05661211741704101   1823.4515903350907   1823.56012438092
0.05827172690053434   1786.8172354226926   1786.7453646791198
0.05997998857658587   1750.9112293707783   1750.6271150163109
0.06173832870592997   1715.251674623866   1714.7298493810597
0.0635482153607709   1679.3407783623286   1678.563607295159
0.06541115965050462   1642.6380000715044   1641.600419166476
0.06732871698337338   1604.5249360758912   1603.2413683674374
0.06930248836510605   1564.430268337778   1562.9361145604462
0.07133412173562886   1521.8114234790269   1520.1711325292308
0.07342531334496233   1476.2241907487305   1474.5307173563358
0.07557780916945323   1427.528451839684   1425.8996167075
0.07779340636952398   1375.79624055914   1374.3698451566574
0.08007395479015682   1321.4328361182447   1320.362556958655
0.08242135850536496   1265.0725072606897   1264.5213377425978
0.08483757740794096   1207.5892155459605   1207.70551219335
0.08732462884580919   1149.965957640008   1150.8695474342376
0.08988458930634863   1093.2187129082404   1094.9994601771186
0.09251959615009227   1038.314457593934   1041.028973894049
0.09523184939525078   986.2009821243747   989.8553399069673
0.09802361355455057   937.7361995297285   942.279614210569
0.10089721952591899   893.6965168376124   899.0155378493992
0.10385506653859616   854.5820547389126   860.5056707935311
0.10689962415629803   820.5883779914054   826.8870155597601
0.11003343433910281   791.4566979710813   797.8771406135683
0.11325911356578279   766.4607620098233   772.7613966142145
0.11657935501835284   744.4862862456225   750.4706943543534
0.11999693083066039   724.1930268460414   729.7376154041913
0.12351469440289359   704.1681206742946   709.26104224963
0.12713558278394044   683.117141939381   687.868080603354
0.13086261912358757   659.9849242342463   664.6209112641131
0.13469891519660646   634.1599951783118   639.0022676117682
0.13864767400083483   605.5506145406102   610.9896603880029
0.14271219243142114   574.6426372792229   581.0974643004582
0.14689586403346616   542.3952879154521   550.1991872996547
0.1512021818353596   510.0584407344369   519.4108221797792
0.15563474126517718   479.03703112907226   489.9716632139308
0.16019724315257297   450.74004043302426   463.08110054262306
0.1648934968186736   426.2589154612872   439.6406007689504
0.1697274232565544   405.9496452388906   419.8745139175695
0.17470305840495237   389.30263068210195   403.2830581437908
0.17982455651794954   375.19409443337287   388.8587294669056
0.18509619363343993   362.298524617088   375.446315247902
0.19052237114327647   349.3020048608933   361.9641889524102
0.19610761946807834   335.0183971503122   347.48330756614274
0.20185660183976684   318.8010505324445   331.5796122952044
0.20777411819498756   300.9718189189527   314.5129517259548
0.21386510918267082   282.62255505345297   297.21099666261625
0.22013466028907505   264.99893065972526   280.67372785815155
0.22658800608375756   249.15311625235   265.6597899653229
0.23323053459001789   235.6944416535295   252.58195945784757
0.2400677917834628   224.52748689996898   241.34183228755722
0.24710548622244882   214.8786882758559   231.26881393212867
0.25434949381426813   205.69410589302854   221.60455639849638
0.2618058627210567   196.0297743492498   211.70346758629825
0.2694808184095226   185.4991375990659   201.31917492100104
0.27738076884870827   174.5139067897934   190.7944441875987
0.2855123098601282   163.84852409160254   180.66596404040826
0.29388223062474755   154.17721502383884   171.3351830191393
0.3024975193514008   145.83016513039925   163.00780442338518
0.31136536911138296   138.5438791173298   155.46017863121233
0.3204931838440838   131.68922299470688   148.28794579994664
0.32988858453867975   124.76152457968011   141.20187451866545
0.3395594155970457   117.62483875101447   134.12696397447576
0.34951375138319807   110.58227101316443   127.2591774958815
0.3597599029647371   104.06277718491808   120.84354520702563
0.37030642505191835   98.22328277862572   114.92001172283696
0.3811621231401457   92.91223279594584   109.3965863886707
0.3923360608618501   87.82496824467958   104.11403595359032
0.4038375675538918   82.78324250006087   98.98261298482937
0.41567624604680364   77.87094034811398   94.04834747402079
0.42786198068238046   73.2723843704637   89.39290531168211
0.4404049455663077   69.05127111166296   85.03060994587196
0.4533156130627191   65.11110947839579   80.90509378703139
0.4666047625377753   61.32793371670007   76.96268188132741
0.4802834893595659   57.681149330727436   73.19657811238824
0.49436321416184764   54.24048766829357   69.6264482871638
0.5088556923793517   51.034832188451695   66.25572431531754
0.5237730240626238   48.02194057706019   63.06131482625307
0.5391276639805903   45.1531060875129   60.02191584121433
0.5549324320192869   42.43015550420421   57.13600910168354
0.5712005238854289   39.872215334607176   54.40230548989088
0.5879455221237613   37.46918497046897   51.81270399621778
0.6051814074573895   35.19738324192523   49.354943056766835
0.622922570460556   33.04974900395493   47.022308225524725
0.6411838235736077   31.02921912854277   44.811990850818866
0.6599804134701901   29.128029646787258   42.71697170080572
0.6793280337869897   27.335351265601307   40.72968335513762
0.6992428382266549   25.646749988750745   38.845244227962304
0.7197414540448374   24.05755422320061   37.05872727639187
0.7408409959326054   22.562234945432653   35.364922392976496
0.7625590803058332   21.155548429637836   33.75889452503245
0.7849138400134885   19.83252472954731   32.235970863782086
0.8079239394770964   18.588454552396584   30.79172755691392
0.8316085902740278   17.41887669346755   29.421977024293014
0.8559875671776167   16.319566046375325   28.122755790854715
0.8810812246675007   15.286535217777072   26.89028800455971
0.9069105139239728   14.316038122842333   25.720943428302444
0.9334970003205227   13.40452547378501   24.61128823560711
0.960862881429187   12.548630707535587   23.558083717742146
0.9890310055537336   11.745162022592647   22.55827496832648
1.0180248908061487   10.991094652247734   21.608980229235634
1.047868744742366   10.283563376127729   20.707480859536304
1.0785874845736239   9.619855068713496   19.851209376451827
1.1102067579703248   8.997396558852047   19.037674854631867
1.1427529644757777   8.413748993901145   18.264460550396702
1.1762532775476793   7.866607907946355   17.529296463392424
1.210735667245765   7.353796845754989   16.830053529276494
1.246228923584555   6.873260908305923   16.164734133744407
1.2827626805706884   6.423060575871199   15.53146331045556
1.3203674409449337   6.001365800202409   14.928480570503327
1.3590746016495152   5.6064503674021955   14.354122576869294
1.3989164800420282   5.236686570071163   13.80674759838569
1.4399263408778291   4.890539993347386   13.284781788842503
1.4821384240834183   4.566564555586976   12.786755847447607
1.525587973344019   4.2633978244210295   12.311297649469548
1.5703112655292182   3.97975655160156   11.857125160895544
1.6163456409812174   3.7144324182994537   11.423039919671286
1.6637295346910133   3.466287982958517   11.007921032122159
1.7125025083885144   3.234252584574333   10.610704125666176
1.7627052835733923   3.017318222356232   10.230343491904522
1.814379775514258   2.81453686391919   9.865854594834461
1.8675691282445197   2.625017273784694   9.51632050426937
1.922317750584177   2.447921818071865   9.180886899352684
1.9786713532176083   2.282463433493838   8.858757486252625
2.0366769868582977   2.127902753343956   8.5491897923613
2.0963830815323896   1.9835453775855585   8.251490807859353
2.1578394870138577   1.8487390232049998   7.964989650030157
2.2210975144450407   1.7228710561813543   7.689027796057501
2.286209979177315   1.6053666134618991   7.422992104687084
2.3532312448676476   1.495686419539188   7.166314310131117
2.4222172688678643   1.3933246885098651   6.918467809399589
2.4932256489445366   1.2978071419993   6.678964714761138
2.5663156713684585   1.2086891371217283   6.447353145555341
2.641548360413907   1.1255539567394823   6.223217572824711
2.7189865293089923   1.0480117157619733   6.006206258441211
2.798694832679631   0.9756973615647315   5.7960126407793
2.8807398205309562   0.9082687177242726   5.592350094957058
2.9651899938111903   0.8454051217546317   5.394950273454607
3.05211586160442   0.7868061454419012   5.203561944630249
3.1415899999999994   0.7321903854193844   5.017949904543038
