0.01   15426.06739114642   15424.707205006605
0.010293154462191829   15544.123796001986   15542.674449341126
0.010594902878253955   15653.731896702366   15652.190101854392
0.010905497183778876   15754.37652536282   15752.736630057736
0.011225196699963396   15845.547131170804   15843.800817342555
0.011554268350120923   15926.73554899299   15924.872139155294
0.011892986882540897   15997.406987016207   15995.415332360142
0.012241635099881474   16057.026887480513   16054.896080642953
0.012600504095286909   16105.076376987061   16102.795785137228
0.012969893495426888   16141.030553313789   16138.588978026457
0.013350111710660605   16164.357740283065   16161.742439441095
0.013741476192534558   16174.550966521778   16171.747666195284
0.014144313698828986   16171.122608473965   16168.115449089188
0.01455896056637426   16153.576974058382   16150.348068703537
0.014985762991865008   16121.446409047388   16117.975844401644
0.01542507732090645   16074.304302521752   16070.57024576533
0.015877270345534218   16011.743588937808   16007.721537718686
0.016342719610456153   15933.386167992157   15929.048410033813
0.016821813728271667   15838.909860423755   15834.225748321714
0.017314952703931925   15728.046701779473   15722.982814019779
0.017822548268711737   15600.575769590037   15595.095811670673
0.01834502422397195   15456.34308368443   15450.408267785027
0.018882816794999403   15295.269516812916   15288.839182959184
0.019436374995219892   15117.36320158146   15110.396494736766
0.02000616100108813   14922.717861463267   14915.174933668146
0.020592650537967844   14711.509136756198   14703.351686450473
0.021196333277324068   14484.028214687432   14475.22152263631
0.02181771324555934   14240.709531628896   14231.225734047139
0.022457309244835088   13982.071791868784   13971.890368135722
0.02311565528622961   13708.729734088301   13697.83835951002
0.023793301035594242   13421.511487851287   13409.911285980927
0.024490812272480036   13121.360816967348   13109.067941196128
0.025208771362518027   12809.270705181982   12796.315468961871
0.0259477777436476   12486.426986799072   12472.857920055207
0.02670844842659881   12154.239241540063   12140.128224244894
0.027491418510046592   11814.118175181751   11799.558120534037
0.028297341710866907   11467.533569687808   11452.63603713642
0.029126890909937666   11116.301409720549   11101.196253980972
0.029980758713939952   10762.252284318107   10747.084888275422
0.030859658033628758   10407.110300315388   10392.03802603799
0.031764322679055976   10052.791244608374   10037.981208635127
0.03269550797224261   9701.344716853971   9686.971570457252
0.033653991377811755   9354.61314110792   9340.855898042046
0.03464057315210884   9014.408184314527   9001.44247352366
0.03565607701135116   8682.906474849435   8670.887046456874
0.036701350819364466   8362.090551160742   8351.149505947127
0.03777726729548091   8053.623584576917   8043.871157720033
0.038884724743189276   7758.776832026704   7750.284307485978
0.04002464780014597   7478.507895149284   7471.299301725231
0.041197988210172884   7213.577283283554   7207.636144030306
0.04240572561788674   6964.932037141907   6960.182077182126
0.04364886838662332   6734.136473891337   6730.39257723087
0.04492845444033957   6522.612731559719   6519.588265315653
0.04624555213019635   6331.175042348594   6328.49848083716
0.04760126112654554   6158.324976794852   6155.56940495262
0.04899671333706607   6001.971443057429   5998.665016127745
0.05043307385181555   5860.23918379962   5855.866120279965
0.05191154191598653   5731.413656843242   5725.412827683547
0.053433351931179485   5613.933370910866   5605.698412011556
0.05499977448602865   5506.053641923914   5494.952774050347
0.05661211741704101   5405.235277189774   5390.667164386399
0.05827172690053434   5308.917495588606   5290.326863651565
0.05997998857658587   5213.963801742417   5190.93950874024
0.06173832870592997   5116.784764501924   5089.146234181558
0.0635482153607709   5013.793721467182   4981.646161766593
0.06541115965050462   4901.10693087087   4864.970527084325
0.06732871698337338   4775.260982271837   4736.076097964381
0.06930248836510605   4633.71904024013   4592.848083268976
0.07133412173562886   4474.834005736332   4434.016862337789
0.07342531334496233   4298.856013069673   4260.179713332995
0.07557780916945323   4107.180355866102   4072.9772863007256
0.07779340636952398   3902.5362123540817   3875.210025245846
0.08007395479015682   3688.429146765467   3670.294135219767
0.08242135850536496   3469.5265460019373   3462.613489885688
0.08483757740794096   3250.777573335423   3256.6956824432586
0.08732462884580919   3037.4240318838483   3057.211713439596
0.08988458930634863   2834.963943005483   2868.850357650593
0.09251959615009227   2648.6685341564325   2695.992432943918
0.09523184939525078   2482.877858415082   2541.9984709840246
0.09802361355455057   2341.0025196285746   2409.3034981000897
0.10089721952591899   2224.171847983793   2298.4138310797953
0.10385506653859616   2131.9352482272825   2208.4668293798613
0.10689962415629803   2061.39890489826   2136.4237202386894
0.11003343433910281   2008.4381856294876   2078.36569922016
0.11325911356578279   1967.3575756590847   2029.5429873978335
0.11657935501835284   1931.70898550242   1984.612340652572
0.11999693083066039   1894.6070910966298   1938.0408763546611
0.12351469440289359   1849.5167978339434   1885.1868004103696
0.12713558278394044   1791.3574704063446   1822.73056447792
0.13086261912358757   1717.246739200705   1749.0447840898423
0.13469891519660646   1627.1220058002293   1664.5974226148169
0.13864767400083483   1523.7931278966576   1572.0341701913014
0.14271219243142114   1412.8663294389876   1475.8213217642947
0.14689586403346616   1302.118372749626   1381.5941537399465
0.1512021818353596   1199.9927474484186   1294.9847326210593
0.15563474126517718   1113.1318024256045   1219.808284076618
0.16019724315257297   1044.6539325689816   1157.8876544639877
0.1648934968186736   994.3095447493167   1108.1909853653228
0.1697274232565544   959.3634158108239   1068.2196807984958
0.17470305840495237   934.8366094477326   1034.622953734141
0.17982455651794954   913.5097501676428   1002.7191933304496
0.18509619363343993   887.60503163142   968.3737559168316
0.19052237114327647   851.7807848684828   929.1069750040526
0.19610761946807834   804.921310431213   884.6840410649133
0.20185660183976684   749.7176867742976   837.0426944410553
0.20777411819498756   691.6953269258847   789.6003874831233
0.21386510918267082   637.7267248945219   745.5719829329628
0.22013466028907505   593.2304252240676   707.4403293353379
0.22658800608375756   560.2036178630041   675.0684906884111
0.23323053459001789   537.0650107798158   647.5876115255522
0.2400677917834628   519.0844165758601   622.6544629776532
0.24710548622244882   500.2805595853492   597.8013936875714
0.25434949381426813   476.62376713496735   571.803605538263
0.2618058627210567   447.46271374656993   544.7063811599833
0.2694808184095226   415.36551655618933   517.5152915443236
0.27738076884870827   384.9619639709919   491.96579368912626
0.2855123098601282   359.92120234179305   468.95680516994844
0.29388223062474755   340.87687738417355   448.4832371375167
0.3024975193514008   325.71256684379034   429.52407501165766
0.31136536911138296   310.86033241511944   411.3419893533577
0.3204931838440838   293.79682898547566   393.1533396525543
0.32988858453867975   274.7551096850995   375.27489540153664
0.3395594155970457   255.91195897681067   358.1327858060934
0.34951375138319807   239.53540427423752   342.2764392361931
0.3597599029647371   226.2023580852196   327.5528833671086
0.37030642505191835   214.5253628265159   313.66831543752176
0.3811621231401457   202.68895484554753   300.28328933722554
0.3923360608618501   190.1271176459013   287.3520346422505
0.4038375675538918   177.71115562061803   274.94935853850257
0.41567624604680364   166.60778171816602   263.29505853694053
0.42786198068238046   156.97244751704415   252.37323387651884
0.4404049455663077   148.00739605798603   241.9680615306269
0.4533156130627191   139.02767357090744   231.99006286695857
0.4666047625377753   130.19470553587323   222.44788845841558
0.4802834893595659   122.04742154478126   213.3979921877846
0.49436321416184764   114.70253026554944   204.86187956495473
0.5088556923793517   107.78797410109486   196.72869612300656
0.5237730240626238   101.06628696407542   188.9395982581812
0.5391276639805903   94.68653764189828   181.53302696696244
0.5549324320192869   88.8050846355583   174.5040199035331
0.5712005238854289   83.31970903589954   167.8215644979536
0.5879455221237613   78.09061091857691   161.44822598006317
0.6051814074573895   73.14565447147487   155.35939833378166
0.622922570460556   68.54239929116866   149.58918491130265
0.6411838235736077   64.22059676246245   144.09098814981357
0.6599804134701901   60.15361126509593   138.84181060868926
0.6793280337869897   56.32893041475411   133.82998791601017
0.6992428382266549   52.7343788359744   129.04441894023228
0.7197414540448374   49.35814083516719   124.47453939032408
0.7408409959326054   46.188778502029706   120.11029658119013
0.7625590803058332   43.215245630355625   115.94212532139368
0.7849138400134885   40.42672192432758   111.96046544767006
0.8079239394770964   37.812193390167856   108.15451461591081
0.8316085902740278   35.3611153097908   104.5137671269463
0.8559875671776167   33.06356802093789   101.02843275446722
0.8810812246675007   30.91022031991082   97.68938316668581
0.9069105139239728   28.89229500605073   94.48810283762212
0.9334970003205227   27.001536441179404   91.41664404121552
0.960862881429187   25.230195872044924   88.46754542324072
0.9890310055537336   23.571071451424732   85.6336065756977
1.0180248908061487   22.01740033779969   82.90803157652503
1.047868744742366   20.562798654305805   80.2844877657111
1.0785874845736239   19.20124249264146   77.75707260851578
1.1102067579703248   17.927049744573672   75.32028317767761
1.1427529644757777   16.73486268260441   72.96898815228748
1.1762532775476793   15.619629396152108   70.69837365417098
1.210735667245765   14.576573782212186   68.50369318745935
1.246228923584555   13.601192614539329   66.38039911215911
1.2827626805706884   12.689250694038064   64.32427235355665
1.3203674409449337   11.8367659466403   62.33140164836835
1.3590746016495152   11.03999518637726   60.39816310317819
1.3989164800420282   10.295420614011137   58.521201415986766
1.4399263408778291   9.59973707492598   56.697412547016874
1.4821384240834183   8.949840687792445   54.92392709486475
1.525587973344019   8.342816914501372   53.19809584949068
1.5703112655292182   7.77592895532287   51.51747679365289
1.6163456409812174   7.246607490843507   49.87982246447507
1.6637295346910133   6.752440989341516   48.28306817621848
1.7125025083885144   6.2911665332290205   46.725321028854964
1.7627052835733923   5.860661132455209   45.204853893472496
1.814379775514258   5.458933322920422   43.720212311153176
1.8675691282445197   5.084115448889079   42.27020142945471
1.922317750584177   4.734456581060497   40.85373391433669
1.9786713532176083   4.408315581998532   39.46981572630798
2.0366769868582977   4.104154544325386   38.1175401718911
2.0963830815323896   3.8205325964817427   36.796082197409824
2.1578394870138577   3.5561000470837674   35.50469437180547
2.2210975144450407   3.3095922139843656   34.24279965576837
2.286209979177315   3.079824055790699   33.01003002382246
2.3532312448676476   2.865686455018281   31.806055651177342
2.4222172688678643   2.6661416331960086   30.630566085898398
2.4932256489445366   2.480218725864002   29.483267846000516
2.5663156713684585   2.307009619838816   28.363882103335786
2.641548360413907   2.1456650403958935   27.27214288981045
2.7189865293089923   1.995391522835097   26.207922571000857
2.798694832679631   1.8554485791562945   25.171377440865474
2.8807398205309562   1.7251437984713174   24.162645442644163
2.9651899938111903   1.603829631452832   23.181800169858843
3.05211586160442   1.4909006137256042   22.228854064929894
3.1415899999999994   1.3857907504989164   21.30376165271824
