0.01   4227.601383908383   4227.423674744932
0.010293154462191829   4281.888202975228   4281.704551079458
0.010594902878253955   4334.774553320352   4334.585034222254
0.010905497183778876   4386.121888434106   4385.926237020017
0.011225196699963396   4435.789061330669   4435.586605877925
0.011554268350120923   4483.632640118706   4483.422354696146
0.011892986882540897   4529.502718711699   4529.283668943188
0.012241635099881474   4573.246408737585   4573.0179461621965
0.012600504095286909   4614.710356925548   4614.472126887917
0.012969893495426888   4653.735476346448   4653.487161071073
0.013350111710660605   4690.155553744933   4689.896523597947
0.013741476192534558   4723.805030341682   4723.534313104317
0.014144313698828986   4754.518583556804   4754.2348979045655
0.01455896056637426   4782.126031950932   4781.827959625417
0.014985762991865008   4806.458489145468   4806.144527195279
0.01542507732090645   4827.350998166186   4827.019559585683
0.015877270345534218   4844.636630057051   4844.285943739547
0.016342719610456153   4858.147946877922   4857.775965724801
0.016821813728271667   4867.724457879679   4867.3288635292165
0.017314952703931925   4873.211902413385   4872.790084485633
0.017822548268711737   4874.4591605374035   4874.00813440806
0.01834502422397195   4871.324612760907   4870.841019925782
0.018882816794999403   4863.678435226015   4863.158559807397
0.019436374995219892   4851.402426439383   4850.842144856257
0.02000616100108813   4834.39175317616   4833.786516906838
0.020592650537967844   4812.557137692006   4811.902013402239
0.021196333277324068   4785.828884504742   4785.118696097803
0.02181771324555934   4754.160955398878   4753.390531006735
0.022457309244835088   4717.5264914271775   4716.690735396556
0.02311565528622961   4675.9205248898525   4675.014517900611
0.023793301035594242   4629.378129487237   4628.397564653557
0.024490812272480036   4577.963034345676   4576.904423084377
0.025208771362518027   4521.758675882425   4520.6193740221415
0.0259477777436476   4460.892448088019   4459.671179750219
0.02670844842659881   4395.5450713560285   4394.242640715577
0.027491418510046592   4325.914755118099   4324.534009681106
0.028297341710866907   4252.22680993482   4250.772618204428
0.029126890909937666   4174.785994899474   4173.265578434077
0.029980758713939952   4093.9231236521305   4092.346002681806
0.030859658033628758   4009.9732830942276   4008.3510682869423
0.031764322679055976   3923.3433084660664   3921.690023450123
0.03269550797224261   3834.504659936329   3832.837008492583
0.033653991377811755   3743.91371386559   3742.2507321699823
0.03464057315210884   3652.037241371401   3650.399761694875
0.03565607701135116   3559.42157714445   3557.831334963764
0.036701350819364466   3466.597004643396   3465.07625147313
0.03777726729548091   3374.061535465324   3372.632651571429
0.038884724743189276   3282.397179444335   3281.080352104743
0.04002464780014597   3192.2211614888242   3191.0329451484527
0.041197988210172884   3104.0879481226048   3103.041542364777
0.04240572561788674   3018.4519796796935   3017.5569596835708
0.04364886838662332   2935.6260040163697   2934.8873215774697
0.04492845444033957   2855.870373453539   2855.288686977304
0.04624555213019635   2779.439464529728   2779.0104182260343
0.04760126112654554   2706.8052647553905   2706.5094110262803
0.04899671333706607   2638.5126510069094   2638.3116585106745
0.05043307385181555   2575.0312556079125   2574.8699582691947
0.05191154191598653   2516.305991546998   2516.1186571642274
0.053433351931179485   2461.7468681988917   2461.463309482676
0.05499977448602865   2410.7846986487893   2410.330736436389
0.05661211741704101   2362.898402852038   2362.196451248197
0.05827172690053434   2317.609407322124   2316.579145723955
0.05997998857658587   2274.45655878596   2273.0157360253875
0.06173832870592997   2232.8064094288306   2230.877752316222
0.0635482153607709   2191.938624621773   2189.4542249203046
0.06541115965050462   2151.1019252028836   2148.008828392179
0.06732871698337338   2109.3679059118863   2105.6439616141615
0.06930248836510605   2065.824905208384   2061.4829800055477
0.07133412173562886   2019.4867687709007   2014.594599250112
0.07342531334496233   1969.3933309430402   1964.0819005051262
0.07557780916945323   1914.828205174258   1909.2920256307925
0.07779340636952398   1855.3353525916677   1849.8301276739803
0.08007395479015682   1790.845496125128   1785.6829719783386
0.08242135850536496   1721.7317648028013   1717.272984578237
0.08483757740794096   1648.768402310844   1645.3916134656151
0.08732462884580919   1573.129234452128   1571.1961691450772
0.08988458930634863   1496.1911025181648   1496.0258738013697
0.09251959615009227   1419.437678047267   1421.3097595171698
0.09523184939525078   1344.413728168439   1348.503387647171
0.09802361355455057   1272.6251248112837   1279.0058174576186
0.10089721952591899   1205.6069485165672   1214.2222968495796
0.10385506653859616   1144.6343651108548   1155.2970622682792
0.10689962415629803   1090.7411402412506   1103.0801984751135
0.11003343433910281   1044.4948683849104   1058.0053223934428
0.11325911356578279   1005.754816162161   1019.8778739283601
0.11657935501835284   973.776403013616   987.9386444631581
0.11999693083066039   947.1388245245297   960.7931463929333
0.12351469440289359   923.990772808036   936.7245500471616
0.12713558278394044   902.2504009849607   913.8614867443456
0.13086261912358757   879.7816381745695   890.326567253938
0.13469891519660646   854.6882868709115   864.507668850268
0.13864767400083483   825.5225418347794   835.2340137793864
0.14271219243142114   791.6243182715068   802.0471335179801
0.14689586403346616   753.2220588698599   765.254203111906
0.1512021818353596   711.3809163889945   725.8600923098303
0.15563474126517718   667.8534251937684   685.4147707491276
0.16019724315257297   624.890807981991   645.8051573275696
0.1648934968186736   584.9339854383151   608.9967713535474
0.1697274232565544   550.0783037990515   576.6251846164414
0.17470305840495237   521.4587207885785   549.4692451236662
0.17982455651794954   498.8941467708381   527.1873810689865
0.18509619363343993   481.12333744057685   508.72335510171644
0.19052237114327647   466.3072300726949   492.5226612558589
0.19610761946807834   452.27431130526304   476.89905318553866
0.20185660183976684   436.74745688975355   460.1774585827613
0.20777411819498756   418.07057652387357   441.21719213552063
0.21386510918267082   396.0385525319333   420.1759054326608
0.22013466028907505   371.8774349343954   397.896921315693
0.22658800608375756   347.508740443266   375.8128030939756
0.23323053459001789   324.9588655944996   355.3384009430553
0.2400677917834628   305.81272142465497   337.42231179335846
0.24710548622244882   290.55171305065596   322.3249827846123
0.25434949381426813   278.4143288427683   309.3568907810111
0.2618058627210567   267.79127136412984   297.4495507459673
0.2694808184095226   256.81882711260886   285.46863741586395
0.27738076884870827   244.25107621775888   272.7008124002699
0.2855123098601282   230.1691125312967   259.30846695006625
0.29388223062474755   215.6474213393121   245.96725096429074
0.3024975193514008   202.06474888071835   233.477860510052
0.31136536911138296   190.4850686356548   222.28478538252543
0.3204931838440838   180.95848288435764   212.3988859357685
0.32988858453867975   172.5981859875221   203.24684985064104
0.3395594155970457   164.29784501730575   194.33653079014988
0.34951375138319807   155.3778594083957   185.30781001537343
0.3597599029647371   146.0458882698642   176.3714408755278
0.37030642505191835   137.10370315920213   167.86324498192093
0.3811621231401457   129.17048232198908   159.99985231152172
0.3923360608618501   122.28409939733982   152.75205816068825
0.4038375675538918   115.93599295241394   145.9175088914191
0.41567624604680364   109.57938085752367   139.26898306962713
0.42786198068238046   103.13408875849402   132.79756150604848
0.4404049455663077   96.9400371777294   126.63105498543858
0.4533156130627191   91.30953141766572   120.84121268233632
0.4666047625377753   86.21226067723748   115.40167940431921
0.4802834893595659   81.37230967364006   110.22084920479075
0.49436321416184764   76.616024875696   105.24036025987394
0.5088556923793517   72.03838089269028   100.48662075160124
0.5237730240626238   67.78875397093177   95.99347359359655
0.5391276639805903   63.85931192711732   91.74063346918636
0.5549324320192869   60.12545006466889   87.69054937011111
0.5712005238854289   56.536337117648976   83.82481538418835
0.5879455221237613   53.14633107203461   80.15190274582571
0.6051814074573895   49.98357742409766   76.67018672432124
0.622922570460556   47.00328233803633   73.36095458454687
0.6411838235736077   44.16906683504107   70.20796858400855
0.6599804134701901   41.49449695410969   67.21210462244295
0.6793280337869897   38.98431897581837   64.36702182384953
0.6992428382266549   36.62116817278934   61.661458951253294
0.7197414540448374   34.391062179154716   59.088932449736554
0.7408409959326054   32.2876572763125   56.64260002957254
0.7625590803058332   30.304906090911487   54.31595639729075
0.7849138400134885   28.436931110520838   52.10284296682864
0.8079239394770964   26.678032520060864   49.99742935391053
0.8316085902740278   25.02269432372018   47.99419584028874
0.8559875671776167   23.465588897378872   46.08791675979818
0.8810812246675007   22.001520180732953   44.27359427281719
0.9069105139239728   20.625228380345117   42.54626689026677
0.9334970003205227   19.331651565849214   40.90119740704074
0.960862881429187   18.116009378175615   39.333933084430676
0.9890310055537336   16.973787854886744   37.84028715040519
1.0180248908061487   15.900725037909659   36.416321574001216
1.047868744742366   14.892797341670494   35.0583310347637
1.0785874845736239   13.946206720643772   33.76282765206816
1.1102067579703248   13.057386581262671   32.52644478101539
1.1427529644757777   12.223006668701588   31.345835000168787
1.1762532775476793   11.439918537358611   30.217842021384733
1.210735667245765   10.705140847444376   29.139513736540128
1.246228923584555   10.015851664713129   28.108087643315216
1.2827626805706884   9.369381024905806   27.12097741358497
1.3203674409449337   8.763203760994584   26.17576050773151
1.3590746016495152   8.194932399125143   25.270163368319082
1.3989164800420282   7.6623051885550995   24.401953485661217
1.4399263408778291   7.163180622479373   23.568930341563778
1.4821384240834183   6.695538385632394   22.769038531773802
1.525587973344019   6.2574733939097404   22.000363747223943
1.5703112655292182   5.847189709774446   21.261122492401803
1.6163456409812174   5.462994743687978   20.549652655849656
1.6637295346910133   5.103293730639618   19.864404854911456
1.7125025083885144   4.766584493227249   19.203929709830998
1.7627052835733923   4.4514526281324915   18.566826929272803
1.814379775514258   4.156566591543431   17.951765466070352
1.8675691282445197   3.880673027012575   17.35750868274008
1.922317750584177   3.6225924743037146   16.7829082146809
1.9786713532176083   3.3812152932740616   16.226897927640117
2.0366769868582977   3.15549779175872   15.688488354573494
2.0963830815323896   2.9444585487703527   15.166761566369846
2.1578394870138577   2.74717471509791   14.660861815358794
2.2210975144450407   2.562778042456059   14.169975248956803
2.286209979177315   2.390452652936364   13.693343750549168
2.3532312448676476   2.229432336874125   13.230267784105703
2.4222172688678643   2.0789976774874703   12.78010260978509
2.4932256489445366   1.938473331101156   12.342254760383796
2.5663156713684585   1.8072254553551095   11.916178753119427
2.641548360413907   1.6846592804844809   11.50137423858712
2.7189865293089923   1.5702173128958672   11.09743167941218
2.798694832679631   1.4633775843223222   10.704080228728703
2.8807398205309562   1.3636504101392652   10.32107810738149
2.9651899938111903   1.2705763492057995   9.948195481424083
3.05211586160442   1.1837244421538398   9.585213618967883
3.1415899999999994   1.1026905438564254   9.231924084582335
