0.01   11152.64265939285   11150.963690122997
0.010293154462191829   11282.529252640712   11280.699641197474
0.010594902878253955   11408.43477505496   11406.440913996812
0.010905497183778876   11530.00650961134   11527.833339152174
0.011225196699963396   11646.8848640226   11644.51576020724
0.011554268350120923   11758.706883403991   11756.123666841298
0.011892986882540897   11865.092515368036   11862.27563565409
0.012241635099881474   11965.648369380879   11962.577075042696
0.012600504095286909   12059.981289436428   12056.633675629668
0.012969893495426888   12147.693542975483   12144.046264839815
0.013350111710660605   12228.372492954824   12224.399885618825
0.013741476192534558   12301.607409293189   12297.281381663273
0.014144313698828986   12366.992868731035   12362.282947138476
0.01455896056637426   12424.11341858535   12418.98652512489
0.014985762991865008   12472.552472508482   12466.972843145833
0.01542507732090645   12511.906345708763   12505.835670785124
0.015877270345534218   12541.77943311172   12535.176656639695
0.016342719610456153   12561.778396241156   12554.59913121701
0.016821813728271667   12571.528641787369   12563.72531597109
0.017314952703931925   12570.678194947022   12562.200254650392
0.017822548268711737   12558.893902033225   12549.687444121866
0.01834502422397195   12535.868136506724   12525.875953502362
0.018882816794999403   12501.32538138343   12490.487404745989
0.019436374995219892   12455.02983852459   12443.283685117178
0.02000616100108813   12396.791045805308   12384.07264293783
0.020592650537967844   12326.459029383854   12312.703214737547
0.021196333277324068   12243.932264226021   12229.07372215134
0.02181771324555934   12149.191982291592   12133.167714783774
0.022457309244835088   12042.278245298427   12025.028857919395
0.02311565528622961   11923.277484485981   11904.747831504548
0.023793301035594242   11792.374194899203   11772.516151529242
0.024490812272480036   11649.862378902571   11628.638018715752
0.025208771362518027   11496.07996901468   11473.461926547574
0.0259477777436476   11331.435755301807   11307.408158988419
0.02670844842659881   11156.52074820539   11131.0829255961
0.027491418510046592   10971.99047247012   10945.157506462641
0.028297341710866907   10778.523179788464   10750.325338677343
0.029126890909937666   10576.94923386041   10547.434497525139
0.029980758713939952   10368.233398166958   10337.46942004822
0.030859658033628758   10153.327817077165   10121.400269451087
0.031764322679055976   9933.255105310323   9900.264949139235
0.03269550797224261   9709.321836979518   9675.380488059931
0.033653991377811755   9482.831616380316   9448.058437956586
0.03464057315210884   9255.009680748115   9219.530250920452
0.03565607701135116   9027.046052902913   8990.991383491955
0.036701350819364466   8800.077480123431   8763.583019124071
0.03777726729548091   8575.146986390739   8538.350986341433
0.038884724743189276   8353.38506465934   8316.416536476001
0.04002464780014597   8136.279900793455   8099.230975575002
0.041197988210172884   7925.239611279503   7888.163729535543
0.04240572561788674   7721.508807200449   7684.421260409534
0.04364886838662332   7526.082152204682   7488.937565517552
0.04492845444033957   7339.773030125498   7302.455459215098
0.04624555213019635   7163.2866746066065   7125.615725676571
0.04760126112654554   6996.781150652981   6958.523336561417
0.04899671333706607   6839.776334929676   6800.65731283018
0.05043307385181555   6691.775870599608   6651.484308960631
0.05191154191598653   6552.017067246254   6510.2163772985205
0.053433351931179485   6419.385298254804   6375.728099097196
0.05499977448602865   6292.795034638894   6246.9279810704365
0.05661211741704101   6170.888990550731   6122.489763770606
0.05827172690053434   6052.1470776679635   6000.950825556716
0.05997998857658587   5935.015344757031   5880.835246080599
0.06173832870592997   5817.577748137899   5760.375868397489
0.0635482153607709   5697.933756283647   5637.837822627378
0.06541115965050462   5573.946998835931   5511.325242782626
0.06732871698337338   5443.431597290136   5378.9339020199905
0.06930248836510605   5304.431557040749   5239.070262428607
0.07133412173562886   5155.258869250495   5090.490660806333
0.07342531334496233   4994.930766213198   4932.549529193604
0.07557780916945323   4823.373125437729   4765.363675867969
0.07779340636952398   4641.42840938844   4589.918603939241
0.08007395479015682   4451.006239071679   4408.228361051928
0.08242135850536496   4254.772961828886   4222.823462126744
0.08483757740794096   4055.9914411366194   4036.6166577751173
0.08732462884580919   3858.2298180188914   3852.741525817311
0.08988458930634863   3665.088739966937   3674.2764250421906
0.09251959615009227   3480.267898178711   3504.1553293828847
0.09523184939525078   3307.0351125545053   3344.908695242404
0.09802361355455057   3148.4451610552815   3198.7901940309516
0.10089721952591899   3006.762201680887   3067.3375302302275
0.10385506653859616   2883.127917629036   2950.942284492269
0.10689962415629803   2777.297580315449   2848.9807844551683
0.11003343433910281   2687.3816768134843   2759.6398076013006
0.11325911356578279   2609.9918143746268   2679.913470789411
0.11657935501835284   2540.7477757377646   2606.132356211745
0.11999693083066039   2474.5994179038   2534.5675181601555
0.12351469440289359   2406.5979028032157   2461.6918523660747
0.12713558278394044   2332.324315698903   2384.4870438349785
0.13086261912358757   2248.611100701909   2301.1741222445444
0.13469891519660646   2154.119394937877   2211.1599187507495
0.13864767400083483   2049.5940123657597   2115.4409094586026
0.14271219243142114   1937.8417985387061   2016.7721384705412
0.14689586403346616   1823.2319124234016   1917.8532410540358
0.1512021818353596   1711.0890291151304   1822.1490497261545
0.15563474126517718   1606.9637713261043   1733.2099874779608
0.16019724315257297   1515.5594013017442   1653.382640384695
0.1648934968186736   1439.3870031676013   1583.5759147352144
0.1697274232565544   1377.8670300344115   1523.3273985986336
0.17470305840495237   1327.7128134833274   1469.5406595171291
0.17982455651794954   1284.1591254841162   1419.8133118136402
0.18509619363343993   1241.9073751127737   1371.2111434248784
0.19052237114327647   1195.8072482154303   1321.1367012267979
0.19610761946807834   1142.290407967168   1268.1999483922648
0.20185660183976684   1081.143548524105   1213.0229129137351
0.20777411819498756   1015.6207159113358   1157.2117519556773
0.21386510918267082   950.6386972049398   1103.1640774549542
0.22013466028907505   891.007782635355   1052.9601403244105
0.22658800608375756   840.2102499376873   1007.4204898069578
0.23323053459001789   799.0794846440264   966.9133175011652
0.2400677917834628   765.3424416948168   929.7854322573864
0.24710548622244882   734.8404179560349   894.5348474515017
0.25434949381426813   703.086635651156   859.7336975270528
0.2618058627210567   667.3909773392483   824.4790835815679
0.2694808184095226   628.2988228974123   789.3395615415143
0.27738076884870827   588.8186975118151   755.3001064163233
0.2855123098601282   552.3893096531843   723.2717680206207
0.29388223062474755   521.308430771362   693.6607291450111
0.3024975193514008   495.36057208265356   666.1390567279032
0.31136536911138296   472.0518281874933   640.0483676395455
0.3204931838440838   448.594163721384   614.7176831673078
0.32988858453867975   423.58725911800997   590.0528687208631
0.3395594155970457   397.8521679938821   566.0186125149381
0.34951375138319807   373.5348648278131   543.2092341133863
0.3597599029647371   352.08109423413345   521.7701305746752
0.37030642505191835   333.29189071478174   501.49988557843244
0.3811621231401457   315.7106467240371   482.1169096452121
0.3923360608618501   298.0108902779665   463.51484389587466
0.4038375675538918   280.1932483966524   445.56976932593506
0.41567624604680364   263.26195408141666   428.44961809774225
0.42786198068238046   247.94960550833576   412.2328554476664
0.4404049455663077   234.01693139874016   396.80236994253056
0.4533156130627191   220.67145103816355   382.042480694478
0.4666047625377753   207.55657929982803   367.86922135783936
0.4802834893595659   195.01372767314723   354.3154035703928
0.49436321416184764   183.43062299474678   341.4231536178251
0.5088556923793517   172.6961938110333   329.14644239834234
0.5237730240626238   162.45187324454582   317.38558656405695
0.5391276639805903   152.61301041996174   306.11444126581097
0.5549324320192869   143.35979250865205   295.35986603939324
0.5712005238854289   134.73788959026697   285.09926769940796
0.5879455221237613   126.59616226765152   275.2835674637156
0.6051814074573895   118.85357415490331   265.8734685063304
0.622922570460556   111.56469437586985   256.8726028362871
0.6411838235736077   104.73003508665775   248.2693612110865
0.6599804134701901   98.28954851009003   240.01296861164258
0.6793280337869897   92.21866088459477   232.1026300845098
0.6992428382266549   86.49893405445728   224.5214598449625
0.7197414540448374   81.11294945215644   217.25050012470268
0.7408409959326054   76.04385880835905   210.27204273594552
0.7625590803058332   71.27539558290172   203.56953913085917
0.7849138400134885   66.79188171777864   197.1275171753002
0.8079239394770964   62.57797603145733   190.93128510605445
0.8316085902740278   58.61839092588351   184.9665711017421
0.8559875671776167   54.898550831456504   179.2199810900063
0.8810812246675007   51.404665307383006   173.67902208675267
0.9069105139239728   48.12368990337418   168.3320392430066
0.9334970003205227   45.04328878107415   163.16815802799883
0.960862881429187   42.15179902734211   158.1772310845007
0.9890310055537336   39.43819963885198   153.34975889828942
1.0180248908061487   36.89213020338537   148.67630906756483
1.047868744742366   34.503837283070474   144.14761424457186
1.0785874845736239   32.26409014440789   139.75507126945433
1.1102067579703248   30.164154537056937   135.4907159414184
1.1427529644757777   28.195769364614222   131.34718175107383
1.1762532775476793   26.351124193569525   127.31766193747696
1.210735667245765   24.622837590608736   123.395874533115
1.246228923584555   23.003933258830465   119.57603263244636
1.2827626805706884   21.48780947253999   115.85282418778506
1.3203674409449337   20.068233576043905   112.22137406214452
1.3590746016495152   18.73932815603672   108.67721400989376
1.3989164800420282   17.49555251128885   105.21625871501922
1.4399263408778291   16.331684960079595   101.83478333870124
1.4821384240834183   15.242805958758174   98.5294024029886
1.525587973344019   14.224281996716483   95.29705346138002
1.5703112655292182   13.271749814932614   92.1352398238873
1.6163456409812174   12.381101652583121   89.04214426817062
1.6637295346910133   11.548472135434453   86.0161620897745
1.7125025083885144   10.770225062518504   83.05584379145441
1.7627052835733923   10.042940762734446   80.15988424776566
1.814379775514258   9.36340407794229   77.32711220148207
1.8675691282445197   8.728592946779763   74.55648006661096
1.922317750584177   8.135667316517939   71.84710277080225
1.9786713532176083   7.581956644057091   69.19870595935636
2.0366769868582977   7.064951885285876   66.6113313565015
2.0963830815323896   6.582297940784701   64.08498548966438
2.1578394870138577   6.1317847316059595   61.61963335222915
2.2210975144450407   5.711338732066437   59.215197252511274
2.286209979177315   5.319014962501339   56.87155582923166
2.3532312448676476   4.952989419785812   54.58854328330005
2.4222172688678643   4.61155307296316   52.36614952560908
2.4932256489445366   4.293107161768413   50.2049197087927
2.5663156713684585   3.996153041639918   48.10534094058962
2.641548360413907   3.719285507421756   46.067706112228564
2.7189865293089923   3.461187320323664   44.09212544725913
2.798694832679631   3.220624026946503   42.17853808827288
2.8807398205309562   2.9964390570519863   40.32672365294656
2.9651899938111903   2.7875488537665536   38.53630576880269
3.05211586160442   2.5929322850389847   36.80654590896061
3.1415899999999994   2.4116278629079684   35.136373551481654
