0.01   12427.198512046769   12423.924299808006
0.010293154462191829   12586.38362177906   12582.80374232316
0.010594902878253955   12741.649957163945   12737.73954340104
0.010905497183778876   12892.605768459245   12888.336125377466
0.011225196699963396   13038.85080986773   13034.188815218185
0.011554268350120923   13179.978623246807   13174.88681183374
0.011892986882540897   13315.562795498829   13310.000946757165
0.012241635099881474   13445.164821446238   13439.090930544375
0.012600504095286909   13568.344406895405   13561.71478062506
0.012969893495426888   13684.648243314015   13677.416543732574
0.013350111710660605   13793.601332857645   13785.7167921888
0.013741476192534558   13894.728937313059   13886.136244860802
0.014144313698828986   13987.557316913499   13978.196703640264
0.01455896056637426   14071.596986686827   14061.404206423791
0.014985762991865008   14146.358528602741   14135.264994969075
0.01542507732090645   14211.363044785536   14199.296053290436
0.015877270345534218   14266.128122284685   14253.010129748209
0.016342719610456153   14310.166875796305   14295.914618079036
0.016821813728271667   14343.010324220062   14327.535154195913
0.017314952703931925   14364.20680790713   14347.414749193318
0.017822548268711737   14373.310214729898   14355.100797973408
0.01834502422397195   14369.89832296387   14350.164813462448
0.018882816794999403   14353.580979530398   14332.211103893396
0.019436374995219892   14323.998704492067   14300.874926754925
0.02000616100108813   14280.827076743006   14255.827087541293
0.020592650537967844   14223.784368565792   14196.782160678371
0.021196333277324068   14152.641051532211   14123.508246991652
0.02181771324555934   14067.232621944591   14035.840101045567
0.022457309244835088   13967.448664536043   13933.667970999677
0.02311565528622961   13853.237822932611   13816.942933849738
0.023793301035594242   13724.655158981659   13685.727380808265
0.024490812272480036   13581.839822279911   13540.171030980895
0.025208771362518027   13424.987114464526   13380.480993276647
0.0259477777436476   13254.406617943572   13206.983557772723
0.02670844842659881   13070.562998722711   13020.167460524011
0.027491418510046592   12873.976087431243   12820.577389789245
0.028297341710866907   12665.237082520824   12608.830334580454
0.029126890909937666   12445.156062252141   12385.768177938866
0.029980758713939952   12214.63201313648   12152.322750773037
0.030859658033628758   11974.579543063275   11909.43977807066
0.031764322679055976   11726.102389357135   11658.257658153294
0.03269550797224261   11470.507716347047   11400.121820968534
0.033653991377811755   11209.07266541782   11136.343861311736
0.03464057315210884   10943.098108338132   10868.254498377588
0.03565607701135116   10674.116052901187   10597.410054396974
0.036701350819364466   10403.633881125506   10325.337265452965
0.03777726729548091   10133.071719348107   10053.470217241871
0.038884724743189276   9864.093015881928   9783.467368614633
0.04002464780014597   9598.501984008035   9517.113125258831
0.041197988210172884   9337.931683701516   9256.019220358692
0.04240572561788674   9083.73833269218   9001.51694369505
0.04364886838662332   8836.856989296828   8754.509013559
0.04492845444033957   8598.065471933975   8515.741250729765
0.04624555213019635   8368.122036066241   8285.931952170431
0.04760126112654554   8148.480192715867   8066.401357004411
0.04899671333706607   7940.871044535855   7858.704769023734
0.05043307385181555   7746.803266742517   7664.190888222634
0.05191154191598653   7566.377948026414   7482.862604270761
0.053433351931179485   7398.127336590534   7313.222805479972
0.05499977448602865   7240.607837133243   7153.804743390154
0.05661211741704101   7092.449048584297   7003.21809034414
0.05827172690053434   6952.330829389849   6860.1265419288
0.05997998857658587   6818.9859779270455   6723.2543229005
0.06173832870592997   6690.68892220651   6590.93715697528
0.0635482153607709   6565.449711605423   6461.2941217089865
0.06541115965050462   6441.220585189118   6332.4312210524095
0.06732871698337338   6315.480660327181   6202.124858150313
0.06930248836510605   6185.739106783469   6068.215661521742
0.07133412173562886   6049.233119633939   5928.438318418371
0.07342531334496233   5903.191719754639   5780.596538531
0.07557780916945323   5745.365582613831   5623.017886656924
0.07779340636952398   5574.094746327341   5454.604598181061
0.08007395479015682   5388.710592699721   5275.157777023675
0.08242135850536496   5189.761652713185   5085.584084545082
0.08483757740794096   4978.952247233874   4887.687032366358
0.08732462884580919   4759.249823884658   4684.247057431119
0.08988458930634863   4534.333351998137   4478.519180019267
0.09251959615009227   4308.355575170084   4274.04061987405
0.09523184939525078   4085.7011984447327   4074.318290857088
0.09802361355455057   3870.699418803839   3882.6705775144
0.10089721952591899   3667.797124742298   3702.3432588481173
0.10385506653859616   3480.8078957817424   3535.979325610471
0.10689962415629803   3313.08118296212   3385.4107936018695
0.11003343433910281   3166.790908882986   3251.6664530541007
0.11325911356578279   3042.339684582172   3134.6244276394846
0.11657935501835284   2938.383472170461   3032.7832035172632
0.11999693083066039   2851.5645598084748   2943.0137901619673
0.12351469440289359   2777.0404251863356   2861.5823219117538
0.12713558278394044   2709.07993064323   2784.472405144129
0.13086261912358757   2641.5308778378594   2707.596516875132
0.13469891519660646   2568.6598731234944   2627.4882978879273
0.13864767400083483   2485.712901593344   2541.6373986436083
0.14271219243142114   2389.8684055209983   2448.9082253205142
0.14689586403346616   2280.7648818905714   2349.7400449598263
0.1512021818353596   2160.5455081830723   2246.0446701972933
0.15563474126517718   2033.5581961016937   2140.842249258072
0.16019724315257297   1905.7609540617057   2037.5652158540388
0.1648934968186736   1783.99917019032   1939.7786305119055
0.1697274232565544   1674.7941398168539   1850.704950782514
0.17470305840495237   1582.6648109636762   1771.970168438751
0.17982455651794954   1508.6439037733508   1702.9674756690704
0.18509619363343993   1450.1854471051176   1642.387897650343
0.19052237114327647   1402.4585007697092   1587.1156206813569
0.19610761946807834   1359.5048526518174   1534.27232104295
0.20185660183976684   1314.8009980050792   1481.2381971631842
0.20777411819498756   1262.6402369088942   1425.9145619062112
0.21386510918267082   1200.6154868113335   1368.8548315302914
0.22013466028907505   1130.806916891621   1310.487028847521
0.22658800608375756   1058.2741712017425   1252.9844012453773
0.23323053459001789   988.9160825924847   1198.528211185531
0.2400677917834628   927.9696293239327   1148.212701977736
0.24710548622244882   878.298224268724   1102.8810420504524
0.25434949381426813   838.9246231465967   1061.3098035960181
0.2618058627210567   805.9293114759488   1022.3708293102259
0.2694808184095226   773.9684437984843   984.7527298290171
0.27738076884870827   738.4196732500732   947.1930519619345
0.2855123098601282   697.9506957761257   909.8981139828384
0.29388223062474755   654.8539860442103   873.3389091125365
0.3024975193514008   613.0442832505963   838.7162995992928
0.31136536911138296   576.2054333265747   805.9155597540215
0.3204931838440838   545.7594544786944   775.5318437123913
0.32988858453867975   519.9459767915826   746.7286372393634
0.3395594155970457   495.48934133855715   719.1925470763691
0.34951375138319807   469.71799887236216   692.2908872524955
0.3597599029647371   442.2004070448125   666.3374508475333
0.37030642505191835   414.89724942098786   641.4425902775015
0.3811621231401457   390.08821443210434   617.8250304445239
0.3923360608618501   368.58221954979655   595.313515203296
0.4038375675538918   349.3683971141997   574.066484810327
0.41567624604680364   330.6278294036485   553.6160407501669
0.42786198068238046   311.50592182543414   533.8615890204273
0.4404049455663077   292.6813484564281   514.963761723247
0.4533156130627191   275.28604823698635   496.9369667008102
0.4666047625377753   259.66819900501457   479.8086052903299
0.4802834893595659   245.1382275710145   463.4443927325742
0.49436321416184764   230.95604869859582   447.73553082341994
0.5088556923793517   217.11110558834858   432.61673770235035
0.5237730240626238   204.1218661668477   418.18994697978025
0.5391276639805903   192.17153169357442   404.42208692886607
0.5549324320192869   180.94697723445424   391.24409084349764
0.5712005238854289   170.15116756186814   378.57249472705047
0.5879455221237613   159.87035060898558   366.41365857919857
0.6051814074573895   150.27135917760876   354.78696772197384
0.622922570460556   141.28059924244923   343.6489276545045
0.6411838235736077   132.74243049771184   332.9313211819408
0.6599804134701901   124.65214032788084   322.63679160287234
0.6793280337869897   117.06271655378818   312.7551950552052
0.6992428382266549   109.9242287462299   303.262449317881
0.7197414540448374   103.19251244855573   294.12646309540094
0.7408409959326054   96.8470756125408   285.3269459549227
0.7625590803058332   90.86868722067315   276.8451743670622
0.7849138400134885   85.23878801462668   268.66362352641585
0.8079239394770964   79.93949487675427   260.7658861464963
0.8316085902740278   74.95360177381782   253.13659763007234
0.8559875671776167   70.26457760692814   245.76136706633486
0.8810812246675007   65.85644418626472   238.62636937017265
0.9069105139239728   61.71336546654662   231.71699558731598
0.9334970003205227   57.82016118059973   225.0191554907776
0.960862881429187   54.16247214931004   218.51977696795723
0.9890310055537336   50.72671890066081   212.20673998523813
1.0180248908061487   47.50006213803864   206.06881595588953
1.047868744742366   44.470365045691906   200.0956121427089
1.0785874845736239   41.62615759341261   194.2775202146028
1.1102067579703248   38.9566369529265   188.60561253426084
1.1427529644757777   36.451658962116525   183.07154730469327
1.1762532775476793   34.101630800938956   177.6676430745952
1.210735667245765   31.897475361039895   172.38685604931484
1.246228923584555   29.830606874590952   167.22274440415504
1.2827626805706884   27.892907440288187   162.169435007993
1.3203674409449337   26.076704433258623   157.22159227238322
1.3590746016495152   24.374748158558308   152.37441077134315
1.3989164800420282   22.78017979836127   147.6239976522092
1.4399263408778291   21.286515992967384   142.9672510746148
1.4821384240834183   19.88764195481561   138.40140815979052
1.525587973344019   18.577792630137466   133.92400942243853
1.5703112655292182   17.35153425678769   129.53288049415158
1.6163456409812174   16.20374678007296   125.22611437731481
1.6637295346910133   15.129607094978539   121.00205416136679
1.7125025083885144   14.124572987488877   116.85943761905405
1.7627052835733923   13.184367446459394   112.79825926372327
1.814379775514258   12.304964734301038   108.81897042298371
1.8675691282445197   11.48257690173529   104.92198430983063
1.922317750584177   10.713640672724933   101.10767055982093
1.9786713532176083   9.994804982677667   97.37635157320088
2.0366769868582977   9.322919143342547   93.72829908864004
2.0963830815323896   8.695021606129062   90.16373142143779
2.1578394870138577   8.108328300802317   86.68310217994751
2.2210975144450407   7.56022121823035   83.2875341124557
2.286209979177315   7.0482416424589935   79.97804911309326
2.3532312448676476   6.570081431502676   76.75542922500578
2.4222172688678643   6.123574255122727   73.62022701421243
2.4932256489445366   5.706687308688952   70.5727762157534
2.5663156713684585   5.317513479699314   67.61320258789614
2.641548360413907   4.954264018194276   64.74144606106393
2.7189865293089923   4.615263754116503   61.9576171296701
2.798694832679631   4.298944165250568   59.26200374567039
2.8807398205309562   4.0038340693098675   56.654621926837414
2.9651899938111903   3.728553763846669   54.13520977578154
3.05211586160442   3.471809663011517   51.70324981903861
3.1415899999999994   3.2323892227075026   49.357990905096685
