0.01   3418.941661786036   3418.742489928828
0.010293154462191829   3445.0357887209375   3444.8346245681396
0.010594902878253955   3469.27930545393   3469.075893926607
0.010905497183778876   3491.564685346841   3491.3591107090165
0.011225196699963396   3511.7858759260225   3511.5785681530792
0.011554268350120923   3529.8357949630695   3529.627285602422
0.011892986882540897   3545.605159371286   3545.3956974668504
0.012241635099881474   3558.9872824910226   3558.7767959289777
0.012600504095286909   3569.8774873849043   3569.665644338493
0.012969893495426888   3578.1670129393938   3577.953566905606
0.013350111710660605   3583.749166612714   3583.5340720165927
0.013741476192534558   3586.5224976631935   3586.3059050942543
0.014144313698828986   3586.386269887818   3586.168350210286
0.01455896056637426   3583.240959326835   3583.0217186628115
0.014985762991865008   3576.994529275155   3576.77380121216
0.01542507732090645   3567.5613491674503   3567.338832216302
0.015877270345534218   3554.8578314286406   3554.6332114210095
0.016342719610456153   3538.8091748827123   3538.5821530148273
0.016821813728271667   3519.351577961666   3519.121859746112
0.017314952703931925   3496.4302420028325   3496.1973559256967
0.017822548268711737   3470.001111178368   3469.7642855179774
0.01834502422397195   3440.033839473903   3439.7920150106415
0.018882816794999403   3406.512881497446   3406.264809427484
0.019436374995219892   3369.4385213198193   3369.182958568189
0.02000616100108813   3328.826740924778   3328.5624863736866
0.020592650537967844   3284.7108753843863   3284.4367995426633
0.021196333277324068   3237.1512467870048   3236.8664499882134
0.02181771324555934   3186.229160257849   3185.933044514407
0.022457309244835088   3132.0416510266587   3131.733914023199
0.02311565528622961   3074.715873785996   3074.396501920984
0.023793301035594242   3014.4150295371182   3014.0842887960152
0.024490812272480036   2951.315405873113   2950.9738261425487
0.025208771362518027   2885.612386124437   2885.260847249232
0.0259477777436476   2817.555377388341   2817.1956135833875
0.02670844842659881   2747.411018065701   2747.045700662785
0.027491418510046592   2675.4476722455006   2675.0803016623213
0.028297341710866907   2601.9817050281404   2601.616571983123
0.029126890909937666   2527.3712812143917   2527.013417465257
0.029980758713939952   2451.9599899270434   2451.615034049552
0.030859658033628758   2376.099707407887   2375.773757889929
0.031764322679055976   2300.2082676559703   2299.9077172865213
0.03269550797224261   2224.6861081040174   2224.417524294659
0.033653991377811755   2149.9014200460847   2149.67142294493
0.03464057315210884   2076.2662784469344   2076.0811516850467
0.03565607701135116   2004.2009877120972   2004.0664473894847
0.036701350819364466   1934.0715353290775   1933.9927556540742
0.03777726729548091   1866.216913829021   1866.1980907326765
0.038884724743189276   1800.979682921813   1801.0231103211227
0.04002464780014597   1738.6543146934164   1738.7605270756671
0.041197988210172884   1679.4869522803453   1679.6547691158344
0.04240572561788674   1623.697435605506   1623.9223495147198
0.04364886838662332   1571.4739212098996   1571.7476944225687
0.04492845444033957   1522.9685621963918   1523.2797419434257
0.04624555213019635   1478.2159676296433   1478.5496197614038
0.04760126112654554   1437.1060046886666   1437.4430673007928
0.04899671333706607   1399.526112221949   1399.8436911830922
0.05043307385181555   1365.2867534041063   1365.5589557285282
0.05191154191598653   1333.9125424582958   1334.1125743462337
0.053433351931179485   1304.9061332409854   1305.0066958792245
0.05499977448602865   1277.8097752266224   1277.7830827656064
0.05661211741704101   1252.1897582054162   1252.007701550624
0.05827172690053434   1227.641673789404   1227.2759805947112
0.05997998857658587   1203.6643093909584   1203.089354273477
0.06173832870592997   1179.5573429148092   1178.7552494953839
0.0635482153607709   1154.636330569115   1153.5980894014667
0.06541115965050462   1128.1330637976848   1126.8641074582608
0.06732871698337338   1099.2777318849041   1097.8007699573664
0.06930248836510605   1067.4684121931973   1065.8243097972875
0.07133412173562886   1032.321657132372   1030.5705555892307
0.07342531334496233   993.685443828972   991.9042183342211
0.07557780916945323   951.8426893061356   950.1219926584375
0.07779340636952398   907.2704585194832   905.707993658731
0.08007395479015682   860.771333620383   859.4592704348339
0.08242135850536496   813.2128016876657   812.2334085493524
0.08483757740794096   765.5207172765045   764.946250632636
0.08732462884580919   718.635819236795   718.5220582874424
0.08988458930634863   673.6277410648498   674.0002306415274
0.09251959615009227   631.5290365601672   632.3791988351525
0.09523184939525078   593.3293093205823   594.610721997145
0.09802361355455057   559.7788791013271   561.3961775299003
0.10089721952591899   531.3960395539473   533.2062175612937
0.10385506653859616   508.1389421201254   509.97861093673305
0.10689962415629803   489.63701976363126   491.336111406691
0.11003343433910281   475.0288884634483   476.42515330419127
0.11325911356578279   463.2376697336174   464.18818449589423
0.11657935501835284   452.9556967083015   453.367970486137
0.11999693083066039   442.8421335352324   442.69073613003644
0.12351469440289359   431.5733610139124   430.91630838882224
0.12713558278394044   418.0979793402066   417.07733976736665
0.13086261912358757   401.74821064323953   400.5767769798343
0.13469891519660646   382.4128347997388   381.3428732434144
0.13864767400083483   360.47439903686814   359.7738802441987
0.14271219243142114   336.77448911331777   336.68801630276937
0.14689586403346616   312.5908666606106   313.2826829555773
0.1512021818353596   289.54415728969906   291.04924449405274
0.15563474126517718   269.1326575695945   271.3397137093415
0.16019724315257297   252.28789638518896   254.96303905752129
0.1648934968186736   239.12792323112436   241.9750041458324
0.1697274232565544   229.1630395475837   231.89244049332888
0.17470305840495237   221.5997556809983   223.95904488653605
0.17982455651794954   215.27618263924987   217.11913178593167
0.18509619363343993   208.7343074084732   210.09884608420197
0.19052237114327647   200.7161123356375   201.8118140056372
0.19610761946807834   190.74558617961472   191.88773278645442
0.20185660183976684   179.16561189743751   180.67155570713012
0.20777411819498756   166.8000745547407   168.8910027023581
0.21386510918267082   154.7663693701659   157.50953113160674
0.22013466028907505   144.16814529870888   147.43418720769407
0.22658800608375756   135.6000154147022   139.11408635557532
0.23323053459001789   128.99790685350857   132.47069365462897
0.2400677917834628   123.75489378009429   126.95044417634259
0.24710548622244882   118.86416945787094   121.73635540542084
0.25434949381426813   113.43237982307093   116.12573585521382
0.2618058627210567   107.18004054955823   109.95618094944692
0.2694808184095226   100.35580222862457   103.41523307964694
0.27738076884870827   93.56692388327998   96.99394534413935
0.2855123098601282   87.52270579295212   91.21472256370897
0.29388223062474755   82.51989679606778   86.28662716284731
0.3024975193514008   78.35761203445364   82.00100838377564
0.31136536911138296   74.55921982481635   78.0315783543485
0.3204931838440838   70.63131265346388   74.02362066477586
0.32988858453867975   66.43667707604597   69.8983261014936
0.3395594155970457   62.22198277371986   65.83703460835737
0.34951375138319807   58.315105104986785   62.056861645855385
0.3597599029647371   54.902142007880975   58.660530601256085
0.37030642505191835   51.8879405427014   55.57044177398439
0.3811621231401457   49.01776044065547   52.62652335732978
0.3923360608618501   46.13599279950941   49.74224058450994
0.4038375675538918   43.29040762359364   46.94177789590237
0.41567624604680364   40.62515923970405   44.31049656020617
0.42786198068238046   38.21042671504734   41.881054136822016
0.4404049455663077   35.987656470348924   39.61136128275828
0.4533156130627191   33.85205523752555   37.444137394021254
0.4666047625377753   31.783185174348517   35.36965408213253
0.4802834893595659   29.827714942116852   33.40854615794587
0.49436321416184764   28.01798232739507   31.573035374765674
0.5088556923793517   26.328381852268972   29.846194113424446
0.5237730240626238   24.72089497803277   28.20754421541627
0.5391276639805903   23.193531369523583   26.655263967727784
0.5549324320192869   21.761656354170942   25.19304774967779
0.5712005238854289   20.422356307905297   23.81621310747776
0.5879455221237613   19.158716778224992   22.515310282038556
0.6051814074573895   17.965232548279133   21.285898500399743
0.622922570460556   16.844327412243207   20.126775287343005
0.6411838235736077   15.792310689267874   19.03371978340783
0.6599804134701901   14.801617561664198   18.00197613677006
0.6793280337869897   13.869836111429633   17.02844556582533
0.6992428382266549   12.994608331299258   16.11018453898057
0.7197414540448374   12.1726233874641   15.244084322253851
0.7408409959326054   11.400732457112907   14.427194370984664
0.7625590803058332   10.675970141813277   13.656724003463363
0.7849138400134885   9.995543763949568   12.930034612363913
0.8079239394770964   9.356823299805557   12.244632168676503
0.8316085902740278   8.757332423118026   11.598160125769821
0.8559875671776167   8.194763804931293   10.988397764687706
0.8810812246675007   7.666973560696958   10.41325452666263
0.9069105139239728   7.171934043402662   9.870755326722021
0.9334970003205227   6.707725484672776   9.359034149489151
0.960862881429187   6.272531097180569   8.876328567490386
0.9890310055537336   5.86463233149118   8.420974478466078
1.0180248908061487   5.482404280662256   7.991401050961649
1.047868744742366   5.124307340889728   7.586121830365133
1.0785874845736239   4.788878145108083   7.20372472949919
1.1102067579703248   4.474736067422744   6.8428782174513785
1.1427529644757777   4.1805805911913145   6.502328626562528
1.1762532775476793   3.9051869460157826   6.180895730597888
1.210735667245765   3.6474019623744898   5.877468556830673
1.246228923584555   3.406140134412266   5.5910014215162915
1.2827626805706884   3.1803801684528343   5.3205075882145705
1.3203674409449337   2.9691624257429123   5.065046336914261
1.3590746016495152   2.7715842527693053   4.823730641823323
1.3989164800420282   2.586796352586254   4.595728064083615
1.4399263408778291   2.413999834645797   4.380257317133648
1.4821384240834183   2.2524434127053947   4.176585049055771
1.525587973344019   2.1014207443301434   3.98402282968675
1.5703112655292182   1.9602678719387925   3.8019229803820687
1.6163456409812174   1.8283605502857725   3.629664500504565
1.6637295346910133   1.705112206436138   3.4666587030329246
1.7125025083885144   1.5899719890646664   3.312354980186148
1.7627052835733923   1.4824227092773832   3.166238261386033
1.814379775514258   1.3819788892933116   3.027826562729247
1.8675691282445197   1.2881849163194559   2.8966687152871144
1.922317750584177   1.200613292107646   2.7723418265640114
1.9786713532176083   1.1188628882528975   2.6544398433655676
2.0366769868582977   1.042557417136704   2.5425735731799777
2.0963830815323896   0.971344070233325   2.4363798182630423
2.1578394870138577   0.9048921223257465   2.3355199097325885
2.2210975144450407   0.8428916091048548   2.2396778905435424
2.286209979177315   0.7850520794505566   2.1485588442218932
2.3532312448676476   0.7311014174659526   2.061887301068357
2.4222172688678643   0.6807846397570131   1.979400696382195
2.4932256489445366   0.6338628095320511   1.9008450012045741
2.5663156713684585   0.5901122341650817   1.8259830031555258
2.641548360413907   0.5493235449122418   1.754594014003928
2.7189865293089923   0.5113008111568961   1.686472605374489
2.798694832679631   0.47586070709216294   1.6214274508884312
2.8807398205309562   0.44283172792211356   1.5592802649202007
2.9651899938111903   0.41205354391863863   1.4998641481610056
3.05211586160442   0.3833764767328962   1.4430212698164269
3.1415899999999994   0.3566605427167015   1.3886041315625821
