0.01   25961.419961009   25952.796413779684
0.010293154462191829   26181.905446249908   26172.51424633843
0.010594902878253955   26389.42757026766   26379.204214452886
0.010905497183778876   26583.17099540314   26572.048757676854
0.011225196699963396   26762.290362277025   26750.19711750386
0.011554268350120923   26925.92319673159   26912.77914159303
0.011892986882540897   27073.21918767423   27058.936956183057
0.012241635099881474   27203.31851355864   27187.80413342301
0.012600504095286909   27315.32005696824   27298.474968996004
0.012969893495426888   27408.33847506982   27390.060207569662
0.013350111710660605   27481.511839635383   27461.693924674164
0.013741476192534558   27533.956233082547   27512.483513491305
0.014144313698828986   27564.79786949083   27541.544342355133
0.01455896056637426   27573.208529146526   27548.038059690487
0.014985762991865008   27558.376173861743   27531.14336206605
0.01542507732090645   27519.485791141822   27490.036987954078
0.015877270345534218   27455.782646217205   27423.957150091243
0.016342719610456153   27366.576881135486   27332.20720186665
0.016821813728271667   27251.205728046676   27214.112390262628
0.017314952703931925   27109.074642906675   27069.065448918445
0.017822548268711737   26939.684967474324   26896.55709818505
0.01834502422397195   26742.623793134728   26696.165931439213
0.018882816794999403   26517.566719449365   26467.561357587267
0.019436374995219892   26264.305796729666   26210.53202861184
0.02000616100108813   25982.762663064837   25924.999641306407
0.020592650537967844   25673.01278228371   25611.044840284274
0.021196333277324068   25335.270275588693   25268.89060394394
0.02181771324555934   24969.88834682872   24898.902648220406
0.022457309244835088   24577.446225682404   24501.685685528962
0.02311565528622961   24158.73719923971   24078.06988014294
0.023793301035594242   23714.682186047456   23629.01479928338
0.024490812272480036   23246.405685803402   23155.6917601883
0.025208771362518027   22755.395545717212   22659.657164513646
0.0259477777436476   22243.269886438695   22142.59915315137
0.02670844842659881   21711.744151859497   21606.301122226298
0.027491418510046592   21162.95469574711   21052.983758907132
0.028297341710866907   20599.291862285783   20485.128008393596
0.029126890909937666   20023.11785550628   19905.176696573293
0.029980758713939952   19437.02738900785   19315.802819573863
0.030859658033628758   18844.13713512246   18720.207197827745
0.031764322679055976   18247.460280348485   18121.474051711153
0.03269550797224261   17649.883096970123   17522.545637307256
0.033653991377811755   17054.73965329532   16926.80080042005
0.03464057315210884   16465.37493018293   16337.615870963222
0.03565607701135116   15884.776908060368   15757.995451349318
0.036701350819364466   15316.109580097998   15191.073352219586
0.03777726729548091   14762.969867537484   14640.355441070875
0.038884724743189276   14228.508257543173   14108.90007482765
0.04002464780014597   13715.33715465095   13599.226377877863
0.041197988210172884   13225.3802979612   13113.130957336243
0.04240572561788674   12760.112491116828   12651.961055213793
0.04364886838662332   12320.731714066706   12216.797521994444
0.04492845444033957   11909.04608403795   11809.15783229982
0.04624555213019635   11527.570104761837   11431.07982424831
0.04760126112654554   11178.487662094318   11084.317148137943
0.04899671333706607   10862.305000922706   10769.062891463762
0.05043307385181555   10575.74543434807   10481.943184071859
0.05191154191598653   10315.258277698536   10219.344420934813
0.053433351931179485   10077.654593051395   9978.005750633558
0.05499977448602865   9860.055316303007   9754.953878280487
0.05661211741704101   9659.826463718875   9547.461977994824
0.05827172690053434   9473.653504882233   9352.254747300312
0.05997998857658587   9297.133661533084   9165.161240642325
0.06173832870592997   9125.88028341034   8982.088165887617
0.0635482153607709   8954.29859235698   8798.106790021942
0.06541115965050462   8776.481531351368   8608.14517115786
0.06732871698337338   8586.374767905852   8407.265444695604
0.06930248836510605   8377.70553146373   8190.647415625255
0.07133412173562886   8145.33870945273   7954.568591919241
0.07342531334496233   7886.008749526888   7697.139276456439
0.07557780916945323   7598.116519558552   7417.886100707527
0.07779340636952398   7282.887469819601   7118.847086122755
0.08007395479015682   6943.363258853249   6803.3559587893915
0.08242135850536496   6585.304225944086   6476.693428355276
0.08483757740794096   6215.528827227138   6144.811254363606
0.08732462884580919   5841.958679610083   5814.46909113906
0.08988458930634863   5472.980766862078   5492.274267610902
0.09251959615009227   5117.241527790293   5184.550275028933
0.09523184939525078   4783.9036026365   4897.496004433193
0.09802361355455057   4480.9900369405   4636.388037432436
0.10089721952591899   4214.94996745105   4404.766071579768
0.10385506653859616   3990.2428039891242   4204.599627033766
0.10689962415629803   3807.183112784009   4034.5502269148906
0.11003343433910281   3663.5797070441404   3891.686605616557
0.11325911356578279   3553.234771186703   3771.0688196924193
0.11657935501835284   3468.063663446708   3666.564642207755
0.11999693083066039   3397.867205388198   3570.7768297276225
0.12351469440289359   3331.423810699393   3476.739670623258
0.12713558278394044   3257.514604878865   3378.2265734921057
0.13086261912358757   3166.2170784885125   3270.15086392697
0.13469891519660646   3050.8655115966817   3149.5413874105307
0.13864767400083483   2908.9236219182253   3016.7864165585397
0.14271219243142114   2742.568417368228   2875.7245289901875
0.14689586403346616   2558.596222973033   2729.566415419955
0.1512021818353596   2368.000380274516   2584.3327884612054
0.15563474126517718   2184.3352064006704   2446.9571303340244
0.16019724315257297   2020.6604730780257   2322.3944048433673
0.1648934968186736   1885.678599616174   2214.1043962627346
0.1697274232565544   1781.8074294532878   2121.0283562708537
0.17470305840495237   1706.3588602705995   2040.4896906523124
0.17982455651794954   1652.99007405546   1969.6448944807214
0.18509619363343993   1611.7913077598096   1903.699306459725
0.19052237114327647   1570.0030888615038   1838.1136694980526
0.19610761946807834   1516.0523600915733   1769.841073590541
0.20185660183976684   1444.1958864939818   1697.398621395715
0.20777411819498756   1355.853156170463   1622.7089182791174
0.21386510918267082   1257.8738032308304   1549.3324030389408
0.22013466028907505   1160.653376053064   1478.7284958369355
0.22658800608375756   1074.8914041295018   1413.8229049140077
0.23323053459001789   1007.0842193223896   1355.08267796616
0.2400677917834628   957.6723638623138   1302.273491090715
0.24710548622244882   921.5366318254439   1253.673669082717
0.25434949381426813   889.4383663039064   1207.0418015365271
0.2618058627210567   852.4290753728078   1160.7709485261
0.2694808184095226   806.4824953780633   1114.8233071495429
0.27738076884870827   753.1616241383362   1069.751552857228
0.2855123098601282   698.5244005548573   1026.6875713538498
0.29388223062474755   650.0087640608   985.8932694682127
0.3024975193514008   611.4632180773739   948.2483787782611
0.31136536911138296   581.605510916   912.7703919186511
0.3204931838440838   555.5725555899957   879.2173772365827
0.32988858453867975   527.8399247580896   846.454511715327
0.3395594155970457   496.28196847313944   815.0092785491923
0.34951375138319807   463.0959033592796   784.5605586507495
0.3597599029647371   432.21072611574704   755.6254271694349
0.37030642505191835   406.2563421776737   728.2415508158638
0.3811621231401457   384.5433157522316   702.5120932052606
0.3923360608618501   364.1374067870347   677.8811618583611
0.4038375675538918   342.83820434646606   654.1947047664737
0.41567624604680364   320.9301392828529   631.2948306513348
0.42786198068238046   300.314756986009   609.4744721656074
0.4404049455663077   282.22341429911694   588.8525657848592
0.4533156130627191   266.0814703504704   569.2026382138577
0.4666047625377753   250.4442216088503   550.3221941133079
0.4802834893595659   234.84802184568207   532.1827187816191
0.49436321416184764   219.9708702799112   514.7648204653974
0.5088556923793517   206.46081827995175   498.2457468237886
0.5237730240626238   194.0579786873381   482.4823502481015
0.5391276639805903   182.15788375041166   467.2876492624851
0.5549324320192869   170.69095819150667   452.71509644855377
0.5712005238854289   159.97994071179815   438.74959016399765
0.5879455221237613   150.0805308146748   425.40188750591994
0.6051814074573895   140.73411482115415   412.564826457902
0.622922570460556   131.84150380023442   400.20639990277823
0.6411838235736077   123.50884217531535   388.3136115192353
0.6599804134701901   115.7252674625026   376.925595066411
0.6793280337869897   108.4028801574179   365.94822937613776
0.6992428382266549   101.51595965993216   355.3566232179056
0.7197414540448374   95.04243770806292   345.13070452777964
0.7408409959326054   88.96094994273002   335.2516141505506
0.7625590803058332   83.25085889296318   325.70162803257614
0.7849138400134885   77.89227052737563   316.4640851525796
0.8079239394770964   72.86603360871499   307.52328452438553
0.8316085902740278   68.15318239836925   298.8625545070222
0.8559875671776167   63.734858433880355   290.4635501289131
0.8810812246675007   59.59323615707339   282.30904268664017
0.9069105139239728   55.711539168952754   274.3830775463421
0.9334970003205227   52.07397978952819   266.6708935219664
0.960862881429187   48.66570205585134   259.158849264022
0.9890310055537336   45.47272831832463   251.83435656205165
1.0180248908061487   42.481971050156595   244.68593403963533
1.047868744742366   39.68123345014156   237.70326654305373
1.0785874845736239   37.05902092412869   230.87691137999045
1.1102067579703248   34.604486417065274   224.19821727494545
1.1427529644757777   32.30739775448769   217.6592817425108
1.1762532775476793   30.15810633145736   211.25291132008562
1.210735667245765   28.14751711424141   204.97258436347474
1.246228923584555   26.267050482527896   198.81259528803852
1.2827626805706884   24.50859815192553   192.7683842414151
1.3203674409449337   22.864527375330354   186.8359837304276
1.3590746016495152   21.327661106056   181.01186812255878
1.3989164800420282   19.891252419433826   175.29292910369023
1.4399263408778291   18.548960251051096   169.67645188066686
1.4821384240834183   17.294826392412258   164.16009201342314
1.525587973344019   16.12325411270097   158.74210543288135
1.5703112655292182   15.028988908957093   153.4222396594961
1.6163456409812174   14.00709703455135   148.20070557003865
1.6637295346910133   13.052946368272595   143.07776037241672
1.7125025083885144   12.162188995802017   138.0536975421721
1.7627052835733923   11.33074472027034   133.12883706936415
1.814379775514258   10.554785457875314   128.3035159311236
1.8675691282445197   9.830720382018512   123.57823212973766
1.922317750584177   9.155181419991177   118.9545753235333
1.9786713532176083   8.525010617179646   114.43442453892594
2.0366769868582977   7.937247991968588   110.01938652832396
2.0963830815323896   7.389119714237363   105.71080044558819
2.1578394870138577   6.878026943347127   101.50974588504654
2.2210975144450407   6.4015352937843915   97.41705139345733
2.286209979177315   5.957364745196158   93.43334682575207
2.3532312448676476   5.54337875092816   89.55952841110107
2.4222172688678643   5.157576517305102   85.7965008766167
2.4932256489445366   4.798085923952593   82.14482106372073
2.5663156713684585   4.463155569477859   78.6047123090833
2.641548360413907   4.151147265362368   75.17608559146753
2.7189865293089923   3.8605289757330503   71.85856063281712
2.798694832679631   3.5898682774150705   68.6514983984189
2.8807398205309562   3.3378279679778946   65.55424441709937
2.9651899938111903   3.1031594351085596   62.566086439616065
3.05211586160442   2.884695046913286   59.68603024272106
3.1415899999999994   2.681343059236789   56.91281669617969
