0.01   2356.7426808764003   2356.680436329532
0.010293154462191829   2388.805435743617   2388.7424715913426
0.010594902878253955   2420.218148840552   2420.154462742973
0.010905497183778876   2450.9107099790617   2450.846361749098
0.011225196699963396   2480.808190067349   2480.7432411554937
0.011554268350120923   2509.832533753667   2509.767012834896
0.011892986882540897   2537.904616124378   2537.8385173166657
0.012241635099881474   2564.943178569735   2564.876481062936
0.012600504095286909   2590.8639490745513   2590.796654939987
0.012969893495426888   2615.581979850114   2615.5141190593304
0.013350111710660605   2639.011588335735   2638.9432059135156
0.013741476192534558   2661.06304316107   2660.994102996863
0.014144313698828986   2681.6452047727307   2681.5755458896333
0.01455896056637426   2700.6676119860463   2700.5969461252457
0.014985762991865008   2718.039103845337   2717.967065083116
0.01542507732090645   2733.66740289566   2733.5936222293158
0.015877270345534218   2747.4619569519755   2747.386069762845
0.016342719610456153   2759.334090176984   2759.2557246759166
0.016821813728271667   2769.1951512219507   2769.1138584995615
0.017314952703931925   2776.9589333171853   2776.8741646250824
0.017822548268711737   2782.543172023146   2782.454280284537
0.01834502422397195   2785.8699232576932   2785.7761625503636
0.018882816794999403   2786.866101268713   2786.766626829385
0.019436374995219892   2785.464255690971   2785.358128314091
0.02000616100108813   2781.60403327637   2781.4902320903225
0.020592650537967844   2775.235491940991   2775.11295033823
0.021196333277324068   2766.3168595061306   2766.184479962464
0.02181771324555934   2754.814428574048   2754.6710957502796
0.022457309244835088   2740.7102328318397   2740.554925595086
0.02311565528622961   2724.001613349874   2723.833505875896
0.023793301035594242   2704.694565259648   2704.513033309777
0.024490812272480036   2682.8096353831324   2682.6143200554498
0.025208771362518027   2658.394934014621   2658.1859383949422
0.0259477777436476   2631.510073410567   2631.287988364047
0.02670844842659881   2602.2239421129643   2601.98983375298
0.027491418510046592   2570.6393955868552   2570.3948808728787
0.028297341710866907   2536.8842152323346   2536.6315008239303
0.029126890909937666   2501.0901961040504   2500.8320376994448
0.029980758713939952   2463.4067682603604   2463.1465052404546
0.030859658033628758   2424.0213272156534   2423.7630289062395
0.031764322679055976   2383.124647158523   2382.873071864867
0.03269550797224261   2340.9099264200877   2340.6704136322055
0.033653991377811755   2297.626848407295   2297.404923643723
0.03464057315210884   2253.5502076527596   2253.3513489129296
0.03565607701135116   2208.9409184369706   2208.7705260515972
0.036701350819364466   2164.0365881355397   2163.89999917077
0.03777726729548091   2119.0438892818497   2118.9464285227937
0.038884724743189276   2074.1539285029285   2074.1008942876465
0.04002464780014597   2029.5603885708163   2029.556783152427
0.041197988210172884   1985.5655146297042   1985.6141378828568
0.04240572561788674   1942.502957239629   1942.6037229751041
0.04364886838662332   1900.676559330961   1900.8267553879534
0.04492845444033957   1860.3054452856197   1860.4994418467372
0.04624555213019635   1821.499360084193   1821.7280289060252
0.04760126112654554   1784.349207794652   1784.6001530048338
0.04899671333706607   1748.8940156543588   1749.1519672538425
0.05043307385181555   1715.0135131111617   1715.2609908348345
0.05191154191598653   1682.5600816944698   1682.7776532654552
0.053433351931179485   1651.3696024355063   1651.5363339771322
0.05499977448602865   1621.1905303613705   1621.2852753419143
0.05661211741704101   1591.76494777758   1591.766684249091
0.05827172690053434   1562.81846258095   1562.7072871199086
0.05997998857658587   1534.0301045349286   1533.7890727533136
0.06173832870592997   1505.0874580476789   1504.7030718299027
0.0635482153607709   1475.6231045882726   1475.0888138668604
0.06541115965050462   1445.2522422231252   1444.5703618980579
0.06732871698337338   1413.5893925138284   1412.7736909361618
0.06930248836510605   1380.229632267437   1379.309642248996
0.07133412173562886   1344.8301327200054   1343.8517235666436
0.07342531334496233   1307.1526663558575   1306.181169760109
0.07557780916945323   1267.0744402606042   1266.1926180039345
0.07779340636952398   1224.7342687986006   1224.0386301206158
0.08007395479015682   1180.4180132484664   1180.013098346734
0.08242135850536496   1134.6725756866226   1134.6600891164371
0.08483757740794096   1088.1414287171328   1088.615311207974
0.08732462884580919   1041.594511346666   1042.6370274524306
0.08988458930634863   995.7989942892709   997.4724475650794
0.09251959615009227   951.5078709328484   953.844370051936
0.09523184939525078   909.4305517780067   912.4262890045887
0.09802361355455057   870.1949357162019   873.8102431899391
0.10089721952591899   834.2988179816817   838.4547772401535
0.10385506653859616   802.1032561991125   806.6831188612562
0.10689962415629803   773.6377625596232   778.4956437414119
0.11003343433910281   748.6851292473785   753.6585351463541
0.11325911356578279   726.5937495605435   731.5359291860939
0.11657935501835284   706.4963466959929   711.2963493244126
0.11999693083066039   687.3133660618681   691.9195950496596
0.12351469440289359   667.9739972781799   672.4117383413991
0.12713558278394044   647.5208043174773   651.8999341806687
0.13086261912358757   625.2457118252318   629.7566028330189
0.13469891519660646   600.810898037019   605.698951285462
0.13864767400083483   574.2996686574411   579.8438407144008
0.14271219243142114   546.2423265073922   552.7287507514365
0.14689586403346616   517.5189308704315   525.1496407822783
0.1512021818353596   489.1930056657989   498.0676426484393
0.15563474126517718   462.37285521435757   472.46912601749506
0.16019724315257297   438.06511699134376   449.2093675428874
0.1648934968186736   416.96269858619553   428.87025252888486
0.1697274232565544   399.1730161944464   411.47986150226296
0.17470305840495237   384.1216032185665   396.4865440273968
0.17982455651794954   370.76239975680767   382.9578286893752
0.18509619363343993   357.9366804964268   369.89907837705493
0.19052237114327647   344.61255793100213   356.4477496497418
0.19610761946807834   330.01790494281295   341.98766312152327
0.20185660183976684   313.8943313239878   326.3385370948307
0.20777411819498756   296.73404464917024   309.96212082861064
0.21386510918267082   279.5797681297777   293.744831130447
0.22013466028907505   263.49779814208335   278.5136915085163
0.22658800608375756   249.23428379057836   264.8477434206784
0.23323053459001789   237.07388809363312   252.90611243273875
0.2400677917834628   226.69847714454957   242.4168472108527
0.24710548622244882   217.28371192768665   232.70923660902992
0.25434949381426813   207.9052173575709   223.08907749461596
0.2618058627210567   197.93081351443658   213.10938218979013
0.2694808184095226   187.27050488593719   202.74706676668893
0.27738076884870827   176.48133933436856   192.432403179948
0.2855123098601282   166.30607000643076   182.69064010553532
0.29388223062474755   157.23315318723468   173.827320674347
0.3024975193514008   149.3357829731618   165.86889292701153
0.31136536911138296   142.20474540934853   158.5047646121344
0.3204931838440838   135.23932449227232   151.35062850219794
0.32988858453867975   128.10011011887443   144.18746105752797
0.3395594155970457   120.85521941705889   137.09110915457163
0.34951375138319807   113.88485033793036   130.29485309308197
0.3597599029647371   107.5366529146885   123.99322080787188
0.37030642505191835   101.82293361342585   118.15947569857177
0.3811621231401457   96.49419646690914   112.65176621280742
0.3923360608618501   91.27545212270813   107.31772263269531
0.4038375675538918   86.10215507311857   102.12467603009209
0.41567624604680364   81.13675518182217   97.15872426377665
0.42786198068238046   76.5406090034807   92.49561650793986
0.4404049455663077   72.2990291275632   88.11197834764067
0.4533156130627191   68.27454073461928   83.93611472535842
0.4666047625377753   64.37495540623314   79.92592138212846
0.4802834893595659   60.63545610515631   76.09557036622277
0.49436321416184764   57.131363968357256   72.47174565795925
0.5088556923793517   53.85695914872405   69.0446186379278
0.5237730240626238   50.750090509945586   65.78209214488437
0.5391276639805903   47.78008516001094   62.67044162765307
0.5549324320192869   44.96911885173579   59.7155497503861
0.5712005238854289   42.32959474542924   56.9145136437009
0.5879455221237613   39.83765785953329   54.25505601716264
0.6051814074573895   37.47289997683554   51.72533223376418
0.622922570460556   35.237838554782186   49.32272608246002
0.6411838235736077   33.13357651080666   47.04355439074735
0.6599804134701901   31.147127131623474   44.880188046191904
0.6793280337869897   29.270193596460928   42.823737208842644
0.6992428382266549   27.500043611884234   40.87178376774904
0.7197414540448374   25.831336507741995   39.019343439368704
0.7408409959326054   24.258572804747732   37.26120351845891
0.7625590803058332   22.77653520969224   35.592424407354294
0.7849138400134885   21.380274844783944   34.008325867691525
0.8079239394770964   20.065098123805274   32.50447390268327
0.8316085902740278   18.826570785469617   31.076669860142918
0.8559875671776167   17.660554985135633   29.72094353797717
0.8810812246675007   16.563129897605535   28.43353558966572
0.9069105139239728   15.53056109493392   27.210884706828942
0.9334970003205227   14.559293657549883   26.049617519579765
0.960862881429187   13.645945386745716   24.94653897349312
0.9890310055537336   12.787300129819648   23.898623164558753
1.0180248908061487   11.980300972024246   22.90300243996321
1.047868744742366   11.222035999996267   21.956891091301035
1.0785874845736239   10.509732928610749   21.05757703706948
1.1102067579703248   9.840763781147139   20.20250390449051
1.1427529644757777   9.212638929585108   19.389266499536816
1.1762532775476793   8.623000686398631   18.615601284325
1.210735667245765   8.06961712980595   17.87937748751161
1.246228923584555   7.550376158646447   17.178588803609905
1.2827626805706884   7.0632798409547215   16.51132825136694
1.3203674409449337   6.60643918882857   15.875706839558445
1.3590746016495152   6.178068543808771   15.269923331986215
1.3989164800420282   5.776480374957246   14.692292395022061
1.4399263408778291   5.400080433854535   14.141236416742519
1.4821384240834183   5.047363108405279   13.615277922371027
1.525587973344019   4.716906970174183   13.113032571129121
1.5703112655292182   4.407370497559014   12.633202017725917
1.6163456409812174   4.117487386347421   12.174534147375187
1.6637295346910133   3.846062568392387   11.735807606213548
1.7125025083885144   3.591969481615976   11.315878807606843
1.7627052835733923   3.3541465279426617   10.913680375214991
1.814379775514258   3.1315936142894865   10.528215595994032
1.8675691282445197   2.923368856459599   10.158553321567487
1.922317750584177   2.728585439826665   9.803823278530114
1.9786713532176083   2.5464085161970416   9.463202094139955
2.0366769868582977   2.3760517448680734   9.13585400250977
2.0963830815323896   2.2167752402445347   8.82097475734198
2.1578394870138577   2.06788335227263   8.51781872582833
2.2210975144450407   1.9287221786845603   8.225694673945783
2.286209979177315   1.798677204393513   7.943961799696411
2.3532312448676476   1.6771710637320922   7.672026102196667
2.4222172688678643   1.5636614268555897   7.409337274763808
2.4932256489445366   1.4576396037676316   7.155405869573514
2.5663156713684585   1.3586289039771793   6.90981310493749
2.641548360413907   1.2661816294267543   6.672171341997394
2.7189865293089923   1.179877310809455   6.4421181274715735
2.798694832679631   1.099321163237324   6.2193145715176055
2.8807398205309562   1.024142620560129   6.003443836524283
2.9651899938111903   0.9539939450347493   5.794209727503862
3.05211586160442   0.8885485583315816   5.591326367215702
3.1415899999999994   0.8274972715083497   5.394448281272119
