0.01   4289.473244218837   4289.331770779821
0.010293154462191829   4338.885329477707   4338.741296647503
0.010594902878253955   4386.777811060863   4386.6313759599925
0.010905497183778876   4433.020146297092   4432.87135581961
0.011225196699963396   4477.480399333621   4477.329175335342
0.011554268350120923   4520.0244088728405   4519.870551039947
0.011892986882540897   4560.512351678999   4560.355561100171
0.012241635099881474   4598.803164367478   4598.6430472224665
0.012600504095286909   4634.755735238352   4634.591806274958
0.012969893495426888   4668.222930362831   4668.054687834337
0.013350111710660605   4699.053665046972   4698.880650153293
0.013741476192534558   4727.098608625859   4726.920410013536
0.014144313698828986   4752.2084246910745   4752.024610074218
0.01455896056637426   4774.23074716047   4774.0406915526755
0.014985762991865008   4793.0162357883555   4792.8190950294365
0.01542507732090645   4808.419523947081   4808.214237695134
0.015877270345534218   4820.293463276996   4820.078780432139
0.016342719610456153   4828.49342342998   4828.267918887335
0.016821813728271667   4832.882124187003   4832.644204186456
0.017314952703931925   4833.328276007269   4833.076104939059
0.017822548268711737   4829.705933917126   4829.437307988142
0.01834502422397195   4821.899202584709   4821.611550564332
0.018882816794999403   4809.803663166354   4809.494078586288
0.019436374995219892   4793.327421935902   4792.992770115375
0.02000616100108813   4772.392051364792   4772.029024905323
0.020592650537967844   4746.933676548888   4746.5388243996795
0.021196333277324068   4716.909239187314   4716.479073094176
0.02181771324555934   4682.298148181149   4681.829263021374
0.022457309244835088   4643.09655613016   4642.585662641069
0.02311565528622961   4599.323145129803   4598.767214573647
0.023793301035594242   4551.036076567076   4550.432827379999
0.024490812272480036   4498.315389110369   4497.663400100042
0.025208771362518027   4441.259052909283   4440.557778337112
0.0259477777436476   4380.013490911695   4379.263734449235
0.02670844842659881   4314.765816494338   4313.970082505818
0.027491418510046592   4245.715014958231   4244.877420190434
0.028297341710866907   4173.093404183813   4172.219742700477
0.029126890909937666   4097.203046315767   4096.3011301543165
0.029980758713939952   4018.357420209936   4017.436965734261
0.030859658033628758   3936.8764213047543   3935.9488693734993
0.031764322679055976   3853.1570635867483   3852.2356799211557
0.03269550797224261   3767.631049340151   3766.7308575147154
0.033653991377811755   3680.712404620905   3679.849915073866
0.03464057315210884   3592.8391006391757   3592.031825073824
0.03565607701135116   3504.504654020989   3503.770470760895
0.036701350819364466   3416.176074847092   3415.5330185263083
0.03777726729548091   3328.301279216944   3327.767043852735
0.038884724743189276   3241.4064826079066   3240.995978399194
0.04002464780014597   3156.0149870541986   3155.7396004646102
0.041197988210172884   3072.5950987422198   3072.4630154243737
0.04240572561788674   2991.5028378946936   2991.5186765996104
0.04364886838662332   2912.973612345763   2913.1379016423507
0.04492845444033957   2837.207797830094   2837.5173788443217
0.04624555213019635   2764.4274792384676   2764.8738646492507
0.04760126112654554   2695.0401047905316   2695.6008849557024
0.04899671333706607   2629.4660310132926   2630.1038012153517
0.05043307385181555   2568.031758506946   2568.696147162558
0.05191154191598653   2510.4663402970796   2511.1014112365965
0.053433351931179485   2456.156193558202   2456.7048576597444
0.05499977448602865   2404.5332563699067   2404.9374432548966
0.05661211741704101   2355.1021178889046   2355.3038065908518
0.05827172690053434   2307.423657840341   2307.365583812133
0.05997998857658587   2261.0578362290757   2260.6847670648126
0.06173832870592997   2215.40542477683   2214.6709056484847
0.0635482153607709   2169.8444628212137   2168.713086076015
0.06541115965050462   2123.699824217907   2122.1548414783715
0.06732871698337338   2076.18993489166   2074.2450977975523
0.06930248836510605   2026.5762296897497   2024.2786610119501
0.07133412173562886   1974.1055380197631   1971.5508133473688
0.07342531334496233   1918.1172662683643   1915.4500835468855
0.07557780916945323   1858.226162956306   1855.6385406157783
0.07779340636952398   1794.274677242593   1792.000347079617
0.08007395479015682   1726.5575692066875   1724.8692196210498
0.08242135850536496   1655.7089225760724   1654.9091429597604
0.08483757740794096   1582.7040634838706   1583.0808792637727
0.08732462884580919   1508.7129988062627   1510.5117417847075
0.08988458930634863   1435.035310320217   1438.4582043496061
0.09251959615009227   1362.9574190381122   1368.157009485363
0.09523184939525078   1293.7536050829424   1300.797964271528
0.09802361355455057   1228.6090852199611   1237.4699910628005
0.10089721952591899   1168.6380688970708   1179.1820738391584
0.10385506653859616   1114.670969177317   1126.659330844992
0.10689962415629803   1067.2506915390616   1080.3243454612593
0.11003343433910281   1026.378068246106   1040.109092812555
0.11325911356578279   991.4903425865068   1005.432592697539
0.11657935501835284   961.428341346321   975.1764080832376
0.11999693083066039   934.6449834276876   947.8823777909495
0.12351469440289359   909.3305350135927   921.9032972714904
0.12713558278394044   883.7061685602556   895.6546034573498
0.13086261912358757   856.1674199049896   867.7418127738744
0.13469891519660646   825.5448291091194   837.1789529105089
0.13864767400083483   791.2617134554616   803.5541167969469
0.14271219243142114   753.4792026014343   767.1471935716762
0.14689586403346616   713.0945400258956   728.7698610271875
0.1512021818353596   671.5254655874186   689.662845570965
0.15563474126517718   630.5203440861033   651.3350177871507
0.16019724315257297   591.9659018368395   615.3459217697769
0.1648934968186736   557.6010703136682   583.0845948854362
0.1697274232565544   528.502879621173   555.3109785481893
0.17470305840495237   504.68703007514813   531.9500052089251
0.17982455651794954   485.1330712989767   512.0671268401429
0.18509619363343993   468.2270920856924   494.2689415026953
0.19052237114327647   452.21066899522515   477.17404935131117
0.19610761946807834   435.3658843465585   459.4943343046668
0.20185660183976684   416.3257912289   440.33279949228705
0.20777411819498756   394.7202123655975   419.4229201686358
0.21386510918267082   371.4473716212704   397.5394518920644
0.22013466028907505   348.1086923930034   375.93062558371986
0.22658800608375756   326.29671881936275   355.7092761175081
0.23323053459001789   307.2340672945653   337.6562161325954
0.2400677917834628   291.42487976985535   322.0781687906913
0.24710548622244882   278.3083439943764   308.4008936124071
0.25434949381426813   266.64107264544197   295.8164997746725
0.2618058627210567   254.9993176131454   283.39420255093967
0.2694808184095226   242.33613846039617   270.48175233534135
0.27738076884870827   228.5774278785925   257.1738692033273
0.2855123098601282   214.56364186161272   243.97906860566962
0.29388223062474755   201.34665361702687   231.5103681506329
0.3024975193514008   189.71728728954332   220.19271952832744
0.31136536911138296   179.81703597436004   210.0462593271414
0.3204931838440838   171.00509521461476   200.63010684300687
0.32988858453867975   162.42127083082366   191.5333742793216
0.3395594155970457   153.53881595160107   182.49536663362457
0.34951375138319807   144.43009839576922   173.558855832601
0.3597599029647371   135.67016528649773   165.04227648216764
0.37030642505191835   127.74922515551482   157.1259399951208
0.3811621231401457   120.70603649479227   149.78365854292966
0.3923360608618501   114.2004463986612   142.86189807773974
0.4038375675538918   107.82218872216978   136.17936642432946
0.41567624604680364   101.47220832353452   129.70847953995914
0.42786198068238046   95.37563682835825   123.53856914604594
0.4404049455663077   89.75729692737673   117.73489555680968
0.4533156130627191   84.6135472449974   112.26815850756537
0.4666047625377753   79.75128215367455   107.06668685580726
0.4802834893595659   75.04201835187287   102.09541572729489
0.49436321416184764   70.52482433195334   97.3515169634386
0.5088556923793517   66.3055769162061   92.86333428789787
0.5237730240626238   62.380727723827974   88.61597252008913
0.5391276639805903   58.668346532913276   84.57733770987613
0.5549324320192869   55.123691537430524   80.73228428167714
0.5712005238854289   51.77501051158746   77.0805362728355
0.5879455221237613   48.640152306511375   73.61866023686945
0.6051814074573895   45.68915112092354   70.33208740401642
0.622922570460556   42.894465942999055   67.20693486641586
0.6411838235736077   40.258342161678655   64.23897032028502
0.6599804134701901   37.78161058759621   61.42254297412362
0.6793280337869897   35.4523995068822   58.74829134265797
0.6992428382266549   33.258795947313416   56.20918098529285
0.7197414540448374   31.19231225431841   53.79669560502166
0.7408409959326054   29.246564594085765   51.504395708473204
0.7625590803058332   27.41539299288523   49.3261671772833
0.7849138400134885   25.69286303258064   47.2562059360446
0.8079239394770964   24.073266349614375   45.28900323465249
0.8316085902740278   22.551120057551362   43.41933153115057
0.8559875671776167   21.121160517220336   41.64222403872891
0.8810812246675007   19.77821861787565   39.95277595458181
0.9069105139239728   18.5172411908408   38.346145896873836
0.9334970003205227   17.333446099970175   36.817773828861505
0.960862881429187   16.22231656512327   35.36337475238816
0.9890310055537336   15.179587248212734   33.97892083388161
1.0180248908061487   14.20123102293034   32.66062476830155
1.047868744742366   13.283446397026896   31.40492429039305
1.0785874845736239   12.422648596844141   30.208450568488473
1.1102067579703248   11.615480100060182   29.067884906857707
1.1427529644757777   10.858780322421177   27.98004137632197
1.1762532775476793   10.149560509464633   26.94193954395285
1.210735667245765   9.484995404348535   25.950790538851496
1.246228923584555   8.862415362992083   25.003983471083547
1.2827626805706884   8.279298767603523   24.099072902519985
1.3203674409449337   7.733264733741856   23.233767281286845
1.3590746016495152   7.222064405193533   22.405879619543498
1.3989164800420282   6.7435704890601125   21.613223371203418
1.4399263408778291   6.295776920253205   20.853729565535637
1.4821384240834183   5.87679398620577   20.12547113048181
1.525587973344019   5.484842082664615   19.42665238927397
1.5703112655292182   5.118245767399687   18.75559943043209
1.6163456409812174   4.77542810032747   18.11075127168218
1.6637295346910133   4.454905258412805   17.490651289481047
1.7125025083885144   4.155281390844532   16.893909146570355
1.7627052835733923   3.8752437453509216   16.319179877974673
1.814379775514258   3.6135580877041833   15.765208876343701
1.8675691282445197   3.3690643117667913   15.23083017376222
1.922317750584177   3.1406722683945247   14.714960182933483
1.9786713532176083   2.927357807882383   14.216591946276433
2.0366769868582977   2.7281590265886697   13.734789845257206
2.0963830815323896   2.54217266112534   13.268683029235229
2.1578394870138577   2.368550109259221   12.817438129616937
2.2210975144450407   2.2064946029107637   12.38026470983013
2.286209979177315   2.05525875277292   11.95643168296672
2.3532312448676476   1.9141416502338549   11.545263841076228
2.4222172688678643   1.7824861146483397   11.146138148768655
2.4932256489445366   1.6596760933572234   10.758480304394391
2.5663156713684585   1.545134206729962   10.381761541985178
2.641548360413907   1.4383196228280692   10.015512816397164
2.7189865293089923   1.3387266381960279   9.6593962362633
2.798694832679631   1.2458816619109117   9.313127158566287
2.8807398205309562   1.1593409021079277   8.97643639712362
2.9651899938111903   1.078688595042976   8.649069181483949
3.05211586160442   1.0035353313723654   8.330784203763054
3.1415899999999994   0.9335164745734675   8.021352711350358
