0.01   832.3857745549617   832.3587082912549
0.010293154462191829   839.2705031082844   839.2431858880467
0.010594902878253955   845.7513310224205   845.723816020445
0.010905497183778876   851.8032219289477   851.7755401486077
0.011225196699963396   857.4012837383184   857.3734422944937
0.011554268350120923   862.5204676915866   862.4924552814379
0.011892986882540897   867.1343380380025   867.1061479912014
0.012241635099881474   871.2165247208738   871.1881607561853
0.012600504095286909   874.7412164007753   874.7126926548523
0.012969893495426888   877.6822946821483   877.6536323506047
0.013350111710660605   880.0136174457094   879.9848418276747
0.013741476192534558   881.7100421539154   881.6811825370846
0.014144313698828986   882.7468222331654   882.7179080610774
0.01455896056637426   883.0982336104065   883.0692832904573
0.014985762991865008   882.7396510351223   882.7106698479552
0.01542507732090645   881.6480449793544   881.6190261134195
0.015877270345534218   879.800834756255   879.7717718509385
0.016342719610456153   877.1765678426345   877.1474634719913
0.016821813728271667   873.756096581042   873.7269623491956
0.017314952703931925   869.522231002986   869.4930774316923
0.017822548268711737   864.4592233398755   864.430037205357
0.01834502422397195   858.5541129759267   858.5248548727128
0.018882816794999403   851.7970608294795   851.7676688384377
0.019436374995219892   844.1811827523273   844.1515974849752
0.02000616100108813   835.7029161471112   835.6730938809567
0.020592650537967844   826.3623967918187   826.3323094185732
0.021196333277324068   816.1644689388986   816.134093767785
0.02181771324555934   805.1194258088617   805.0887280899368
0.022457309244835088   793.2415838659022   793.2105161780565
0.02311565528622961   780.5498219717518   780.5183287000962
0.023793301035594242   767.0714456903589   767.039484820072
0.024490812272480036   752.8391060239586   752.8066574770127
0.025208771362518027   737.8887681422647   737.8558332800142
0.0259477777436476   722.2649753890042   722.23159221505
0.02670844842659881   706.0223090453364   705.9885719930211
0.027491418510046592   689.217274037446   689.1833303480759
0.028297341710866907   671.9102227628856   671.8762684906499
0.029126890909937666   654.1765019494458   654.1427851113459
0.029980758713939952   636.094487390441   636.0613032578566
0.030859658033628758   617.7405158880545   617.7081988985599
0.031764322679055976   599.2021391628961   599.17105779416
0.03269550797224261   580.5773354211213   580.5478872109992
0.033653991377811755   561.9575534353646   561.930156894599
0.03464057315210884   543.4324178172244   543.4075039597413
0.03565607701135116   525.1055899445138   525.0835925082455
0.036701350819364466   507.07472330344547   507.05607297908796
0.03777726729548091   489.42654919023875   489.41166612862094
0.038884724743189276   472.2542549413041   472.24347868133725
0.04002464780014597   455.6531766445765   455.64671657787824
0.041197988210172884   439.7045812409177   439.7025327235605
0.04240572561788674   424.47471072565855   424.4770515740883
0.04364886838662332   410.01310399783415   410.0196504818758
0.04492845444033957   396.3588421005884   396.3692625395364
0.04624555213019635   383.54373175636914   383.5575571365023
0.04760126112654554   371.6021714043254   371.6186499013474
0.04899671333706607   360.56854969394203   360.58656863884323
0.05043307385181555   350.470780078148   350.4889065815675
0.05191154191598653   341.27189707267615   341.2884882938072
0.053433351931179485   332.84571659430435   332.85905482644563
0.05499977448602865   325.07058785621433   325.07889010360407
0.05661211741704101   317.8394252974777   317.84084924918756
0.05827172690053434   311.0597207792123   311.05237583855126
0.05997998857658587   304.64479950114804   304.6267584148336
0.06173832870592997   298.4748472561283   298.4442798385979
0.0635482153607709   292.40487535562403   292.36016778730897
0.06541115965050462   286.2885746884242   286.22845964392843
0.06732871698337338   279.94455298148927   279.8685895029255
0.06930248836510605   273.19624401506576   273.1049365346928
0.07133412173562886   265.8813566444919   265.7763339678446
0.07342531334496233   257.85784773218126   257.74194578778645
0.07557780916945323   249.04363149241678   248.9208275435134
0.07779340636952398   239.42833241110176   239.30363333476694
0.08007395479015682   229.06847541684226   228.94757603194896
0.08242135850536496   218.10834558048094   217.9971982892487
0.08483757740794096   206.72376225973628   206.62825050455683
0.08732462884580919   195.12190283116664   195.04753052705186
0.08988458930634863   183.53292717772044   183.48420287675245
0.09251959615009227   172.2041985320278   172.18408763960093
0.09523184939525078   161.3866186225243   161.39608142025367
0.09802361355455057   151.3166329461873   151.35439408000113
0.10089721952591899   142.22265936655685   142.2846194834887
0.10385506653859616   134.27476438235772   134.3542769786407
0.10689962415629803   127.55257723300883   127.64007597722309
0.11003343433910281   122.05957224144082   122.14344852798303
0.11325911356578279   117.66465200101061   117.73324708077466
0.11657935501835284   114.17228601512116   114.21466062873544
0.11999693083066039   111.30566441777655   111.3126414812548
0.12351469440289359   108.75507562036705   108.7207449293125
0.12713558278394044   106.19547553549232   106.11856818564186
0.13086261912358757   103.31860449833948   103.20340102043473
0.13469891519660646   99.88268289948111   99.7390452241244
0.13864767400083483   95.74649618312284   95.58904272937484
0.14271219243142114   90.90422670449918   90.75038502517181
0.14689586403346616   85.47272477426397   85.34021037806261
0.1512021818353596   79.68105769075035   79.58499857222648
0.15563474126517718   73.85627505300734   73.80610217709041
0.16019724315257297   68.38413090580073   68.38027140952744
0.1648934968186736   63.60164318943893   63.63471389877966
0.1697274232565544   59.69761208384152   59.75057425396699
0.17470305840495237   56.67619818808976   56.72818715958073
0.17982455651794954   54.4021604380331   54.43258060216417
0.18509619363343993   52.65806916472985   52.65075323530202
0.19052237114327647   51.14542311163473   51.09231479572472
0.19610761946807834   49.51361419067532   49.418719895117896
0.20185660183976684   47.48084295508888   47.360914008434555
0.20777411819498756   44.96935870263361   44.8477540521813
0.21386510918267082   42.09168227674147   41.99257955289424
0.22013466028907505   39.07360338837848   39.011300779042166
0.22658800608375756   36.200647958732326   36.17767611961546
0.23323053459001789   33.72910163914337   33.73376581208193
0.2400677917834628   31.774504822150945   31.785399436987248
0.24710548622244882   30.288230393285076   30.283892261276442
0.25434949381426813   29.09068034722069   29.055857053342336
0.2618058627210567   27.924346570073343   27.85920324845665
0.2694808184095226   26.587517355603865   26.507075924734103
0.27738076884870827   25.037310506715148   24.961490831641587
0.2855123098601282   23.363200496355336   23.309307342949158
0.29388223062474755   21.73776462186566   21.710551038150086
0.3024975193514008   20.330291636015076   20.319136929994126
0.31136536911138296   19.189974242904647   19.177464833681714
0.3204931838440838   18.242756530193244   18.216013256996014
0.32988858453867975   17.35366188629551   17.310656847357563
0.3395594155970457   16.405842019299683   16.35767678279069
0.34951375138319807   15.387454486576447   15.347921304420337
0.3597599029647371   14.377146678156887   14.352623937906563
0.37030642505191835   13.462413676300343   13.448495817699335
0.3811621231401457   12.678877804515157   12.665128082352801
0.3923360608618501   11.985282210715113   11.964777920130118
0.4038375675538918   11.310896267010587   11.286242882312433
0.41567624604680364   10.624052101216613   10.602714660912378
0.42786198068238046   9.948476080097794   9.935152416468402
0.4404049455663077   9.3262403278611   9.318823655825646
0.4533156130627191   8.769321545820635   8.762170625760836
0.4666047625377753   8.254637528869743   8.245759152483208
0.4802834893595659   7.753969262083759   7.746426385075945
0.49436321416184764   7.267804613856647   7.264398157912944
0.5088556923793517   6.812334355739184   6.812681676800589
0.5237730240626238   6.394316438145761   6.396000987314945
0.5391276639805903   6.003198291626051   6.005481894714639
0.5549324320192869   5.629061120154577   5.633408661720143
0.5712005238854289   5.274117239682492   5.281263290638564
0.5879455221237613   4.943259233813933   4.952361022940442
0.6051814074573895   4.63433833953917   4.644756293739579
0.622922570460556   4.3422504057728855   4.354353390981204
0.6411838235736077   4.066539631023111   4.080659189483288
0.6599804134701901   3.808510346368595   3.8242965000035585
0.6793280337869897   3.5664540602075943   3.5837212168172075
0.6992428382266549   3.3389972834818358   3.357721303540595
0.7197414540448374   3.1253251021529884   3.1455005270100562
0.7408409959326054   2.9246783039516626   2.9462787786739915
0.7625590803058332   2.7363326607865535   2.759313734906982
0.7849138400134885   2.5595975821182733   2.583900035674174
0.8079239394770964   2.393815161214348   2.419367953525025
0.8316085902740278   2.23835918903881   2.2650820617153955
0.8559875671776167   2.0926337917622075   2.1204396877364116
0.8810812246675007   1.9560645273714095   1.9848646707128292
0.9069105139239728   1.8280996366964568   1.8578074555745518
0.9334970003205227   1.7082186127801426   1.7387498069945921
0.960862881429187   1.5959309602052318   1.6272034375483277
0.9890310055537336   1.4907745628549878   1.5227084137861682
1.0180248908061487   1.3923141340917575   1.4248316357977173
1.047868744742366   1.3001397650309388   1.333165401920631
1.0785874845736239   1.2138665322218571   1.2473267582094716
1.1102067579703248   1.1331333283242284   1.16695630520313
1.1427529644757777   1.0575999193504948   1.0917157256525059
1.1762532775476793   0.9869457113931965   1.021286561602222
1.210735667245765   0.9208687153927364   0.9553691492813902
1.246228923584555   0.8590845589045143   0.893681602173334
1.2827626805706884   0.8013255421295772   0.8359588411050468
1.3203674409449337   0.7473395147024012   0.7819517132014483
1.3590746016495152   0.6968888396211879   0.7314261468122144
1.3989164800420282   0.6497501016096043   0.6841622116480433
1.4399263408778291   0.6057133753132596   0.6399533123651817
1.4821384240834183   0.5645814583757252   0.598605435826167
1.525587973344019   0.5261691445915672   0.5599364357027249
1.5703112655292182   0.49030253530122386   0.5237753530817084
1.6163456409812174   0.45681839962575665   0.4899619852077885
1.6637295346910133   0.42556357941710904   0.4583466653503637
1.7125025083885144   0.39639436432889347   0.4287889886515397
1.7627052835733923   0.3691759319938392   0.40115713815373516
1.814379775514258   0.34378182758913156   0.37532740104200446
1.8675691282445197   0.32009347165246793   0.35118370804925564
1.922317750584177   0.2979996947811225   0.3286171953091488
1.9786713532176083   0.2773962929197949   0.30752575357864415
2.0366769868582977   0.25818559508363964   0.2878135149585144
2.0963830815323896   0.240276093706089   0.2693906313112273
2.1578394870138577   0.2235820815794061   0.25217296954496343
2.2210975144450407   0.2080233008579528   0.23608176561226013
2.286209979177315   0.19352461201929175   0.2210432976197985
2.3532312448676476   0.1800156817471121   0.2069885771878905
2.4222172688678643   0.16743068127627914   0.19385313608623378
2.4932256489445366   0.15570796516478086   0.18157721679125233
2.5663156713684585   0.14478985524297786   0.1701050569671457
2.641548360413907   0.1346224213872262   0.15938436568151215
2.7189865293089923   0.12515524654337837   0.1493661248167299
2.798694832679631   0.11634120570593139   0.14000440125394495
2.8807398205309562   0.10813625821239642   0.13125616796878894
2.9651899938111903   0.1004992581065933   0.12308109384968703
3.05211586160442   0.09339182752995721   0.11544096513612949
3.1415899999999994   0.08677814318204741   0.10829981547913287
