0.01   6965.7870874043265   6965.218269145716
0.010293154462191829   7055.601229423947   7054.98969013729
0.010594902878253955   7143.19701639925   7142.538765656988
0.010905497183778876   7228.357584085467   7227.648153705932
0.011225196699963396   7310.85375387464   7310.088258459874
0.011554268350120923   7390.449204195029   7389.622372174092
0.011892986882540897   7466.90535431631   7466.011530766228
0.012241635099881474   7539.9756410331065   7539.008758571946
0.012600504095286909   7609.402008616389   7608.35553864517
0.012969893495426888   7674.925216495247   7673.792173877195
0.013350111710660605   7736.284903612798   7735.057809961565
0.013741476192534558   7793.21068353739   7791.881271163188
0.014144313698828986   7845.430296420403   7843.98940231414
0.01455896056637426   7892.675105517571   7891.11268814811
0.014985762991865008   7934.673503001791   7932.978624695365
0.01542507732090645   7971.149545728949   7969.310349601375
0.015877270345534218   8001.8343511250005   7999.838101691343
0.016342719610456153   8026.466445523549   8024.299458547154
0.016821813728271667   8044.785554322503   8042.432646818408
0.017314952703931925   8056.541103288991   8053.985479929009
0.017822548268711737   8061.496952565619   8058.720301290132
0.01834502422397195   8059.431011913953   8056.4137058563965
0.018882816794999403   8050.1368945529985   8046.858221142252
0.019436374995219892   8033.428134150049   8029.866450664901
0.02000616100108813   8009.142349822738   8005.275231446949
0.020592650537967844   7977.149428456798   7972.953773332019
0.021196333277324068   7937.346423545836   7932.798635812707
0.02181771324555934   7889.658076268556   7884.734328425795
0.022457309244835088   7834.059644013214   7828.73691816574
0.02311565528622961   7770.574685623648   7764.831699389808
0.023793301035594242   7699.255752338548   7693.073166647422
0.024490812272480036   7620.20289801609   7613.564020234258
0.025208771362518027   7533.6025169073855   7526.495070497288
0.0259477777436476   7439.677338257424   7432.093792906991
0.02670844842659881   7338.680028482441   7330.617655741753
0.027491418510046592   7230.971268588598   7222.4333739153735
0.028297341710866907   7116.989047674823   7107.985676760212
0.029126890909937666   6997.182129220312   6987.729719813466
0.029980758713939952   6872.054492192072   6862.1760599893305
0.030859658033628758   6742.2308589532395   6731.956964264455
0.031764322679055976   6608.342260440704   6597.710512004698
0.03269550797224261   6471.022725529181   6460.076837914865
0.033653991377811755   6331.088793852702   6319.876063548799
0.03464057315210884   6189.434174788664   6178.003764063582
0.03565607701135116   6046.898011055733   6035.30034365484
0.036701350819364466   5904.243728961   5892.530297312952
0.03777726729548091   5762.142279323556   5750.365828158287
0.038884724743189276   5621.206638668276   5609.420734135745
0.04002464780014597   5482.049057210757   5470.305501840707
0.041197988210172884   5345.639707395115   5333.971381061506
0.04240572561788674   5213.0504220805105   5201.464695501565
0.04364886838662332   5085.242079027216   5073.722935288007
0.04492845444033957   4962.90880301195   4951.4143880576285
0.04624555213019635   4846.399692808676   4834.857254620891
0.04760126112654554   4735.9973985800625   4724.305295238444
0.04899671333706607   4631.83119881233   4619.862331331883
0.05043307385181555   4533.552915202703   4521.160905021025
0.05191154191598653   4440.728558700356   4427.750158283813
0.053433351931179485   4352.875776232032   4339.13460828444
0.05499977448602865   4269.230635099676   4254.548500942338
0.05661211741704101   4189.004620441649   4173.204622355426
0.05827172690053434   4111.346952311408   4094.2633520496465
0.05997998857658587   4035.226760773874   4016.724329263118
0.06173832870592997   3959.6322947205426   3939.611071279674
0.0635482153607709   3883.340462797006   3861.7685147160005
0.06541115965050462   3805.0404574844565   3781.973199212215
0.06732871698337338   3723.3986235580337   3699.0038894421486
0.06930248836510605   3636.976580538428   3611.578547944245
0.07133412173562886   3544.514637381735   3518.5986611735507
0.07342531334496233   3445.045561304864   3419.2854119529925
0.07557780916945323   3337.9586125671303   3313.1970725833903
0.07779340636952398   3223.439574958486   3200.654465342897
0.08007395479015682   3102.154009578593   3082.4027762089036
0.08242135850536496   2975.592967300584   2959.9087942975
0.08483757740794096   2845.594972826958   2834.9376979002523
0.08732462884580919   2714.450876724511   2709.6729425909525
0.08988458930634863   2584.5119972303323   2586.2732938262984
0.09251959615009227   2458.1661425074385   2466.8262972807916
0.09523184939525078   2337.7757933395947   2353.3427467696524
0.09802361355455057   2225.4967389322137   2247.63182793943
0.10089721952591899   2123.1576683393396   2151.126379205172
0.10385506653859616   2032.2039625591833   2064.8811045592097
0.10689962415629803   1953.0893087110444   1989.0580116842734
0.11003343433910281   1885.5179066841201   1923.1715424103631
0.11325911356578279   1827.8381521497827   1865.618532454109
0.11657935501835284   1777.6879586358114   1814.2543933493566
0.11999693083066039   1731.9012369904544   1766.3651333494206
0.12351469440289359   1687.1400890869536   1719.2116022785176
0.12713558278394044   1640.168063181373   1670.2583263069457
0.13086261912358757   1588.2715558789923   1617.532427246102
0.13469891519660646   1529.7014427145532   1559.8575565382093
0.13864767400083483   1463.9410975305577   1497.08634812459
0.14271219243142114   1391.9388312379965   1430.3245097579218
0.14689586403346616   1315.9013210191567   1361.384280298676
0.1512021818353596   1238.9092449838113   1292.604087654816
0.15563474126517718   1164.528950919577   1226.5797053301724
0.16019724315257297   1096.3525665078205   1165.7527123183265
0.1648934968186736   1037.230335063686   1112.0273016842652
0.1697274232565544   988.3201417694524   1065.721197939543
0.17470305840495237   948.682947393561   1025.9611622937562
0.17982455651794954   915.7416084990465   990.8166004274614
0.18509619363343993   886.1652199820041   957.916673821825
0.19052237114327647   856.4688515960839   925.089640129876
0.19610761946807834   823.4720648984495   890.5609198764603
0.20185660183976684   785.317686243218   853.4800209936166
0.20777411819498756   742.530019187463   814.3463016942828
0.21386510918267082   697.7328084460684   774.975835532896
0.22013466028907505   654.254456711815   737.1948009204855
0.22658800608375756   615.0549623744222   702.482495146861
0.23323053459001789   582.0089269776421   671.6952360702461
0.2400677917834628   555.093711347535   644.4096910817439
0.24710548622244882   532.4009520338928   619.6188778953316
0.25434949381426813   511.00410862017293   595.7979701200928
0.2618058627210567   488.2215443355225   571.7753090551433
0.2694808184095226   462.7967928105946   547.1989071740641
0.27738076884870827   435.64495726612273   522.4762324934385
0.2855123098601282   408.93548840053035   498.7896630045039
0.29388223062474755   384.74666018266737   476.65437229493136
0.3024975193514008   364.17976828223397   456.45081325035187
0.31136536911138296   346.6335585767866   437.79916550573563
0.3204931838440838   330.3102349832464   419.99268107335837
0.32988858453867975   313.59739056036994   402.5677466295249
0.3395594155970457   295.9716239835675   385.43688063345155
0.34951375138319807   278.2783801113484   368.80774394989214
0.3597599029647371   261.8775678163816   353.1256011099683
0.37030642505191835   247.40302256239036   338.44944895083086
0.3811621231401457   234.45908053610145   324.5966005405236
0.3923360608618501   222.06514259518065   311.35985861527183
0.4038375675538918   209.57770378396194   298.543516652621
0.41567624604680364   197.22112022683146   286.203135020632
0.42786198068238046   185.64231520409422   274.48919609568634
0.4404049455663077   175.13590072175805   263.41779139054967
0.4533156130627191   165.41165430296132   252.88141349617578
0.4666047625377753   156.01304149480575   242.78356263192225
0.4802834893595659   146.84381890705833   233.11524861025228
0.49436321416184764   138.16514270858917   223.89724712680825
0.5088556923793517   130.1325528561926   215.14269428242758
0.5237730240626238   122.61031928332422   206.80099276977808
0.5391276639805903   115.40669717448087   198.82327879041912
0.5549324320192869   108.52772419881417   191.2060282423877
0.5712005238854289   102.07276432957931   183.9481180630471
0.5879455221237613   96.02548743009429   177.03213984122135
0.6051814074573895   90.2940752732683   170.42770778651197
0.622922570460556   84.85516211439625   164.11422808106374
0.6411838235736077   79.7383653217648   158.09376564025865
0.6599804134701901   74.9244998673233   152.34767023897717
0.6793280337869897   70.38389473429721   146.85761653251097
0.6992428382266549   66.10040685514439   141.61262612806576
0.7197414540448374   62.06133081950704   136.59986639939962
0.7408409959326054   58.25450497149029   131.80716862687999
0.7625590803058332   54.6682025287116   127.22308058699466
0.7849138400134885   51.29113224716684   122.83682016607881
0.8079239394770964   48.112437166917545   118.63823223048506
0.8316085902740278   45.1216727799008   114.61770803889692
0.8559875671776167   42.308555111165504   110.76559445353665
0.8810812246675007   39.6630942075433   107.07238477210406
0.9069105139239728   37.17581981617145   103.52917905956019
0.9334970003205227   34.83776241984944   100.12765335825529
0.960862881429187   32.640428934110496   96.86001903551524
0.9890310055537336   30.575779449861848   93.71898534320451
1.0180248908061487   28.636204984666435   90.69772491328152
1.047868744742366   26.81451726039884   87.78972093892429
1.0785874845736239   25.103959026941258   84.98837012764851
1.1102067579703248   23.498140336610028   82.28739109897263
1.1427529644757777   21.991008019208742   79.68094032634623
1.1762532775476793   20.57683027655423   77.16358137993113
1.210735667245765   19.2501818046168   74.73025671756501
1.246228923584555   18.005929438885673   72.37626178720053
1.2827626805706884   16.839218188704812   70.09721888638062
1.3203674409449337   15.74545195263865   67.88894276422438
1.3590746016495152   14.72028008339803   65.74738791306001
1.3989164800420282   13.759594687670763   63.66879914535688
1.4399263408778291   12.85951899004337   61.64970587124264
1.4821384240834183   12.016395442989134   59.686903863208485
1.525587973344019   11.226774367042097   57.77743841238844
1.5703112655292182   10.487403103449822   55.91858873403891
1.6163456409812174   9.79521559571335   54.107866261376394
1.6637295346910133   9.14732204113553   52.34309832852114
1.7125025083885144   8.540999902134535   50.62234671878988
1.7627052835733923   7.973685256027052   48.94383250132286
1.814379775514258   7.442964218981002   47.30592575448265
1.8675691282445197   6.946564781735846   45.707136401239644
1.922317750584177   6.482349043747246   44.14610551925385
1.9786713532176083   6.048305828725913   42.62159716785139
2.0366769868582977   5.642542958090883   41.132561139747445
2.0963830815323896   5.26327963149761   39.678235666007964
2.1578394870138577   4.908842122060107   38.25795438555943
2.2210975144450407   4.57765804186079   36.87110491862659
2.286209979177315   4.268250534540564   35.51712448843117
2.3532312448676476   3.9792327765957256   34.19549568911131
2.4222172688678643   3.709302772707427   32.90574239402289
2.4932256489445366   3.4572385199839073   31.647439901193824
2.5663156713684585   3.2218951245195586   30.420503446660145
2.641548360413907   3.0021997468645085   29.22512231942665
2.7189865293089923   2.7971453699381414   28.06142991975745
2.798694832679631   2.6057869321687854   26.929492538494486
2.8807398205309562   2.427237750116412   25.829312485199033
2.9651899938111903   2.260666128906128   24.760831261633896
3.05211586160442   2.105292152088299   23.723932765759546
3.1415899999999994   1.9603833799068218   22.718411443085895
