0.01   506.1659816597008   506.1577844087299
0.010293154462191829   512.5815147164675   512.5731684192322
0.010594902878253955   518.8308401697736   518.8223713183544
0.010905497183778876   524.8981607745822   524.889608199095
0.011225196699963396   530.767264864092   530.7586470138565
0.011554268350120923   536.421767485652   536.4130788413299
0.011892986882540897   541.8449311878309   541.8361463872827
0.012241635099881474   547.0186174443688   547.0097186033435
0.012600504095286909   551.9241849286009   551.915171494743
0.012969893495426888   556.5429893114393   556.5338783286973
0.013350111710660605   560.8562527259494   560.8470667638178
0.013741476192534558   564.8450986614245   564.8358509970022
0.014144313698828986   568.4908670353146   568.4815604723366
0.01455896056637426   571.7749534785398   571.765582021228
0.014985762991865008   574.6780199031259   574.6685770476928
0.01542507732090645   577.1809057372071   577.1713867864747
0.015877270345534218   579.2650268403954   579.2554286949493
0.016342719610456153   580.9122294146272   580.9025445760699
0.016821813728271667   582.10491182075   582.0951225346021
0.017314952703931925   582.8263937370643   582.8164717620502
0.017822548268711737   583.060996474345   583.0509072969809
0.01834502422397195   582.7940384117021   582.7837555702334
0.018882816794999403   582.012095784309   582.0016040731545
0.019436374995219892   580.7032063861554   580.6925010505207
0.02000616100108813   578.8576535321788   578.8467263328093
0.020592650537967844   576.4679168935706   576.4567452253401
0.021196333277324068   573.5282128676238   573.516759869134
0.02181771324555934   570.0354052234645   570.023626220147
0.022457309244835088   565.990522111381   565.9783812750384
0.02311565528622961   561.3968303799713   561.3843035500785
0.023793301035594242   556.2597791657186   556.246854421314
0.024490812272480036   550.5904095717251   550.5770947308374
0.025208771362518027   544.4038630379796   544.3901899409243
0.0259477777436476   537.7168722614998   537.7028957290751
0.02670844842659881   530.5508341815356   530.5366292877405
0.027491418510046592   522.935386174085   522.9210437214106
0.028297341710866907   514.9017431596709   514.8873678347363
0.029126890909937666   506.4823727121505   506.46808236590573
0.029980758713939952   497.71749139841796   497.7034224381087
0.030859658033628758   488.65072405789635   488.6370329321669
0.031764322679055976   479.3247506624321   479.31161134553685
0.03269550797224261   469.7891295395526   469.7767273238264
0.033653991377811755   460.10579261314376   460.09431543422966
0.03464057315210884   450.3346296411486   450.3242660306854
0.03565607701135116   440.53075351132406   440.52169107384515
0.036701350819364466   430.7388316479585   430.73125323913507
0.03777726729548091   420.99747889196476   420.99156089596556
0.038884724743189276   411.34271210402454   411.3386231346382
0.04002464780014597   401.82789467803536   401.82573827871965
0.041197988210172884   392.53107846260406   392.53081597357834
0.04240572561788674   383.52535211226603   383.5268101787071
0.04364886838662332   374.8709637520013   374.87384786237726
0.04492845444033957   366.5902116257954   366.5941173014442
0.04624555213019635   358.6919328975195   358.6963554866658
0.04760126112654554   351.1821572084676   351.1864993348319
0.04899671333706607   344.04204518069184   344.0456070827304
0.05043307385181555   337.23525592901007   337.2372298580319
0.05191154191598653   330.72646129512583   330.72594225860814
0.053433351931179485   324.4665956961429   324.46264054360967
0.05499977448602865   318.397016398319   318.388689650617
0.05661211741704101   312.46071681438804   312.4471005132247
0.05827172690053434   306.59004068025934   306.57028190861814
0.05997998857658587   300.7158665841818   300.68920015294424
0.06173832870592997   294.76425860209116   294.7300866166711
0.0635482153607709   288.6477890823066   288.60582909197797
0.06541115965050462   282.2827296877521   282.23305452653756
0.06732871698337338   275.580732965095   275.5239533245515
0.06930248836510605   268.4606967209208   268.39800436539053
0.07133412173562886   260.8669915980663   260.8001994787803
0.07342531334496233   252.76754616216172   252.69906938289913
0.07557780916945323   244.1793172106296   244.11198307215471
0.07779340636952398   235.1624910230859   235.099352124254
0.08007395479015682   225.82149573146106   225.7657218424407
0.08242135850536496   216.29304578426988   216.24777464396766
0.08483757740794096   206.73500342343024   206.7027038536292
0.08732462884580919   197.30940792324654   197.29158570995747
0.08988458930634863   188.17673249849952   188.17401716589694
0.09251959615009227   179.48636298517334   179.49834840266934
0.09523184939525078   171.3789725822786   171.4037956951683
0.09802361355455057   163.96646047647795   164.00082901296736
0.10089721952591899   157.3308047468312   157.36986369335025
0.10385506653859616   151.4982802239323   151.53600360918713
0.10689962415629803   146.42521899167295   146.45487920165542
0.11003343433910281   141.99438764648892   142.0095162480854
0.11325911356578279   138.02659620462717   138.02186949287483
0.11657935501835284   134.30059059288797   134.27261562773396
0.11999693083066039   130.58921887489967   130.53722866446725
0.12351469440289359   126.68227965145512   126.60895222015947
0.12713558278394044   122.41885578887957   122.33006450165038
0.13086261912358757   117.70516801444046   117.60934548143817
0.13469891519660646   112.53896963986072   112.44608087388863
0.13864767400083483   107.01348535081068   106.93347108715193
0.14271219243142114   101.29604440711503   101.237363602231
0.14689586403346616   95.60181383165023   95.56993363237818
0.1512021818353596   90.1649703555804   90.16052924535168
0.15563474126517718   85.20873300207806   85.22742838604867
0.16019724315257297   80.89762763468352   80.92949943693645
0.1648934968186736   77.2818940331196   77.31350817950234
0.1697274232565544   74.26867614669729   74.28733214955221
0.17470305840495237   71.65611895766676   71.65215687037514
0.17982455651794954   69.20797169442577   69.17775446523065
0.18509619363343993   66.70296290488712   66.64942448636724
0.19052237114327647   63.959008904282605   63.89194980181628
0.19610761946807834   60.889144154391694   60.823524731764294
0.20185660183976684   57.56370703885587   57.515406326128975
0.20777411819498756   54.182432287781005   54.16027851743939
0.21386510918267082   50.96826210195121   50.97302771993728
0.22013466028907505   48.09285695338845   48.11749514295806
0.22658800608375756   45.64324858887678   45.673481287228064
0.23323053459001789   43.583929208347435   43.606212127917125
0.2400677917834628   41.76393757389014   41.76931794811317
0.24710548622244882   39.99250292443761   39.98151536507033
0.25434949381426813   38.11513908322713   38.097672218680756
0.2618058627210567   36.08578581274507   36.07721819377647
0.2694808184095226   33.99383307679891   34.00445772333976
0.27738076884870827   31.988500569365133   32.02036325438955
0.2855123098601282   30.184849415430545   30.231024760203297
0.29388223062474755   28.623081064119706   28.67194974333935
0.3024975193514008   27.240325798026277   27.282903702780636
0.31136536911138296   25.91568819139125   25.95156610196421
0.3204931838440838   24.563788157297488   24.601719535352778
0.32988858453867975   23.177171750561033   23.226125909308003
0.3395594155970457   21.82228593295043   21.886366527816676
0.34951375138319807   20.577850913087044   20.653115905747864
0.3597599029647371   19.463194617593892   19.542074190428384
0.37030642505191835   18.438517418064816   18.51649946585706
0.3811621231401457   17.445258711612436   17.524388958007297
0.3923360608618501   16.457589356281442   16.54368581688194
0.4038375675538918   15.499857087212186   15.595507797286237
0.41567624604680364   14.608371112531172   14.711250492285334
0.42786198068238046   13.789353728844052   13.895348230497092
0.4404049455663077   13.019282594782949   13.12692455574118
0.4533156130627191   12.274997135108189   12.386473375873607
0.4666047625377753   11.55780069097822   11.674987589238272
0.4802834893595659   10.883014821752763   11.00493674518879
0.49436321416184764   10.254125104826695   10.378750358300763
0.5088556923793517   9.660279529521825   9.787058545552851
0.5237730240626238   9.092838964968747   9.222626425681401
0.5391276639805903   8.554321860332951   8.68739951599267
0.5549324320192869   8.048613287759125   8.184047197486837
0.5712005238854289   7.572451373866333   7.70960937529263
0.5879455221237613   7.1210179677254235   7.260120847997877
0.6051814074573895   6.6939057397645385   6.8349641837218895
0.622922570460556   6.291881353193934   6.434438202136163
0.6411838235736077   5.912874272140839   6.056645413368165
0.6599804134701901   5.5549319739196115   5.6998277728127755
0.6793280337869897   5.217429387206225   5.3632850341135345
0.6992428382266549   4.899355281427288   5.046000225242734
0.7197414540448374   4.599663892017702   4.7469346766126375
0.7408409959326054   4.317360996322884   4.4651001903589655
0.7625590803058332   4.051501674135989   4.199557044529643
0.7849138400134885   3.80118814694561   3.949412038828532
0.8079239394770964   3.565567705384323   3.713816595852404
0.8316085902740278   3.343833158138964   3.491967430106078
0.8559875671776167   3.1352231057023383   3.283107049461698
0.8810812246675007   2.9390142390001355   3.086516009136583
0.9069105139239728   2.7545189627219266   2.901510580880468
0.9334970003205227   2.581083945440051   2.7274413552418135
0.960862881429187   2.418088704879548   2.5636918647447926
0.9890310055537336   2.264944229432687   2.4096772311505177
1.0180248908061487   2.121091556676833   2.2648428521083117
1.047868744742366   1.9859995309341945   2.128663252372235
1.0785874845736239   1.8591641286831284   2.0006407281975283
1.1102067579703248   1.7401080665899555   1.88030398402501
1.1427529644757777   1.6283795663357281   1.7672069406175457
1.1762532775476793   1.523551146438895   1.6609275803801042
1.210735667245765   1.4252184600022528   1.561066827687338
1.246228923584555   1.3329991774738377   1.4672474649057314
1.2827626805706884   1.2465318881606453   1.3791132796353835
1.3203674409449337   1.165475019997338   1.296328446798205
1.3590746016495152   1.0895059371892422   1.2185759019018712
1.3989164800420282   1.018320009696749   1.1455562714365382
1.4399263408778291   0.9516297014702766   1.0769870008692684
1.4821384240834183   0.8891636979659868   1.0126015146100587
1.525587973344019   0.8306660717592048   0.9521484078496867
1.5703112655292182   0.7758954801510821   0.895390716738265
1.6163456409812174   0.7246242912256508   0.8421062477060671
1.6637295346910133   0.6766378885675682   0.792086596566129
1.7125025083885144   0.6317341157255119   0.7451351570182679
1.7627052835733923   0.589722611695057   0.7010664811635715
1.814379775514258   0.5504241716750888   0.6597057251949199
1.8675691282445197   0.5136701388328694   0.6208881145209604
1.922317750584177   0.47930182583984626   0.5844584284945058
1.9786713532176083   0.4471699385428544   0.5502703400477585
2.0366769868582977   0.4171339554693846   0.5181853152449026
2.0963830815323896   0.38906175655794345   0.4880729119467073
2.1578394870138577   0.3628291968827964   0.45981062646480414
2.2210975144450407   0.33831965181925844   0.43328343580925044
2.286209979177315   0.31542358617062133   0.40838336335583053
2.3532312448676476   0.2940381461646829   0.38500906720330325
2.4222172688678643   0.2740667753138048   0.3630654472293872
2.4932256489445366   0.25541896284572363   0.3424631057894021
2.5663156713684585   0.2380099183166744   0.3231179570149156
2.641548360413907   0.2217600489847413   0.3049511821378849
2.7189865293089923   0.20659464585502882   0.28788892898694485
2.798694832679631   0.1924436029524457   0.27186200453155224
2.8807398205309562   0.1792411512153394   0.2568055856179639
2.9651899938111903   0.1669256063679629   0.24265894691463522
3.05211586160442   0.15543906522633402   0.22936553268295073
3.1415899999999994   0.1447267554191457   0.2168749155323505
