0.01   7995.710704083354   7994.9898391931265
0.010293154462191829   8095.2809907690225   8094.500666630953
0.010594902878253955   8192.486847982394   8191.6421502377325
0.010905497183778876   8287.09545066801   8286.1802590093
0.011225196699963396   8378.86995027211   8377.876834771256
0.011554268350120923   8467.568720773565   8466.489061598844
0.011892986882540897   8552.93669756267   8551.761504401951
0.012241635099881474   8634.713151087884   8633.433367693988
0.012600504095286909   8712.635950940872   8711.242470244531
0.012969893495426888   8786.43329665845   8784.916443867609
0.013350111710660605   8855.82251534524   8854.171408053204
0.013741476192534558   8920.521455644823   8918.723970640855
0.014144313698828986   8980.247173307796   8978.289997449177
0.01455896056637426   9034.706389836683   9032.575209523799
0.014985762991865008   9083.606522186456   9081.286108597262
0.01542507732090645   9126.66037174583   9124.134609480647
0.015877270345534218   9163.577036801858   9160.828478403553
0.016342719610456153   9194.063422988902   9191.072853303232
0.016821813728271667   9217.83632277448   9214.582814495083
0.017314952703931925   9234.62136264549   9231.082272938529
0.017822548268711737   9244.146364909959   9240.297098546165
0.01834502422397195   9246.15234053504   9241.966410425772
0.018882816794999403   9240.397853454571   9235.847028703054
0.019436374995219892   9226.657790028155   9221.71202128949
0.02000616100108813   9204.725956161277   9199.353377703701
0.020592650537967844   9174.419768544532   9168.58694184467
0.021196333277324068   9135.585326071066   9129.257600482348
0.02181771324555934   9088.10493373335   9081.246984397916
0.022457309244835088   9031.891311416224   9024.467502895017
0.02311565528622961   8966.889633801857   8958.864486351178
0.023793301035594242   8893.103594460345   8884.443689429849
0.024490812272480036   8810.586822164072   8801.262149734945
0.025208771362518027   8719.425065613936   8709.409292795855
0.0259477777436476   8619.762498353744   8609.03394651191
0.02670844842659881   8511.835534919875   8500.379077113494
0.027491418510046592   8395.916481639184   8383.72378689496
0.028297341710866907   8272.31381379698   8259.383596207326
0.029126890909937666   8141.461052246255   8127.801996587268
0.029980758713939952   8003.863259157431   7989.495259156103
0.030859658033628758   7860.035451090237   7844.988953128661
0.031764322679055976   7710.564920422887   7694.881557571408
0.03269550797224261   7556.162629278163   7539.896885560039
0.033653991377811755   7397.537649738559   7380.75584175378
0.03464057315210884   7235.409344623586   7218.187827055692
0.03565607701135116   7070.704137101348   7053.124820353216
0.036701350819364466   6904.403109420808   6886.550871296543
0.03777726729548091   6737.423308068185   6719.3850228066985
0.038884724743189276   6570.605202229083   6552.471583907937
0.04002464780014597   6404.707288472997   6386.576098263291
0.041197988210172884   6240.4226843595625   6222.397683792443
0.04240572561788674   6078.45392433039   6060.638481707599
0.04364886838662332   5919.868741365287   5902.334728314434
0.04492845444033957   5765.784444558429   5748.563588060572
0.04624555213019635   5617.193099895704   5600.280667826954
0.04760126112654554   5474.809837549919   5458.165957982156
0.04899671333706607   5339.052028243083   5322.602262932208
0.05043307385181555   5210.269448719466   5193.907888922646
0.05191154191598653   5088.5964256117395   5072.189045190063
0.053433351931179485   4973.63969143001   4957.028327595155
0.05499977448602865   4864.939948951244   4847.944571581558
0.05661211741704101   4761.9597636738745   4744.383490831359
0.05827172690053434   4663.860257116646   4645.500934069649
0.05997998857658587   4569.798031161393   4550.4511866152725
0.06173832870592997   4478.838816821117   4458.314088285222
0.0635482153607709   4389.8713511420565   4368.017682645731
0.06541115965050462   4301.808177365711   4278.521055905449
0.06732871698337338   4213.325586549432   4188.598878535339
0.06930248836510605   4123.044525636803   4096.993166515141
0.07133412173562886   4029.5350399100685   4002.430529594483
0.07342531334496233   3931.2694220017547   3903.5877205547035
0.07557780916945323   3826.918280068294   3799.3481970769017
0.07779340636952398   3715.429078615439   3688.9108343082416
0.08007395479015682   3596.153923109744   3571.8357832450233
0.08242135850536496   3469.2578317327834   3448.4084402876474
0.08483757740794096   3335.422494877814   3319.3805462465625
0.08732462884580919   3196.197839580923   3186.3472881509038
0.08988458930634863   3053.515114538481   3051.1616118878105
0.09251959615009227   2909.784859695501   2915.9472715792185
0.09523184939525078   2767.4986467668623   2782.887906984435
0.09802361355455057   2629.1717346814303   2654.188116637288
0.10089721952591899   2497.3104259157717   2531.8802768822525
0.10385506653859616   2374.1641985745036   2417.717519058261
0.10689962415629803   2261.6845541882717   2313.1462803697664
0.11003343433910281   2161.384152799706   2219.2219049101377
0.11325911356578279   2073.7798152906225   2136.0373554291923
0.11657935501835284   1998.588491762581   2063.0368503989766
0.11999693083066039   1934.142011803842   1998.65898446083
0.12351469440289359   1877.977428760132   1940.7680070255735
0.12713558278394044   1826.828581643512   1886.6654702633975
0.13086261912358757   1777.1830074116567   1833.6267591347466
0.13469891519660646   1725.651418978435   1779.18417452331
0.13864767400083483   1669.3426325151888   1721.418500544916
0.14271219243142114   1606.3587736924558   1659.1839809579467
0.14689586403346616   1536.0830162841446   1592.3037185805
0.1512021818353596   1459.3805666734104   1521.7089393222827
0.15563474126517718   1378.475272025172   1449.256182150268
0.16019724315257297   1296.5204946203078   1377.2486450339625
0.1648934968186736   1217.1960846392208   1308.1922640697803
0.1697274232565544   1144.2150442246545   1244.3552675822798
0.17470305840495237   1080.5875494311788   1187.176480673779
0.17982455651794954   1027.6441996190963   1137.4793023422883
0.18509619363343993   984.540458717872   1094.1730542837636
0.19052237114327647   948.6955695581858   1055.4057661569084
0.19610761946807834   916.6992933625539   1019.1268430638121
0.20185660183976684   884.9511233445052   983.2363037265582
0.20777411819498756   850.1282296219301   946.0765260060659
0.21386510918267082   810.1891936704207   906.9935624508636
0.22013466028907505   765.4880468433375   866.3451414430172
0.22658800608375756   718.5951348261838   825.6178901991134
0.23323053459001789   672.9097944319647   786.5513351697591
0.2400677917834628   631.5113140895338   750.4518778568656
0.24710548622244882   596.4120463608955   717.8772347470152
0.25434949381426813   567.7385405977839   688.8012759850195
0.2618058627210567   543.6241818468752   661.8798669222626
0.2694808184095226   521.1617896861482   636.1601934154284
0.27738076884870827   497.5036996834793   610.7261026661567
0.2855123098601282   471.24105460919355   584.9321124444941
0.29388223062474755   443.1556791198212   559.3642511920265
0.3024975193514008   415.40711440263146   534.7529192177528
0.31136536911138296   390.1477460719679   511.7947531521747
0.3204931838440838   368.59789267091656   490.36812223880366
0.32988858453867975   350.264342328663   470.5913655241184
0.3395594155970457   333.3624950351122   451.7119847666516
0.34951375138319807   316.1963345395429   433.3748538960801
0.3597599029647371   298.1331009678202   415.39183146829237
0.37030642505191835   279.94121075934555   398.1178149860176
0.3811621231401457   263.0051246744055   381.73157123669154
0.3923360608618501   248.04405191877026   366.3157513294331
0.4038375675538918   234.7225695333308   351.73061903163796
0.41567624604680364   222.05771984257797   337.7942070521907
0.42786198068238046   209.3403285729753   324.3462308915019
0.4404049455663077   196.7357966973225   311.42903659085107
0.4533156130627191   184.89525284063794   299.1503451850888
0.4666047625377753   174.1590232800533   287.50950054161274
0.4802834893595659   164.2677954486244   276.4473830552984
0.49436321416184764   154.74517143093178   265.8539014782375
0.5088556923793517   145.45908419823093   255.68796552417447
0.5237730240626238   136.65894438612958   245.9974272487642
0.5391276639805903   128.5234962168395   236.7855831190002
0.5549324320192869   120.93058701896759   228.00060068197527
0.5712005238854289   113.6765559738146   219.5930359959791
0.5879455221237613   106.75076385182864   211.5545115261452
0.6051814074573895   100.25550127382985   203.888997920618
0.622922570460556   94.1842934928263   196.57987959877264
0.6411838235736077   88.44247173928062   189.58537302796015
0.6599804134701901   82.99857871036285   182.89518760128982
0.6793280337869897   77.88222183996037   176.50586156617254
0.6992428382266549   73.07943596058033   170.39379210311668
0.7197414540448374   68.55664051781147   164.54527680969574
0.7408409959326054   64.29482211177054   158.94750485841055
0.7625590803058332   60.28116293171528   153.5866978393261
0.7849138400134885   56.50327448348909   148.44993399246377
0.8079239394770964   52.949175715704584   143.52509919146488
0.8316085902740278   49.60730143304662   138.8008312793213
0.8559875671776167   46.466507794274804   134.26646864318704
0.8810812246675007   43.51601603188779   129.9119052634884
0.9069105139239728   40.74505094850294   125.7269140777654
0.9334970003205227   38.14319116536898   121.70160236962653
0.960862881429187   35.700588226768126   117.82674583711746
0.9890310055537336   33.40793816855523   114.09374294026115
1.0180248908061487   31.25645312650479   110.49457094929635
1.047868744742366   29.23783432930815   107.02174558313808
1.0785874845736239   27.34424648841721   103.66828340907072
1.1102067579703248   25.568318801420883   100.42748966663471
1.1427529644757777   23.903148848960885   97.29269779525457
1.1762532775476793   22.34221526303435   94.25765868055598
1.210735667245765   20.879349427945378   91.31657968622388
1.246228923584555   19.508718850669375   88.46409421758315
1.2827626805706884   18.224811125130216   85.69523375971107
1.3203674409449337   17.022418484366433   83.00540214569938
1.3590746016495152   15.896622372109272   80.39034995356101
1.3989164800420282   14.842769955691711   77.84612030281558
1.4399263408778291   13.856464651614806   75.36903759961781
1.4821384240834183   12.933562677407451   72.95572093530058
1.525587973344019   12.070160008229744   70.60306719247765
1.5703112655292182   11.262579599832826   68.30823421869974
1.6163456409812174   10.507359211167099   66.06862508504929
1.6637295346910133   9.801239804468398   63.88187330986249
1.7125025083885144   9.141154496102882   61.74589560616625
1.7627052835733923   8.524218029872983   59.65912576430698
1.814379775514258   7.94771680266463   57.62023322625643
1.8675691282445197   7.409099367905149   55.62800329722771
1.922317750584177   6.905967403133482   53.681329296488116
1.9786713532176083   6.436067130967689   51.779205030359726
2.0366769868582977   5.997281174421748   49.92071752801539
2.0963830815323896   5.587620812276096   48.10504247744805
2.1578394870138577   5.205217592062673   46.33160800324755
2.2210975144450407   4.84831608183962   44.60016656263896
2.286209979177315   4.515269212369269   42.91049551349333
2.3532312448676476   4.204532104014595   41.26236584632967
2.4222172688678643   3.9146560464277744   39.65554043014277
2.4932256489445366   3.6442828090284394   38.08977236997438
2.5663156713684585   3.3921392658451057   36.56480347857048
2.641548360413907   3.157032532375785   35.08040162392445
2.7189865293089923   2.9378470350297445   33.63671387846457
2.798694832679631   2.7335384773463067   32.23403255122597
2.8807398205309562   2.5431281512741193   30.872530089679582
2.9651899938111903   2.365699043074067   29.552262565422303
3.05211586160442   2.2003921694418374   28.273176931245214
3.1415899999999994   2.046403112903089   27.035118263871844
