0.01   12459.133556723616   12455.768727237672
0.010293154462191829   12614.158210627165   12610.475515925906
0.010594902878253955   12765.496809410626   12761.466468609735
0.010905497183778876   12912.785700321616   12908.37520536062
0.011225196699963396   13055.654849880351   13050.828911172568
0.011554268350120923   13193.727011849984   13188.44752225747
0.011892986882540897   13326.605432495504   13320.831292633862
0.012241635099881474   13453.88506778812   13447.572150166168
0.012600504095286909   13575.15873116726   13568.25991025012
0.012969893495426888   13690.003621355692   13682.46825572711
0.013350111710660605   13797.979306977237   13789.752615209121
0.013741476192534558   13898.646133228096   13889.669245216026
0.014144313698828986   13991.563302307912   13981.773183159527
0.01455896056637426   14076.27430631065   14065.603021244206
0.014985762991865008   14152.323845039997   14140.698501526816
0.01542507732090645   14219.265019009308   14206.607960538027
0.015877270345534218   14276.645000640108   14262.87315810309
0.016342719610456153   14324.007384600847   14309.03168619651
0.016821813728271667   14360.911170753136   14344.636900813095
0.017314952703931925   14386.929174678757   14369.255971057535
0.017822548268711737   14401.637798130065   14382.458514975537
0.01834502422397195   14404.634032687143   14383.83500327425
0.018882816794999403   14395.542213200024   14373.003954315098
0.019436374995219892   14374.011966927757   14349.609504468866
0.02000616100108813   14339.722283051895   14313.325676594775
0.020592650537967844   14292.388931444366   14263.864312270105
0.021196333277324068   14231.772395596823   14200.982968250732
0.02181771324555934   14157.689647888923   14124.49650426652
0.022457309244835088   14070.00505309321   14034.26843163379
0.02311565528622961   13968.63354014917   13930.214588503633
0.023793301035594242   13853.5813391788   13812.347848588142
0.024490812272480036   13724.932552032278   13680.763158705618
0.025208771362518027   13582.821291745024   13535.606716987342
0.0259477777436476   13427.472516245121   13377.118726496477
0.02670844842659881   13259.254525037008   13205.688343318869
0.027491418510046592   13078.59146669323   13021.761672470853
0.028297341710866907   12885.963836726036   12825.84226636229
0.029126890909937666   12682.047075729019   12618.636961711805
0.029980758713939952   12467.628133460588   12400.967722505746
0.030859658033628758   12243.509431119846   12173.670381260681
0.031764322679055976   12010.605888874928   11937.6954504258
0.03269550797224261   11770.024938244978   11694.191048871262
0.033653991377811755   11522.871027822042   11444.299373737964
0.03464057315210884   11270.264632258712   11189.173917523647
0.03565607701135116   11013.648893805237   10930.281510972909
0.036701350819364466   10754.552122527319   10669.167540227294
0.03777726729548091   10494.402828493498   10407.273635180296
0.038884724743189276   10234.510052847801   10145.9252158956
0.04002464780014597   9976.054905315637   9886.326573736198
0.041197988210172884   9720.116638715028   9629.576128936062
0.04240572561788674   9467.789185448646   9376.770743131345
0.04364886838662332   9220.735367151634   9129.503319729207
0.04492845444033957   8980.69523200117   8889.422144988011
0.04624555213019635   8749.213739970028   8657.986783654065
0.04760126112654554   8527.404643434513   8436.2207916065
0.04899671333706607   8315.918091713655   8224.677015566796
0.05043307385181555   8115.29893619787   8023.810333646809
0.05191154191598653   7925.756314220783   7833.751905966523
0.053433351931179485   7746.6772672696325   7653.831092946609
0.05499977448602865   7577.345968241012   7483.281861619565
0.05661211741704101   7416.925004084817   7321.229538164327
0.05827172690053434   7264.107715023562   7166.3608025014055
0.05997998857658587   7117.580462433871   7017.363200901419
0.06173832870592997   6975.888055628348   6872.822625007206
0.0635482153607709   6837.2995980345995   6731.110409564776
0.06541115965050462   6700.121257651018   6590.652189202622
0.06732871698337338   6562.290993197019   6449.627541656551
0.06930248836510605   6421.660483701428   6306.183020890339
0.07133412173562886   6276.0025712977895   6158.46951090237
0.07342531334496233   6122.938416018287   6004.598383522126
0.07557780916945323   5960.3978580122   5843.005981557277
0.07779340636952398   5786.741366131316   5672.6425725580375
0.08007395479015682   5600.9596069115905   5492.979294200645
0.08242135850536496   5403.30950366   5304.526189180184
0.08483757740794096   5194.852712216072   5108.468992477013
0.08732462884580919   4978.003112959656   4907.2596705866345
0.08988458930634863   4755.768793012494   4703.6526763375305
0.09251959615009227   4531.904944461145   4500.656045579254
0.09523184939525078   4310.291840933751   4301.366135561856
0.09802361355455057   4094.8455379461975   4108.924137241009
0.10089721952591899   3889.4696152545366   3926.111875395591
0.10385506653859616   3697.668238653689   3755.2738789794303
0.10689962415629803   3522.4805601645494   3598.307982938114
0.11003343433910281   3366.261965948005   3456.553998152222
0.11325911356578279   3229.817584302878   3329.9213204089797
0.11657935501835284   3112.706797505471   3217.433420048053
0.11999693083066039   3012.331084324251   3116.8454979313506
0.12351469440289359   2924.854165170114   3025.1800042480727
0.12713558278394044   2845.1890673631206   2938.7500880571174
0.13086261912358757   2767.865593670457   2853.940816071847
0.13469891519660646   2687.6052869701152   2767.581626296609
0.13864767400083483   2599.9049401788225   2677.3287249890404
0.14271219243142114   2501.8088385321603   2581.8377773464895
0.14689586403346616   2392.3564074315445   2481.023493897917
0.1512021818353596   2272.8949058280473   2376.253614783963
0.15563474126517718   2146.888071847066   2270.052447871595
0.16019724315257297   2019.247216837474   2165.3634124647465
0.1648934968186736   1895.7033931334258   2065.291339274002
0.1697274232565544   1782.039062105854   1972.4770536805024
0.17470305840495237   1682.942079876007   1888.2675374468452
0.17982455651794954   1600.4854613879336   1813.7210369734396
0.18509619363343993   1533.3536161489162   1747.1239817008725
0.19052237114327647   1477.5265656346382   1686.1272999840344
0.19610761946807834   1427.6939372726235   1628.386488417901
0.20185660183976684   1378.2477222007367   1571.4657427592529
0.20777411819498756   1324.0128845348497   1513.618381565779
0.21386510918267082   1261.8100855584148   1454.408351197045
0.22013466028907505   1192.1906904985883   1394.2531368094121
0.22658800608375756   1119.1582379190856   1334.8203321626097
0.23323053459001789   1048.0061906522376   1277.9715860298772
0.2400677917834628   983.5308372395666   1224.9557125050164
0.24710548622244882   928.8659922294611   1176.103398865831
0.25434949381426813   884.2088741973023   1131.430294161705
0.2618058627210567   846.6523977807781   1089.2046654562291
0.2694808184095226   811.6685374754474   1048.7657270088964
0.27738076884870827   774.8227834937869   1009.3650157083173
0.2855123098601282   733.9205574349642   970.1687963233837
0.29388223062474755   690.1797737288913   931.8871869243363
0.3024975193514008   646.9632017571881   895.1438579641856
0.31136536911138296   607.623730450765   860.6031810145349
0.3204931838440838   574.0613924693424   827.7667037938985
0.32988858453867975   545.5082925916994   797.1100269748947
0.3395594155970457   519.1849179305715   767.7291209935089
0.34951375138319807   492.44994779725306   739.3771079587892
0.3597599029647371   464.3178454813514   711.7676219770073
0.37030642505191835   435.9853515521803   685.3423221436193
0.3811621231401457   409.60874379284957   660.1523305337587
0.3923360608618501   386.3080128275739   636.2921487160016
0.4038375675538918   365.5608865818942   613.5712240808784
0.41567624604680364   345.8363902557378   591.8436849202485
0.42786198068238046   326.03009221094464   570.8888096843988
0.4404049455663077   306.3994914703853   550.7362712845013
0.4533156130627191   287.9588300585789   531.5231861760545
0.4666047625377753   271.23805791389384   513.2390651298724
0.4802834893595659   255.83322313383331   495.8118741471598
0.49436321416184764   241.00254921884545   479.0750745906363
0.5088556923793517   226.54023529921128   462.96290501299205
0.5237730240626238   212.8346861308842   447.55063554476357
0.5391276639805903   200.16443002494984   432.84875958947543
0.5549324320192869   188.33911772911264   418.77621010729024
0.5712005238854289   177.04156942802268   405.2483996279779
0.5879455221237613   166.25518956389956   392.2570577334136
0.6051814074573895   156.13939889114806   379.8143267259739
0.622922570460556   146.68399475566503   367.8948364687603
0.6411838235736077   137.7415706869195   356.42750407156444
0.6599804134701901   129.2631899905944   345.3994601979296
0.6793280337869897   121.29487829876827   334.8085760845076
0.6992428382266549   113.81493871541817   324.6161763193923
0.7197414540448374   106.77105888932856   314.80171768927477
0.7408409959326054   100.1336345791384   305.34609334129107
0.7625590803058332   93.88270139462696   296.2281355948067
0.7849138400134885   87.99896382682857   287.4280843107439
0.8079239394770964   82.46376119774179   278.92750907321897
0.8316085902740278   77.25908072786963   270.7092181478685
0.8559875671776167   72.36756606679212   262.7571748966485
0.8810812246675007   67.77242967026355   255.0562860174333
0.9069105139239728   63.45689011729726   247.59144971394744
0.9334970003205227   59.404717225089435   240.3481677361329
0.960862881429187   55.600573047208094   233.31300278031694
0.9890310055537336   52.02996759865149   226.4735136419685
1.0180248908061487   48.67921464362291   219.8181928777302
1.047868744742366   45.535389639173836   213.3364095134277
1.0785874845736239   42.586289853668234   207.0183561813681
1.1102067579703248   39.8204358966112   200.85496493872148
1.1427529644757777   37.22707775204586   194.83781626596505
1.1762532775476793   34.7960588635796   188.9591804197956
1.210735667245765   32.517772074081165   183.21199192717597
1.246228923584555   30.383133723894485   177.58981238030958
1.2827626805706884   28.38355867431133   172.08679556224004
1.3203674409449337   26.510936246891667   166.69765461920343
1.3590746016495152   24.757606195591272   161.41766363355896
1.3989164800420282   23.116322164339586   156.24318797162402
1.4399263408778291   21.580236912339647   151.17149746625654
1.4821384240834183   20.142896902186774   146.20017784942718
1.525587973344019   18.798221986539605   141.32709197529823
1.5703112655292182   17.540485510845198   136.5503615012949
1.6163456409812174   16.364295349736352   131.8683490266749
1.6637295346910133   15.264575842597072   127.27964064149094
1.7125025083885144   14.236550578311498   122.78328496485159
1.7627052835733923   13.275725973385974   118.37972070203307
1.814379775514258   12.377875776696872   114.06971724783125
1.8675691282445197   11.539026292698743   109.85394250781493
1.922317750584177   10.755442312571878   105.73296145439895
1.9786713532176083   10.023613751689703   101.70723512076218
2.0366769868582977   9.34024296372436   97.77711989429211
2.0963830815323896   8.702232678119294   93.94287321416358
2.1578394870138577   8.106672947819384   90.20507580419265
2.2210975144450407   7.550829862982755   86.56481896650854
2.286209979177315   7.032138276493703   83.0229738687829
2.3532312448676476   6.548192188589506   79.58013222182383
2.4222172688678643   6.09673537134972   76.23662050063568
2.4932256489445366   5.6756525082886915   72.99251436069213
2.5663156713684585   5.282960823476688   69.84765316580189
2.641548360413907   4.916802507731774   66.8016973550506
2.7189865293089923   4.575440152303318   63.854532538784696
2.798694832679631   4.25724735417966   61.006021869439955
2.8807398205309562   3.960699858632311   58.255729126676776
2.9651899938111903   3.6843694945438075   55.60293987559576
3.05211586160442   3.426918468249346   53.04668620569604
3.1415899999999994   3.187093967724792   50.58577078412826
