0.01   18622.89460474727   18605.562864693075
0.010293154462191829   18872.254267355805   18853.237023283084
0.010594902878253955   19116.61963448909   19095.75902873699
0.010905497183778876   19355.46312041844   19332.588413218946
0.011225196699963396   19588.233620141207   19563.16046188679
0.011554268350120923   19814.348289105837   19786.87764885625
0.011892986882540897   20033.214640808732   20003.132745026094
0.012241635099881474   20244.229818968706   20211.307787034075
0.012600504095286909   20446.761803568144   20410.753120143498
0.012969893495426888   20640.166633721048   20600.806431301142
0.013350111710660605   20823.79813316087   20780.803432360037
0.013741476192534558   20996.987773898276   20950.055082645056
0.014144313698828986   21159.043404307995   21107.84603245607
0.01455896056637426   21309.276176686308   21253.464754916025
0.014985762991865008   21446.996270782387   21386.199283693026
0.01542507732090645   21571.491673473454   21505.315183566818
0.015877270345534218   21682.055924151377   21610.08462556894
0.016342719610456153   21777.997867972168   21699.79628822913
0.016821813728271667   21858.62224410946   21773.7294228599
0.017314952703931925   21923.238164471255   21831.163996059462
0.017822548268711737   21971.18247488167   21871.41004438637
0.01834502422397195   22001.81598947263   21893.804484857945
0.018882816794999403   22014.51406825099   21897.702135221785
0.019436374995219892   22008.690167801935   21882.499690128603
0.02000616100108813   21983.804191218533   21847.643899094193
0.020592650537967844   21939.367529046387   21792.631872619255
0.021196333277324068   21874.94745516047   21717.0184084688
0.02181771324555934   21790.17152671656   21620.42412692155
0.022457309244835088   21684.750242232592   21502.563834530803
0.02311565528622961   21558.495393375822   21363.269252694477
0.023793301035594242   21411.29279809884   21202.453129360227
0.024490812272480036   21243.116165266845   21020.12395540295
0.025208771362518027   21054.108038407598   20816.476363285434
0.0259477777436476   20844.521428779823   20591.825047476887
0.02670844842659881   20614.685064542988   20346.56552687403
0.027491418510046592   20365.115616985444   20081.304432525765
0.028297341710866907   20096.541429287154   19796.886131284857
0.029126890909937666   19809.75509669093   19494.220306719726
0.029980758713939952   19505.66516639157   19174.338279449315
0.030859658033628758   19185.50455797235   18838.62317368853
0.031764322679055976   18850.599436000535   18488.551854888814
0.03269550797224261   18502.296339832803   18125.61282467613
0.033653991377811755   18142.242820386953   17751.602292793847
0.03464057315210884   17772.323999353015   17368.554887379156
0.03565607701135116   17394.36783819265   16978.431000700144
0.036701350819364466   17010.259823261546   16583.234098939596
0.03777726729548091   16622.180478571052   16185.253511689367
0.038884724743189276   16232.24398050145   15786.692858975213
0.04002464780014597   15842.458321454991   15389.623274895512
0.041197988210172884   15455.159615811534   14996.35738763441
0.04240572561788674   15072.789418692657   14609.257720048423
0.04364886838662332   14697.565314314561   14230.455302755396
0.04492845444033957   14331.266692804833   13861.632618422953
0.04624555213019635   13975.044917763773   13503.831676649563
0.04760126112654554   13629.867715101786   13157.912111685433
0.04899671333706607   13296.723197810723   12824.713594663526
0.05043307385181555   12977.487730870474   12505.645512749867
0.05191154191598653   12674.28821930662   12202.25718338532
0.053433351931179485   12388.943683945396   11915.844442278201
0.05499977448602865   12120.945784940166   11645.665304249038
0.05661211741704101   11867.670289773623   11389.133435532114
0.05827172690053434   11626.605717709668   11143.789890849579
0.05997998857658587   11395.504948872698   10907.458814407797
0.06173832870592997   11172.36267029024   10678.224756576705
0.0635482153607709   10955.24185795683   10454.266596178086
0.06541115965050462   10741.572828302795   10233.358332592858
0.06732871698337338   10528.543667048743   10013.148470986907
0.06930248836510605   10313.241982973288   9791.325991987322
0.07133412173562886   10092.197464476158   9565.392876040743
0.07342531334496233   9862.087795163292   9333.036668911827
0.07557780916945323   9619.480181167672   9092.106343936628
0.07779340636952398   9361.19155161301   8840.740228115435
0.08007395479015682   9085.091747578595   8578.093109392705
0.08242135850536496   8790.087557227107   8304.242909984961
0.08483757740794096   8476.858608779952   8020.50083497997
0.08732462884580919   8147.92436269161   7729.437040942785
0.08988458930634863   7807.2637064567125   7434.351423631407
0.09251959615009227   7460.138765715513   7139.166839864385
0.09523184939525078   7112.428651507104   6848.015410233794
0.09802361355455057   6770.186621820272   6564.972450849769
0.10089721952591899   6439.395374836145   6293.67922638869
0.10385506653859616   6125.636518383   6037.197545080302
0.10689962415629803   5834.25892425159   5797.923447879651
0.11003343433910281   5569.4971486633995   5577.572945153069
0.11325911356578279   5334.298335964253   5376.94818814353
0.11657935501835284   5129.623974239386   5195.6006406054
0.11999693083066039   4953.493105234878   5031.084828568399
0.12351469440289359   4801.471536435121   4880.094965342806
0.12713558278394044   4666.667128978166   4738.575056063656
0.13086261912358757   4540.892776052982   4602.204133833067
0.13469891519660646   4415.685704408145   4466.9308798075945
0.13864767400083483   4283.23567475553   4329.612441052928
0.14271219243142114   4137.505669956433   4188.096018788503
0.14689586403346616   3974.931738959336   4041.7499999408433
0.1512021818353596   3795.4497785913018   3892.4755541996724
0.15563474126517718   3602.444328014691   3742.041626079635
0.16019724315257297   3402.0401456841987   3592.739847333773
0.1648934968186736   3202.166275734155   3448.107912494972
0.1697274232565544   3011.6071785147697   3310.5653672875874
0.17470305840495237   2838.794419139677   3182.612928545057
0.17982455651794954   2689.825602907537   3064.9098861758716
0.18509619363343993   2566.362841649635   2956.684405803062
0.19052237114327647   2464.791494436439   2856.8899324960075
0.19610761946807834   2377.8211935777144   2761.8830201601872
0.20185660183976684   2297.05853883621   2669.974513841881
0.20777411819498756   2214.315253241965   2579.204959497086
0.21386510918267082   2122.583410651999   2489.973325110764
0.22013466028907505   2018.6184045117905   2401.0515250013755
0.22658800608375756   1905.1716849904597   2313.0920893452685
0.23323053459001789   1789.4614956578191   2228.0551473292226
0.2400677917834628   1679.4071711987513   2147.266378116735
0.24710548622244882   1581.3655203074827   2070.6535800405036
0.25434949381426813   1498.675051096418   1998.9132782750003
0.2618058627210567   1430.1153443389996   1930.560788735776
0.2694808184095226   1370.129049377846   1865.419809143497
0.27738076884870827   1311.9046637699375   1802.5499174575193
0.2855123098601282   1249.7610297886456   1741.5031958484678
0.29388223062474755   1181.9621066980037   1682.1083886899369
0.3024975193514008   1111.7348308805265   1625.2793903940749
0.31136536911138296   1044.284499304624   1570.387125050214
0.3204931838440838   983.8334073292913   1518.0828030253347
0.32988858453867975   931.9856965062123   1468.5476426511393
0.3395594155970457   886.4664058522303   1421.0183302497337
0.34951375138319807   843.0077710421994   1375.5945024035636
0.3597599029647371   798.5206849228689   1331.2887722528058
0.37030642505191835   752.6148530293902   1289.0334084425124
0.3811621231401457   707.6696717717027   1248.2530698690168
0.3923360608618501   666.4742888545171   1209.1249595879742
0.4038375675538918   629.766230817679   1171.8802601938241
0.41567624604680364   596.2184444367015   1136.2568168453
0.42786198068238046   563.7249607107377   1101.917013601418
0.4404049455663077   531.3356751391956   1068.7628196689966
0.4533156130627191   499.88079062342547   1036.8207753267545
0.4666047625377753   470.6356202615952   1006.2122083498649
0.4802834893595659   443.8689617184206   976.9170130578351
0.49436321416184764   418.7664755263849   948.777047670435
0.5088556923793517   394.51522348666873   921.5428842030949
0.5237730240626238   371.12176678570756   895.2258729663159
0.5391276639805903   349.13408632232955   869.9329115486252
0.5549324320192869   328.6840051740061   845.5762757794879
0.5712005238854289   309.4090628501914   822.0753331815184
0.5879455221237613   290.9976575811603   799.3391006709771
0.6051814074573895   273.5313465121985   777.3330770926677
0.622922570460556   257.14965246550116   756.0845436861791
0.6411838235736077   241.74704049306297   735.5191348727844
0.6599804134701901   227.15728138738828   715.5565044674447
0.6793280337869897   213.36203699781734   696.1908124153468
0.6992428382266549   200.3893630226194   677.3970297214003
0.7197414540448374   188.17765772806408   659.1220867279887
0.7408409959326054   176.66411504965603   641.3255869890049
0.7625590803058332   165.81234617697896   623.9978588575784
0.7849138400134885   155.58852466648224   607.1077160052888
0.8079239394770964   145.96017389504175   590.6263326384843
0.8316085902740278   136.89614784187268   574.5271257512026
0.8559875671776167   128.36660761202512   558.7856304520141
0.8810812246675007   120.34299528296104   543.3793854561694
0.9069105139239728   112.79800288803821   528.2878324667199
0.9334970003205227   105.70527145176291   513.4927547945103
0.960862881429187   99.03921145151536   498.9785897813083
0.9890310055537336   92.77552131109678   484.7313365359997
1.0180248908061487   86.89118963066848   470.73836154449504
1.047868744742366   81.36443298403157   456.98833141582475
1.0785874845736239   76.17463630326542   443.47114882715556
1.1102067579703248   71.30229576970974   430.1778911731975
1.1427529644757777   66.7289686302555   417.100894482564
1.1762532775476793   62.43728068655257   404.23569138299456
1.210735667245765   58.41084241038459   391.5801793308124
1.246228923584555   54.63414418375296   379.1327619140927
1.2827626805706884   51.0925133804181   366.89226572602223
1.3203674409449337   47.77207456334549   354.85790684810974
1.3590746016495152   44.65971116887601   343.02925759914615
1.3989164800420282   41.743028653451454   331.4062135434699
1.4399263408778291   39.0103145701281   319.9896778623721
1.4821384240834183   36.45048912070341   308.7841834594252
1.525587973344019   34.05309284271741   297.79494682719104
1.5703112655292182   31.808262076260092   287.0266657914145
1.6163456409812174   29.706697809026995   276.48352501541126
1.6637295346910133   27.73963594329609   266.1692031303746
1.7125025083885144   25.898818937274815   256.0868810308011
1.7627052835733923   24.176468761975514   246.23926186604885
1.814379775514258   22.565260191589978   236.62969670771972
1.8675691282445197   21.05829579095381   227.2629412064522
1.922317750584177   19.649084507213676   218.14301834399276
1.9786713532176083   18.3315195696514   209.27301046760235
2.0366769868582977   17.099857260779135   200.65511002590844
2.0963830815323896   15.94869674651106   192.29067102268164
2.1578394870138577   14.872960920947108   184.18026082183871
2.2210975144450407   13.867877973044912   176.32371685151608
2.286209979177315   12.928960877724482   168.72026418747188
2.3532312448676476   12.051992952687852   161.36853602436832
2.4222172688678643   11.233015422874095   154.26656305396398
2.4932256489445366   10.468312532383658   147.41182282619985
2.5663156713684585   9.75439737971661   140.80128943993526
2.641548360413907   9.087998522878676   134.43148173883603
2.7189865293089923   8.466047316556857   128.2985098547371
2.798694832679631   7.885667197521031   122.39810139371282
2.8807398205309562   7.344166577826154   116.72557831230834
2.9651899938111903   6.839022507600537   111.27597590326893
3.05211586160442   6.367868777943641   106.04411057323681
3.1415899999999994   5.9284867584439045   101.02461425528452
