0.01   16813.236308952757   16803.92869915188
0.010293154462191829   17016.961277390157   17006.782217606364
0.010594902878253955   17215.030894633106   17203.90194680739
0.010905497183778876   17406.939620348603   17394.775561947692
0.011225196699963396   17592.169235916128   17578.87756148341
0.011554268350120923   17770.196985917715   17755.677901870586
0.011892986882540897   17940.482832191363   17924.628483720302
0.012241635099881474   18102.468773965677   18085.162392144946
0.012600504095286909   18255.59610463785   18236.71208923579
0.012969893495426888   18399.30093959824   18378.704872067716
0.013350111710660605   18532.9950273362   18510.543219119798
0.013741476192534558   18656.08910949722   18631.628775354915
0.014144313698828986   18768.00107609372   18741.370584285287
0.01455896056637426   18868.140026712994   18839.16631253993
0.014985762991865008   18955.912160907938   18924.40872751426
0.01542507732090645   19030.739570632653   18996.50708765113
0.015877270345534218   19092.055243247483   19054.88187721213
0.016342719610456153   19139.291229062623   19098.95228098678
0.016821813728271667   19171.9017773596   19128.16060746678
0.017314952703931925   19189.36997728733   19141.979065834883
0.017822548268711737   19191.201498393413   19139.90108487333
0.01834502422397195   19176.93265196004   19121.450704226878
0.018882816794999403   19146.14081158922   19086.19492768418
0.019436374995219892   19098.45313992608   19033.752163828656
0.02000616100108813   19033.55485145826   18963.80019233668
0.020592650537967844   18951.184006186733   18876.072080980302
0.021196333277324068   18851.139574176657   18770.365092017833
0.02181771324555934   18733.321642152307   18646.58430549297
0.022457309244835088   18597.70847404921   18504.717520022547
0.02311565528622961   18444.340146348666   18344.8173154697
0.023793301035594242   18273.379323623747   18167.06553357569
0.024490812272480036   18085.13525394856   17971.798542306744
0.025208771362518027   17879.980552346944   17759.41865054906
0.0259477777436476   17658.378846164753   17530.42350905104
0.02670844842659881   17421.023836096934   17285.554088682387
0.027491418510046592   17168.704689779446   17025.650702274594
0.028297341710866907   16902.250742929176   16751.593743360747
0.029126890909937666   16622.70363890038   16464.48383895861
0.029980758713939952   16331.307129934115   16165.63040212596
0.030859658033628758   16029.30480249416   15856.339189921162
0.031764322679055976   15718.022317213003   15537.99533147129
0.03269550797224261   15399.100865276507   15212.299978374249
0.033653991377811755   15074.191816355422   14880.958898512206
0.03464057315210884   14744.885671411537   14545.609698786722
0.03565607701135116   14412.954061158176   14208.061393192758
0.036701350819364466   14080.258069489115   13870.20285919874
0.03777726729548091   13748.528628747254   13533.78524842068
0.038884724743189276   13419.49167704561   13200.533319156766
0.04002464780014597   13095.053462116719   12872.310680864495
0.041197988210172884   12776.99426039354   12550.847398522837
0.04240572561788674   12466.887679152373   12237.663623035447
0.04364886838662332   12165.82898186039   11933.779626493446
0.04492845444033957   11874.616021359083   11639.909475623575
0.04624555213019635   11593.953035704497   11356.677420948294
0.04760126112654554   11324.643748738272   11084.75261361938
0.04899671333706607   11067.73204840047   10824.946715197686
0.05043307385181555   10824.185763716525   10578.00039347553
0.05191154191598653   10594.305764075098   10344.052310383195
0.053433351931179485   10375.91735144474   10120.993458601784
0.05499977448602865   10166.356681741065   9906.283988716294
0.05661211741704101   9963.238783000685   9697.659788750798
0.05827172690053434   9764.704641672633   9493.376398851417
0.05997998857658587   9569.129070282735   9291.920621990697
0.06173832870592997   9374.688262822574   9091.659727784881
0.0635482153607709   9178.97603435458   8890.554326162106
0.06541115965050462   8979.651246913969   8686.654070386207
0.06732871698337338   8774.008719853799   8477.866321843565
0.06930248836510605   8559.221995359554   8262.100957703204
0.07133412173562886   8332.824699115927   8037.652511652911
0.07342531334496233   8092.758719171415   7803.313679512232
0.07557780916945323   7837.715977803882   7558.485499331762
0.07779340636952398   7568.027666402762   7303.972883247232
0.08007395479015682   7284.95149105302   7041.251534708642
0.08242135850536496   6991.770450634856   6773.310135942333
0.08483757740794096   6692.458903062673   6503.55966069776
0.08732462884580919   6391.909690970873   6235.936534428841
0.08988458930634863   6094.995480777498   5974.190631860598
0.09251959615009227   5806.579242639912   5721.747336883702
0.09523184939525078   5531.139853696076   5481.587247667437
0.09802361355455057   5272.853202226596   5256.277574591348
0.10089721952591899   5035.318595381362   5047.699363633467
0.10385506653859616   4821.462410439396   4857.134549710272
0.10689962415629803   4632.320931566883   4684.654656211839
0.11003343433910281   4467.44237631678   4529.3409216509335
0.11325911356578279   4323.496968306241   4388.184373528684
0.11657935501835284   4195.546309963764   4257.247594904381
0.11999693083066039   4076.8970736421675   4132.432143055769
0.12351469440289359   3960.684181204932   4009.74476502413
0.12713558278394044   3840.3932404157713   3885.4051482695168
0.13086261912358757   3710.889095878571   3757.1557403173547
0.13469891519660646   3568.8754566748353   3624.080938796579
0.13864767400083483   3413.7218357229585   3486.3748825856665
0.14271219243142114   3247.593269874624   3345.8252262686433
0.14689586403346616   3074.9149164559294   3205.2234681600635
0.1512021818353596   2901.6352101334787   3067.5920124769564
0.15563474126517718   2734.3408424986696   2936.2624730036546
0.16019724315257297   2579.6080067770454   2813.3667901253957
0.1648934968186736   2442.9000436206493   2700.5500658903993
0.1697274232565544   2326.883525724242   2598.9878794857523
0.17470305840495237   2229.83997317065   2505.6657866240043
0.17982455651794954   2146.356977071095   2418.9554056988004
0.18509619363343993   2069.721679183203   2336.0463538803438
0.19052237114327647   1993.6119141253319   2254.5891599368742
0.19610761946807834   1912.5548088097862   2173.2330903922248
0.20185660183976684   1823.0305714180151   2091.343971195566
0.20777411819498756   1725.6512905959116   2009.5961822016293
0.21386510918267082   1625.3373941540794   1929.811497860317
0.22013466028907505   1528.3861740701773   1853.6252499488974
0.22658800608375756   1439.8577527321281   1781.7330672903395
0.23323053459001789   1362.8926078364823   1714.8768526473405
0.2400677917834628   1297.4614209495023   1652.2455552241702
0.24710548622244882   1240.2540144520467   1592.590924511322
0.25434949381426813   1186.2571842848658   1535.2294852340092
0.2618058627210567   1130.9705550254203   1479.7387853355078
0.2694808184095226   1072.066563038101   1425.306088252564
0.27738076884870827   1010.9282543443696   1372.8282400363626
0.2855123098601282   951.3143737905409   1322.3711085323678
0.29388223062474755   896.4619854178547   1274.2768820880228
0.3024975193514008   848.0147221681299   1228.7733455250411
0.31136536911138296   805.2075011466653   1185.5187520479683
0.3204931838440838   765.1567906171098   1144.0371435206011
0.32988858453867975   725.3321514995814   1104.1751436349275
0.3395594155970457   684.9332852163441   1065.5981666510909
0.34951375138319807   645.050702762802   1028.587396294186
0.3597599029647371   607.7015528327726   993.3741595741752
0.37030642505191835   573.8069303399304   959.6393962150422
0.3811621231401457   542.7467474499373   927.4750040586714
0.3923360608618501   513.2027131747444   896.6553590752162
0.4038375675538918   484.23609184508797   867.0695607378652
0.41567624604680364   456.06882846430796   838.5933470937339
0.42786198068238046   429.5246382949972   811.358010541596
0.4404049455663077   404.9453070527526   785.3480633744102
0.4533156130627191   381.97185540891144   760.4325775270565
0.4666047625377753   360.0119948810705   736.4966294248319
0.4802834893595659   338.9285059884717   713.5017669895676
0.49436321416184764   318.9588284948606   691.4285099740058
0.5088556923793517   300.2706740290129   670.2941475478488
0.5237730240626238   282.68682417768497   650.0019000471533
0.5391276639805903   265.98378335886247   630.4840743005408
0.5549324320192869   250.12963142323   611.7106576202881
0.5712005238854289   235.19618026828022   593.6633219704838
0.5879455221237613   221.14504281543415   576.307720695087
0.6051814074573895   207.86548551400855   559.5837753263554
0.622922570460556   195.3109532429543   543.4567588149032
0.6411838235736077   183.48093093090105   527.9048127710655
0.6599804134701901   172.33746097439078   512.9074772095878
0.6793280337869897   161.8290710524071   498.4012566414575
0.6992428382266549   151.9225562832206   484.3855850125416
0.7197414540448374   142.59200571695115   470.82266153800526
0.7408409959326054   133.80660147573118   457.68325829228155
0.7625590803058332   125.53633339865753   444.94148122719594
0.7849138400134885   117.75272599568683   432.57323809577997
0.8079239394770964   110.428767194757   420.55612339372533
0.8316085902740278   103.53883996705058   408.8693128442326
0.8559875671776167   97.05865673903861   397.49346651131225
0.8810812246675007   90.96520732162438   386.41057428097724
0.9069105139239728   85.23683838308976   375.60298494772275
0.9334970003205227   79.85311538992774   365.05367520730687
0.960862881429187   74.79463667594234   354.74696083874363
0.9890310055537336   70.04298682858398   344.6684418029473
1.0180248908061487   65.58069473855797   334.8049324763743
1.047868744742366   61.391192803767886   325.14439696525096
1.0785874845736239   57.458777307656725   315.6758888924551
1.1102067579703248   53.76855942971184   306.3896983917994
1.1427529644757777   50.30639277874838   297.27804045191436
1.1762532775476793   47.058884063522285   288.3342087108555
1.210735667245765   44.0133734451509   279.55221124990265
1.246228923584555   41.1578983015536   270.92673251000565
1.2827626805706884   38.48115849329481   262.4530966075182
1.3203674409449337   35.972483093381186   254.12723176100477
1.3590746016495152   33.62179854155313   245.94564569639115
1.3989164800420282   31.419598448128934   237.90638790433758
1.4399263408778291   29.356914592040013   230.00968487229295
1.4821384240834183   27.425288534412434   222.2560496584812
1.525587973344019   25.616744998705254   214.64605008938932
1.5703112655292182   23.923766519732133   207.18029479245578
1.6163456409812174   22.339269255947716   199.8594195191111
1.6637295346910133   20.856579923914197   192.6840737864909
1.7125025083885144   19.4694135861321   185.6550270230987
1.7627052835733923   18.17184981778535   178.77473188199173
1.814379775514258   16.958314505524015   172.04660909121793
1.8675691282445197   15.823563561618228   165.473621761925
1.922317750584177   14.762664715345766   159.05825508749155
1.9786713532176083   13.77098015064699   152.80253332002027
2.0366769868582977   12.844150022728535   146.70803752867377
2.0963830815323896   11.978076815560726   140.77592401612452
2.1578394870138577   11.168909836906755   135.00710981465278
2.2210975144450407   10.413028973038976   129.40287420086366
2.286209979177315   9.707034308912359   123.96419928779473
2.3532312448676476   9.047734417975946   118.69153768391672
2.4222172688678643   8.432134215347265   113.58484727790155
2.4932256489445366   7.857423471344786   108.64362591287782
2.5663156713684585   7.3209659531063735   103.8669456957491
2.641548360413907   6.820289188227818   99.25348752161942
2.7189865293089923   6.353077089541579   94.80164595275673
2.798694832679631   5.917161836807449   90.50960342196439
2.8807398205309562   5.5105106041678695   86.37522466669182
2.9651899938111903   5.13121716653407   82.39607476109114
3.05211586160442   4.7774944632733645   78.56945165746123
3.1415899999999994   4.447667562758571   74.89241736053603
