0.01   11491.089841719404   11488.079954265844
0.010293154462191829   11649.057752457904   11645.7580514162
0.010594902878253955   11803.688416591229   11800.071441882747
0.010905497183778876   11954.605544470489   11950.641739589537
0.011225196699963396   12101.412801505689   12097.070577217632
0.011554268350120923   12243.706996998455   12238.952753457808
0.011892986882540897   12381.073754828078   12375.871526212723
0.012241635099881474   12513.073855430843   12507.384010264761
0.012600504095286909   12639.26009947081   12633.039058165734
0.012969893495426888   12759.181878496744   12752.382157225074
0.013350111710660605   12872.368997476215   12864.939619556759
0.013741476192534558   12978.337342875693   12970.224215720757
0.014144313698828986   13076.604792208336   13067.750857939765
0.01455896056637426   13166.684551446133   13157.029112640745
0.014985762991865008   13248.072762698494   13237.549491650421
0.01542507732090645   13320.270578213676   13308.80737193356
0.015877270345534218   13382.788590313354   13370.307816003602
0.016342719610456153   13435.130694180678   13421.549401645103
0.016821813728271667   13476.805511479044   13462.035768506268
0.017314952703931925   13507.341703669916   13491.291061948003
0.017822548268711737   13526.284876490581   13508.855536591032
0.01834502422397195   13533.194718311604   13514.281471414315
0.018882816794999403   13527.660053281063   13507.150707736877
0.019436374995219892   13509.304130538827   13487.080488586571
0.02000616100108813   13477.789319183894   13453.72906155501
0.020592650537967844   13432.819891948906   13406.798056309695
0.021196333277324068   13374.145162502153   13346.035305838119
0.02181771324555934   13301.580360695218   13271.255722131134
0.022457309244835088   13215.01777445728   13182.35246018053
0.02311565528622961   13114.404084990932   13079.274428871335
0.023793301035594242   12999.754669777267   12962.041933582304
0.024490812272480036   12871.218331347114   12830.816955290638
0.025208771362518027   12729.023127175462   12685.84404240409
0.0259477777436476   12573.452323123945   12527.42384588112
0.02670844842659881   12404.93878932481   12356.009992062456
0.027491418510046592   12224.071318514372   12172.215315420188
0.028297341710866907   12031.479813159414   11976.693680598471
0.029126890909937666   11827.880665746809   11770.187302836732
0.029980758713939952   11614.234064579487   11553.690457651124
0.030859658033628758   11391.557102735853   11328.25446498636
0.031764322679055976   11160.872080749801   11094.93329442884
0.03269550797224261   10923.432250245409   10855.00998568418
0.033653991377811755   10680.662577144354   10609.936630128714
0.03464057315210884   10433.927169671068   10361.100632393149
0.03565607701135116   10184.60709636273   10109.901550978235
0.036701350819364466   9934.265910152717   9857.914689172128
0.03777726729548091   9684.399166337003   9606.643163272573
0.038884724743189276   9436.396717007445   9357.47972608279
0.04002464780014597   9191.74739281682   9111.89670412679
0.041197988210172884   8951.944765440918   8871.359017423818
0.04240572561788674   8718.330960587153   8637.180137986381
0.04364886838662332   8492.261060437171   8410.661937270972
0.04492845444033957   8275.29325107691   8193.256456106401
0.04624555213019635   8068.85964735437   7986.290355442859
0.04760126112654554   7874.072706654671   7790.7778322974145
0.04899671333706607   7691.055349002623   7606.746490617403
0.05043307385181555   7519.615329208093   7433.914650918174
0.05191154191598653   7359.466272687405   7271.917036287115
0.053433351931179485   7209.765245421179   7119.861074606012
0.05499977448602865   7069.533946909535   6976.7304873698995
0.05661211741704101   6937.66346565205   6841.394599830818
0.05827172690053434   6812.547750360618   6712.267000588089
0.05997998857658587   6692.566868743901   6587.759670628751
0.06173832870592997   6575.764456802147   6466.021113189239
0.0635482153607709   6459.9265717500575   6345.004353712612
0.06541115965050462   6342.726790577233   6222.616373322592
0.06732871698337338   6221.391451706956   6096.474791692383
0.06930248836510605   6093.218758667882   5964.297551889518
0.07133412173562886   5955.451893081847   5823.82773818781
0.07342531334496233   5805.632829491376   5673.126020305428
0.07557780916945323   5642.0984190582485   5511.189645117639
0.07779340636952398   5463.908311780672   5337.676857405452
0.08007395479015682   5271.525305128814   5153.297735917392
0.08242135850536496   5066.3581232069355   4959.514545039056
0.08483757740794096   4851.194476807346   4759.087759709643
0.08732462884580919   4629.489135081313   4555.209147466649
0.08988458930634863   4405.40178776397   4351.409328590882
0.09251959615009227   4183.479259193334   4151.396201040911
0.09523184939525078   3968.3034676766642   3958.8243923920804
0.09802361355455057   3764.400456661406   3777.0036505274215
0.10089721952591899   3576.0525425957885   3608.8550931966297
0.10385506653859616   3406.7071495983864   3456.6062666989264
0.10689962415629803   3258.8707218447316   3321.7211670040383
0.11003343433910281   3133.1082652335654   3203.933701357236
0.11325911356578279   3028.420649035734   3101.8311914745886
0.11657935501835284   2941.6055810400626   3012.5881244654374
0.11999693083066039   2867.999014684678   2932.523635416657
0.12351469440289359   2801.814814175845   2857.3663515715593
0.12713558278394044   2736.6692248201507   2782.6883687913896
0.13086261912358757   2666.409506312995   2704.628796597999
0.13469891519660646   2585.7749867346415   2620.3430512560526
0.13864767400083483   2491.3451392753796   2528.452852471618
0.14271219243142114   2382.28004726471   2428.8615437388817
0.14689586403346616   2260.483624669593   2323.308660543432
0.1512021818353596   2130.374461373787   2215.148232639699
0.15563474126517718   1998.3017646087208   2108.205870233996
0.16019724315257297   1871.7120119224198   2006.6704549025596
0.1648934968186736   1757.7767774981853   1914.0739775597522
0.1697274232565544   1661.56843698609   1832.3649439446667
0.17470305840495237   1584.6189043076374   1761.8159824008926
0.17982455651794954   1524.7414744461796   1700.4811725827426
0.18509619363343993   1477.0235444420678   1645.0193129882214
0.19052237114327647   1434.9172245332327   1592.36126445514
0.19610761946807834   1391.063354879912   1539.564200927572
0.20185660183976684   1338.94763271199   1483.9212877580098
0.20777411819498756   1275.5376266193507   1424.8167584541459
0.21386510918267082   1202.6537806792774   1364.3502531605411
0.22013466028907505   1125.7248658349556   1304.1401557246413
0.22658800608375756   1051.5764210639784   1246.7808822502418
0.23323053459001789   986.4932186723073   1194.037201918608
0.2400677917834628   934.0266002282855   1147.0414333484362
0.24710548622244882   893.4909151677632   1104.4213396490422
0.25434949381426813   860.4762291607668   1064.7936515541242
0.2618058627210567   828.7275392733947   1026.2965067091575
0.2694808184095226   792.5437425813616   987.545459594507
0.27738076884870827   750.0404145255847   949.0292105320938
0.2855123098601282   703.6564696969066   910.5964165147516
0.29388223062474755   658.2198955514943   874.0579713664185
0.3024975193514008   618.4625468012642   839.7623415705953
0.31136536911138296   586.3630259508134   808.0565303334824
0.3204931838440838   559.9564336643929   778.2048393287607
0.32988858453867975   535.1208871802728   749.7511501451357
0.3395594155970457   508.273725354143   721.8315096871373
0.34951375138319807   478.70531590874407   694.4498930133292
0.3597599029647371   448.8786745819662   668.2328978415534
0.37030642505191835   421.92179074329914   643.4000740465324
0.3811621231401457   399.12342997549763   620.0069666728226
0.3923360608618501   379.19609715422155   597.7475419189249
0.4038375675538918   359.6145597623113   576.3924454941091
0.41567624604680364   339.08981253366557   555.6637768614901
0.42786198068238046   318.526111183408   535.7584212767626
0.4404049455663077   299.6295443774981   516.8425373464871
0.4533156130627191   283.0092660357933   498.8255625731335
0.4666047625377753   267.6880037285974   481.66383323644135
0.4802834893595659   252.5036674129573   465.1540291430681
0.49436321416184764   237.42542376348925   449.2284527643276
0.5088556923793517   223.29166260667756   434.0289582842231
0.5237730240626238   210.46481086489746   419.58656623566407
0.5391276639805903   198.4571033868924   405.7438854000988
0.5549324320192869   186.7698712897167   392.43338459303465
0.5712005238854289   175.5581793832397   379.62947524286034
0.5879455221237613   165.15042538460506   367.4043583638865
0.6051814074573895   155.4496717463232   355.71033607863683
0.622922570460556   146.18213844903033   344.44717180297556
0.6411838235736077   137.3552709675478   333.6097115706632
0.6599804134701901   129.099550139756   323.2272669414188
0.6793280337869897   121.34647569401017   313.25694012796566
0.6992428382266549   114.01583468795916   303.66223910022654
0.7197414540448374   107.08953151915497   294.42297563994
0.7408409959326054   100.55228564163622   285.5209390859575
0.7625590803058332   94.38852340788236   276.9390041290352
0.7849138400134885   88.58251177963055   268.66106071545903
0.8079239394770964   83.11825247180178   260.6717525853208
0.8316085902740278   77.97762369912124   252.95460924853055
0.8559875671776167   73.14199317397298   245.4930670155447
0.8810812246675007   68.59377529547207   238.27170683653128
0.9069105139239728   64.31639014965467   231.27619354667826
0.9334970003205227   60.29420501778148   224.4932037654735
0.960862881429187   56.5124794195928   217.91035978426927
0.9890310055537336   52.9573134996238   211.51616881848886
1.0180248908061487   49.61569469662395   205.2998140701641
1.047868744742366   46.47561961699282   199.2507965563554
1.0785874845736239   43.5257489229763   193.3593280388245
1.1102067579703248   40.755313626812665   187.61638668712064
1.1427529644757777   38.15409183392121   182.01367169666568
1.1762532775476793   35.71238599680716   176.54356131690784
1.210735667245765   33.4210007074268   171.1990739166636
1.246228923584555   31.27121963799395   165.97384021373273
1.2827626805706884   29.254748272949428   160.86229566365103
1.3203674409449337   27.36370121131364   155.85964069522973
1.3590746016495152   25.590629061506025   150.96153632447593
1.3989164800420282   23.928498687782607   146.16406401026484
1.4399263408778291   22.37067185067622   141.46370172029924
1.4821384240834183   20.910884808537517   136.85730101772705
1.525587973344019   19.543228846426164   132.34206503581515
1.5703112655292182   18.26213259606067   127.91568353190158
1.6163456409812174   17.06234870443218   123.57712888145477
1.6637295346910133   15.938932098896675   119.32589426353863
1.7125025083885144   14.887221535044409   115.16154069868632
1.7627052835733923   13.902824588463334   111.08368718911014
1.814379775514258   12.981603350480029   107.09200227772679
1.8675691282445197   12.119660795435411   103.18619582463415
1.922317750584177   11.313327779493592   99.36601341149424
1.9786713532176083   10.559148294671008   95.63161929640383
2.0366769868582977   9.853865991847904   91.98393821028485
2.0963830815323896   9.194418344500619   88.42382297937326
2.1578394870138577   8.577926428134344   84.95194470441429
2.2210975144450407   8.00168452408165   81.56879820100187
2.286209979177315   7.46315026751679   78.2747077308785
2.3532312448676476   6.959935314373555   75.06983299341059
2.4222172688678643   6.489796814684397   71.95422065996328
2.4932256489445366   6.050633004538329   68.92840808384013
2.5663156713684585   5.640472892440756   65.99314899556357
2.641548360413907   5.257465072467506   63.14887875019982
2.7189865293089923   4.899870864856584   60.3957227556076
2.798694832679631   4.566057899978173   57.73351885855453
2.8807398205309562   4.254494031757172   55.1618394905544
2.9651899938111903   3.963741566443119   52.680013446815195
3.05211586160442   3.6924484268031295   50.286996100726746
3.1415899999999994   3.4393339964736307   47.98095910607522
