0.01   750.6915988801819   750.674851913074
0.010293154462191829   760.8537409674286   760.836787523399
0.010594902878253955   770.8062793493016   770.7891428882385
0.010905497183778876   780.5265824753302   780.5092663812707
0.011225196699963396   789.9916075215963   789.9740946408773
0.011554268350120923   799.1770590371956   799.1593278330872
0.011892986882540897   808.0572953117502   808.0393389981572
0.012241635099881474   816.606349729777   816.5881780032984
0.012600504095286909   824.7977225654294   824.7793599990155
0.012969893495426888   832.6033924947891   832.5848696482941
0.013350111710660605   839.9949100732015   839.9762612090293
0.013741476192534558   846.9438133700531   846.9250758693232
0.014144313698828986   853.420961010551   853.4021633990855
0.01455896056637426   859.3966921307372   859.3778426189422
0.014985762991865008   864.8416752844831   864.8227607350375
0.01542507732090645   869.7265795989734   869.7075706765612
0.015877270345534218   874.0210714942256   874.0019409580729
0.016342719610456153   877.6952525631311   877.6759792520226
0.016821813728271667   880.7201085070269   880.7006769701444
0.017314952703931925   883.0669057104886   883.0472974250013
0.017822548268711737   884.7075690787616   884.6877556956787
0.01834502422397195   885.6154976788426   885.595440952905
0.018882816794999403   885.7656543669949   885.7453077085478
0.019436374995219892   885.134558377574   885.1138707286585
0.02000616100108813   883.7007667185944   883.6796834944593
0.020592650537967844   881.4451900450096   881.4236520535517
0.021196333277324068   878.3519165166206   878.3298437904688
0.02181771324555934   874.4081255791241   874.3854078139785
0.022457309244835088   869.6038296991519   869.5803275102246
0.02311565528622961   863.9334222212788   863.9089895135394
0.023793301035594242   857.3973733970462   857.3719029528978
0.024490812272480036   849.9996162507462   849.9730453002643
0.025208771362518027   841.74787692197   841.7201866297512
0.0259477777436476   832.6587903485948   832.6300062723224
0.02670844842659881   822.7548096518647   822.7250008996542
0.027491418510046592   812.0611409803862   812.0304181760046
0.028297341710866907   800.6112324131384   800.5797512095766
0.029126890909937666   788.4504906605277   788.4184589095927
0.029980758713939952   775.626569600311   775.5942440436677
0.030859658033628758   762.1899707247107   762.1576593873237
0.031764322679055976   748.204747943982   748.1728531518894
0.03269550797224261   733.7395600457418   733.7085888753813
0.033653991377811755   718.8618069799222   718.8323582930966
0.03464057315210884   703.6513957425489   703.624080046486
0.03565607701135116   688.205219694418   688.1805565868895
0.036701350819364466   672.6160849037103   672.5944995607673
0.03777726729548091   656.9703030759869   656.9521890102889
0.038884724743189276   641.3456878972829   641.3317154184944
0.04002464780014597   625.813284145491   625.8044742691367
0.041197988210172884   610.4391905315579   610.4368562637604
0.04240572561788674   595.3134436298641   595.3184877026544
0.04364886838662332   580.5522377572174   580.5644091412139
0.04492845444033957   566.2620590344059   566.2800238206622
0.04624555213019635   552.5318020066724   552.5534897460685
0.04760126112654554   539.4128713833609   539.4365646781009
0.04899671333706607   526.9432808718598   526.9678587764924
0.05043307385181555   515.1527006188353   515.1775346540959
0.05191154191598653   504.02283536693545   504.04717203411917
0.053433351931179485   493.5083131739149   493.53092250496627
0.05499977448602865   483.56403316805057   483.58323027414883
0.05661211741704101   474.11827409009857   474.1318387703677
0.05827172690053434   465.0851100613116   465.0902528667519
0.05997998857658587   456.3792935423827   456.37274693756046
0.06173832870592997   447.89354936771434   447.871876356897
0.0635482153607709   439.5182468754403   439.4779682817528
0.06541115965050462   431.13213260204054   431.07019808928953
0.06732871698337338   422.59267228242874   422.50716066159424
0.06930248836510605   413.76032362362963   413.6506172242092
0.07133412173562886   404.478799605541   404.3462465628734
0.07342531334496233   394.6011107558242   394.4490992569635
0.07557780916945323   384.00745672752333   383.8411145331826
0.07779340636952398   372.60749262837686   372.4334197562135
0.08007395479015682   360.3846723200333   360.2108967153291
0.08242135850536496   347.3831523453993   347.2188798180093
0.08483757740794096   333.7282894529347   333.5826126827356
0.08732462884580919   319.60039818552866   319.48153692168546
0.08988458930634863   305.23307700618915   305.14911743896334
0.09251959615009227   290.87701813818506   290.8357067582239
0.09523184939525078   276.7958577389759   276.80271992000604
0.09802361355455057   263.2465407557591   263.3038345694252
0.10089721952591899   250.47965354516924   250.5854665852284
0.10385506653859616   238.70893780671375   238.8566374928783
0.10689962415629803   228.1185312238435   228.29563403032648
0.11003343433910281   218.80779683779775   218.99780822706342
0.11325911356578279   210.78817387903624   210.9724166366686
0.11657935501835284   203.94107428716214   204.10068370525397
0.11999693083066039   198.05140434665202   198.16893004299416
0.12351469440289359   192.80083860740282   192.86280030638486
0.12713558278394044   187.83593482567372   187.8347580149158
0.13086261912358757   182.7899111316494   182.72607814846373
0.13469891519660646   177.33774896964405   177.22048858122596
0.13864767400083483   171.233547319303   171.0816756764043
0.14271219243142114   164.35323002408072   164.19507263847555
0.14689586403346616   156.73052218539462   156.59771501535042
0.1512021818353596   148.54453217757964   148.46747051899843
0.15563474126517718   140.09150044656835   140.0953237590341
0.16019724315257297   131.74250780613343   131.84168001743126
0.1648934968186736   123.89775641487209   124.09008001191467
0.1697274232565544   116.915994553068   117.18146531333156
0.17470305840495237   111.01768368865467   111.32348585939513
0.17982455651794954   106.20754930555394   106.51563234897432
0.18509619363343993   102.27618029423729   102.55125832011775
0.19052237114327647   98.88578970262   99.1030357236811
0.19610761946807834   95.65810410993589   95.80945436624994
0.20185660183976684   92.22158937316101   92.32338574945676
0.20777411819498756   88.28936619868306   88.37919198971659
0.21386510918267082   83.79164422565997   83.9165470288551
0.22013466028907505   78.92451832955757   79.12362891797045
0.22658800608375756   74.03556857384521   74.33207744237933
0.23323053459001789   69.4772455609498   69.86701293007235
0.2400677917834628   65.5198639574561   65.97530025430255
0.24710548622244882   62.265110614922214   62.73984966684125
0.25434949381426813   59.58836784742065   60.043233971963694
0.2618058627210567   57.20821396541788   57.62263862484799
0.2694808184095226   54.799521281421974   55.182750251791276
0.27738076884870827   52.13653871220068   52.524457045082194
0.2855123098601282   49.21193230590928   49.647054226143005
0.29388223062474755   46.22102296236113   46.72834246414391
0.3024975193514008   43.41063532397786   43.98708466447389
0.31136536911138296   40.963108743575475   41.58113759760069
0.3204931838440838   38.90195430299558   39.52031233143841
0.32988858453867975   37.072228899168344   37.67240771043514
0.3395594155970457   35.270331212751884   35.85668472792471
0.34951375138319807   33.37512982509168   33.97440607017343
0.3597599029647371   31.414061368904186   32.0508598101334
0.37030642505191835   29.529994057418055   30.208756035549175
0.3811621231401457   27.84112902772941   28.543129624195977
0.3923360608618501   26.35356816392274   27.054721611921572
0.4038375675538918   24.978142841937792   25.669292020207656
0.41567624604680364   23.613469171039643   24.304756687913784
0.42786198068238046   22.240524980070624   22.947652939231816
0.4404049455663077   20.9209480974689   21.64776834978687
0.4533156130627191   19.713135715266304   20.44853372735976
0.4666047625377753   18.613231729215755   19.34492365325555
0.4802834893595659   17.569194050453756   18.296595032651204
0.49436321416184764   16.548706244072832   17.279282278448836
0.5088556923793517   15.566546191912218   16.30414383752413
0.5237730240626238   14.652278430227893   15.392200337257561
0.5391276639805903   13.804217659476738   14.540403404222165
0.5549324320192869   12.999047579781859   13.731754401153651
0.5712005238854289   12.226121347864723   12.958618235517974
0.5879455221237613   11.495471557010315   12.227415223604115
0.6051814074573895   10.812683724297322   11.54099111221347
0.622922570460556   10.169004693548308   10.89265990464387
0.6411838235736077   9.557226206897827   10.277259863467311
0.6599804134701901   8.979527198206556   9.69576090852824
0.6793280337869897   8.43690144173404   9.147924626126525
0.6992428382266549   7.925708567821377   8.630869619413236
0.7197414540448374   7.443372595877804   8.142481827180823
0.7408409959326054   6.988426462859847   7.681283221994006
0.7625590803058332   6.55954635872061   7.245905492700166
0.7849138400134885   6.15544936516678   6.835033153023248
0.8079239394770964   5.774894535853986   6.447403139063278
0.8316085902740278   5.416683668494317   6.08180421656902
0.8559875671776167   5.079661145052652   5.737075882547626
0.8810812246675007   4.762685352088396   5.4120923680984925
0.9069105139239728   4.46462606262958   5.105759733254196
0.9334970003205227   4.184409851313276   4.817038310877898
0.960862881429187   3.9210207725319473   4.544942195149635
0.9890310055537336   3.673497486273114   4.288536883157976
1.0180248908061487   3.440930516106804   4.046936980583444
1.047868744742366   3.2224596338709373   3.8193039736323877
1.0785874845736239   3.0172721052761764   3.604844725314277
1.1102067579703248   2.824605491618713   3.4028140477574342
1.1427529644757777   2.64374071704183   3.2125086995248786
1.1762532775476793   2.4739964581444926   3.0332623657272992
1.210735667245765   2.314727409389008   2.8644440116018117
1.246228923584555   2.1653226355960085   2.7054563030682868
1.2827626805706884   2.0252039801619355   2.5557340691988912
1.3203674409449337   1.8938245278614814   2.414742808157317
1.3590746016495152   1.7706666036586785   2.2819769851603096
1.3989164800420282   1.6552396671155776   2.1569582816694424
1.4399263408778291   1.5470803892689868   2.0392349297909496
1.4821384240834183   1.4457515253558897   1.9283805062888482
1.525587973344019   1.3508405720142203   1.823992645681309
1.5703112655292182   1.2619584844222302   1.7256918046496403
1.6163456409812174   1.1787384513688217   1.6331200771479093
1.6637295346910133   1.1008347256454614   1.545940065234521
1.7125025083885144   1.0279214970824826   1.4638339070297801
1.7627052835733923   0.9596918340362547   1.3865022042491344
1.814379775514258   0.8958566841769698   1.313662904004259
1.8675691282445197   0.8361439094107189   1.2450503547639769
1.922317750584177   0.7802973667154353   1.1804144112959891
1.9786713532176083   0.728076033659351   1.119519581852948
2.0366769868582977   0.6792531768178813   1.0621442163017836
2.0963830815323896   0.6336155177943665   1.0080790248180511
2.1578394870138577   0.5909623115844442   0.9571234516766117
2.2210975144450407   0.5511048455591674   0.9090882242685894
2.286209979177315   0.5138658432657488   0.8637960390167514
2.3532312448676476   0.479078808738723   0.8210807896144137
2.4222172688678643   0.4465874055910628   0.7807868442803835
2.4932256489445366   0.4162448693147046   0.7427683701330853
2.5663156713684585   0.3879134528307101   0.7068886880552695
2.641548360413907   0.3614640472411762   0.6730184346194433
2.7189865293089923   0.33677574829011137   0.6410343153509056
2.798694832679631   0.31373509563611296   0.6108209450607163
2.8807398205309562   0.2922356140897297   0.5822705436685568
2.9651899938111903   0.2721774103019805   0.5552824033358766
3.05211586160442   0.2534667905976235   0.529762394945885
3.1415899999999994   0.23601589901354336   0.505622510888514
