0.01   376.0102315317075   376.0066913862152
0.010293154462191829   381.22600248956127   381.22239649515495
0.010594902878253955   386.3392811994716   386.3356160898626
0.010905497183778876   391.33827315456256   391.3345597032389
0.011225196699963396   396.2108887836869   396.20713205770426
0.011554268350120923   400.9448335754749   400.941030890691
0.011892986882540897   405.52757856842106   405.5237199624394
0.012241635099881474   409.9455870203507   409.9416647819173
0.012600504095286909   414.18462928642   414.1806444474382
0.012969893495426888   418.2303667663006   418.2263295506
0.013350111710660605   422.06825658370593   422.06418139651316
0.013741476192534558   425.68342108526207   425.6793151332565
0.014144313698828986   429.06099076672325   429.0568522884682
0.01455896056637426   432.18612188149064   432.18194118085336
0.014985762991865008   435.0434025476167   435.03917286661044
0.01542507732090645   437.61728162602964   437.61300478676964
0.015877270345534218   439.8925076876804   439.8881942173544
0.016342719610456153   441.8539741144306   441.84963410858217
0.016821813728271667   443.4866418836488   443.482269586799
0.017314952703931925   444.7759938205632   444.77156596202485
0.017822548268711737   445.7081210402298   445.7036004923385
0.01834502422397195   446.2695763543054   446.26493546796667
0.018882816794999403   446.4476518078457   446.44288150576944
0.019436374995219892   446.23059734028607   446.2257067508965
0.02000616100108813   445.607996385783   445.6029933823325
0.020592650537967844   444.5709415117372   444.5658077833477
0.021196333277324068   443.1117844059417   443.10647415082457
0.02181771324555934   441.22448643461473   441.2189352306631
0.022457309244835088   438.90573645016065   438.89990006325166
0.02311565528622961   436.15404050531845   436.1479057934954
0.023793301035594242   432.96946942920675   432.9630528872656
0.024490812272480036   429.35568131436185   429.3490076968844
0.025208771362518027   425.3198671612051   425.3129486617499
0.0259477777436476   420.87068916502767   420.8635249505339
0.02670844842659881   416.01960280425925   416.01218673676567
0.027491418510046592   410.7842910288245   410.7766366627042
0.028297341710866907   405.1844272811968   405.17657221160164
0.029126890909937666   399.2407794091024   399.23278435276785
0.029980758713939952   392.9800071039125   392.9719622659804
0.030859658033628758   386.4329986305266   386.4250275487393
0.031764322679055976   379.63045812619947   379.62271480743215
0.03269550797224261   372.6065576830972   372.5992011110091
0.033653991377811755   365.4048163238938   365.39795073008304
0.03464057315210884   358.06849016614683   358.0621589696999
0.03565607701135116   350.63882435611333   350.6330300525162
0.036701350819364466   343.15692513501614   343.1517975617959
0.03777726729548091   335.6625912521626   335.65847558808406
0.038884724743189276   328.192878982821   328.1903157940269
0.04002464780014597   320.7886728976651   320.7881569574354
0.041197988210172884   313.50072029123567   313.502260270842
0.04240572561788674   306.37684031065595   306.379949444531
0.04364886838662332   299.460092151252   299.4638977178391
0.04492845444033957   292.78692613582797   292.7906978035738
0.04624555213019635   286.38906704880145   286.39243449950743
0.04760126112654554   280.2943185328167   280.2972347549495
0.04899671333706607   274.5080808942515   274.51061080744773
0.05043307385181555   269.0146775150713   269.01679883583154
0.05191154191598653   263.7980058473017   263.7996040829206
0.053433351931179485   258.83065085760774   258.83144875498084
0.05499977448602865   254.07391273978402   254.07339980832882
0.05661211741704101   249.48978807984622   249.487236696725
0.05827172690053434   245.02972972110075   245.02424360593602
0.05997998857658587   240.64084447077772   240.63139215490978
0.06173832870592997   236.26797187786943   236.25350125279238
0.0635482153607709   231.8445877874833   231.82429962696466
0.06541115965050462   227.30518899249043   227.27859821322258
0.06732871698337338   222.5756511013637   222.54279097983758
0.06930248836510605   217.58193622373594   217.54343750449732
0.07133412173562886   212.2580662529721   212.21508484038375
0.07342531334496233   206.54777740325898   206.5019109762275
0.07557780916945323   200.42191602324283   200.37499309444263
0.07779340636952398   193.8817846792252   193.83563235151615
0.08007395479015682   186.96447426572036   186.92096171856358
0.08242135850536496   179.74293827776992   179.70402360066893
0.08483757740794096   172.31949911943772   172.2870464943805
0.08732462884580919   164.81544510289484   164.79110883484142
0.08988458930634863   157.36324210682616   157.34859125852634
0.09251959615009227   150.09492578197373   150.09122390644623
0.09523184939525078   143.1429583489219   143.1504544121385
0.09802361355455057   136.62385372141546   136.641651772984
0.10089721952591899   130.64415666093618   130.66990142732783
0.10385506653859616   125.27977568865504   125.3098665025841
0.10689962415629803   120.56643149495984   120.5962981528152
0.11003343433910281   116.48500616642315   116.50979915113636
0.11325911356578279   112.95882512323104   112.97410441925255
0.11657935501835284   109.85275723644976   109.85481661000497
0.11999693083066039   106.99871861967502   106.98488715891854
0.12351469440289359   104.20735003901814   104.176480724788
0.12713558278394044   101.2991926772253   101.25214391452866
0.13086261912358757   98.12151006475514   98.06143039696379
0.13469891519660646   94.57357755720504   94.50574268879382
0.13864767400083483   90.62679207660635   90.55805317810088
0.14271219243142114   86.33030839738122   86.2682057052156
0.14689586403346616   81.80644145127715   81.7580782251371
0.1512021818353596   77.2295522618374   77.2003613927679
0.15563474126517718   72.80017532169462   72.79224412299632
0.16019724315257297   68.71774538800194   68.72824806923805
0.1648934968186736   65.1421178372575   65.16391735823535
0.1697274232565544   62.14626468207188   62.17022348691575
0.17470305840495237   59.68518874589136   59.701567056828274
0.17982455651794954   57.612947825929815   57.6141635685168
0.18509619363343993   55.735222461479786   55.71655985577344
0.19052237114327647   53.85221157889429   53.813704350296014
0.19610761946807834   51.78624177690612   51.734174468704296
0.20185660183976684   49.43111548241066   49.37719303107329
0.20777411819498756   46.81074646726867   46.76651841099048
0.21386510918267082   44.073954304025   44.04757372798962
0.22013466028907505   41.41705732752229   41.41157018742464
0.22658800608375756   39.01235185780235   39.02363092405798
0.23323053459001789   36.96684519257785   36.98524066243514
0.2400677917834628   35.28190318992894   35.29591770715952
0.24710548622244882   33.84520426511063   33.84570091939871
0.25434949381426813   32.48653604103757   32.47181550140348
0.2618058627210567   31.04931915005614   31.026304013526293
0.2694808184095226   29.459227112481855   29.43898674184969
0.27738076884870827   27.766250357415235   27.75872030485426
0.2855123098601282   26.102525292978722   26.111748403197748
0.29388223062474755   24.592584450937412   24.614991770481243
0.3024975193514008   23.300031208239425   23.325655169941395
0.31136536911138296   22.190462186683305   22.210748834184354
0.3204931838440838   21.15513370312634   21.167952508652103
0.32988858453867975   20.095767660793324   20.10645462654657
0.3395594155970457   18.98221649255145   18.999430190660267
0.34951375138319807   17.865445861583552   17.8942550533576
0.3597599029647371   16.82905078622988   16.867818643414545
0.37030642505191835   15.912540185493325   15.954767417020047
0.3811621231401457   15.090183581055532   15.13065172289498
0.3923360608618501   14.301401457906495   14.340762838691928
0.4038375675538918   13.506404123725082   13.549506205950605
0.41567624604680364   12.71959343736197   12.77013920313147
0.42786198068238046   11.982163158649922   12.039257768417567
0.4404049455663077   11.312486840041121   11.372266806738574
0.4533156130627191   10.691826333160096   10.75192776620389
0.4666047625377753   10.0907596139965   10.152723736785104
0.4802834893595659   9.503859306343712   9.570302478887479
0.49436321416184764   8.948005315508105   9.018731703081343
0.5088556923793517   8.433551503977528   8.506570717987627
0.5237730240626238   7.951262101880649   8.025504355677503
0.5391276639805903   7.48866336190222   7.565000020104392
0.5549324320192869   7.04643353432435   7.125705242234044
0.5712005238854289   6.631374674834318   6.712816487295102
0.5879455221237613   6.24235475887561   6.325122899784109
0.6051814074573895   5.8731697542003545   5.957424401808041
0.622922570460556   5.522473928232451   5.608500378691657
0.6411838235736077   5.192424726763499   5.279870335545846
0.6599804134701901   4.881743785621769   4.970280413822313
0.6793280337869897   4.588177390658977   4.677699344876874
0.6992428382266549   4.311123663965898   4.4015618465626485
0.7197414540448374   4.049788241944735   4.14106545366871
0.7408409959326054   3.803373087259696   3.895401146166605
0.7625590803058332   3.5711126320053315   3.663794533982498
0.7849138400134885   3.352273138078588   3.445505018861468
0.8079239394770964   3.1461519445274795   3.239824885548166
0.8316085902740278   2.952071482868745   3.046075895101769
0.8559875671776167   2.769376198997818   2.863607220570973
0.8810812246675007   2.5974418555492016   2.691799262748203
0.9069105139239728   2.4356752915741495   2.530062962352461
0.9334970003205227   2.2835130973188504   2.377838598174842
0.960862881429187   2.1404203300444995   2.234594606313415
0.9890310055537336   2.0058892707378773   2.099826422684544
1.0180248908061487   1.8794383136037613   1.9730554684837744
1.047868744742366   1.7606114592172195   1.8538288868461925
1.0785874845736239   1.648976608823428   1.7417177303964844
1.1102067579703248   1.5441240408787649   1.6363153498746215
1.1427529644757777   1.44566540653983   1.5372364234662654
1.1762532775476793   1.3532327623178666   1.4441160158775024
1.210735667245765   1.2664776355853835   1.356608662964292
1.246228923584555   1.1850701218920983   1.274387483259657
1.2827626805706884   1.1086978738531261   1.197143409123096
1.3203674409449337   1.03706514928799   1.124584429642827
1.3590746016495152   0.9698923313881733   1.0564345710575076
1.3989164800420282   0.9069151819709114   0.9924330982090609
1.4399263408778291   0.847884079483216   0.9323337737798957
1.4821384240834183   0.7925632885942638   0.8759041442240247
1.525587973344019   0.740730260522132   0.8229248523123489
1.5703112655292182   0.6921749544503398   0.7731891070596667
1.6163456409812174   0.6466991127440072   0.7265033124365446
1.6637295346910133   0.6041157108044887   0.6826855556357334
1.7125025083885144   0.5642484386403901   0.6415640233459751
1.7627052835733923   0.5269311366475378   0.6029765084999363
1.814379775514258   0.49200725646486976   0.566769948439269
1.8675691282445197   0.4593293471133603   0.5327999777200967
1.922317750584177   0.428758565392963   0.5009304953212675
1.9786713532176083   0.4001641577827195   0.47103289974030876
2.0366769868582977   0.3734229505081353   0.4429852263879497
2.0963830815323896   0.3484190723466886   0.41667271132690364
2.1578394870138577   0.32504357209391044   0.3919875511516468
2.2210975144450407   0.30319402960223024   0.36882850331409367
2.286209979177315   0.2827741869032974   0.34710050701720013
2.3532312448676476   0.2636935985047212   0.3267143238516455
2.4222172688678643   0.2458673108962337   0.30758620550424204
2.4932256489445366   0.22921569144315587   0.28963767953537267
2.5663156713684585   0.2136640469481723   0.2727951864031167
2.641548360413907   0.19914220671591154   0.2569896902029762
2.7189865293089923   0.18558426421563912   0.24215641039259875
2.798694832679631   0.1729283353789873   0.22823457050397924
2.8807398205309562   0.16111632920503616   0.21516716042183429
2.9651899938111903   0.15009373013094665   0.2029007117395256
3.05211586160442   0.13980923029425374   0.1913858269165958
3.1415899999999994   0.13021422995875967   0.18057844202635223
