0.01   13226.635818021216   13217.486185356287
0.010293154462191829   13419.644494064272   13409.599152569732
0.010594902878253955   13609.742969975607   13598.718405831072
0.010905497183778876   13796.544307514563   13784.449246845277
0.011225196699963396   13979.647221148118   13966.382003045122
0.011554268350120923   14158.64197319455   14144.098432505125
0.011892986882540897   14333.100735631559   14317.161578509067
0.012241635099881474   14502.575911047921   14485.114002465856
0.012600504095286909   14666.613091376794   14647.491416376426
0.012969893495426888   14824.748430733676   14803.819899885024
0.013350111710660605   14976.494134842533   14953.600584501391
0.013741476192534558   15121.354099024937   15096.326155187222
0.014144313698828986   15258.830316438105   15231.48753071304
0.01455896056637426   15388.410564898935   15358.559309225024
0.014985762991865008   15509.570435780053   15477.00192025663
0.01542507732090645   15621.7888485117   15586.279470892448
0.015877270345534218   15724.545096329251   15685.856690363185
0.016342719610456153   15817.307155154796   15775.186581448053
0.016821813728271667   15899.549536483255   15853.729336215127
0.017314952703931925   15970.759526606145   15920.95873127014
0.017822548268711737   16030.430429827007   15976.351845632873
0.01834502422397195   16078.066762522994   16019.395314786143
0.018882816794999403   16113.195082293603   16049.599361822346
0.019436374995219892   16135.36739839546   16066.501528395138
0.02000616100108813   16144.164393721001   16069.670130792216
0.020592650537967844   16139.198613579403   16058.707727970512
0.021196333277324068   16120.119653725267   16033.256593901735
0.02181771324555934   16086.637486423946   15993.022595279606
0.022457309244835088   16038.516663186969   15937.76942963273
0.02311565528622961   15975.565382678027   15867.307665033764
0.023793301035594242   15897.666428378103   15781.52816855069
0.024490812272480036   15804.809928131537   15680.437374496958
0.025208771362518027   15697.04068838816   15564.100184687626
0.0259477777436476   15574.46452393458   15432.647005495706
0.02670844842659881   15437.343603634876   15286.378635560064
0.027491418510046592   15286.037059898657   15125.70034805402
0.028297341710866907   15120.94630901929   14951.061314955385
0.029126890909937666   14942.616225461814   14763.060837568988
0.029980758713939952   14751.79567203046   14562.511316417878
0.030859658033628758   14549.268471320993   14350.259627984862
0.031764322679055976   14335.865436872647   14127.200390310853
0.03269550797224261   14112.634496216086   13894.458974027131
0.033653991377811755   13880.693323996495   13653.231769015343
0.03464057315210884   13641.14372667618   13404.693086404444
0.03565607701135116   13395.316124515546   13150.233420402787
0.036701350819364466   13144.82618421186   12891.51312132102
0.03777726729548091   12891.22969466307   12630.124203990907
0.038884724743189276   12635.951216153198   12367.524969052613
0.04002464780014597   12380.123372263079   12104.899568044259
0.041197988210172884   12124.744267854914   11843.296723956733
0.04240572561788674   11870.768233082146   11583.709482125907
0.04364886838662332   11619.714337650083   11327.602984651854
0.04492845444033957   11373.648502982276   11076.897070815663
0.04624555213019635   11134.494012944151   10833.368353388865
0.04760126112654554   10903.770066855584   10598.394153935702
0.04899671333706607   10681.967975650548   10372.331813815463
0.05043307385181555   10469.317651967058   10155.285840297625
0.05191154191598653   10265.94434849029   9947.26858367379
0.053433351931179485   10071.218784845227   9747.593140031327
0.05499977448602865   9884.140164299813   9555.23387945579
0.05661211741704101   9703.721555231621   9369.190823913113
0.05827172690053434   9528.566230541386   9188.128262561242
0.05997998857658587   9357.09781568897   9010.57273300033
0.06173832870592997   9187.766585431273   8835.101974881869
0.0635482153607709   9018.76127472649   8660.146740470573
0.06541115965050462   8848.28666439673   8484.18289547648
0.06732871698337338   8674.376611577709   8305.620061514332
0.06930248836510605   8494.802648187511   8122.74533076189
0.07133412173562886   8307.445807793809   7933.996576607634
0.07342531334496233   8110.105134384913   7737.956048208652
0.07557780916945323   7900.847373947388   7533.461899151643
0.07779340636952398   7678.491575809436   7320.041055188369
0.08007395479015682   7442.481962159223   7097.722103905158
0.08242135850536496   7193.723610391572   6867.702629311642
0.08483757740794096   6934.141309666731   6631.931784251824
0.08732462884580919   6666.941773268418   6393.097917339197
0.08988458930634863   6396.012376806766   6154.249975151959
0.09251959615009227   6125.780030781303   5918.774069901218
0.09523184939525078   5860.634404345374   5689.884956543946
0.09802361355455057   5604.825727352777   5470.287272397976
0.10089721952591899   5362.2223801183245   5262.25930323483
0.10385506653859616   5136.314688243596   5067.709981735102
0.10689962415629803   4929.747941947424   4887.85631779387
0.11003343433910281   4744.307569525662   4723.136898991331
0.11325911356578279   4580.030314704379   4572.879311886013
0.11657935501835284   4435.238251555924   4435.3388371375595
0.11999693083066039   4306.034833708212   4307.720170168676
0.12351469440289359   4187.189322058731   4186.653473817283
0.12713558278394044   4072.4374507469247   4068.4373008644284
0.13086261912358757   3955.746363993147   3949.867445443972
0.13469891519660646   3831.8654196254242   3828.5677437384584
0.13864767400083483   3697.211071777566   3703.1767405645337
0.14271219243142114   3550.3033992625947   3573.472196032146
0.14689586403346616   3392.12982619687   3440.628241785612
0.1512021818353596   3226.21617079318   3307.512654678198
0.15563474126517718   3057.7881996357014   3176.493365788287
0.16019724315257297   2892.9332597607226   3049.8139007578625
0.1648934968186736   2737.7884738672833   2930.241174956119
0.1697274232565544   2597.778368731891   2819.089086533268
0.17470305840495237   2476.339003333608   2717.2027809070205
0.17982455651794954   2373.481996053771   2623.8671446567996
0.18509619363343993   2285.396950311756   2536.834804057421
0.19052237114327647   2205.7944946240486   2453.5734267174275
0.19610761946807834   2128.113714240151   2372.275838355058
0.20185660183976684   2046.8609795454763   2291.7494243991723
0.20777411819498756   1958.213845367584   2210.988532722845
0.21386510918267082   1861.3657337408556   2130.031499646914
0.22013466028907505   1759.7060451092852   2050.3622721369698
0.22658800608375756   1659.384615103109   1973.8691458290432
0.23323053459001789   1566.1869529203605   1901.218910649739
0.2400677917834628   1483.7765582179195   1833.1005396683388
0.24710548622244882   1413.1374488326549   1768.8730512605032
0.25434949381426813   1351.9359983263234   1708.1407021742173
0.2618058627210567   1295.3071034722138   1649.8113697792649
0.2694808184095226   1238.2929909091667   1593.1798766290929
0.27738076884870827   1177.8785181591375   1537.6157591764677
0.2855123098601282   1114.169919325198   1483.7744467663183
0.29388223062474755   1050.6629798024237   1431.9232095711438
0.3024975193514008   991.3547241332043   1382.3865955319925
0.31136536911138296   938.4896942417224   1335.13807671581
0.3204931838440838   891.9750616962996   1290.3500895512252
0.32988858453867975   849.2627598079886   1247.3209275313698
0.3395594155970457   807.1644552585866   1205.95003998891
0.34951375138319807   764.2384971567834   1165.8690695199773
0.3597599029647371   721.2178722748858   1127.3541203771715
0.37030642505191835   680.2488260034988   1090.4503948561103
0.3811621231401457   642.9525193985262   1055.1970467087692
0.3923360608618501   609.0505708586638   1021.4575810112404
0.4038375675538918   577.087828290967   989.1507173291398
0.41567624604680364   545.7430300857033   958.0368296630008
0.42786198068238046   514.914986683964   928.0792285770247
0.4404049455663077   485.54410369638055   899.3422172305459
0.4533156130627191   458.33772642666077   871.8387235679611
0.4666047625377753   433.04521127522565   845.4909967204626
0.4802834893595659   408.9307155550365   820.1843088231269
0.49436321416184764   385.631254938258   795.8036417706716
0.5088556923793517   363.39772456172284   772.3495432443234
0.5237730240626238   342.564104828098   749.8656994971998
0.5391276639805903   323.0109228365719   728.2643148915687
0.5549324320192869   304.42105256673983   707.4737725934049
0.5712005238854289   286.6894716720823   687.4147241576384
0.5879455221237613   269.9328894144495   668.1077702431198
0.6051814074573895   254.1696099901831   649.5288774458837
0.622922570460556   239.26158429414824   631.6023296944057
0.6411838235736077   225.12434404058126   614.2787102449917
0.6599804134701901   211.77056958636396   597.5567955482928
0.6793280337869897   199.1846484636241   581.4064230964196
0.6992428382266549   187.2959286475029   565.7810190346917
0.7197414540448374   176.06297044587535   550.629949265809
0.7408409959326054   165.46506047241493   535.9412859400172
0.7625590803058332   155.47171941267226   521.7005078045746
0.7849138400134885   146.05028856681798   507.8772753343963
0.8079239394770964   137.16978078304203   494.4433969866542
0.8316085902740278   128.80080161820996   481.3727079694405
0.8559875671776167   120.91547112150735   468.640945593935
0.8810812246675007   113.48737600553658   456.2256565193897
0.9069105139239728   106.49182538855646   444.1063622724584
0.9334970003205227   99.90558840091363   432.2643543293281
0.960862881429187   93.70653349209344   420.68237779619415
0.9890310055537336   87.87358162199615   409.3445487589353
1.0180248908061487   82.38666735907064   398.23628317408276
1.047868744742366   77.22670054103622   387.34423102234075
1.0785874845736239   72.37552856072404   376.6562151629215
1.1102067579703248   67.81587404878672   366.1613579401112
1.1427529644757777   63.53125393774198   355.85039841516806
1.1762532775476793   59.506024405000986   345.7151141426606
1.210735667245765   55.72536047841151   335.7481514911918
1.246228923584555   52.17521836160806   325.9429836777056
1.2827626805706884   48.84229911901061   316.29387037441415
1.3203674409449337   45.71401369887347   306.79581861306787
1.3590746016495152   42.77844938071166   297.44463937481396
1.3989164800420282   40.02433927950271   288.2386016432239
1.4399263408778291   37.44103042312481   279.17796079483765
1.4821384240834183   35.01845185413409   270.2631967437393
1.525587973344019   32.74708602821845   261.494931718781
1.5703112655292182   30.61794144695009   252.87391211955173
1.6163456409812174   28.622526418816186   244.40099053821135
1.6637295346910133   26.7528239187387   236.07710797434166
1.7125025083885144   25.00126580068826   227.90393216252082
1.7627052835733923   23.3607054755565   219.88563999864365
1.814379775514258   21.824402443765013   212.02661078710835
1.8675691282445197   20.386002825449033   204.33072437774354
1.922317750584177   19.039518894712206   196.80137315450654
1.9786713532176083   17.779309571258565   189.4414750811061
2.0366769868582977   16.600061833806404   182.25348769914652
2.0963830815323896   15.496772901705086   175.23945148034744
2.1578394870138577   14.464730447216782   168.40173713381387
2.2210975144450407   13.499497279397964   161.74299087082014
2.286209979177315   12.596899862433444   155.2652553792619
2.3532312448676476   11.753013764534446   148.9699573990429
2.4222172688678643   10.964149659266146   142.8579434384199
2.4932256489445366   10.226840049907992   136.92951566592365
2.5663156713684585   9.537826684077787   131.18446775502264
2.641548360413907   8.894050080376532   125.62220115226323
2.7189865293089923   8.292643217427885   120.24205517408264
2.798694832679631   7.7309142171109295   115.04300311401795
2.8807398205309562   7.206334030867011   110.02355536659701
2.9651899938111903   6.716527259270173   105.18180087083601
3.05211586160442   6.25926343668204   100.51544734905133
3.1415899999999994   5.832448760803518   96.02186014604486
