0.01   4791.373693484743   4791.080734248683
0.010293154462191829   4862.404440282869   4862.089799202616
0.010594902878253955   4932.382191143646   4932.043925546217
0.010905497183778876   5001.165412514894   5000.801560002451
0.011225196699963396   5068.603567055017   5068.211851812363
0.011554268350120923   5134.542224975978   5134.1200116652535
0.011892986882540897   5198.82308577634   5198.367380935998
0.012241635099881474   5261.277833571348   5260.785358850872
0.012600504095286909   5321.732403559898   5321.1996301110685
0.012969893495426888   5380.010568569011   5379.433719068536
0.013350111710660605   5435.929685655858   5435.304734130523
0.013741476192534558   5489.299210642641   5488.621882788247
0.014144313698828986   5539.927438334859   5539.193219028609
0.01455896056637426   5587.620725431039   5586.824800489136
0.014985762991865008   5632.176943809114   5631.313893193106
0.01542507732090645   5673.39263511661   5672.456345778736
0.015877270345534218   5711.066220756368   5710.049894069821
0.016342719610456153   5744.992413156974   5743.888576511241
0.016821813728271667   5774.963548825306   5773.764074357938
0.017314952703931925   5800.776820714835   5799.472953152895
0.017822548268711737   5822.233172090735   5820.815472396722
0.01834502422397195   5839.133460141214   5837.591575138164
0.018882816794999403   5851.285864717854   5849.608525911742
0.019436374995219892   5858.50844641124   5856.683515774348
0.02000616100108813   5860.6285025758325   5858.642881435385
0.020592650537967844   5857.484770192361   5855.324381069975
0.021196333277324068   5848.930221351359   5846.5801065075575
0.02181771324555934   5834.835864827325   5832.280404179045
0.022457309244835088   5815.094343418431   5812.317583109025
0.02311565528622961   5789.616949891094   5786.602760310601
0.023793301035594242   5758.337093072019   5755.0693985917205
0.024490812272480036   5721.228053361117   5717.69156818958
0.025208771362518027   5678.291919995433   5674.47252718049
0.0259477777436476   5629.552400598191   5625.437291442413
0.02670844842659881   5575.079738675038   5570.658161192585
0.027491418510046592   5514.99748741768   5510.261641397501
0.028297341710866907   5449.450336269042   5444.395440072299
0.029126890909937666   5378.617858477608   5373.242506725152
0.029980758713939952   5302.768087941312   5297.075795651619
0.030859658033628758   5222.199845587751   5216.199267225902
0.031764322679055976   5137.224227861736   5130.928906074382
0.03269550797224261   5048.228629218254   5041.6573429590035
0.033653991377811755   4955.661292799141   4948.838214309148
0.03464057315210884   4859.965273110079   4852.919462495705
0.03565607701135116   4761.62866166725   4754.393284719555
0.036701350819364466   4661.275195768919   4653.8863119151465
0.03777726729548091   4559.522645161304   4552.018563202209
0.038884724743189276   4456.953482826936   4449.374251765074
0.04002464780014597   4354.125699875711   4346.512542213314
0.041197988210172884   4251.565109084367   4243.959945427867
0.04240572561788674   4149.757574600765   4142.202614657205
0.04364886838662332   4049.2709086813275   4041.80351430368
0.04492845444033957   3950.845082607267   3943.4891637585733
0.04624555213019635   3855.172160228965   3847.9383313534654
0.04760126112654554   3762.8606127564785   3755.74599469083
0.04899671333706607   3674.3681628013824   3667.3488929013006
0.05043307385181555   3590.0692184231043   3583.0989238226457
0.05191154191598653   3510.283421686704   3503.2952368959996
0.053433351931179485   3435.019148283139   3427.9286757478826
0.05499977448602865   3364.0340872624924   3356.741876051521
0.05661211741704101   3297.084949948532   3289.4778218720376
0.05827172690053434   3233.76307981797   3225.7199398747985
0.05997998857658587   3173.5224142009292   3164.91931298833
0.06173832870592997   3115.8261043398843   3106.538178117725
0.0635482153607709   3059.9839341388056   3049.897793926863
0.06541115965050462   3005.257868776966   2994.2775439842094
0.06732871698337338   2950.860241996029   2938.917712651714
0.06930248836510605   2895.8372906853383   2882.9157823518262
0.07133412173562886   2839.2484130805606   2825.3886036891095
0.07342531334496233   2780.0205188006826   2765.352893089642
0.07557780916945323   2717.0949869530373   2701.85084944681
0.07779340636952398   2649.5384501490976   2634.0738974655224
0.08007395479015682   2576.569904658487   2561.3774333044025
0.08242135850536496   2497.8209083962142   2483.5126740513733
0.08483757740794096   2413.3463566465607   2400.6312207736614
0.08732462884580919   2323.7198952080307   2313.3503429357575
0.08988458930634863   2229.979165681986   2222.7011476007606
0.09251959615009227   2133.5660495905986   2130.0859581879317
0.09523184939525078   2036.1448507006476   2037.0933658899364
0.09802361355455057   1939.5311285320377   1945.364848236162
0.10089721952591899   1845.5338346733288   1856.4942779364999
0.10385506653859616   1755.9774967771996   1772.062473760329
0.10689962415629803   1672.4660575274922   1693.4230461916918
0.11003343433910281   1596.4728205940924   1621.7342072419738
0.11325911356578279   1529.0022025587502   1557.7377622075173
0.11657935501835284   1470.4974132302593   1501.6632241194839
0.11999693083066039   1420.595913259968   1453.0284602239394
0.12351469440289359   1378.1860419170478   1410.6973450635335
0.12713558278394044   1341.3581613806566   1372.9543865141493
0.13086261912358757   1307.8003565128076   1337.811530079281
0.13469891519660646   1274.9286466857945   1303.1260417555025
0.13864767400083483   1240.2890139152873   1266.975754616091
0.14271219243142114   1201.7977099849807   1227.8183122523208
0.14689586403346616   1158.0800256963173   1184.7099300891662
0.1512021818353596   1108.7757292976255   1137.584065380485
0.15563474126517718   1054.5939363300715   1087.219419249228
0.16019724315257297   997.2253372206985   1035.0623345145773
0.1648934968186736   939.0762951046165   982.9204737344918
0.1697274232565544   882.9424384484066   932.8832257890142
0.17470305840495237   831.6029492526374   886.9236300790069
0.17982455651794954   787.216755512611   846.363487305892
0.18509619363343993   750.6563983936417   811.5801441689357
0.19052237114327647   721.188143569018   781.9194387205533
0.19610761946807834   696.8174345858909   755.7059560035724
0.20185660183976684   674.9571843018738   731.1758127367468
0.20777411819498756   652.8704950891046   706.5972739798261
0.21386510918267082   628.0653820365244   680.5847046939003
0.22013466028907505   599.1339214748782   652.4195340738887
0.22658800608375756   566.5414179513947   622.5391530054046
0.23323053459001789   532.3606030863374   592.4297581604343
0.2400677917834628   499.2152297334143   563.5132899745714
0.24710548622244882   469.4536711037945   537.0818867567863
0.25434949381426813   444.5385842449174   513.6919387763812
0.2618058627210567   424.4128936494429   493.094056270254
0.2694808184095226   407.50332980590343   474.4121739334933
0.27738076884870827   391.51990770674763   456.44497790539725
0.2855123098601282   374.27901111897023   438.19662694117625
0.29388223062474755   354.85128124577113   419.31331834474963
0.3024975193514008   334.010110110719   400.4188139257406
0.31136536911138296   313.51655289543476   382.22637815249755
0.3204931838440838   295.0631414910028   365.2604748464124
0.32988858453867975   279.51118817736193   349.87161193415733
0.3395594155970457   266.32319217092316   335.69205783636846
0.34951375138319807   254.02237777419293   322.1676608014475
0.3597599029647371   241.2974247883324   308.76437227369195
0.37030642505191835   227.75684427016685   295.6400191197472
0.3811621231401457   214.13974233596556   282.89898051339867
0.3923360608618501   201.57147106383061   270.8570689899399
0.4038375675538918   190.56222821432812   259.6036409106556
0.41567624604680364   180.75665911192158   249.0320331689523
0.42786198068238046   171.32025696954742   238.86426767738106
0.4404049455663077   161.7338049108424   228.99923795683665
0.4533156130627191   152.21589363276783   219.54806851296775
0.4666047625377753   143.32420003837333   210.55979503887232
0.4802834893595659   135.30084532060425   202.04761891389347
0.49436321416184764   127.87983126481477   193.96594251252156
0.5088556923793517   120.67070434430691   186.21364857238765
0.5237730240626238   113.60667096137826   178.76436197471276
0.5391276639805903   106.92816897138094   171.67930933929364
0.5549324320192869   100.76723503957393   164.939648464315
0.5712005238854289   94.9976008184592   158.52238706865631
0.5879455221237613   89.45258427783055   152.38425996240065
0.6051814074573895   84.1486428080672   146.51444866854177
0.622922570460556   79.17882806069308   140.92676559377153
0.6411838235736077   74.52615960849607   135.60195027066584
0.6599804134701901   70.10833442191999   130.5116227815785
0.6793280337869897   65.91020234799906   125.65070646742504
0.6992428382266549   61.963927619864776   121.01394431320244
0.7197414540448374   58.24979856593203   116.5881816825548
0.7408409959326054   54.74277884641919   112.35947430459332
0.7625590803058332   51.432495322072306   108.31778190891373
0.7849138400134885   48.3095495812208   104.453771736403
0.8079239394770964   45.364832409800904   100.75862286744552
0.8316085902740278   42.589530757550854   97.22399589905484
0.8559875671776167   39.97513266243196   93.84200454048207
0.8810812246675007   37.51342541695221   90.6051778327947
0.9069105139239728   35.196302961032494   87.50597822193394
0.9334970003205227   33.01575904828103   84.53669213142119
0.960862881429187   30.964180755913183   81.69006083660565
0.9890310055537336   29.034351157235164   78.95929397734085
1.0180248908061487   27.21943050275581   76.33803648251563
1.047868744742366   25.512938187375962   73.82033809660278
1.0785874845736239   23.908735477249085   71.40062528590325
1.1102067579703248   22.40101347056975   69.07363284870141
1.1427529644757777   20.984306782808225   66.8340852558559
1.1762532775476793   19.653450859948315   64.67689618124896
1.210735667245765   18.403548584538953   62.597328454254
1.246228923584555   17.2299582524   60.59097060284965
1.2827626805706884   16.128282074393837   58.65371411716056
1.3203674409449337   15.09435505838148   56.78173256368102
1.3590746016495152   14.12423426270443   54.97146222685289
1.3989164800420282   13.214185285342985   53.21951156302176
1.4399263408778291   12.36066853392978   51.522542599174734
1.4821384240834183   11.560338015234615   49.87743460345089
1.525587973344019   10.81003311130994   48.281300290367724
1.5703112655292182   10.106769251201094   46.731470541359414
1.6163456409812174   9.447728983394144   45.225480315281466
1.6637295346910133   8.830253436783522   43.76105562913349
1.7125025083885144   8.251834137210095   42.33610466260808
1.7627052835733923   7.710104839951348   40.948765393609065
1.814379775514258   7.202834236446453   39.597380923880685
1.8675691282445197   6.7279192534129715   38.28042851882588
1.922317750584177   6.283378259877003   36.996509096788444
1.9786713532176083   5.867344577973188   35.74433957941163
2.0366769868582977   5.478060301711793   34.522745667410305
2.0963830815323896   5.113870411938994   33.33065499822896
2.1578394870138577   4.773216832988613   32.167116244297304
2.2210975144450407   4.454631849611532   31.031394138070148
2.286209979177315   4.156734651320013   29.92285607001386
2.3532312448676476   3.8782270904234486   28.84092039891588
2.4222172688678643   3.617889012089675   27.785052590072496
2.4932256489445366   3.3745738275906483   26.754761519471376
2.5663156713684585   3.14720431986832   25.749595908480586
2.641548360413907   2.93476868542525   24.76914301355521
2.7189865293089923   2.736317921705103   23.813195811010836
2.798694832679631   2.550962681724584   22.881839662251103
2.8807398205309562   2.3778677204392036   21.975143086084824
2.9651899938111903   2.216248612673785   21.093127092245574
3.05211586160442   2.065368861647564   20.235767341961214
3.1415899999999994   1.92453715604037   19.402996340737253
