0.01   4324.280125036371   4324.171724155205
0.010293154462191829   4378.079755900521   4377.967947850292
0.010594902878253955   4430.59086405473   4430.475146448491
0.010905497183778876   4481.6893981643825   4481.569596454647
0.011225196699963396   4531.247987174456   4531.124170130051
0.011554268350120923   4579.131042877438   4579.00311590697
0.011892986882540897   4625.199902267156   4625.067492580788
0.012241635099881474   4669.31471834879   4669.177171486785
0.012600504095286909   4711.33081337753   4711.187313449263
0.012969893495426888   4751.0994467902365   4750.949129821188
0.013350111710660605   4788.47198688007   4788.313946688442
0.013741476192534558   4823.2980337281315   4823.131303034444
0.014144313698828986   4855.420653270282   4855.244141347192
0.01455896056637426   4884.683257318566   4884.495739041607
0.014985762991865008   4910.93138065247   4910.731490204976
0.01542507732090645   4934.0085327588   4933.794661373951
0.015877270345534218   4953.758583078286   4953.528809489791
0.016342719610456153   4970.030144149949   4969.7822370511685
0.016821813728271667   4982.675216533163   4982.406642212263
0.017314952703931925   4991.547146681955   4991.255080941718
0.017822548268711737   4996.506106707812   4996.187447834584
0.01834502422397195   4997.420680053322   4997.072055487607
0.018882816794999403   4994.167847259714   4993.785552765611
0.019436374995219892   4986.634535387743   4986.214516474615
0.02000616100108813   4974.719236589199   4974.257115664957
0.020592650537967844   4958.336091297629   4957.827226757001
0.021196333277324068   4937.417960717807   4936.857528855906
0.02181771324555934   4911.912346749679   4911.295384107661
0.022457309244835088   4881.784316203483   4881.105845730407
0.02311565528622961   4847.031363190331   4846.286970611016
0.023793301035594242   4807.673046033843   4806.8591110687885
0.024490812272480036   4763.745108540397   4762.858827298316
0.025208771362518027   4715.32036810109   4714.360117470788
0.0259477777436476   4662.513890613617   4661.479669626962
0.02670844842659881   4605.455956760107   4604.349364557685
0.027491418510046592   4544.302323517564   4543.126609751312
0.028297341710866907   4479.2780372741845   4478.038550918668
0.029126890909937666   4410.63175473151   4409.335958558488
0.029980758713939952   4338.6192035895265   4337.276535878577
0.030859658033628758   4263.549980716149   4262.172249951474
0.031764322679055976   4185.781250951401   4184.3829607309135
0.03269550797224261   4105.665089676833   4104.263173524642
0.033653991377811755   4023.5808578064443   4022.193996688854
0.03464057315210884   3940.0156004901296   3938.662670974337
0.03565607701135116   3855.4561050633465   3854.155763629518
0.036701350819364466   3770.3591277844507   3769.1298125557555
0.03777726729548091   3685.1391412074195   3684.000522740707
0.038884724743189276   3600.172116867347   3599.146027524514
0.04002464780014597   3515.805369887838   3514.915515363495
0.041197988210172884   3432.4413626459354   3431.7089865636203
0.04240572561788674   3350.652976466892   3350.087012157674
0.04364886838662332   3270.9901782008255   3270.5868959118875
0.04492845444033957   3193.936066707601   3193.6805996695525
0.04624555213019635   3119.8001437431676   3119.6702195218963
0.04760126112654554   3048.788167732304   3048.756337245267
0.04899671333706607   2981.0767923890917   2981.110921752769
0.05043307385181555   2916.6467919568136   2916.7087283410133
0.05191154191598653   2855.2576217187398   2855.3014863500366
0.053433351931179485   2796.668373914067   2796.6410882016703
0.05499977448602865   2740.5437452022265   2740.387704301388
0.05661211741704101   2686.4298406641983   2686.0860142817573
0.05827172690053434   2633.8873950298175   2633.2961291267156
0.05997998857658587   2582.395896811512   2581.502494268057
0.06173832870592997   2531.3939090773497   2530.1523542822265
0.0635482153607709   2480.311950141615   2478.6896187009297
0.06541115965050462   2428.4658579947977   2426.4587763483246
0.06732871698337338   2375.1894384894927   2372.8254717507457
0.06930248836510605   2319.763372924161   2317.1188027113226
0.07133412173562886   2261.4797880893334   2258.686703735432
0.07342531334496233   2199.7641534303657   2197.010358311341
0.07557780916945323   2134.19029655077   2131.7180026031288
0.07779340636952398   2064.6314067420662   2062.731299294268
0.08007395479015682   1991.3308851972786   1990.3358403305733
0.08242135850536496   1914.862382822141   1915.1247102684697
0.08483757740794096   1836.1648994605923   1838.0309515348786
0.08732462884580919   1756.3916559819158   1760.1746438974901
0.08988458930634863   1676.839697498009   1682.79805588243
0.09251959615009227   1598.8376419190174   1607.1572590426754
0.09523184939525078   1523.6595066146128   1534.4395339785528
0.09802361355455057   1452.536749173453   1465.756672606271
0.10089721952591899   1386.5107291667985   1402.0310042727494
0.10385506653859616   1326.4472224642589   1343.9790575418083
0.10689962415629803   1272.8865668336662   1292.0198008674893
0.11003343433910281   1225.8493143646256   1246.094791730123
0.11325911356578279   1184.8394953959103   1205.6801806102321
0.11657935501835284   1148.740848859117   1169.6919747005215
0.11999693083066039   1115.9933020093276   1136.688146362961
0.12351469440289359   1084.7935368322194   1105.0444366556903
0.12713558278394044   1053.3079549193862   1073.1492265908769
0.13086261912358757   1019.9398828231356   1039.6546921940196
0.13469891519660646   983.4907744048193   1003.606070390101
0.13864767400083483   943.4037681153505   964.6025593805654
0.14271219243142114   899.868083263347   922.9101948963438
0.14689586403346616   853.7941758573666   879.3954665947552
0.1512021818353596   806.6792298674169   835.3466620936384
0.15563474126517718   760.3418003035843   792.3069850232685
0.16019724315257297   716.6810949379391   751.7660009153631
0.1648934968186736   677.3954291183827   715.0188784224518
0.1697274232565544   643.5885082656857   682.8665500824585
0.17470305840495237   615.3443397116737   655.1799457066617
0.17982455651794954   591.620988534992   631.0815011932299
0.18509619363343993   570.663584324936   609.1430995704637
0.19052237114327647   550.5618090438958   587.892355905173
0.19610761946807834   529.567523395006   566.0648903167977
0.20185660183976684   506.36357570915686   542.7885073210958
0.20777411819498756   480.5820948490506   517.9155455247871
0.21386510918267082   453.14197784771653   492.2817493615108
0.22013466028907505   425.79314261863067   467.06246759891627
0.22658800608375756   400.27623418826136   443.4651210103408
0.23323053459001789   377.8331383432666   422.1981952695898
0.2400677917834628   358.915129247055   403.51597033445626
0.24710548622244882   342.9254177840878   386.88182022066354
0.25434949381426813   328.4578812923557   371.3567149753486
0.2618058627210567   313.9716574420781   355.9998186263113
0.2694808184095226   298.42201227063094   340.26939739531866
0.27738076884870827   281.72051062948293   324.15359680671315
0.2855123098601282   264.8429612162453   308.3380008421607
0.29388223062474755   249.00012081510414   293.39676896033893
0.3024975193514008   235.00476451430401   279.74072750492536
0.31136536911138296   222.9523213058251   267.35244936030097
0.3204931838440838   212.10747202677138   255.75433357427028
0.32988858453867975   201.47772821601248   244.5236056357843
0.3395594155970457   190.51341865926463   233.40811619981253
0.34951375138319807   179.35226565115246   222.48046779568134
0.3597599029647371   168.65829795531354   212.0733571205963
0.37030642505191835   158.99186846150855   202.37030970644767
0.3811621231401457   150.35427706119702   193.3156432502745
0.3923360608618501   142.31696064317825   184.7385552863666
0.4038375675538918   134.4146601247079   176.4515390583118
0.41567624604680364   126.5599641845539   168.438252298583
0.42786198068238046   119.03922383134318   160.79902459550541
0.4404049455663077   112.11788544539304   153.59811798227534
0.4533156130627191   105.76264964834279   146.78723325822776
0.4666047625377753   99.73283669466888   140.2995351495234
0.4802834893595659   93.88090338424402   134.08877934927042
0.49436321416184764   88.27359433834029   128.1567076173464
0.5088556923793517   83.04174183163451   122.53879972168588
0.5237730240626238   78.16934702916   117.21025677394194
0.5391276639805903   73.54893804983091   112.13145896969824
0.5549324320192869   69.13197873037635   107.2933466069135
0.5712005238854289   64.96080668447712   102.68992720058118
0.5879455221237613   61.05585340477551   98.31915628618496
0.6051814074573895   57.37479281194116   94.16236810252757
0.622922570460556   53.88432314755689   90.2025589573985
0.6411838235736077   50.59140446206766   86.43585556100527
0.6599804134701901   47.498156523523456   82.85574965551551
0.6793280337869897   44.582793746031506   79.44984641463687
0.6992428382266549   41.831287938328394   76.20734743383392
0.7197414540448374   39.24032042241756   73.12230232537507
0.7408409959326054   36.80265670071018   70.18696410136114
0.7625590803058332   34.509446430067385   67.3933900708182
0.7849138400134885   32.35234509283918   64.7340870842801
0.8079239394770964   30.32349435644964   62.20198807719934
0.8316085902740278   28.4154926482467   59.79042630820597
0.8559875671776167   26.62145123763919   57.49304304099723
0.8810812246675007   24.935063896263213   55.30367580038346
0.9069105139239728   23.350363433705336   53.21650423965212
0.9334970003205227   21.861672432817496   51.22605559263838
0.960862881429187   20.463592497882928   49.3271820828478
0.9890310055537336   19.150993627877092   47.515039910202155
1.0180248908061487   17.91900373988612   45.785069698124886
1.047868744742366   16.762996403646888   44.132960197881665
1.0785874845736239   15.678557332722189   42.55440600109285
1.1102067579703248   14.66148908749689   41.04519685556848
1.1427529644757777   13.707822430615458   39.601395116217155
1.1762532775476793   12.813805664091769   38.21932026450677
1.210735667245765   11.975893906683494   36.89553043752433
1.246228923584555   11.19073881314544   35.62680542414339
1.2827626805706884   10.455178723805382   34.410130978542746
1.3203674409449337   9.766230181995773   33.24262381491937
1.3590746016495152   9.121080521646594   32.121401327778166
1.3989164800420282   8.517076230475453   31.04374364399929
1.4399263408778291   7.9517141929964295   30.007119421949614
1.4821384240834183   7.422633964018912   29.009172156305457
1.525587973344019   6.927610378873521   28.04770762409029
1.5703112655292182   6.464546490236393   27.12068236641032
1.6163456409812174   6.03146674326107   26.22619055272158
1.6637295346910133   5.626509237790526   25.36240974762807
1.7125025083885144   5.247920180344111   24.527604318314292
1.7627052835733923   4.894049410375518   23.720161921599693
1.814379775514258   4.56334475889789   22.938586594586756
1.8675691282445197   4.254346635396702   22.181490897706457
1.922317750584177   3.96568288322664   21.44758867291755
1.9786713532176083   3.6960638924428455   20.7356883579725
2.0366769868582977   3.4442776836309767   20.044678265256337
2.0963830815323896   3.2091848362092183   19.37349781765546
2.1578394870138577   2.98971535945019   18.721161436868226
2.2210975144450407   2.7848649725389554   18.086762112127854
2.286209979177315   2.593691288352563   17.46946636929772
2.3532312448676476   2.4153102025310385   16.868509576127703
2.4222172688678643   2.248892477992429   16.283191548584377
2.4932256489445366   2.0936605601483786   15.712877101084313
2.5663156713684585   1.9488865992106421   15.157109451120782
2.641548360413907   1.8138892748469944   14.61559579497311
2.7189865293089923   1.6880297084194649   14.088063263468628
2.798694832679631   1.570708922403124   13.574250620628373
2.8807398205309562   1.4613655026751118   13.073907332451558
2.9651899938111903   1.3594733852241108   12.586792676859831
3.05211586160442   1.2645397616611023   12.11267489370278
3.1415899999999994   1.1761021756610603   11.651301243076109
