0.01   506.7517218223587   506.7490850168736
0.010293154462191829   510.03397734865456   510.03135583028353
0.010594902878253955   513.0142714968531   513.0116675169454
0.010905497183778876   515.6772115317083   515.6746233417183
0.011225196699963396   518.0058853138368   518.003308911692
0.011554268350120923   519.9826922272385   519.9801224043503
0.011892986882540897   521.590518382395   521.5879487499333
0.012241635099881474   522.8126260342069   522.8100500849314
0.012600504095286909   523.6325333178222   523.6299465294377
0.012969893495426888   524.0345260298425   524.0319261496065
0.013350111710660605   524.0035437644117   524.0009309981757
0.013741476192534558   523.5233861728801   523.5207644509397
0.014144313698828986   522.5780153145937   522.575392858484
0.01455896056637426   521.1527115867142   521.1501007537036
0.014985762991865008   519.2335786874276   519.2309896054352
0.01542507732090645   516.8073197151382   516.8047503802849
0.015877270345534218   513.8623479061624   513.8597835325908
0.016342719610456153   510.3887502454277   510.38616586290976
0.016821813728271667   506.3770547449585   506.37442893279126
0.017314952703931925   501.81947902025024   501.81679887201255
0.017822548268711737   496.71069960764197   496.707960374429
0.01834502422397195   491.04756396943134   491.04476134539135
0.018882816794999403   484.82912160815243   484.82624236302956
0.019436374995219892   478.0572847448225   478.0543066994996
0.02000616100108813   470.73704489233296   470.73393887152525
0.020592650537967844   462.8768371900936   462.8735734412864
0.021196333277324068   454.4882943827623   454.484844627275
0.02181771324555934   445.5862255061442   445.58256347620585
0.022457309244835088   436.1903501253742   436.1864572883982
0.02311565528622961   426.32510728983516   426.32097810377047
0.023793301035594242   416.0176261655662   416.01326747948735
0.024490812272480036   405.2990904842432   405.294519755414
0.025208771362518027   394.2084931963417   394.20373464999386
0.0259477777436476   382.7873571121934   382.78244029998706
0.02670844842659881   371.07852675958253   371.07348649328077
0.027491418510046592   359.13317895190454   359.12806626315717
0.028297341710866907   347.00796163033726   347.00285078043714
0.029126890909937666   334.7576698914367   334.7526546953624
0.029980758713939952   322.43994257767946   322.435133553514
0.030859658033628758   310.12346775854417   310.11899123282376
0.031764322679055976   297.8734921534992   297.8694864326344
0.03269550797224261   285.750118188726   285.7467295446423
0.033653991377811755   273.8221457332032   273.81952630461257
0.03464057315210884   262.1591057247142   262.15741117906845
0.03565607701135116   250.82022760251112   250.8196141724004
0.036701350819364466   239.8630449296213   239.86365452673743
0.03777726729548091   229.3524430046006   229.35437654224577
0.038884724743189276   219.34283666542785   219.34615692970218
0.04002464780014597   209.87725021645147   209.8819880722845
0.041197988210172884   200.992418149655   200.99857226601563
0.04240572561788674   192.71775251301455   192.72529315855485
0.04364886838662332   185.07465759773723   185.08353310248734
0.04492845444033957   178.08078906486276   178.09086991170645
0.04624555213019635   171.75333385980713   171.76431748076914
0.04760126112654554   166.10610105053792   166.11752579307296
0.04899671333706607   161.13550847776065   161.14683966062154
0.05043307385181555   156.77485800393558   156.78577450535667
0.05191154191598653   152.94913906927064   152.9595804078863
0.053433351931179485   149.59186646243094   149.60185349866754
0.05499977448602865   146.6422768597798   146.651236595865
0.05661211741704101   144.04527736761736   144.05190330579555
0.05827172690053434   141.7335831517845   141.73621884448949
0.05997998857658587   139.60626050890576   139.60368137763604
0.06173832870592997   137.56119057698677   137.5526921617177
0.0635482153607709   135.47198312255097   135.4574336258149
0.06541115965050462   133.19864844206313   133.1785256396276
0.06732871698337338   130.6078440340545   130.5830666427904
0.06930248836510605   127.5731922938238   127.54480191222865
0.07133412173562886   123.99278448352365   123.96186640143868
0.07342531334496233   119.81526252353628   119.78279801914427
0.07557780916945323   115.02656097054407   114.9934519269736
0.07779340636952398   109.67899381233131   109.64636476100073
0.08007395479015682   103.85645558224554   103.8257641327796
0.08242135850536496   97.67029328792792   97.64363136661208
0.08483757740794096   91.25278300826294   91.23264648865161
0.08732462884580919   84.77548684220008   84.76419922021826
0.08988458930634863   78.41885455258065   78.41797579065312
0.09251959615009227   72.37078712463556   72.38051687846986
0.09523184939525078   66.81792577257487   66.83717058199113
0.09802361355455057   61.920714852523744   61.94738532125608
0.10089721952591899   57.78107702513807   57.812632870324805
0.10385506653859616   54.45597176430528   54.48972177342377
0.10689962415629803   51.92060811624666   51.95372088342367
0.11003343433910281   50.10846564703503   50.13791039994232
0.11325911356578279   48.89061298741372   48.913212882823224
0.11657935501835284   48.10954714766181   48.12223704814723
0.11999693083066039   47.56513305844005   47.56561152574008
0.12351469440289359   47.03917328511669   47.026328344500826
0.12713558278394044   46.311387608259224   46.2856708012025
0.13086261912358757   45.195880703274234   45.15946773830095
0.13469891519660646   43.567637086040115   43.52468214087623
0.13864767400083483   41.381338351321006   41.337928289984944
0.14271219243142114   38.68762370372743   38.650973443525196
0.14689586403346616   35.65011989002151   35.625695183571594
0.1512021818353596   32.52429715938513   32.51441783580178
0.15563474126517718   29.59232583000793   29.596485324686178
0.16019724315257297   27.079245491771587   27.09514095767904
0.1648934968186736   25.10208369806043   25.125990841889568
0.1697274232565544   23.688790758508446   23.71449459001396
0.17470305840495237   22.793715908994525   22.813651023539432
0.17982455651794954   22.287837297344304   22.295939797496892
0.18509619363343993   21.95312250470831   21.946858221537326
0.19052237114327647   21.539554330481156   21.519787390078985
0.19610761946807834   20.8584668077104   20.829161107457004
0.20185660183976684   19.82660157610899   19.79463805922074
0.20777411819498756   18.473272675367145   18.446609724143343
0.21386510918267082   16.945201255115947   16.930003517936946
0.22013466028907505   15.458621673519383   15.456180197145846
0.22658800608375756   14.201903762863067   14.209369355910246
0.23323053459001789   13.276947568993466   13.287656288436402
0.2400677917834628   12.67783624526614   12.683996307126703
0.24710548622244882   12.284930021599735   12.281707792362516
0.25434949381426813   11.923746279328977   11.909982370255754
0.2618058627210567   11.451823541253342   11.430698082222447
0.2694808184095226   10.801116328826495   10.779879631491672
0.27738076884870827   10.011680933804627   9.996458548712026
0.2855123098601282   9.215113927294754   9.20834715085483
0.29388223062474755   8.53685977453196   8.535908755187684
0.3024975193514008   8.031758694313902   8.031028769190955
0.31136536911138296   7.668550552955765   7.662728668536363
0.3204931838440838   7.34874263230223   7.336493738726572
0.32988858453867975   6.98135508066147   6.965507690316393
0.3395594155970457   6.542276026119229   6.527764540608233
0.34951375138319807   6.074989813076227   6.064905528229144
0.3597599029647371   5.652524191068936   5.64603099332842
0.37030642505191835   5.313983333157169   5.307354825962389
0.3811621231401457   5.038156969354668   5.028519439624215
0.3923360608618501   4.773309843938216   4.760841452499565
0.4038375675538918   4.486429192444453   4.473768789650005
0.41567624604680364   4.188032440665129   4.177309908445974
0.42786198068238046   3.91200660349057   3.9030272079655957
0.4404049455663077   3.6765182350125998   3.667235363752428
0.4533156130627191   3.467105870330273   3.4562906999674183
0.4666047625377753   3.2609019165721334   3.2493422909292944
0.4802834893595659   3.052760150370102   3.0419391813113377
0.49436321416184764   2.8558514210284907   2.8458787126645184
0.5088556923793517   2.679548754657403   2.669524837383342
0.5237730240626238   2.5178179290906773   2.507226485617047
0.5391276639805903   2.3613377064343957   2.350673007412223
0.5549324320192869   2.210409727299495   2.20023610134753
0.5712005238854289   2.070458343135406   2.060530076755942
0.5879455221237613   1.9414703607891204   1.9314387641058153
0.6051814074573895   1.8193327765844787   1.8093323236559005
0.622922570460556   1.7031887723445642   1.6934519467066094
0.6411838235736077   1.5946624037607557   1.5851219584552243
0.6599804134701901   1.4934775084841485   1.484034632014217
0.6793280337869897   1.3983221545165585   1.3890189192001514
0.6992428382266549   1.3088356056499826   1.2997143715233515
0.7197414540448374   1.2247438881678556   1.215836675332094
0.7408409959326054   1.1457788058602827   1.1371088510037572
0.7625590803058332   1.0716787488575419   1.0632618849446633
0.7849138400134885   1.0021893660666727   0.9940352393936135
0.8079239394770964   0.9370641120654201   0.9291772505164467
0.8316085902740278   0.876059197233162   0.8684408493536069
0.8559875671776167   0.8189215947086462   0.8115734923116938
0.8810812246675007   0.7654090852819524   0.7583338318502731
0.9069105139239728   0.7152947194056218   0.7084953607180897
0.9334970003205227   0.6683658300473293   0.6618455050050636
0.960862881429187   0.6244231118625323   0.6181847727864319
0.9890310055537336   0.5832797620323341   0.577325954911545
1.0180248908061487   0.5447609983134378   0.5390936257579961
1.047868744742366   0.5087057169686424   0.5033253269896614
1.0785874845736239   0.4749636904065682   0.46986925418953834
1.1102067579703248   0.4433932373575995   0.43858232045621565
1.1427529644757777   0.41386077263430143   0.40932969964855925
1.1762532775476793   0.38624039274293875   0.3819844015818753
1.210735667245765   0.360413478786799   0.3564268646139134
1.246228923584555   0.33626830320670564   0.33254455019117807
1.2827626805706884   0.31369928856793167   0.3102311324386062
1.3203674409449337   0.2926067207589205   0.28938621118736413
1.3590746016495152   0.2728969317287387   0.2699155660517112
1.3989164800420282   0.25448197790586236   0.2517308250307012
1.4399263408778291   0.23727930627374524   0.23474911699234255
1.4821384240834183   0.2212114387865103   0.2188927436185261
1.525587973344019   0.20620567424654204   0.20408886985936184
1.5703112655292182   0.192193832207593   0.190269257343852
1.6163456409812174   0.17911201794811848   0.177370019808723
1.6637295346910133   0.16690030143497647   0.16533129356642068
1.7125025083885144   0.15550247183171234   0.15409698413259137
1.7627052835733923   0.14486581770864806   0.1436145392552274
1.814379775514258   0.13494091940982209   0.13383473477834765
1.8675691282445197   0.12568145296592298   0.12471147267993016
1.922317750584177   0.11704400309244278   0.11620157757054271
1.9786713532176083   0.10898787960961716   0.10826455538597245
2.0366769868582977   0.1014749626995576   0.10086249464083522
2.0963830815323896   0.09446955209413464   0.09395993981956424
2.1578394870138577   0.08793821974236171   0.08752373651445639
2.2210975144450407   0.08184967096414465   0.0815228859298607
2.286209979177315   0.07617461364829066   0.07592840828919999
2.3532312448676476   0.0708856341148659   0.0707132196129369
2.4222172688678643   0.06595706607567607   0.06585209080040948
2.4932256489445366   0.061364888882017556   0.06132149584915918
2.5663156713684585   0.0570866405552735   0.057099422764298906
2.641548360413907   0.05310132031516903   0.05316527830526339
2.7189865293089923   0.0493892964715681   0.04949980091719241
2.798694832679631   0.04593221990229245   0.046084978619901615
2.8807398205309562   0.04271294292100524   0.04290397142430403
2.9651899938111903   0.039715456432477536   0.03994101915906959
3.05211586160442   0.03692482514103377   0.03718136286204977
3.1415899999999994   0.03432709242513358   0.034611219878298426
