0.01   312.41552335262236   312.4155194217239
0.010293154462191829   315.0636442198065   315.0636340077567
0.010594902878253955   317.5409485435982   317.5409244636178
0.010905497183778876   319.83663593105524   319.83659250092677
0.011225196699963396   321.93999689493774   321.93993633951703
0.011554268350120923   323.8404882340125   323.84042105993706
0.011892986882540897   325.5274237516965   325.52736646745615
0.012241635099881474   326.9887409547825   326.9887050872398
0.012600504095286909   328.21221612028273   328.21220494770023
0.012969893495426888   329.1859905144424   329.18599913702855
0.013350111710660605   329.898548253218   329.8985681999794
0.013741476192534558   330.33880084412846   330.33882453546323
0.014144313698828986   330.4962646306709   330.49628559799504
0.01455896056637426   330.36066292712854   330.3606764523496
0.014985762991865008   329.9209687961316   329.9209738341411
0.01542507732090645   329.1667349614523   329.16673450607885
0.015877270345534218   328.0884676516959   328.0884680585723
0.016342719610456153   326.6773667591353   326.6773695818207
0.016821813728271667   324.92555615541784   324.92555262495006
0.017314952703931925   322.8264558594637   322.82642705603814
0.017822548268711737   320.3745871692599   320.37451023377463
0.01834502422397195   317.565309392954   317.565170770842
0.018882816794999403   314.3955121544275   314.3953091531738
0.019436374995219892   310.86382002824666   310.8635589815266
0.02000616100108813   306.9708441017685   306.9705276374725
0.020592650537967844   302.7191366080621   302.71875770407314
0.021196333277324068   298.11314834571414   298.11269093955826
0.02181771324555934   293.159993304884   293.1594375259266
0.022457309244835088   287.86984931335354   287.8691791522671
0.02311565528622961   282.2547851843147   282.25398909045333
0.023793301035594242   276.32915176411257   276.32822304087335
0.024490812272480036   270.1120083459299   270.11094793605
0.025208771362518027   263.62475772285904   263.6235746904203
0.0259477777436476   256.88996163636955   256.8886724094264
0.02670844842659881   249.93482742984347   249.93345494465822
0.027491418510046592   242.79117834066108   242.78975112180316
0.028297341710866907   235.49068438718317   235.4892356222807
0.029126890909937666   228.0665693987615   228.06513727340135
0.029980758713939952   220.5594761510739   220.55810772389597
0.030859658033628758   213.00969383318426   213.0084444947229
0.031764322679055976   205.45511338033194   205.45404500778872
0.03269550797224261   197.93893340920314   197.93811306862682
0.033653991377811755   190.50693862308466   190.50643729665427
0.03464057315210884   183.19972695359715   183.1996180259605
0.03565607701135116   176.05683616009824   176.05718862409267
0.036701350819364466   169.12362879263677   169.12449213663524
0.03777726729548091   162.44020251873403   162.44160678463552
0.038884724743189276   156.0401152426349   156.04207592879584
0.04002464780014597   149.95508702514556   149.95762853416284
0.041197988210172884   144.21328259735415   144.21645016875183
0.04240572561788674   138.837095678052   138.8409527149738
0.04364886838662332   133.84550278380624   133.85005739167826
0.04492845444033957   129.2562184123469   129.2612916996399
0.04624555213019635   125.083798394876   125.0890336686356
0.04760126112654554   121.33414930978387   121.33911000829505
0.04899671333706607   117.98326510497344   117.98780222902268
0.05043307385181555   115.00152486392302   115.00585032533971
0.05191154191598653   112.35985815016134   112.36438909542782
0.053433351931179485   110.01757069353604   110.02232015368274
0.05499977448602865   107.9335182611611   107.9379472570534
0.05661211741704101   106.06415628259346   106.06738599859503
0.05827172690053434   104.35391816078972   104.35518383066122
0.05997998857658587   102.74738212355155   102.74609684477414
0.06173832870592997   101.17234143882771   101.16817988053732
0.0635482153607709   99.5451370790374   99.53809942277393
0.06541115965050462   97.78156111112021   97.77193750776439
0.06732871698337338   95.7919059696255   95.78020610491183
0.06930248836510605   93.49645872508715   93.48333826119286
0.07133412173562886   90.83702646999434   90.82304664224796
0.07342531334496233   87.77615914320678   87.76174057890256
0.07557780916945323   84.31923047406876   84.30473144694376
0.07779340636952398   80.49646998701587   80.4822657380496
0.08007395479015682   76.36596651653355   76.35272956177468
0.08242135850536496   72.00375303644843   71.9924692166661
0.08483757740794096   67.51311644747864   67.50498518743106
0.08732462884580919   63.00561160708698   63.00176515152915
0.08988458930634863   58.60068215346992   58.60181044401986
0.09251959615009227   54.42645995822122   54.43259637796511
0.09523184939525078   50.60357181432542   50.61407057931474
0.09802361355455057   47.230456515642594   47.244203154149396
0.10089721952591899   44.38245034495523   44.3980472902558
0.10385506653859616   42.08278267619981   42.09887355999516
0.10689962415629803   40.32132274347975   40.336673242550106
0.11003343433910281   39.03630236583203   39.04956474620659
0.11325911356578279   38.140852826079836   38.15055626321494
0.11657935501835284   37.513407932353935   37.518159775067836
0.11999693083066039   37.01317074090133   37.01195839354194
0.12351469440289359   36.48628231617218   36.47873911025917
0.12713558278394044   35.78379667888183   35.770265349652654
0.13086261912358757   34.78630789126203   34.768037713583304
0.13469891519660646   33.42102151230385   33.40028648034521
0.13864767400083483   31.676603844760017   31.65655842939179
0.14271219243142114   29.609941355073058   29.59391784038241
0.14689586403346616   27.348247206231708   27.33868700259417
0.1512021818353596   25.07245138019563   25.070125734008123
0.15563474126517718   22.975931064721628   22.98009353742587
0.16019724315257297   21.205461090282583   21.214743565364557
0.1648934968186736   19.831112815565206   19.843506073277634
0.1697274232565544   18.856036403601085   18.868412068470086
0.17470305840495237   18.229900552919105   18.23852129284732
0.17982455651794954   17.845320000819882   17.84737427505942
0.18509619363343993   17.53719813506318   17.531968303959964
0.19052237114327647   17.128419449681076   17.116976657458487
0.19610761946807834   16.498419510232917   16.483151761017066
0.20185660183976684   15.611954385488996   15.596482603207795
0.20777411819498756   14.5179671789836   14.50621819952044
0.21386510918267082   13.340548736750252   13.335154085985783
0.22013466028907505   12.238578863869167   12.23943241383622
0.22658800608375756   11.337353682804938   11.342451704318671
0.23323053459001789   10.689425151151537   10.694865635439445
0.2400677917834628   10.266195911820747   10.268346549411886
0.24710548622244882   9.962670216663714   9.959434874686675
0.25434949381426813   9.645628937780627   9.637106247482816
0.2618058627210567   9.220558914439355   9.20927953277828
0.2694808184095226   8.661411799049725   8.651107586808115
0.27738076884870827   8.022362093862245   8.016088188066247
0.2855123098601282   7.410199217491048   7.40809359470402
0.29388223062474755   6.910328105882548   6.910693322870422
0.3024975193514008   6.544380633683965   6.543698149721651
0.31136536911138296   6.2691278687335   6.265105297662413
0.3204931838440838   6.002810215200238   5.995559375571084
0.32988858453867975   5.685231811417486   5.676855238026707
0.3395594155970457   5.3160454589044495   5.309074884037432
0.34951375138319807   4.942322836803488   4.937900108043153
0.3597599029647371   4.619017328939051   4.61604764636301
0.37030642505191835   4.363210515847582   4.359471172303414
0.3811621231401457   4.145858588252999   4.140161097592984
0.3923360608618501   3.9248681857124255   3.9179178476826393
0.4038375675538918   3.6836934555311114   3.6771352344096004
0.41567624604680364   3.440765127378693   3.435448622508399
0.42786198068238046   3.2237596774112895   3.2191088907737186
0.4404049455663077   3.0393463770647697   3.0341130036080797
0.4533156130627191   2.869692603953951   2.8635283794441113
0.4666047625377753   2.6981833135812496   2.691847927187039
0.4802834893595659   2.526820336012656   2.5210347280944503
0.49436321416184764   2.3685164076699583   2.3630672382209856
0.5088556923793517   2.2273091297199143   2.221596660434154
0.5237730240626238   2.095098360120067   2.0890245615461898
0.5391276639805903   1.965653035740122   1.9596385965249414
0.5549324320192869   1.8419848400601575   1.8362353394052229
0.5712005238854289   1.7283460907116963   1.7225998759332997
0.5879455221237613   1.6228109450178194   1.6169272940287205
0.6051814074573895   1.521924827304697   1.5160665113341785
0.622922570460556   1.4262125970856179   1.4204869182321664
0.6411838235736077   1.3370824861479775   1.3314167463980011
0.6599804134701901   1.253357245502163   1.2477425976657979
0.6793280337869897   1.1746286895738678   1.1690686415146918
0.6992428382266549   1.1006210720115857   1.0951214109951684
0.7197414540448374   1.0310719521998248   1.0256401298255948
0.7408409959326054   0.9657317109910486   0.9603763199807263
0.7625590803058332   0.9043630707749182   0.8990934035594966
0.7849138400134885   0.8467406202338013   0.8415662998788614
0.8079239394770964   0.792649761658577   0.7875802880555339
0.8316085902740278   0.7418854905969101   0.7369296509136385
0.8559875671776167   0.6942535665488906   0.6894193090102959
0.8810812246675007   0.6495702889874188   0.6448646943601797
0.9069105139239728   0.6076619858423532   0.6030912550942529
0.9334970003205227   0.5683645223369576   0.5639339779220665
0.960862881429187   0.5315228297010133   0.5272369282021729
0.9890310055537336   0.49699041484169354   0.49285282419930715
1.0180248908061487   0.464628789087483   0.46064267207733706
1.047868744742366   0.43430723085149076   0.43047527959622284
1.0785874845736239   0.4059024509729077   0.40222683675365195
1.1102067579703248   0.379298202916849   0.37578054425257307
1.1427529644757777   0.3543849109969601   0.35102625715688435
1.1762532775476793   0.3310593159921443   0.3278601433867623
1.210735667245765   0.3092241353948169   0.3061843406938345
1.246228923584555   0.2887877239768168   0.28590650805281437
1.2827626805706884   0.2696637822250043   0.26693963655678676
1.3203674409449337   0.2517710784953583   0.24920186486271662
1.3590746016495152   0.23503317093011059   0.23261619756478472
1.3989164800420282   0.21937814303915135   0.2171102360047489
1.4399263408778291   0.20473835254590028   0.20261592238454654
1.4821384240834183   0.1910501917257223   0.18906929399899589
1.525587973344019   0.1782538343007975   0.17641019339119127
1.5703112655292182   0.166293028827725   0.16458206700972752
1.6163456409812174   0.1551149278156271   0.15353182932389467
1.6637295346910133   0.14466989392654633   0.14320966393867804
1.7125025083885144   0.13491131497387068   0.13356883211133283
1.7627052835733923   0.12579542884474817   0.12456549171382607
1.814379775514258   0.11728115790479805   0.1161585259205776
1.8675691282445197   0.1093299559571374   0.10830936124904039
1.922317750584177   0.10190566185050795   0.10098180521464668
1.9786713532176083   0.09497435222864285   0.09414194306782087
2.0366769868582977   0.08850420887440665   0.08775800393715343
2.0963830815323896   0.08246539418112767   0.08180023016485327
2.1578394870138577   0.07682993352866349   0.07624075423056777
2.2210975144450407   0.07157160421471993   0.07105348285181674
2.286209979177315   0.06666582274392915   0.06621399356875209
2.3532312448676476   0.06208953055615526   0.06169944317016669
2.4222172688678643   0.05782112754487235   0.05748845160404666
2.4932256489445366   0.05384038904231641   0.05356100740753536
2.5663156713684585   0.05012838128374479   0.04989838328345761
2.641548360413907   0.046667381842905385   0.04648305662767925
2.7189865293089923   0.04344080476257189   0.04329863473718894
2.798694832679631   0.04043313487537645   0.04032978653035308
2.8807398205309562   0.03762988501593751   0.0375621866745382
2.9651899938111903   0.0350175074504889   0.03498244184578076
3.05211586160442   0.03258332254560592   0.03257802661130063
3.1415899999999994   0.030315465580742905   0.030337229243821588
