0.01   17459.223812380504   17457.085098349726
0.010293154462191829   17578.176207296565   17575.903502001373
0.010594902878253955   17686.84432849849   17684.43202043226
0.010905497183778876   17784.660722231405   17782.102736945493
0.011225196699963396   17871.04274663622   17868.32978935844
0.011554268350120923   17945.42082666047   17942.54028043646
0.011892986882540897   18007.230237856278   18004.166778747935
0.012241635099881474   18055.891574930556   18052.628954166656
0.012600504095286909   18090.842581539455   18087.364014586263
0.012969893495426888   18111.544203703746   18107.832410258998
0.013350111710660605   18117.442010377494   18113.47866162584
0.013741476192534558   18107.985780008737   18103.751183284017
0.014144313698828986   18082.663914088684   18078.137141672738
0.01455896056637426   18040.991084779187   18036.149256242807
0.014985762991865008   17982.491414243726   17977.307932112384
0.01542507732090645   17906.7373942705   17901.181939472535
0.015877270345534218   17813.356314389304   17807.39516198042
0.016342719610456153   17702.005558309796   17695.601956812396
0.016821813728271667   17572.393861444736   17565.50845942015
0.017314952703931925   17424.303567796997   17416.89487545084
0.017822548268711737   17257.590041004674   17249.614238352424
0.01834502422397195   17072.18195996707   17063.59224758169
0.018882816794999403   16868.093456825478   16858.840629743354
0.019436374995219892   16645.433296743988   16635.46709013299
0.02000616100108813   16404.436172403748   16393.70994989831
0.020592650537967844   16145.44217825641   16133.91508857206
0.021196333277324068   15868.884033363378   15856.521472753504
0.02181771324555934   15575.350959291907   15562.12651231496
0.022457309244835088   15265.607639544296   15251.505418239427
0.02311565528622961   14940.50000275928   14925.51470446841
0.023793301035594242   14600.985704302891   14585.124500702927
0.024490812272480036   14248.297020874827   14231.58974497416
0.025208771362518027   13883.76765856802   13866.26838606644
0.0259477777436476   13508.758429195334   13490.543210100637
0.02670844842659881   13124.878729183514   13106.046207677444
0.027491418510046592   12733.972738658362   12714.644476546404
0.028297341710866907   12337.829130464495   12318.146061272846
0.029126890909937666   11938.281391234783   11918.40144273188
0.029980758713939952   11537.547179140642   11517.646718046735
0.030859658033628758   11137.78521097997   11118.055762635087
0.031764322679055976   10740.977772172926   10721.621250831571
0.03269550797224261   10349.324606700375   10330.543956371155
0.033653991377811755   9965.129407167113   9947.121168109556
0.03464057315210884   9590.400203640438   9573.352788235323
0.03565607701135116   9227.023955808234   9211.108169965662
0.036701350819364466   8877.111333493835   8862.455580845037
0.03777726729548091   8542.515941233367   8529.206700235503
0.038884724743189276   8224.754004084783   8212.839416714696
0.04002464780014597   7925.0139442577365   7914.478105420199
0.041197988210172884   7644.213504636908   7634.964287361202
0.04240572561788674   7383.068001984063   7374.948190432293
0.04364886838662332   7142.150470222014   7134.920947263206
0.04492845444033957   6921.95545619659   6915.242766375572
0.04624555213019635   6722.894874377538   6716.19724032261
0.04760126112654554   6544.922755124904   6537.633009499546
0.04899671333706607   6385.636215802271   6377.115120084934
0.05043307385181555   6242.030270816416   6231.629441672569
0.05191154191598653   6111.438817124755   6098.4955688252985
0.053433351931179485   5991.7210953933045   5975.541007933868
0.05499977448602865   5881.02191956661   5860.873856315558
0.05661211741704101   5777.145892563168   5752.309392391962
0.05827172690053434   5676.577910916174   5646.483698973717
0.05997998857658587   5575.722684987644   5539.986640711518
0.06173832870592997   5470.445264833687   5428.998561475988
0.0635482153607709   5356.204029677047   5309.408934414317
0.06541115965050462   5228.907243308427   5177.596359447023
0.06732871698337338   5085.086301770182   5030.659823836945
0.06930248836510605   4922.178785642217   4866.549990189026
0.07133412173562886   4739.681187852595   4685.144858400037
0.07342531334496233   4538.350109026578   4487.46119543817
0.07557780916945323   4321.0561407346295   4276.565687491486
0.07779340636952398   4091.6244537754133   4056.334667350473
0.08007395479015682   3854.5558100414023   3831.0197070245376
0.08242135850536496   3614.6650171893084   3605.016294049132
0.08483757740794096   3377.821432707054   3383.62486997468
0.08732462884580919   3149.907428955276   3171.9689677243477
0.08988458930634863   2936.9827594262238   2975.0120852819805
0.09251959615009227   2744.5178217664047   2797.1220779172077
0.09523184939525078   2577.1661788302886   2641.961362569144
0.09802361355455057   2437.224976525674   2510.846243585007
0.10089721952591899   2325.185715581021   2403.2519643960077
0.10385506653859616   2238.877828466257   2316.9101789086676
0.10689962415629803   2174.389689754294   2248.340458939036
0.11003343433910281   2126.00813745314   2192.4210433590097
0.11325911356578279   2087.1578036322   2143.453242583333
0.11657935501835284   2050.3214637152423   2095.554364765424
0.11999693083066039   2008.1708524450182   2043.279704706034
0.12351469440289359   1954.2025522693978   1982.0704752619774
0.12713558278394044   1884.1834964536797   1909.3883896695957
0.13086261912358757   1796.5182234276178   1824.8260863784785
0.13469891519660646   1692.5334026445717   1730.1233117914908
0.13864767400083483   1576.580952797595   1628.947405522842
0.14271219243142114   1456.0555271728665   1526.5372481695474
0.14689586403346616   1340.1166657097776   1429.1405416265527
0.1512021818353596   1237.4386111864765   1342.4611638528656
0.15563474126517718   1153.3775825028665   1269.017983453151
0.16019724315257297   1089.141187864061   1209.2943007353483
0.1648934968186736   1043.104676370732   1161.2243246258015
0.1697274232565544   1011.3818893130323   1121.757023039623
0.17470305840495237   987.5379131005302   1086.9948638363514
0.17982455651794954   963.1889582692866   1051.8812602060611
0.18509619363343993   930.9105711200881   1012.6841494632548
0.19052237114327647   887.3466116334567   968.1578659549666
0.19610761946807834   833.3670200554293   919.5454071368334
0.20185660183976684   773.0803414889222   869.4982035660285
0.20777411819498756   713.0694690306356   821.0560931648831
0.21386510918267082   660.0698828144414   777.345153151801
0.22013466028907505   618.0720910937048   739.5674599405038
0.22658800608375756   587.4871156904009   707.6454432421717
0.23323053459001789   565.2293251323529   679.6975942111536
0.2400677917834628   545.5078181242973   653.1747605484896
0.24710548622244882   522.9559691980185   626.0226911479854
0.25434949381426813   495.1924649701609   597.9657132991131
0.2618058627210567   462.93310363728415   569.2566068212943
0.2694808184095226   429.7604555971402   541.491726153071
0.27738076884870827   400.14799792374487   515.7920341357918
0.2855123098601282   376.3369670568381   492.6234597103984
0.29388223062474755   357.703889248684   471.6092653412669
0.3024975193514008   341.4819422035957   451.7483844372771
0.31136536911138296   324.43175946078014   432.4273193377743
0.3204931838440838   305.3321469729287   413.28448519813765
0.32988858453867975   285.3371213586827   394.79694336089045
0.3395594155970457   266.591164061068   377.3015075536481
0.34951375138319807   250.61106182445343   360.99684119811457
0.3597599029647371   237.07171692935353   345.8199976074421
0.37030642505191835   224.39594731948088   331.29905315471103
0.3811621231401457   211.39296526610923   317.323003695694
0.3923360608618501   198.1407143174736   303.89393047335244
0.4038375675538918   185.619947806035   291.12082256106726
0.41567624604680364   174.46648587672095   279.1009237786532
0.42786198068238046   164.44220220676542   267.76365071149513
0.4404049455663077   154.80321078003186   256.9098824605432
0.4533156130627191   145.30040804467953   246.5358295294833
0.4666047625377753   136.23184125641504   236.65953200272213
0.4802834893595659   127.9155213359155   227.29317964303905
0.49436321416184764   120.24049206858417   218.41618678763442
0.5088556923793517   112.92058363035623   209.93971282396637
0.5237730240626238   105.90498394928046   201.84950619177067
0.5391276639805903   99.32638652697584   194.1639414289931
0.5549324320192869   93.214069225368   186.85800648322075
0.5712005238854289   87.45243546843082   179.8957180103532
0.5879455221237613   81.98831333340104   173.24725261975783
0.6051814074573895   76.85720425166359   166.93155898636283
0.622922570460556   72.05239517034943   160.9077247190033
0.6411838235736077   67.53058261413281   155.16291347269174
0.6599804134701901   63.27859221447381   149.68395816387485
0.6793280337869897   59.282327424318225   144.45644509336714
0.6992428382266549   55.52755927734685   139.46643777149075
0.7197414540448374   52.00074928396374   134.7008711235581
0.7408409959326054   48.689024521913815   130.14749125754224
0.7625590803058332   45.58015287903852   125.7947997637726
0.7849138400134885   42.66251852589508   121.63200218043198
0.8079239394770964   39.925078940939336   117.64886653568706
0.8316085902740278   37.35723677958184   113.83512397290544
0.8559875671776167   34.948923516571185   110.18088920085387
0.8810812246675007   32.690637061013305   106.6769306991097
0.9069105139239728   30.573412292267584   103.31462436702272
0.9334970003205227   28.588792724807355   100.08590968644114
0.960862881429187   26.7288035322906   96.98324944676605
0.9890310055537336   24.985926936405882   93.9995680721469
1.0180248908061487   23.353092010045664   91.12787039738421
1.047868744742366   21.823643400016294   88.36134174977973
1.0785874845736239   20.391305641684532   85.6936304627364
1.1102067579703248   19.050162879691044   83.1188229797636
1.1427529644757777   17.79463989028515   80.63141309115719
1.1762532775476793   16.61948398329778   78.22627376443035
1.210735667245765   15.519747653529295   75.8986285542712
1.246228923584555   14.490768025691187   73.6439068171667
1.2827626805706884   13.528151032358133   71.45769231658157
1.3203674409449337   12.627762970988474   69.33587850332474
1.3590746016495152   11.785716424493657   67.27466131550388
1.3989164800420282   10.99835642440532   65.27051995372052
1.4399263408778291   10.26224733031384   63.32019920919465
1.4821384240834183   9.574160393273464   61.42069322412794
1.525587973344019   8.931062118348807   59.569244630434895
1.5703112655292182   8.330103262596607   57.76334954893847
1.6163456409812174   7.768607878462428   56.00071097911405
1.6637295346910133   7.244063264296076   54.279221240585926
1.7125025083885144   6.754110516119988   52.596951117844085
1.7627052835733923   6.2965355881227625   50.95213968249828
1.814379775514258   5.869260837276871   49.343184716289244
1.8675691282445197   5.470336950123632   47.76868081816512
1.922317750584177   5.097935135226953   46.22757647078632
1.9786713532176083   4.750340326752365   44.71898213582657
2.0366769868582977   4.42594454432524   43.24209244292016
2.0963830815323896   4.12324050194759   41.79618079763647
2.1578394870138577   3.8408155760518823   40.38059417658173
2.2210975144450407   3.577346114177784   38.99474808064715
2.286209979177315   3.3315919556827267   37.63814386674797
2.3532312448676476   3.102390527524404   36.310542851424
2.4222172688678643   2.8886528139229006   35.01183741122708
2.4932256489445366   2.689359450071376   33.741924444860494
2.5663156713684585   2.503556423264886   32.50070228843645
2.641548360413907   2.3303510224128114   31.28806899102256
2.7189865293089923   2.16890802828773   30.103920665083123
2.798694832679631   2.018446181028667   28.948161074850365
2.8807398205309562   1.8782357843730162   27.82092581210237
2.9651899938111903   1.7475951635734752   26.722529628255636
3.05211586160442   1.6258865681302763   25.653215821036408
3.1415899999999994   1.5125134183111404   24.613149417003754
