0.01   23489.55404800772   23468.34667856117
0.010293154462191829   23765.66336266274   23742.42945705149
0.010594902878253955   24033.52579776427   24008.088076602522
0.010905497183778876   24292.432681352784   24264.59857007967
0.011225196699963396   24541.65178923489   24511.20991205782
0.011554268350120923   24780.445847337145   24747.165991955237
0.011892986882540897   25008.057923031807   24971.691592650914
0.012241635099881474   25223.697837884734   25183.979344138686
0.012600504095286909   25426.573168664534   25383.22019449261
0.012969893495426888   25615.889837724964   25568.603363189333
0.013350111710660605   25790.81826906804   25739.278368477124
0.013741476192534558   25950.5202061699   25894.384750380115
0.014144313698828986   26094.170145367065   26033.07575297492
0.01455896056637426   26220.934930322805   26154.494983775134
0.014985762991865008   26329.967063348493   26257.768587174443
0.01542507732090645   26420.44167217135   26342.046713875483
0.015877270345534218   26491.55535965203   26406.50237611349
0.016342719610456153   26542.495541634522   26450.298414008157
0.016821813728271667   26572.47567135109   26472.625414599195
0.017314952703931925   26580.75402568765   26472.72171713146
0.017822548268711737   26566.620424504013   26449.854417552844
0.01834502422397195   26529.400629925833   26403.32380137388
0.018882816794999403   26468.482307172577   26332.496294199318
0.019436374995219892   26383.32164497938   26236.812413334366
0.02000616100108813   26273.448384005653   26115.79360629099
0.020592650537967844   26138.471950198178   25969.047363733695
0.021196333277324068   25978.089262417194   25796.27514285161
0.02181771324555934   25792.12628542825   25597.316662291418
0.022457309244835088   25580.53346840925   25372.144919745846
0.02311565528622961   25343.35750785512   25120.836001569653
0.023793301035594242   25080.7899850421   24843.625776163433
0.024490812272480036   24793.245709998988   24541.001045944566
0.025208771362518027   24481.252762255506   24213.570065074466
0.0259477777436476   24145.449895191123   23862.058104124884
0.02670844842659881   23786.77790746652   23487.52107640155
0.027491418510046592   23406.378466752118   23091.23103706379
0.028297341710866907   23005.45437650057   22674.519105181775
0.029126890909937666   22585.435638175943   22238.95661716869
0.029980758713939952   22148.128658660113   21786.516843029603
0.030859658033628758   21695.375179035665   21319.20044750768
0.031764322679055976   21229.065954542897   20839.04749973538
0.03269550797224261   20751.558231405856   20348.57566284524
0.033653991377811755   20265.343139290042   19850.42796735157
0.03464057315210884   19772.796521404005   19347.110203266828
0.03565607701135116   19276.46937775298   18841.281378950178
0.036701350819364466   18779.192132440592   18335.856820001816
0.03777726729548091   18283.60995984263   17833.54354421906
0.038884724743189276   17792.267470910185   17336.91007158846
0.04002464780014597   17308.13694957308   16848.846058789328
0.041197988210172884   16834.105267159342   16372.11850279042
0.04240572561788674   16372.732117212685   15909.163282417401
0.04364886838662332   15925.945504869249   15461.756362207154
0.04492845444033957   15495.06415536395   15031.039469882608
0.04624555213019635   15081.209887479263   14617.96626032881
0.04760126112654554   14685.612565742913   14223.513004722196
0.04899671333706607   14310.3590161824   13849.162034464547
0.05043307385181555   13957.536090903472   13496.35873090869
0.05191154191598653   13628.667624492417   13166.075463837004
0.053433351931179485   13321.838770206412   12856.260823917612
0.05499977448602865   13033.42592602243   12563.380823084524
0.05661211741704101   12760.101749945921   12284.199912222493
0.05827172690053434   12499.029233457768   12015.975121194957
0.05997998857658587   12247.720611727384   11756.315578844258
0.06173832870592997   12003.635170196312   11502.850355947648
0.0635482153607709   11763.2441037586   11252.563450678685
0.06541115965050462   11522.915019921726   11002.428656837368
0.06732871698337338   11278.634637772277   10749.30924127901
0.06930248836510605   11025.79097966759   10489.83863418288
0.07133412173562886   10760.039603756519   10220.994602532026
0.07342531334496233   10477.010583284447   9940.187649157715
0.07557780916945323   10172.984431328245   9645.40610696928
0.07779340636952398   9846.20540778897   9336.290562374434
0.08007395479015682   9496.349381100705   9013.543305624464
0.08242135850536496   9125.560359469935   8679.68007638217
0.08483757740794096   8737.685986785058   8338.339523888399
0.08732462884580919   8338.594972889543   7994.133878834733
0.08988458930634863   7935.123069230528   7652.059325668937
0.09251959615009227   7534.652588923945   7317.377053360377
0.09523184939525078   7144.368927437136   6994.944245815292
0.09802361355455057   6771.452067521225   6688.827272041666
0.10089721952591899   6422.59837640754   6402.451040815559
0.10385506653859616   6104.065548152046   6138.722447127075
0.10689962415629803   5820.274558757392   5899.232013352746
0.11003343433910281   5573.8081541370875   5684.043484637631
0.11325911356578279   5363.962929100119   5491.447064368755
0.11657935501835284   5186.803758576481   5317.973510304501
0.11999693083066039   5035.200967248444   5158.900159817069
0.12351469440289359   4900.076125035424   5008.899210202797
0.12713558278394044   4771.170214485441   4862.716095461336
0.13086261912358757   4638.560003332297   4715.792716346079
0.13469891519660646   4493.451294074134   4564.678393618062
0.13864767400083483   4329.728186460964   4407.723204409437
0.14271219243142114   4144.786937899567   4244.871288261176
0.14689586403346616   3940.2819791976526   4077.787031735059
0.1512021818353596   3721.813200417668   3910.6088063154884
0.15563474126517718   3497.7408755948795   3746.7566536619274
0.16019724315257297   3278.2188840636036   3589.094434397467
0.1648934968186736   3074.1428114200266   3441.6264279645243
0.1697274232565544   2895.0400924324263   3305.502269213898
0.17470305840495237   2745.8924152821696   3182.1645687194145
0.17982455651794954   2625.451449787927   3069.7510396894622
0.18509619363343993   2527.1999764739217   2964.6064492991163
0.19052237114327647   2442.0484834499493   2864.639494792364
0.19610761946807834   2360.1684349708667   2767.2902075255747
0.20185660183976684   2271.7635729554263   2671.2428662798507
0.20777411819498756   2169.6969776692663   2574.8249781284558
0.21386510918267082   2053.348783721117   2478.908610884399
0.22013466028907505   1928.8455713988862   2385.044249025121
0.22658800608375756   1805.185288622766   2295.2823978688048
0.23323053459001789   1691.1188511016858   2210.0024313145846
0.2400677917834628   1593.084061872474   2130.072182230795
0.24710548622244882   1512.8519283884066   2055.290045021305
0.25434949381426813   1446.5691259055523   1984.278881560752
0.2618058627210567   1386.92034872275   1916.367515237422
0.2694808184095226   1325.979687662967   1850.799627682497
0.27738076884870827   1258.5831730019297   1786.584942337196
0.2855123098601282   1185.4740924464982   1724.4143883278207
0.29388223062474755   1111.7074533527245   1664.6168933925796
0.3024975193514008   1042.9940462837176   1607.7656182308024
0.31136536911138296   983.4448110630344   1553.40015237342
0.3204931838440838   933.0149888693038   1501.9925077421653
0.32988858453867975   887.6669363587656   1452.754784955788
0.3395594155970457   842.8341385562412   1405.6391339319264
0.34951375138319807   795.9974519607347   1359.7760944909894
0.3597599029647371   748.1810168471329   1315.7218058159265
0.37030642505191835   702.7429285628467   1273.5234821286322
0.3811621231401457   662.0066312219623   1233.2001338577875
0.3923360608618501   625.8343726026002   1194.8790524590381
0.4038375675538918   592.1279854935299   1158.1281826933264
0.41567624604680364   558.7902320224476   1122.6841617219575
0.42786198068238046   525.6372693624025   1088.389546400728
0.4404049455663077   494.0421294305385   1055.5052828318344
0.4533156130627191   465.0786067414063   1024.040696133398
0.4666047625377753   438.5147798178332   993.9337802951037
0.4802834893595659   413.2645172021937   964.9623633494348
0.49436321416184764   388.75484255616783   936.9409064034921
0.5088556923793517   365.3465793476512   909.9285382350644
0.5237730240626238   343.5445966455798   884.0004477212292
0.5391276639805903   323.2420980896923   859.0489144433757
0.5549324320192869   303.982346935575   834.9502665089967
0.5712005238854289   285.59908395367756   811.6206857511291
0.5879455221237613   268.27066030366205   789.0968775261694
0.6051814074573895   252.05226145547272   767.3515938909269
0.622922570460556   236.76452179223608   746.3007972299819
0.6411838235736077   222.28332296169825   725.8654705517496
0.6599804134701901   208.64227580371272   706.0559535907721
0.6793280337869897   195.82089125590284   686.8487377414214
0.6992428382266549   183.75302693893676   668.1789507497117
0.7197414540448374   172.3872378579463   650.0175299571987
0.7408409959326054   161.68508282675919   632.3331815871037
0.7625590803058332   151.61167370953135   615.0955577133034
0.7849138400134885   142.13361115753003   598.276599245586
0.8079239394770964   133.21895134395538   581.8504051663555
0.8316085902740278   124.83717054415227   565.7931123419197
0.8559875671776167   116.95912791536037   550.0827847672559
0.8810812246675007   109.55702266135025   534.6993122601641
0.9069105139239728   102.60409050406581   519.6243858401833
0.9334970003205227   96.07448909486388   504.8414431034626
0.960862881429187   89.94372639808631   490.3354696724206
0.9890310055537336   84.18863796756764   476.09291113392385
1.0180248908061487   78.78732105779387   462.1016005899931
1.047868744742366   73.71907160231439   448.3506898204765
1.0785874845736239   68.96432396096769   434.83058350299274
1.1102067579703248   64.5045966980392   421.5330104842593
1.1427529644757777   60.32248734971497   408.45305196499976
1.1762532775476793   56.40159451235007   395.58838693963617
1.210735667245765   52.72641767793513   382.93724035361413
1.246228923584555   49.282311627239366   370.4982848687565
1.2827626805706884   46.05544419533938   358.2706056177283
1.3203674409449337   43.032755748220865   346.25366524975124
1.3590746016495152   40.201920329671296   334.4472692577145
1.3989164800420282   37.55130575795122   322.8520330565165
1.4399263408778291   35.06992390014843   311.47215492301945
1.4821384240834183   32.74741160169741   300.31291117920637
1.525587973344019   30.574006019816   289.3790630031403
1.5703112655292182   28.540512464532483   278.6748558198905
1.6163456409812174   26.638273742864992   268.2040257130032
1.6637295346910133   24.859140978706485   257.9698070428401
1.7125025083885144   23.195445850231494   247.9749414246084
1.7627052835733923   21.639973496713104   238.22242667202968
1.814379775514258   20.185936202754693   228.71697733343058
1.8675691282445197   18.826951790522536   219.4628125324354
1.922317750584177   17.557021360142492   210.46317906674912
1.9786713532176083   16.37050767198365   201.72040347068648
2.0366769868582977   15.262114643485248   193.23594489287896
2.0963830815323896   14.226867910769563   185.01044840371836
2.1578394870138577   13.260096373108352   177.0437991397893
2.2210975144450407   12.35741271913309   169.33522237949168
2.286209979177315   11.514696448111714   161.88335306143318
2.3532312448676476   10.728081794716454   154.68620833566544
2.4222172688678643   9.993943030714188   147.74123270650776
2.4932256489445366   9.308880256240725   141.04534936800073
2.5663156713684585   8.669705980473855   134.59501002296383
2.641548360413907   8.073432451611248   128.38624301785046
2.7189865293089923   7.517259958849121   122.41469462938493
2.798694832679631   6.998569266110775   116.6755995805606
2.8807398205309562   6.514908922052279   111.16385538300646
2.9651899938111903   6.063981530651049   105.87413393058974
3.05211586160442   5.643634494892286   100.8009189724064
3.1415899999999994   5.251851376602928   95.93853938506302
