0.01   1811.5760611760213   1811.5064181485811
0.010293154462191829   1830.7253357627258   1830.6549265377428
0.010594902878253955   1849.151721124208   1849.0806309705388
0.010905497183778876   1866.79984971196   1866.7281712380504
0.011225196699963396   1883.614082662798   1883.5419151635695
0.011554268350120923   1899.5368257392913   1899.46425945818
0.011892986882540897   1914.5085783972245   1914.4356775111257
0.012241635099881474   1928.4700463756158   1928.3968471683017
0.012600504095286909   1941.3615622901739   1941.2880777456892
0.012969893495426888   1953.1210864381244   1953.0473245916921
0.013350111710660605   1963.6868873895837   1963.612855307503
0.013741476192534558   1972.9983006669747   1972.9240045414942
0.014144313698828986   1980.993402540826   1980.918848683015
0.01455896056637426   1987.6100636719855   1987.5352592776837
0.014985762991865008   1992.7883063830552   1992.713259618205
0.01542507732090645   1996.4693443945487   1996.3940596426512
0.015877270345534218   1998.5941471725823   1998.5186139434727
0.016342719610456153   1999.1065809765955   1999.0307724526292
0.016821813728271667   1997.9540666820178   1997.877934727264
0.017314952703931925   1995.086406315535   1995.0098373316753
0.017822548268711737   1990.4571191202556   1990.3799126340678
0.01834502422397195   1984.0247882508756   1983.9466591990542
0.018882816794999403   1975.7534447141636   1975.6740562541854
0.019436374995219892   1965.6129495708542   1965.5319634866269
0.02000616100108813   1953.5794574190309   1953.4965408121652
0.020592650537967844   1939.6364802480705   1939.5513016372906
0.021196333277324068   1923.7783030463713   1923.6904999054755
0.02181771324555934   1906.0076389672404   1905.9168098637247
0.022457309244835088   1886.334745970739   1886.2404595661594
0.02311565528622961   1864.7840379148063   1864.6859475808535
0.023793301035594242   1841.3945020339945   1841.2924656961327
0.024490812272480036   1816.2123354896091   1816.1064146221222
0.025208771362518027   1789.2955330320294   1789.1859850086785
0.0259477777436476   1760.7267518295896   1760.6140247386031
0.02670844842659881   1730.5975027904751   1730.4822231199894
0.027491418510046592   1699.00476295033   1698.8877259763365
0.028297341710866907   1666.0717019389085   1665.9539405990213
0.029126890909937666   1631.9398294615207   1631.82265440564
0.029980758713939952   1596.7498626390527   1596.6348315315868
0.030859658033628758   1560.65623508496   1560.5451534075644
0.031764322679055976   1523.8472290070122   1523.7421960437837
0.03269550797224261   1486.5080474601878   1486.4114235612135
0.033653991377811755   1448.8179282211665   1448.7322665425793
0.03464057315210884   1410.9815389432333   1410.9093379485594
0.03565607701135116   1373.2074538492877   1373.1510337678953
0.036701350819364466   1335.68723462392   1335.648737517919
0.03777726729548091   1298.6216900947156   1298.6030791684498
0.038884724743189276   1262.2355818985145   1262.2386433603428
0.04002464780014597   1226.7333787471553   1226.7597380800291
0.041197988210172884   1192.289896340782   1192.340804129548
0.04240572561788674   1159.0236679078823   1159.0986852343433
0.04364886838662332   1127.0248951363812   1127.1215975755845
0.04492845444033957   1096.372452861392   1096.4866791407142
0.04624555213019635   1067.1836150685976   1067.3102970604468
0.04760126112654554   1039.617971915354   1039.7519708294496
0.04899671333706607   1013.8191553987124   1013.9553189229339
0.05043307385181555   989.8140737680592   989.9468724031536
0.05191154191598653   967.3632512159078   967.4858542338427
0.053433351931179485   946.205165996041   946.3093891677411
0.05499977448602865   926.1067007590501   926.1830338115071
0.05661211741704101   906.8719407738718   906.9094417669305
0.05827172690053434   888.3219856467836   888.308399972662
0.05997998857658587   870.238778299175   870.1618368638087
0.06173832870592997   852.3456541757615   852.1948140512334
0.0635482153607709   834.3712898524046   834.1382120970798
0.06541115965050462   815.9861331836781   815.6673392234864
0.06732871698337338   796.8547702438827   796.4526657864715
0.06930248836510605   776.6521405512026   776.1757490479936
0.07133412173562886   755.0635983981639   754.5293738306965
0.07342531334496233   731.8654376070042   731.2965902778421
0.07557780916945323   706.9823103465392   706.4078974872959
0.07779340636952398   680.4492980754994   679.9022880931393
0.08007395479015682   652.4983859953219   652.0123283491972
0.08242135850536496   623.4587829838027   623.0668028254166
0.08483757740794096   593.81502551029   593.5501827792513
0.08732462884580919   564.0805431044759   563.9729990048177
0.08988458930634863   534.7986560330029   534.8711525072085
0.09251959615009227   506.50004568632505   506.7655860373929
0.09523184939525078   479.69605211061554   480.15563406974854
0.09802361355455057   454.87950390455217   455.5152820419778
0.10089721952591899   432.4656364431809   433.24098970741125
0.10385506653859616   412.71470235534053   413.5784645018201
0.10689962415629803   395.75081092359704   396.64088941285195
0.11003343433910281   381.3858615818858   382.23510145052825
0.11325911356578279   369.2619692473911   370.0037334047613
0.11657935501835284   358.76312311308936   359.3439339991536
0.11999693083066039   349.1927342941699   349.57752675995005
0.12351469440289359   339.79503090420116   339.9731394055529
0.12713558278394044   329.86736206285303   329.86154024868944
0.13086261912358757   318.8305857506382   318.69800827261946
0.13469891519660646   306.32236177244266   306.1470193848708
0.13864767400083483   292.28317186020075   292.1682233078077
0.14271219243142114   276.9463746001472   277.0006235165039
0.14689586403346616   260.8054120397542   261.125838184453
0.1512021818353596   244.5356128989896   245.1926790362341
0.15563474126517718   228.92162784370876   229.9362916905578
0.16019724315257297   214.7413549729972   216.0708038369969
0.1648934968186736   202.5854150419323   204.13269435511555
0.1697274232565544   192.6414455188052   194.28647397374385
0.17470305840495237   184.63724864541737   186.24951644622996
0.17982455651794954   178.0064100650313   179.48732419926054
0.18509619363343993   172.06445997205864   173.36067063000547
0.19052237114327647   166.07901015792845   167.20226711320052
0.19610761946807834   159.37153575886032   160.41268226361578
0.20185660183976684   151.58689428907698   152.68422866582435
0.20777411819498756   142.89740390218572   144.18917104590253
0.21386510918267082   133.86354714353877   135.4506791033891
0.22013466028907505   125.14435377237521   127.04940097828296
0.22658800608375756   117.33810747023149   119.50036216317694
0.23323053459001789   110.79770843050517   113.09899710087974
0.2400677917834628   105.4865914405827   107.78344694379938
0.24710548622244882   101.00006742906147   103.1944819572658
0.25434949381426813   96.76636041839434   98.83749190808976
0.2618058627210567   92.2498990029651   94.271123548769
0.2694808184095226   87.23456429595942   89.32140427649267
0.27738076884870827   81.92811455420923   84.17699312915077
0.2855123098601282   76.73608994400784   79.17726135314076
0.29388223062474755   72.05057916074406   74.6399128101692
0.3024975193514008   68.07215771711006   70.69583933081488
0.31136536911138296   64.66086004845958   67.2334321762471
0.3204931838440838   61.48133316930986   63.979897929376534
0.32988858453867975   58.242061193908526   60.71281162551434
0.3395594155970457   54.85310745595216   57.37053079219043
0.34951375138319807   51.48117524138794   54.08866650214486
0.3597599029647371   48.36440581861308   51.039607667815815
0.37030642505191835   45.60416970270238   48.28396546545054
0.3811621231401457   43.12648933340684   45.765683000198806
0.3923360608618501   40.756706080778365   43.35914855533451
0.4038375675538918   38.38836225764891   40.99153743914181
0.41567624604680364   36.06453264832563   38.694057165080345
0.42786198068238046   33.890899458749274   36.53748788859515
0.4404049455663077   31.912691854860434   34.545883624448564
0.4533156130627191   30.077283189479044   32.679861932937854
0.4666047625377753   28.312558958061913   30.8943876391309
0.4802834893595659   26.6026731045323   29.180068226405552
0.49436321416184764   24.98954291256301   27.560506598450107
0.5088556923793517   23.493699501277668   26.044775241584237
0.5237730240626238   22.092770150476984   24.617157204094127
0.5391276639805903   20.757146025145232   23.259556978650494
0.5549324320192869   19.4876216737212   21.972359419806867
0.5712005238854289   18.297303605403403   20.75964164556231
0.5879455221237613   17.182081569820387   19.617317296142243
0.6051814074573895   16.1282006327991   18.53676141836946
0.622922570460556   15.131590813125676   17.514514503458717
0.6411838235736077   14.19516069939782   16.55052391371808
0.6599804134701901   13.315208588853874   15.641216003640578
0.6793280337869897   12.487027425159962   14.782669730332344
0.6992428382266549   11.707478629393258   13.972318878020763
0.7197414540448374   10.97395609322948   13.207605371526867
0.7408409959326054   10.28400544247415   12.48605172249132
0.7625590803058332   9.635279362130783   11.805301780727085
0.7849138400134885   9.025535033943672   11.16311617411463
0.8079239394770964   8.452631433080969   10.557367782523892
0.8316085902740278   7.9145265090315515   9.9860372616773
0.8559875671776167   7.409271323188204   9.44720819228245
0.8810812246675007   6.934980138220272   8.939058673424675
0.9069105139239728   6.4898479036336   8.459859935245541
0.9334970003205227   6.07216807472156   8.00797528695658
0.960862881429187   5.6803279678867185   7.581855893898187
0.9890310055537336   5.312804007607639   7.180036639973109
1.0180248908061487   4.968157186905055   6.801132126432038
1.047868744742366   4.645028733492975   6.443832808567575
1.0785874845736239   4.342137035903852   6.1069006324647725
1.1102067579703248   4.058277236338984   5.789163245411153
1.1427529644757777   3.7923127539246733   5.489513254931061
1.1762532775476793   3.5431701745403763   5.206905856571403
1.210735667245765   3.309836103499222   4.940355540764976
1.246228923584555   3.0913541478771815   4.688932946349192
1.2827626805706884   2.88682202484415   4.4517618571495525
1.3203674409449337   2.6953887904760414   4.22801632335858
1.3590746016495152   2.5162516427218002   4.016914373723791
1.3989164800420282   2.3486528837725595   3.8177117567340484
1.4399263408778291   2.191878836373445   3.629707798355338
1.4821384240834183   2.0452576613967928   3.4522440308986777
1.525587973344019   1.9081570803649623   3.2847016574749364
1.5703112655292182   1.7799822089208006   3.12649916501305
1.6163456409812174   1.6601734967970236   2.97709007764848
1.6637295346910133   1.5482047666772285   2.835960645180559
1.7125025083885144   1.4435812613754804   2.7026220929152434
1.7627052835733923   1.3458378937357958   2.5766090902678984
1.814379775514258   1.2545376962525188   2.4574854812100217
1.8675691282445197   1.1692702293239807   2.344842762536804
1.922317750584177   1.0896500651648469   2.2382982459695833
1.9786713532176083   1.0153153512529385   2.1374933472334083
2.0366769868582977   0.9459264496646667   2.0420919930581274
2.0963830815323896   0.8811646269107671   1.951778083931889
2.1578394870138577   0.8207306424245235   1.8662444654634467
2.2210975144450407   0.7643437493223448   1.785198032709554
2.286209979177315   0.7117407503256682   1.7083656296356997
2.3532312448676476   0.6626749530326749   1.6354926546119966
2.4222172688678643   0.6169151816665082   1.5663416826188417
2.4932256489445366   0.5742448445011729   1.5006911978768849
2.5663156713684585   0.5344610540843044   1.4383344274474879
2.641548360413907   0.49737387329786215   1.3790772410085443
2.7189865293089923   0.46280577510873194   1.322733625070566
2.798694832679631   0.43059057008449025   1.2691288856452934
2.8807398205309562   0.400572609760902   1.2181002770678462
2.9651899938111903   0.3726061531724893   1.169496102454877
3.05211586160442   0.34655476863183804   1.1231748878705976
3.1415899999999994   0.32229076900143266   1.0790046239375906
