0.01   6044.989479066015   6044.5227109858
0.010293154462191829   6131.3135638140975   6130.804260166721
0.010594902878253955   6216.313110623349   6215.757116903713
0.010905497183778876   6299.816663423586   6299.20938256758
0.011225196699963396   6381.642457787999   6380.978776659057
0.011554268350120923   6461.597344327932   6460.87154808748
0.011892986882540897   6539.484096296864   6538.689853705073
0.012241635099881474   6615.100196830845   6614.230593409469
0.012600504095286909   6688.231830846644   6687.279530802676
0.012969893495426888   6758.660548789269   6757.617845242117
0.013350111710660605   6826.1655265446925   6825.024337058752
0.013741476192534558   6890.515766170358   6889.267318732326
0.014144313698828986   6951.471758811278   6950.106313925249
0.01455896056637426   7008.793688186728   7007.300535108268
0.014985762991865008   7062.239059619168   7060.606516245536
0.01542507732090645   7111.556889732851   7109.772286208544
0.015877270345534218   7156.497063849929   7154.546765907342
0.016342719610456153   7196.812557555711   7194.681960114234
0.016821813728271667   7232.252255257623   7229.925300772801
0.017314952703931925   7262.565458331105   7260.024349437834
0.017822548268711737   7287.509055748605   7284.734314292602
0.01834502422397195   7306.84619598401   7303.816822015905
0.018882816794999403   7320.344649212214   7317.038382096516
0.019436374995219892   7327.783746761169   7324.177209177132
0.02000616100108813   7328.956991798167   7325.025732849254
0.020592650537967844   7323.675059837458   7319.392940302227
0.021196333277324068   7311.766611046006   7307.105626064692
0.02181771324555934   7293.079307024455   7288.009811981263
0.022457309244835088   7267.489166058011   7261.980874912782
0.02311565528622961   7234.905963755899   7228.929343654755
0.023793301035594242   7195.263276337094   7188.78988592371
0.024490812272480036   7148.525286882714   7141.528149850584
0.025208771362518027   7094.717130353569   7087.171664446142
0.0259477777436476   7033.900338673155   7025.784787075323
0.02670844842659881   6966.16204754205   6957.457707146832
0.027491418510046592   6891.65710270611   6882.349979587286
0.028297341710866907   6810.610766462628   6800.693284053334
0.029126890909937666   6723.269548015502   6712.7405351756925
0.029980758713939952   6629.924638911245   6618.789652259541
0.030859658033628758   6530.985683815877   6519.258570796686
0.031764322679055976   6426.8931434149445   6414.5960051778775
0.03269550797224261   6318.09527069731   6305.257945045389
0.033653991377811755   6205.136552248398   6191.796738838113
0.03464057315210884   6088.630568393788   6074.833671236605
0.03565607701135116   5969.17374724839   5954.972024333393
0.036701350819364466   5847.407756180585   5832.85846284425
0.03777726729548091   5724.126992484232   5709.2889011208035
0.038884724743189276   5600.1079951589845   5585.040320792512
0.04002464780014597   5476.072511183108   5460.834303756804
0.041197988210172884   5352.667959011404   5337.316870889192
0.04240572561788674   5230.477840746452   5215.069348315825
0.04364886838662332   5110.037467529962   5094.624591238914
0.04492845444033957   4991.986916280452   4976.610217339494
0.04624555213019635   4877.204904385241   4861.873952554729
0.04760126112654554   4766.521098790344   4751.214719653963
0.04899671333706607   4660.591712208851   4645.260537828892
0.05043307385181555   4559.572500238535   4544.141485634254
0.05191154191598653   4463.471880899139   4447.842431264582
0.053433351931179485   4372.235387167252   4356.287830712459
0.05499977448602865   4285.532870971249   4269.131393222062
0.05661211741704101   4202.972315279652   4185.967201918724
0.05827172690053434   4124.07350572784   4106.308132263814
0.05997998857658587   4048.1063743534983   4029.432628477595
0.06173832870592997   3974.334963962088   3954.616843993267
0.0635482153607709   3901.8767475451937   3881.0106991395787
0.06541115965050462   3829.7590390930777   3807.6887731482734
0.06732871698337338   3756.95678574261   3733.6897025748594
0.06930248836510605   3682.2688937259877   3657.911323565293
0.07133412173562886   3604.5261963418543   3579.2961377575434
0.07342531334496233   3522.5085531131244   3496.785404257098
0.07557780916945323   3435.119862517627   3409.450418143219
0.07779340636952398   3341.5529006827487   3316.6670922603107
0.08007395479015682   3241.298612132952   3218.0873210765944
0.08242135850536496   3134.4644392650152   3113.91782922601
0.08483757740794096   3021.5933529316244   3004.7646513353166
0.08732462884580919   2903.9079283851665   2891.905722123141
0.08988458930634863   2782.9855900181055   2776.8676398680536
0.09251959615009227   2660.783546608302   2661.394884730758
0.09523184939525078   2539.4604978335415   2547.3944562130696
0.09802361355455057   2421.1865367138694   2436.7809784964725
0.10089721952591899   2308.0972988509443   2331.3379430923624
0.10385506653859616   2202.1943315615554   2232.6682441650564
0.10689962415629803   2105.152105130458   2142.035873463477
0.11003343433910281   2018.2405506025177   2060.333220869914
0.11325911356578279   1941.9156078303292   1987.7089523147854
0.11657935501835284   1875.8899120202573   1923.6916526126395
0.11999693083066039   1818.8216809704047   1866.956877574186
0.12351469440289359   1768.5715031164505   1815.6262021042148
0.12713558278394044   1722.4072533187195   1767.4385621574652
0.13086261912358757   1677.2725039203158   1719.972779686069
0.13469891519660646   1630.2282632498714   1670.998229123478
0.13864767400083483   1578.7585161404313   1618.7392336472878
0.14271219243142114   1521.182523987522   1562.223642095574
0.14689586403346616   1457.008505231483   1501.4034532031171
0.1512021818353596   1387.0478301106036   1437.0610213208415
0.15563474126517718   1313.3241192047797   1370.7903482361294
0.16019724315257297   1238.7614434580498   1304.9066555876873
0.1648934968186736   1166.7582950281376   1241.7039117650575
0.1697274232565544   1100.6607218552672   1183.2880747185902
0.17470305840495237   1043.0556293579643   1131.2575181271286
0.17982455651794954   995.0186790504451   1086.0061251723532
0.18509619363343993   955.7400793571918   1046.5405153123777
0.19052237114327647   922.8333246655199   1011.1822181169072
0.19610761946807834   893.0693894221156   977.9254620022402
0.20185660183976684   863.0174654792253   944.7191329579958
0.20777411819498756   829.6418369701728   909.9072484844685
0.21386510918267082   791.2572037680635   872.9092735412473
0.22013466028907505   748.4091457962597   834.2931280598067
0.22658800608375756   703.6487287489297   795.5058385383475
0.23323053459001789   660.3159687409761   758.3817221423242
0.2400677917834628   621.4035101547089   724.2077207857049
0.24710548622244882   588.7223047438563   693.7575822889066
0.25434949381426813   562.1682832570576   666.5586086129882
0.2618058627210567   539.7010792846745   641.6026790504134
0.2694808184095226   518.3046125195315   617.5288332412372
0.27738076884870827   495.23933971238245   593.1169428175255
0.2855123098601282   469.32919142053385   568.2890507323242
0.29388223062474755   441.59834314216323   543.5821696810143
0.3024975193514008   414.4374784124043   519.7729423587041
0.31136536911138296   390.0709233858136   497.73724619949337
0.3204931838440838   369.6002418322996   477.2721002211036
0.32988858453867975   352.24872875486557   458.4623925758176
0.3395594155970457   335.9922848890261   440.4262763522961
0.34951375138319807   319.0407668804201   422.652993009501
0.3597599029647371   300.92830621253563   405.23413499468194
0.37030642505191835   282.7313387879953   388.3999961389997
0.3811621231401457   266.0290070454999   372.5170867943365
0.3923360608618501   251.51965732001906   357.5507192341763
0.4038375675538918   238.63553636185011   343.47877326935804
0.41567624604680364   226.15619062909224   329.94612617924804
0.42786198068238046   213.3647845324833   316.8017252071894
0.4404049455663077   200.63312376320164   304.16663660533595
0.4533156130627191   188.8098474416631   292.1709829947394
0.4666047625377753   178.2331668683961   280.8294509612204
0.4802834893595659   168.46238630186073   270.0259730248639
0.49436321416184764   158.89585465439714   259.66112730272073
0.5088556923793517   149.4722318047466   249.6868769636631
0.5237730240626238   140.59221905965106   240.18555173543896
0.5391276639805903   132.45954482372755   231.15923745642314
0.5549324320192869   124.847175428921   222.54536734764645
0.5712005238854289   117.48962406864976   214.2820838260906
0.5879455221237613   110.43987563134775   206.37616413713943
0.6051814074573895   103.86435744460714   198.84232075367018
0.622922570460556   97.72515755611484   191.66139172072567
0.6411838235736077   91.87939513390555   184.77728425339814
0.6599804134701901   86.31689299590602   178.1913305075005
0.6793280337869897   81.10094370072046   171.9050808573929
0.6992428382266549   76.20259423045114   165.88875950469824
0.7197414540448374   71.57683072122323   160.12962042459966
0.7408409959326054   67.2061110612418   154.61816099611383
0.7625590803058332   63.081149425249336   149.34104475250524
0.7849138400134885   59.19241080978269   144.2857444653408
0.8079239394770964   55.53018510419587   139.4404986186079
0.8316085902740278   52.0842848931288   134.79414469247388
0.8559875671776167   48.84288676363989   130.33567600885743
0.8810812246675007   45.79425599872011   126.05464052631788
0.9069105139239728   42.92732107121463   121.94126113611846
0.9334970003205227   40.2316358788067   117.98638840432135
0.960862881429187   37.69734412795268   114.18145701028928
0.9890310055537336   35.31514581236219   110.51844558631745
1.0180248908061487   33.076271632237706   106.98982018294718
1.047868744742366   30.97258227343233   103.58806182862641
1.0785874845736239   28.996501304882436   100.30569298562509
1.1102067579703248   27.140834250796193   97.13574096477991
1.1427529644757777   25.398746636427664   94.07172441889101
1.1762532775476793   23.76374967478087   91.10761954410955
1.210735667245765   22.229686219612802   88.23782905025138
1.246228923584555   20.790717007415903   85.45715363630966
1.2827626805706884   19.44129674494414   82.76070703634089
1.3203674409449337   18.176138477054295   80.14375052454638
1.3590746016495152   16.990237780837425   77.60185797405605
1.3989164800420282   15.878868091464616   75.13094449571825
1.4399263408778291   14.837566695709798   72.7272448076691
1.4821384240834183   13.862121329290023   70.38729322231713
1.525587973344019   12.948557359322196   68.10790508223491
1.5703112655292182   12.093125726585235   65.88616865055022
1.6163456409812174   11.292294002139894   63.719566024214295
1.6637295346910133   10.542733733201416   61.605908718624576
1.7125025083885144   9.841307050754668   59.54319485320734
1.7627052835733923   9.185056635761145   57.52959401925434
1.814379775514258   8.571196217918619   55.56343660440777
1.8675691282445197   7.997101507299811   53.64320363038975
1.922317750584177   7.460301542556886   51.76751715570931
1.9786713532176083   6.9584691121083235   49.93521883724737
2.0366769868582977   6.489411069440167   48.14550044355504
2.0963830815323896   6.051064687954631   46.39766175318253
2.1578394870138577   5.641491064725396   44.691058401729215
2.2210975144450407   5.258868139117402   43.025096870958976
2.286209979177315   4.90148407177695   41.3992296418625
2.3532312448676476   4.567730967796609   39.81295050776845
2.4222172688678643   4.2560992265530455   38.265830930241634
2.4932256489445366   3.9651748382720693   36.757936504835016
2.5663156713684585   3.6936318703476294   35.289575487514135
2.641548360413907   3.4402250294371006   33.8609618066002
2.7189865293089923   3.2037850747837724   32.472213944135916
2.798694832679631   2.983214502713789   31.123359729952472
2.8807398205309562   2.777483449355928   29.814341189586184
2.9651899938111903   2.585625779795613   28.545018887520996
3.05211586160442   2.4067310713245478   27.315072876820942
3.1415899999999994   2.2399377041538253   26.12390898869999
