0.01   2902.1740581282993   2902.0203518125486
0.010293154462191829   2924.480970196842   2924.3266477916754
0.010594902878253955   2945.301595984307   2945.146902710664
0.010905497183778876   2964.5501665476654   2964.3949023026726
0.011225196699963396   2982.141030234044   2981.984724936119
0.011554268350120923   2997.987413423561   2997.8298091074034
0.011892986882540897   3012.0039380337353   3011.8450731201547
0.012241635099881474   3024.106856321126   3023.9470477834097
0.012600504095286909   3034.208570826754   3034.0481583959677
0.012969893495426888   3042.2205210133766   3042.059706760078
0.013350111710660605   3048.057582422335   3047.8964264345536
0.013741476192534558   3051.6367019564473   3051.475163580873
0.014144313698828986   3052.8752990749113   3052.7133254449436
0.01455896056637426   3051.6954302236445   3051.532967856004
0.014985762991865008   3048.024237961618   3047.861227415087
0.01542507732090645   3041.7897310142366   3041.6260581888896
0.015877270345534218   3032.924202265798   3032.7596753412063
0.016342719610456153   3021.3675646667116   3021.201916071189
0.016821813728271667   3007.066680722254   3006.8995584586937
0.017314952703931925   2989.9750943253716   2989.8060464199084
0.017822548268711737   2970.055701630219   2969.884179834146
0.01834502422397195   2947.281762413816   2947.107141469156
0.018882816794999403   2921.6386206728544   2921.4602863216664
0.019436374995219892   2893.1232641734914   2892.9406502020756
0.02000616100108813   2861.744262999279   2861.556853936981
0.020592650537967844   2827.527239344666   2827.334518472773
0.021196333277324068   2790.5167045949324   2790.318084879802
0.02181771324555934   2750.769167695997   2750.563997044953
0.022457309244835088   2708.356502852858   2708.144158239357
0.02311565528622961   2663.3813926240723   2663.1617009111733
0.023793301035594242   2615.9621371292   2615.7354815501844
0.024490812272480036   2566.2263952492613   2565.9936762372977
0.025208771362518027   2514.333681548891   2514.0962097704755
0.0259477777436476   2460.474899480969   2460.2342838886
0.02670844842659881   2404.8441591169003   2404.602266572974
0.027491418510046592   2347.6493789043593   2347.4083675653037
0.028297341710866907   2289.148646765434   2288.911201074618
0.029126890909937666   2229.604672397775   2229.373996371017
0.029980758713939952   2169.272103468513   2169.0518371340336
0.030859658033628758   2108.4441565196803   2108.238296106377
0.031764322679055976   2047.4401235304188   2047.2529446720494
0.03269550797224261   1986.556090177294   1986.392073843811
0.033653991377811755   1926.0849177530256   1925.9485623812186
0.03464057315210884   1866.3601499395672   1866.255554558253
0.03565607701135116   1807.6924564943004   1807.623264119719
0.036701350819364466   1750.3586586323122   1750.3280476673276
0.03777726729548091   1694.6387951369463   1694.6489568015152
0.038884724743189276   1640.8026771296227   1640.8545313489162
0.04002464780014597   1589.0822369362877   1589.175595606424
0.041197988210172884   1539.6709190298716   1539.8041850425886
0.04240572561788674   1492.7227805646985   1492.8920001823763
0.04364886838662332   1448.3647328630934   1448.5637358968374
0.04492845444033957   1406.6953643796946   1406.915967408245
0.04624555213019635   1367.728671810848   1367.960022233354
0.04760126112654554   1331.432449079749   1331.660778869354
0.04899671333706607   1297.769093103026   1297.9780116070694
0.05043307385181555   1266.5216870759816   1266.6934390189867
0.05191154191598653   1237.2579077902467   1237.374820220199
0.053433351931179485   1209.567698012853   1209.612253491969
0.05499977448602865   1183.0902063078418   1183.0450359102977
0.05661211741704101   1157.5137631015148   1157.3616693305241
0.05827172690053434   1132.5425018627461   1132.2667357895104
0.05997998857658587   1107.7572522617734   1107.344313118328
0.06173832870592997   1082.666968351127   1082.1085802693697
0.0635482153607709   1056.7877139442733   1056.082070956716
0.06541115965050462   1029.5636083730165   1028.7195729265795
0.06732871698337338   1000.4878652352867   999.5254613574042
0.06930248836510605   969.1919722545742   968.1441789354393
0.07133412173562886   935.4330964145128   934.3458146700808
0.07342531334496233   899.2403707270196   898.1685017377068
0.07557780916945323   860.922685025344   859.9257190306387
0.07779340636952398   820.9410485875458   820.0797268306497
0.08007395479015682   779.9259928102767   779.2589726621297
0.08242135850536496   738.5804908810652   738.1596281394282
0.08483757740794096   697.6805563128673   697.546175972676
0.08732462884580919   657.9850801320682   658.1623038519558
0.08988458930634863   620.2196349591989   620.7154286695408
0.09251959615009227   585.1150603726678   585.9098078383516
0.09523184939525078   553.3151984372363   554.3612368533387
0.09802361355455057   525.3045262760967   526.5275156737158
0.10089721952591899   501.3470343269292   502.6514334466419
0.10385506653859616   481.2652053242049   482.5393428162235
0.10689962415629803   464.652305599801   465.778206023719
0.11003343433910281   450.6891770918043   451.5656392051758
0.11325911356578279   438.4419802729157   438.9949849493156
0.11657935501835284   426.85332857814586   427.04944043055906
0.11999693083066039   414.90820269481156   414.76235841429656
0.12351469440289359   401.70634316169907   401.2865840286159
0.12713558278394044   386.6234063560534   386.05038742467
0.13086261912358757   369.40972861659753   368.8433610288864
0.13469891519660646   350.2271103409488   349.84422464456685
0.13864767400083483   329.61140996612295   329.5748725169848
0.14271219243142114   308.37039893660494   308.8080490696098
0.14689586403346616   287.51981862422645   288.49895068620566
0.1512021818353596   268.2057642584192   269.70084358539026
0.15563474126517718   251.4073039818609   253.30764963409732
0.16019724315257297   237.57669808937717   239.69657333128035
0.1648934968186736   226.54083543451648   228.67141968097422
0.1697274232565544   217.67125776553308   219.64351129486982
0.17470305840495237   210.16044895638552   211.85009029476046
0.17982455651794954   203.07512215976644   204.44951806598348
0.18509619363343993   195.40701169320823   196.55150736069461
0.19052237114327647   186.42617138320702   187.52986368301583
0.19610761946807834   176.10744983258388   177.388255180805
0.20185660183976684   165.0134364699318   166.64890843422867
0.20777411819498756   153.92465755020683   156.0060549781714
0.21386510918267082   143.6516940531337   146.1464653610576
0.22013466028907505   134.83819129675086   137.6043104997485
0.22658800608375756   127.65801561654048   130.5021388642936
0.23323053459001789   121.78727525875699   124.52477180876484
0.2400677917834628   116.59914761439092   119.14646305311388
0.24710548622244882   111.35101062519277   113.7478976980515
0.25434949381426813   105.56187677222495   107.95837032489008
0.2618058627210567   99.29263241102963   101.84055194277417
0.2694808184095226   92.93062130728383   95.72534638142335
0.27738076884870827   86.96059098930387   89.98761060253128
0.2855123098601282   81.77396765237687   84.91888140206927
0.29388223062474755   77.37787767030018   80.49952525614903
0.3024975193514008   73.45696562954487   76.4821391216525
0.31136536911138296   69.63808406206637   72.5787742231258
0.3204931838440838   65.68035040034913   68.63970945789731
0.32988858453867975   61.650164990864226   64.70093735158507
0.3395594155970457   57.80618757225833   60.95865522103011
0.34951375138319807   54.333670961306794   57.5319860891094
0.3597599029647371   51.245691853924015   54.41932611424243
0.37030642505191835   48.387363118511395   51.507171089176666
0.3811621231401457   45.591226492445976   48.687735851097415
0.3923360608618501   42.829787149943044   45.94654655504869
0.4038375675538918   40.194036910235354   43.338986038393315
0.41567624604680364   37.7663083248804   40.91275969200036
0.42786198068238046   35.536026744001155   38.65444100061723
0.4404049455663077   33.43138973068993   36.51785739594093
0.4533156130627191   31.40228421801933   34.47556027257021
0.4666047625377753   29.469386103548924   32.53691982440181
0.4802834893595659   27.664094287458713   30.715042236986285
0.49436321416184764   25.982861338775844   29.00545638786104
0.5088556923793517   24.395365273171386   27.388845209503526
0.5237730240626238   22.887126335935807   25.856735055108313
0.5391276639805903   21.466335969530412   24.411155909291743
0.5549324320192869   20.13609640943864   23.0503978355245
0.5712005238854289   18.885506626878175   21.767061250411025
0.5879455221237613   17.70483130698182   20.554787853905616
0.6051814074573895   16.594036273912828   19.411381138333102
0.622922570460556   15.551190350696485   18.333808443647833
0.6411838235736077   14.571246229348139   17.317823939411845
0.6599804134701901   13.649154707922552   16.359568970029276
0.6793280337869897   12.78263622934218   15.456099350824015
0.6992428382266549   11.969094311217333   14.604510865618616
0.7197414540448374   11.205393901007676   13.801863763337956
0.7408409959326054   10.48856960453071   13.04537247887908
0.7625590803058332   9.81582976752795   12.332402254549319
0.7849138400134885   9.184546268139721   11.660461882063471
0.8079239394770964   8.592244921963676   11.027196704328107
0.8316085902740278   8.036598207008185   10.430382327650427
0.8559875671776167   7.515446803214427   9.867926015938563
0.8810812246675007   7.026778681816601   9.33785754744213
0.9069105139239728   6.568689134285687   8.838314904967964
0.9334970003205227   6.1393748487115065   8.36753870691038
0.960862881429187   5.737129363148273   7.923867144550321
0.9890310055537336   5.360338652881418   7.505731107502484
1.0180248908061487   5.007476611405827   7.111649324381364
1.047868744742366   4.677094204208131   6.740219011160288
1.0785874845736239   4.367816674707717   6.390112055999124
1.1102067579703248   4.078348651060564   6.060077187855042
1.1427529644757777   3.8074703400167236   5.74893607870863
1.1762532775476793   3.554033402615662   5.455579284125864
1.210735667245765   3.316957034680127   5.178962387157577
1.246228923584555   3.095224258030205   4.9181022409415265
1.2827626805706884   2.887879110647913   4.672068611007393
1.3203674409449337   2.6940233835499967   4.439979777182751
1.3590746016495152   2.5128122313974823   4.221007216033615
1.3989164800420282   2.343451125344164   4.01437298149917
1.4399263408778291   2.1851930566649758   3.8193466070267696
1.4821384240834183   2.037335880688046   3.6352421944787556
1.525587973344019   1.8992197938346589   3.4614156287671354
1.5703112655292182   1.7702248037489363   3.2972565057351235
1.6163456409812174   1.6497683876242044   3.142182147877922
1.6637295346910133   1.5373036227013563   2.9956461702251707
1.7125025083885144   1.4323171628879616   2.8571372663706573
1.7627052835733923   1.3343272903668209   2.7261768400727284
1.814379775514258   1.2428820717033264   2.6023168036186815
1.8675691282445197   1.1575576132512555   2.4851375185774764
1.922317750584177   1.0779563313458291   2.3742415773044843
1.9786713532176083   1.0037053087993493   2.2692468187088672
2.0366769868582977   0.9344550290908857   2.169795184676655
2.0963830815323896   0.8698780062108614   2.0755526312587627
2.1578394870138577   0.8096674583167635   1.986207379076353
2.2210975144450407   0.7535360565166653   1.901468300536694
2.286209979177315   0.7012147448631237   1.8210634316763352
2.3532312448676476   0.6524515791906408   1.744735599504221
2.4222172688678643   0.6070105928598523   1.6722352591875287
2.4932256489445366   0.5646709676053845   1.6033283701069638
2.5663156713684585   0.5252261296789927   1.5377972062284404
2.641548360413907   0.48848286420957476   1.4754391039430463
2.7189865293089923   0.454260482125921   1.416065314841891
2.798694832679631   0.42239003670702013   1.3594999539532864
2.8807398205309562   0.39271365751856585   1.305578283621961
2.9651899938111903   0.36508405063058336   1.2541435830246124
3.05211586160442   0.3393635595176795   1.205049116047367
3.1415899999999994   0.31542347946887817   1.1581582493930145
