0.01   1171.437221476006   1171.3993717085395
0.010293154462191829   1183.8858088912987   1183.8474902309604
0.010594902878253955   1195.8804486871588   1195.8417155552443
0.010905497183778876   1207.3861740687937   1207.3470636827851
0.011225196699963396   1218.3676032461774   1218.3281370052064
0.011554268350120923   1228.7871996104834   1228.747399607024
0.011892986882540897   1238.6064503840926   1238.5663474610594
0.012241635099881474   1247.786954074415   1247.7465878433052
0.012600504095286909   1256.2896302506215   1256.2490374480046
0.012969893495426888   1264.0744111300783   1264.0336081886942
0.013350111710660605   1271.1016913815536   1271.0606725078976
0.013741476192534558   1277.3320911343244   1277.290835020197
0.014144313698828986   1282.7245202406323   1282.6830253677222
0.01455896056637426   1287.2381897212963   1287.1964857414116
0.014985762991865008   1290.8335944878756   1290.7917412753345
0.01542507732090645   1293.4714261418947   1293.429482928189
0.015877270345534218   1295.112823675454   1295.0708180336621
0.016342719610456153   1295.7209523245654   1295.6788785893455
0.016821813728271667   1295.2607561226505   1295.2185769808123
0.017314952703931925   1293.6979686829661   1293.6556205205827
0.017822548268711737   1291.0008841706529   1290.9582785990428
0.01834502422397195   1287.1409890226462   1287.0980146577704
0.018882816794999403   1282.0929443889029   1282.0494803978554
0.019436374995219892   1275.8349764444056   1275.790901992419
0.02000616100108813   1268.3493711168207   1268.3045664032252
0.020592650537967844   1259.623531437585   1259.5778684089191
0.021196333277324068   1249.6510578182738   1249.6043801254448
0.02181771324555934   1238.4304285262415   1238.382551081386
0.022457309244835088   1225.9656289772124   1225.9163486631228
0.02311565528622961   1212.2706436914195   1212.2198017922844
0.023793301035594242   1197.3665132678148   1197.3140222132445
0.024490812272480036   1181.2790983695127   1181.2249399667287
0.025208771362518027   1164.0452252878665   1163.9894508163338
0.0259477777436476   1145.7147046415969   1145.6574351438737
0.02670844842659881   1126.3414050795589   1126.2828272283184
0.027491418510046592   1105.9858836983315   1105.9262596024762
0.028297341710866907   1084.7281098448007   1084.6678398923277
0.029126890909937666   1062.653814150342   1062.593444325474
0.029980758713939952   1039.8495413935875   1039.7897470606988
0.030859658033628758   1016.4196930405978   1016.3612507751899
0.031764322679055976   992.4832887507544   992.4270495608334
0.03269550797224261   968.1550440563051   968.101918505376
0.033653991377811755   943.5524686773192   943.5034188115385
0.03464057315210884   918.8114166497826   918.7674600303859
0.03565607701135116   894.0626266041324   894.024825400889
0.036701350819364466   869.4290957119074   869.398531647752
0.03777726729548091   845.0554025129268   845.0330288046126
0.038884724743189276   821.0924733862355   821.079035262302
0.04002464780014597   797.6751767423485   797.6712305272238
0.041197988210172884   774.9114079643489   774.9173007887257
0.04240572561788674   752.873156876542   752.888968947482
0.04364886838662332   731.6200037795268   731.6455711658514
0.04492845444033957   711.2124443300811   711.2473111729673
0.04624555213019635   691.7694491649892   691.8123460286361
0.04760126112654554   673.423984833993   673.4726845453368
0.04899671333706607   656.2875284544821   656.3389626824454
0.05043307385181555   640.333643121068   640.3842212722599
0.05191154191598653   625.4169922798169   625.4628688592193
0.053433351931179485   611.3997536201366   611.4368515586515
0.05499977448602865   598.1549626661028   598.1789920940065
0.05661211741704101   585.5652130125954   585.5716916600352
0.05827172690053434   573.5166970187278   573.5009984205875
0.05997998857658587   561.8539509274631   561.8116055854763
0.06173832870592997   550.40612220372   550.3329860718425
0.0635482153607709   538.9944869013782   538.8870426809374
0.06541115965050462   527.4038965470052   527.259956446675
0.06732871698337338   515.4258271844661   515.2447402536949
0.06930248836510605   502.83288892909775   502.6165090274881
0.07133412173562886   489.4076806177144   489.16070443730683
0.07342531334496233   474.98953790451645   474.71947195783423
0.07557780916945323   459.4746569771194   459.19165726719655
0.07779340636952398   442.85414718550857   442.57090632323906
0.08007395479015682   425.2168657813582   424.94836070243645
0.08242135850536496   406.7515580580683   406.51357232921924
0.08483757740794096   387.7349203297513   387.54258065496424
0.08732462884580919   368.4938539631152   368.3603374671447
0.08988458930634863   349.37593743327636   349.3115662789972
0.09251959615009227   330.74068004468563   330.75183584986473
0.09523184939525078   312.9345746872184   313.02286864726597
0.09802361355455057   296.3030919643562   296.4638752514896
0.10089721952591899   281.1307922144466   281.35299011596766
0.10385506653859616   267.65008649946844   267.91440580860865
0.10689962415629803   255.97799468757063   256.25907081970763
0.11003343433910281   246.08239197971744   246.35145334003514
0.11325911356578279   237.77709486453622   238.00412368775156
0.11657935501835284   230.73374415439497   230.88996128985656
0.11999693083066039   224.51458617674749   224.57896939453482
0.12351469440289359   218.63879355527493   218.6011296095397
0.12713558278394044   212.6169762624114   212.47887412947435
0.13086261912358757   206.0210965192573   205.79952028299508
0.13469891519660646   198.5322633965879   198.2597851245282
0.13864767400083483   190.00800552442809   189.72728245567433
0.14271219243142114   180.51380455259056   180.271918831932
0.14689586403346616   170.30247956277992   170.14419110636987
0.1512021818353596   159.77640880950892   159.73690388490894
0.15563474126517718   149.43923144263474   149.53704309678005
0.16019724315257297   139.8316949579972   140.06118820282364
0.1648934968186736   131.4159650301788   131.7455680051971
0.1697274232565544   124.44013635516531   124.8192254327978
0.17470305840495237   118.85831170917376   119.22899538909353
0.17982455651794954   114.37349352430009   114.68307935482262
0.18509619363343993   110.55638780010885   110.77070251584499
0.19052237114327647   106.91985128452458   107.03022228854792
0.19610761946807834   102.96818757885133   102.99864709125698
0.20185660183976684   98.34147560208343   98.3503419514916
0.20777411819498756   92.99771549363476   93.0531106188139
0.21386510918267082   87.21877519139368   87.37763196548133
0.22013466028907505   81.44043568891327   81.73086455847849
0.22658800608375756   76.10364429707315   76.5163208409355
0.23323053459001789   71.55062061447406   72.04010215254344
0.2400677917834628   67.87628923462837   68.38251315706874
0.24710548622244882   64.90137220300065   65.36319657380744
0.25434949381426813   62.26442978816112   62.656840939095275
0.2618058627210567   59.56068635335975   59.90263755948632
0.2694808184095226   56.52214695297516   56.863248384765335
0.27738076884870827   53.172876140513125   53.57478562931449
0.2855123098601282   49.757059769216745   50.249424258218056
0.29388223062474755   46.573808632558084   47.15259090217922
0.3024975193514008   43.845463326863744   44.46679056188444
0.31136536911138296   41.576647996017876   42.18955588628753
0.3204931838440838   39.567726086614364   40.14612604993478
0.32988858453867975   37.577846418833516   38.13101638182726
0.3395594155970457   35.46637171358806   36.032598902257426
0.34951375138319807   33.28192528745592   33.89509377866415
0.3597599029647371   31.199414479787958   31.862630680196908
0.37030642505191835   29.349252706562677   30.035874581559984
0.3811621231401457   27.732756974992956   28.412427930706574
0.3923360608618501   26.238083110918403   26.90051260539905
0.4038375675538918   24.748922980726658   25.40969958278154
0.41567624604680364   23.250991027492525   23.93050226877077
0.42786198068238046   21.818664008691   22.52100816998506
0.4404049455663077   20.516181462042915   21.227367318802244
0.4533156130627191   19.334221630368248   20.038488330387196
0.4666047625377753   18.212344971621647   18.909715675930013
0.4802834893595659   17.11536790821815   17.817048152262068
0.49436321416184764   16.063948352655796   16.77392675842195
0.5088556923793517   15.089215239802806   15.801463156239945
0.5237730240626238   14.187583028347753   14.895028811414344
0.5391276639805903   13.332204810109948   14.035583104626745
0.5549324320192869   12.512765569023156   13.216641313641075
0.5712005238854289   11.740776074660895   12.44440538509801
0.5879455221237613   11.021304135410187   11.72095693416764
0.6051814074573895   10.344245114814141   11.039094886828442
0.622922570460556   9.702004945987044   10.393370465900134
0.6411838235736077   9.097254714029441   9.784867771781956
0.6599804134701901   8.53072394272094   9.212997763706777
0.6793280337869897   7.997438930904642   8.673942112647286
0.6992428382266549   7.495074889692193   8.165716103046588
0.7197414540448374   7.022788006700894   7.687197235816051
0.7408409959326054   6.578892461769939   7.23671246129035
0.7625590803058332   6.161781075650654   6.812670599059197
0.7849138400134885   5.769930601791667   6.413564713768473
0.8079239394770964   5.401897829107785   6.0379682343803855
0.8316085902740278   5.056315832819794   5.684531200133171
0.8559875671776167   4.731890373126066   5.3519766429912226
0.8810812246675007   4.427397945973019   5.0391014796965985
0.9069105139239728   4.141684281492717   4.744778608409733
0.9334970003205227   3.873657079901821   4.467942039434504
0.960862881429187   3.6222824396734783   4.20758223237586
0.9890310055537336   3.3865821256129243   3.96274360962432
1.0180248908061487   3.1656309354760874   3.7325221301442744
1.047868744742366   2.958554163825958   3.5160629273291857
1.0785874845736239   2.76452512235787   3.3125580247203708
1.1102067579703248   2.582762153386885   3.121244287671171
1.1427529644757777   2.412526672653551   2.9414011948288485
1.1762532775476793   2.253121681390522   2.7723485722853654
1.210735667245765   2.103889663802515   2.6134445904100767
1.246228923584555   1.9642105526323486   2.464083839610316
1.2827626805706884   1.83349978449635   2.3236954784695905
1.3203674409449337   1.7112064421474869   2.1917414540176634
1.3590746016495152   1.5968114451148092   2.0677148821590623
1.3989164800420282   1.4898257465275697   1.9511386932444754
1.4399263408778291   1.389788873016195   1.8415636959523967
1.4821384240834183   1.2962674323060714   1.7385669615178987
1.525587973344019   1.2088536388398843   1.641750408904221
1.5703112655292182   1.1271639107550862   1.5507394532058925
1.6163456409812174   1.050837535432635   1.4651817157862659
1.6637295346910133   0.9795353987559547   1.3847457889569885
1.7125025083885144   0.9129386765281159   1.3091197894079618
1.7627052835733923   0.850747677985305   1.2380101913825778
1.814379775514258   0.7926809291761897   1.1711412082036499
1.8675691282445197   0.7384741448194069   1.1082538013539387
1.922317750584177   0.6878792401876511   1.0491047054835094
1.9786713532176083   0.6406633951353108   0.9934655050020567
2.0366769868582977   0.596608167864718   0.9411217600842815
2.0963830815323896   0.5555086379396762   0.8918718671251339
2.1578394870138577   0.5171724899473594   0.8455240974973647
2.2210975144450407   0.48141937889372793   0.8018976954343315
2.286209979177315   0.4480803011187122   0.7608235788904272
2.3532312448676476   0.416996914482   0.7221435805103201
2.4222172688678643   0.3880208962268375   0.6857097281499678
2.4932256489445366   0.3610133372306451   0.6513835732535082
2.5663156713684585   0.33584417099482816   0.6190355612073368
2.641548360413907   0.3123917276915864   0.5885434015984351
2.7189865293089923   0.2905423264132609   0.5597902518105793
2.798694832679631   0.27018955297206915   0.5326668152978505
2.8807398205309562   0.2512337831514926   0.5070712168811871
2.9651899938111903   0.23358177241340822   0.4829084653965377
3.05211586160442   0.21714626852755237   0.46008995746463827
3.1415899999999994   0.2018456459921146   0.4385330190784115
