0.01   22029.948865448197   22027.516848668594
0.010293154462191829   22179.28914264672   22176.67351243869
0.010594902878253955   22315.866057267325   22313.053928993628
0.010905497183778876   22438.94954333304   22435.92524700296
0.011225196699963396   22547.813658421128   22544.55895458823
0.011554268350120923   22641.690563362183   22638.18600494408
0.011892986882540897   22719.809162368976   22716.034698071788
0.012241635099881474   22781.42133340324   22777.35638403229
0.012600504095286909   22825.76922959868   22821.391888462284
0.012969893495426888   22852.08069431367   22847.366719661917
0.013350111710660605   22859.619223434012   22854.54211112544
0.013741476192534558   22847.675358439454   22842.206351007135
0.014144313698828986   22815.518971709764   22809.626593769066
0.01455896056637426   22762.45838706947   22756.108524072428
0.014985762991865008   22687.862408936187   22681.01843691899
0.01542507732090645   22591.121328865553   22583.741612856662
0.015877270345534218   22471.66195752546   22463.697905400637
0.016342719610456153   22328.994816542174   22320.391388737793
0.016821813728271667   22162.704392351796   22153.400780340664
0.017314952703931925   21972.42657344695   21962.356969639353
0.017822548268711737   21757.89652144925   21746.991002175364
0.01834502422397195   21518.96229483959   21507.147703572773
0.018882816794999403   21255.58404632812   21242.784136000875
0.019436374995219892   20967.84242879124   20953.978529073273
0.02000616100108813   20655.947357592417   20640.93970525289
0.020592650537967844   20320.270319453855   20304.042761681154
0.021196333277324068   19961.366611259073   19943.853626165637
0.02181771324555934   19579.925809760512   19561.07379930852
0.022457309244835088   19176.792143137314   19156.56154705723
0.02311565528622961   18753.09808154329   18731.473149743397
0.023793301035594242   18310.1417470227   18287.13330191479
0.024490812272480036   17849.31830864978   17824.962668334818
0.025208771362518027   17372.311481872344   17346.679309190524
0.0259477777436476   16881.098268012487   16854.303765311586
0.02670844842659881   16377.679031928263   16349.875592633087
0.027491418510046592   15864.185076486496   15835.563300277832
0.028297341710866907   15343.24239089407   15314.037320385985
0.029126890909937666   14817.48430907346   14787.970457015068
0.029980758713939952   14289.422308253756   14259.905431777515
0.030859658033628758   13761.895907074817   13732.71054315148
0.031764322679055976   13237.890531916986   13209.395795909368
0.03269550797224261   12720.089354381604   12692.660099065186
0.033653991377811755   12211.252028081211   12185.261780332352
0.03464057315210884   11714.748956613685   11690.541849241647
0.03565607701135116   11233.588559944716   11211.475657177843
0.036701350819364466   10770.262574624652   10750.522143872971
0.03777726729548091   10326.694365232712   10309.562485734124
0.038884724743189276   9904.351934462917   9890.021220510593
0.04002464780014597   9504.372567992426   9492.9976452727
0.041197988210172884   9128.51854974045   9120.139206021167
0.04240572561788674   8779.710062970169   8774.13151741195
0.04364886838662332   8460.467626514745   8457.287033064213
0.04492845444033957   8172.141233660023   8170.790051580332
0.04624555213019635   7912.970915625414   7912.770911833353
0.04760126112654554   7680.6794695855515   7680.861097860724
0.04899671333706607   7473.1958277852755   7472.8971682086385
0.05043307385181555   7288.421547726524   7286.665936541976
0.05191154191598653   7124.430478294274   7120.122522687798
0.053433351931179485   6978.931753544198   6970.889630679367
0.05499977448602865   6848.614206369733   6835.636387616284
0.05661211741704101   6730.193905118233   6711.0766466219
0.05827172690053434   6619.450954429418   6593.130197491249
0.05997998857658587   6511.641762327033   6477.292181355065
0.06173832870592997   6401.685441358233   6358.8416508835535
0.0635482153607709   6283.6715601490905   6232.4480731473495
0.06541115965050462   6151.99039445668   6093.157093859363
0.06732871698337338   6001.457576236143   5936.627494628202
0.06930248836510605   5827.863729922678   5759.470250590969
0.07133412173562886   5629.1705726486925   5560.362473667962
0.07342531334496233   5404.893539223575   5339.410674636619
0.07557780916945323   5156.733354003202   5098.886607005478
0.07779340636952398   4887.968833961918   4842.31605355753
0.08007395479015682   4604.005476218569   4574.787351070255
0.08242135850536496   4311.192918082687   4302.108781787371
0.08483757740794096   4016.6774531748833   4030.75784852487
0.08732462884580919   3728.663582176404   3767.7448193539076
0.08988458930634863   3455.1417237463793   3519.695249223343
0.09251959615009227   3203.9552578582484   3292.6413146065643
0.09523184939525078   2981.856505717835   3091.5782239037226
0.09802361355455057   2793.2843623796234   2919.4455920887385
0.10089721952591899   2640.5577867124366   2777.3910002315074
0.10385506653859616   2522.6496657043103   2663.45481897995
0.10689962415629803   2436.455302816467   2574.235305587895
0.11003343433910281   2376.3265413914837   2504.7847509821445
0.11325911356578279   2334.7888599811276   2448.725267446629
0.11657935501835284   2302.952609279176   2398.867598481367
0.11999693083066039   2270.801971046708   2348.007453466698
0.12351469440289359   2228.619851079015   2289.557520518809
0.12713558278394044   2168.1835456852286   2218.3300035607217
0.13086261912358757   2084.271364377658   2131.619749592475
0.13469891519660646   1975.635132340511   2029.9756615423605
0.13864767400083483   1845.5598801997917   1916.4777855956315
0.14271219243142114   1701.9523406000626   1796.866569879268
0.14689586403346616   1556.3283131564058   1679.1292075925228
0.1512021818353596   1421.1376255316668   1570.5816613463685
0.15563474126517718   1306.1562392583367   1476.2675168550397
0.16019724315257297   1216.5172940933298   1398.7102053065573
0.1648934968186736   1152.9767839714152   1337.0376431775157
0.1697274232565544   1112.6422915167047   1288.388164605777
0.17470305840495237   1088.7912987426878   1248.5070046665655
0.17982455651794954   1071.0149686628804   1211.2545780293112
0.18509619363343993   1047.8234664957597   1171.525346812915
0.19052237114327647   1010.7975929512925   1125.983494443465
0.19610761946807834   956.7929176819416   1073.4456062269542
0.20185660183976684   888.4701687003575   1016.728705421088
0.20777411819498756   813.7234224187403   959.5203993073279
0.21386510918267082   743.0302197553411   906.0600892684947
0.22013466028907505   685.0024176228944   859.358911572673
0.22658800608375756   643.6024516131589   819.8564458608772
0.23323053459001789   617.38495171939   786.9485296873694
0.2400677917834628   599.7718261021064   757.2811171080264
0.24710548622244882   581.947730642681   728.009339454947
0.25434949381426813   557.1059009821668   696.9259127160757
0.2618058627210567   522.9562140947215   665.3111451487719
0.2694808184095226   482.7947797607968   633.0429205455862
0.27738076884870827   443.7693050771062   602.4189879999968
0.2855123098601282   411.98643717880935   575.0141768994162
0.29388223062474755   389.36323145236963   550.199651313759
0.3024975193514008   373.22973705608814   527.7139809781396
0.31136536911138296   358.0257532528924   506.1140157675602
0.3204931838440838   339.28326582933204   484.5576342622148
0.32988858453867975   316.5717475411734   463.43151058615695
0.3395594155970457   293.07713093966294   442.96815093652816
0.34951375138319807   272.82718759956435   424.0458752338916
0.3597599029647371   257.3188449781031   406.55184686814687
0.37030642505191835   244.67078360120715   389.9959504721465
0.3811621231401457   231.77823379447108   374.10752207913157
0.3923360608618501   217.20995997806898   358.75560168605966
0.4038375675538918   202.19179856874845   343.92630550856853
0.41567624604680364   188.8611078201491   330.02307958937985
0.42786198068238046   177.87576995450158   317.03276500328553
0.4404049455663077   167.97179427388025   304.6716913594809
0.4533156130627191   157.79097470541117   292.81824558746155
0.4666047625377753   147.39349128356102   281.39193742789735
0.4802834893595659   137.80677587599237   270.5438533877221
0.49436321416184764   129.44034864827097   260.3699991112656
0.5088556923793517   121.6840126447536   250.68480952379025
0.5237730240626238   113.98879891944459   241.35695677660203
0.5391276639805903   106.57453517301573   232.45916369790135
0.5549324320192869   99.83223562269211   224.03290349237938
0.5712005238854289   93.63827942706541   216.03585586015947
0.5879455221237613   87.68658476477232   208.40003156467372
0.6051814074573895   82.0132660298718   201.0405836590463
0.622922570460556   76.7670074061596   194.10340220034033
0.6411838235736077   71.85291785424108   187.48444918795983
0.6599804134701901   67.23757160461805   181.1496905658481
0.6793280337869897   62.904440723232945   175.08660203697707
0.6992428382266549   58.8377596631041   169.28322931869428
0.7197414540448374   55.02250383694859   163.72816329518537
0.7408409959326054   51.44436746932386   158.41051617447621
0.7625590803058332   48.08974089635247   153.3198986184892
0.7849138400134885   44.945684742284676   148.44635520154407
0.8079239394770964   41.99980130843127   143.77862937596893
0.8316085902740278   39.24021080540787   139.30381367765216
0.8559875671776167   36.65568771881339   135.00974273205563
0.8810812246675007   34.23563906702245   130.88510327555318
0.9069105139239728   31.97007213102266   126.91936985758305
0.9334970003205227   29.849563576566453   123.1027462005511
0.960862881429187   27.86522992772898   119.42611168111465
0.9890310055537336   26.008698736339344   115.8809664657347
1.0180248908061487   24.272071971790005   112.45928775266611
1.047868744742366   22.647905007822818   109.15351746021545
1.0785874845736239   21.12919212739102   105.95662090226966
1.1102067579703248   19.709342682477214   102.86205397652843
1.1427529644757777   18.38215810850116   99.8637301201776
1.1762532775476793   17.14181009349801   96.95599003336605
1.210735667245765   15.982819852603637   94.13357390753913
1.246228923584555   14.90003860879753   91.39157281092487
1.2827626805706884   13.888630084100765   88.72521480679254
1.3203674409449337   12.944051810196422   86.12996733526707
1.3590746016495152   12.062037545554897   83.60164536715622
1.3989164800420282   11.238581467024241   81.13639190316509
1.4399263408778291   10.469923199081139   78.73065869526324
1.4821384240834183   9.752533633515538   76.38118841878254
1.525587973344019   9.083101503045077   74.08499813581832
1.5703112655292182   8.458520399931452   71.83940796852644
1.6163456409812174   7.875875670084584   69.64221730034578
1.6637295346910133   7.332434391728654   67.4915030725076
1.7125025083885144   6.825635141337606   65.38551761475127
1.7627052835733923   6.353077745523924   63.322678689764835
1.814379775514258   5.912513605767113   61.301560070764204
1.8675691282445197   5.501836567403411   59.32088250657591
1.922317750584177   5.119074304914467   57.37950504028268
1.9786713532176083   4.762379835605204   55.47650952312861
2.0366769868582977   4.4300231809680755   53.61139160422019
2.0963830815323896   4.120385362847803   51.78376964051613
2.1578394870138577   3.8319518171223588   49.99330874003812
2.2210975144450407   3.5633059129466638   48.23971627556132
2.286209979177315   3.313122855101103   46.52273749770464
2.3532312448676476   3.080163948215334   44.842151247683084
2.4222172688678643   2.8632712077275477   43.1977673407319
2.4932256489445366   2.661363033471767   41.589664271434025
2.5663156713684585   2.473429941085578   40.01839545216213
2.641548360413907   2.298528414463023   38.484480872495965
2.7189865293089923   2.1357765816034573   36.988341506225765
2.798694832679631   1.984350359194716   35.53030295863415
2.8807398205309562   1.843479824317439   34.110599251687
2.9651899938111903   1.7124458010068417   32.72937672423413
3.05211586160442   1.5905765776178538   31.386693116849568
3.1415899999999994   1.4772422168275299   30.082333842193407
