0.01   7365.7939064291695   7365.169240556647
0.010293154462191829   7460.499166747666   7459.826269495608
0.010594902878253955   7552.995845877478   7552.270367083007
0.010905497183778876   7643.069512194466   7642.287701906642
0.011225196699963396   7730.4943837345745   7729.652242668054
0.011554268350120923   7815.032609484077   7814.124900828323
0.011892986882540897   7896.443446127975   7895.463607810578
0.012241635099881474   7974.481654268301   7973.4220411246115
0.012600504095286909   8048.890439754508   8047.743338675973
0.012969893495426888   8119.410037791718   8118.16793745614
0.013350111710660605   8185.780275610082   8184.435842297112
0.013741476192534558   8247.729592840424   8246.2747057324
0.014144313698828986   8304.978243183747   8303.403197153972
0.01455896056637426   8357.249254379842   8355.542735671897
0.014985762991865008   8404.26487560185   8402.414308199137
0.01542507732090645   8445.739477589565   8443.73193534863
0.015877270345534218   8481.392141745435   8479.214548782487
0.016342719610456153   8510.949009386544   8508.588087482542
0.016821813728271667   8534.132059126723   8531.573190731619
0.017314952703931925   8550.666649968818   8547.89324392905
0.017822548268711737   8560.29146422088   8557.285029129464
0.01834502422397195   8562.755075741496   8559.495318324025
0.018882816794999403   8557.813164066678   8554.278106387213
0.019436374995219892   8545.239649823008   8541.405780887588
0.02000616100108813   8524.829343611542   8520.671767231226
0.020592650537967844   8496.397038337236   8491.889478503368
0.021196333277324068   8459.781525304674   8454.896473607385
0.02181771324555934   8414.849117959915   8409.558093544449
0.022457309244835088   8361.502533290015   8355.776582112792
0.02311565528622961   8299.68480186296   8293.495083386488
0.023793301035594242   8229.371437589169   8222.689543659206
0.024490812272480036   8150.578659037358   8143.377309246706
0.025208771362518027   8063.392123880969   8055.647252514752
0.0259477777436476   7967.940572368854   7959.632048572233
0.02670844842659881   7864.387541305234   7855.499404260114
0.027491418510046592   7752.98201706037   7743.504411236275
0.028297341710866907   7634.0529138314   7623.98379209494
0.029126890909937666   7507.955104527172   7497.300065120871
0.029980758713939952   7375.101302872456   7363.874208587168
0.030859658033628758   7236.03669384484   7224.262173504133
0.031764322679055976   7091.335181988451   7079.048415106321
0.03269550797224261   6941.582249158894   6928.828154743151
0.033653991377811755   6787.504322949892   6774.338156449207
0.03464057315210884   6629.9085488211995   6616.395753730478
0.03565607701135116   6469.570987900324   6455.785792442525
0.036701350819364466   6307.305769615462   6293.329641208189
0.03777726729548091   6144.048170479667   6129.96812522722
0.038884724743189276   5980.688757320025   5966.595972077775
0.04002464780014597   5818.074680258019   5804.062314756261
0.041197988210172884   5657.216909597274   5643.371112833526
0.04240572561788674   5499.145679754775   5485.541582598987
0.04364886838662332   5344.780284910583   5331.482504638628
0.04492845444033957   5194.848128745689   5181.908136749683
0.04624555213019635   5049.84862423124   5037.300533714203
0.04760126112654554   4910.202290483792   4898.064090857628
0.04899671333706607   4776.350269693723   4764.619430885288
0.05043307385181555   4649.131377864835   4637.751970060872
0.05191154191598653   4529.44720643646   4518.302955901524
0.053433351931179485   4418.039417256433   4406.960927234263
0.05499977448602865   4314.631635161763   4303.422175068074
0.05661211741704101   4218.206868251511   4206.661528093584
0.05827172690053434   4127.812161952826   4115.718656740961
0.05997998857658587   4042.5729545631043   4029.7112189942864
0.06173832870592997   3961.6834159088244   3947.8255677847555
0.0635482153607709   3884.348834930928   3869.2643355950045
0.06541115965050462   3809.4644722982116   3792.9531957735758
0.06732871698337338   3735.8384696097296   3717.7449497095877
0.06930248836510605   3662.1902547731916   3642.4316156012796
0.07133412173562886   3586.980247846182   3565.602510358539
0.07342531334496233   3508.713880064364   3485.9026344836316
0.07557780916945323   3425.7595632193866   3401.896544890854
0.07779340636952398   3336.582590713811   3312.2571683279266
0.08007395479015682   3240.0810472785006   3216.117200702007
0.08242135850536496   3135.560986397954   3113.0157019160265
0.08483757740794096   3023.041507690765   3003.1279214213046
0.08732462884580919   2903.2037569909303   2887.211180579375
0.08988458930634863   2777.4630033199037   2766.6762249390354
0.09251959615009227   2647.7978017668015   2643.4244434089337
0.09523184939525078   2516.5457190237603   2519.608314104824
0.09802361355455057   2386.157054818615   2397.427300067202
0.10089721952591899   2259.1801944360764   2279.102367889532
0.10385506653859616   2138.0847112980587   2166.6976179480016
0.10689962415629803   2025.3330396745775   2062.13536246655
0.11003343433910281   1922.9364753579232   1966.9493786785285
0.11325911356578279   1832.516621038161   1882.3011359590234
0.11657935501835284   1754.8120957215704   1808.566961073989
0.11999693083066039   1689.4991469189622   1745.1316102740225
0.12351469440289359   1635.1336091420949   1690.5664190251748
0.12713558278394044   1589.3111871995095   1642.752729489286
0.13086261912358757   1548.8725733620188   1599.0354175319771
0.13469891519660646   1510.387757402264   1556.6643858333014
0.13864767400083483   1470.3849301660134   1513.0646039855947
0.14271219243142114   1425.857121644806   1466.1043469270646
0.14689586403346616   1374.613212214198   1414.3975301038226
0.1512021818353596   1315.7609530006846   1357.7170294768
0.15563474126517718   1249.8990105109815   1296.7106302585341
0.16019724315257297   1178.945064208549   1232.9779143148917
0.1648934968186736   1105.8680328482267   1168.887436921381
0.1697274232565544   1034.3670311420715   1106.8719750417376
0.17470305840495237   968.3673925189623   1049.5352873816876
0.17982455651794954   911.1017165487503   998.6726583477569
0.18509619363343993   864.1372719027488   954.9436605557695
0.19052237114327647   826.9175078302964   917.7948329549506
0.19610761946807834   797.2026374205611   885.3684042607949
0.20185660183976684   771.8925426015392   855.5968480543503
0.20777411819498756   747.4357284410319   826.4756378883759
0.21386510918267082   720.2375879144923   796.2209778477685
0.22013466028907505   687.8744576417133   763.6776329791257
0.22658800608375756   650.3416067288358   729.0146925977539
0.23323053459001789   609.8486166499762   693.7798127082549
0.2400677917834628   569.5647064259006   659.6332052303361
0.24710548622244882   532.6982042909132   627.995788303088
0.25434949381426813   501.58088409153146   599.8730489603645
0.2618058627210567   476.7237669949873   574.7735670030304
0.2694808184095226   456.65653234861173   552.2715655787486
0.27738076884870827   438.68241372379435   530.9586307865325
0.2855123098601282   419.87000382759186   509.7421105515019
0.29388223062474755   398.4611859028822   488.19298472692145
0.3024975193514008   374.85738185321617   466.55259780306307
0.31136536911138296   350.90529371020165   445.4985666023372
0.3204931838440838   328.7882893265547   425.7071357895499
0.32988858453867975   310.0310918541297   407.6024762599566
0.3395594155970457   294.4737176709558   390.8106179147824
0.34951375138319807   280.5826981822515   375.0250853762786
0.3597599029647371   266.63210508275523   359.6494867728266
0.37030642505191835   251.70663345040415   344.5851602613161
0.3811621231401457   236.31053366798557   329.9897071796442
0.3923360608618501   221.7441010788708   316.09879990630975
0.4038375675538918   208.88277276221407   303.03561804273664
0.41567624604680364   197.64687287612338   290.7978992877233
0.42786198068238046   187.1656892548253   279.096198809841
0.4404049455663077   176.63924793548273   267.81935452169705
0.4533156130627191   166.05182248242042   256.9978067093027
0.4666047625377753   155.97594308564857   246.673599267003
0.4802834893595659   146.84696690259085   236.88458313593517
0.49436321416184764   138.5380556122579   227.6106684733687
0.5088556923793517   130.60618259725388   218.73766009277696
0.5237730240626238   122.82880531926746   210.2248447501782
0.5391276639805903   115.39362735763301   202.1046625581365
0.5549324320192869   108.51140049147729   194.38267741915556
0.5712005238854289   102.13135513256636   187.03639317387973
0.5879455221237613   96.05638774112708   180.0172905890993
0.6051814074573895   90.23313606279864   173.2989056647584
0.622922570460556   84.7524729101045   166.89390163986093
0.6411838235736077   79.63983845893235   160.7919032382857
0.6599804134701901   74.81749807194115   154.96219934043586
0.6793280337869897   70.23816862473666   149.38705632699916
0.6992428382266549   65.92643973106192   144.06264131303888
0.7197414540448374   61.88287726189628   138.97633121372013
0.7408409959326054   58.07650719224966   134.11420473654564
0.7625590803058332   54.4880935307545   129.4625801954609
0.7849138400134885   51.107152997039414   125.01020332672489
0.8079239394770964   47.923501665542254   120.74650505350552
0.8316085902740278   44.927267370385394   116.66155524302586
0.8559875671776167   42.1089000519155   112.74602004698419
0.8810812246675007   39.45917938550472   108.99112236225763
0.9069105139239728   36.96921894727075   105.38860339867949
0.9334970003205227   34.63027840114199   101.9303368633216
0.960862881429187   32.43360599712697   98.60793764894069
0.9890310055537336   30.370880430391143   95.41348715059691
1.0180248908061487   28.434249174778795   92.33960416561425
1.047868744742366   26.616302952829308   89.37940636863101
1.0785874845736239   24.910051558764355   86.52647496204732
1.1102067579703248   23.308900963985238   83.77482221363759
1.1427529644757777   21.806633297085092   81.11885350372413
1.1762532775476793   20.397429053994497   78.55312195742059
1.210735667245765   19.075838588993623   76.072310710645
1.246228923584555   17.836708359581426   73.67147378254383
1.2827626805706884   16.675164091824985   71.34602445277761
1.3203674409449337   15.586597527409866   69.0917111679708
1.3590746016495152   14.566653653532905   66.90459539475091
1.3989164800420282   13.611218409705618   64.781031228957
1.4399263408778291   12.716405669621738   62.71764351853632
1.4821384240834183   11.87853608926382   60.711283859961426
1.525587973344019   11.094134301060368   58.75903150948543
1.5703112655292182   10.359925614556532   56.85819707087816
1.6163456409812174   9.672825358236093   55.006308426226056
1.6637295346910133   9.02992864231332   53.20109740280704
1.7125025083885144   8.42850061530818   51.440487304016585
1.7627052835733923   7.86596719475676   49.722581211462206
1.814379775514258   7.339906346635007   48.04570594929869
1.8675691282445197   6.848039986006747   46.40858058480359
1.922317750584177   6.388225622175356   44.81009855616747
1.9786713532176083   5.95844868655726   43.24924523576785
2.0366769868582977   5.5568153794538855   41.725091722511614
2.0963830815323896   5.181545880499255   40.236788879908644
2.1578394870138577   4.830967906966726   38.783561596057005
2.2210975144450407   4.503510600748506   37.364703871050835
2.286209979177315   4.197698060887577   35.97968587870528
2.3532312448676476   3.912143341956638   34.62825536158947
2.4222172688678643   3.645544811423981   33.310190853555824
2.4932256489445366   3.396681352668741   32.02526558627308
2.5663156713684585   3.164407620257391   30.773246287809176
2.641548360413907   2.947649557381693   29.553892065793853
2.7189865293089923   2.7454001622376274   28.36695337641588
2.798694832679631   2.556715539251596   27.212179580986305
2.8807398205309562   2.380712321355334   26.089534844326618
2.9651899938111903   2.2165638032777735   24.99917326536008
3.05211586160442   2.063495052250101   23.94117190323568
3.1415899999999994   1.9207797734890515   22.91552208964612
