0.01   13424.741203521524   13417.725061364226
0.010293154462191829   13606.08732947836   13598.407325026277
0.010594902878253955   13783.93308017633   13775.527679610484
0.010905497183778876   13957.902209092621   13948.70243093249
0.011225196699963396   14127.610218602102   14117.539695739215
0.011554268350120923   14292.649462160569   14281.626259673094
0.011892986882540897   14452.597507303391   14440.535183398484
0.012241635099881474   14607.027184660596   14593.834885677647
0.012600504095286909   14755.499731077143   14741.080405180348
0.012969893495426888   14897.559806020348   14881.806986409856
0.013350111710660605   15032.749348793526   15015.546866807514
0.013741476192534558   15160.606856498387   15141.829039205555
0.014144313698828986   15280.64958454396   15260.1620529217
0.01455896056637426   15392.388926983036   15370.049118689778
0.014985762991865008   15495.340735715392   15470.998215156907
0.01542507732090645   15589.015577262024   15562.510187142607
0.015877270345534218   15672.91764538818   15644.077126702101
0.016342719610456153   15746.5612804609   15715.201655986055
0.016821813728271667   15809.469918888935   15775.395851505613
0.017314952703931925   15861.163472794946   15824.167652458109
0.017822548268711737   15901.17534300118   15861.039070798002
0.01834502422397195   15929.060279194315   15885.554487006557
0.018882816794999403   15944.390497324479   15897.274862167458
0.019436374995219892   15946.759318916424   15895.781741415947
0.02000616100108813   15935.790613568848   15880.688804555815
0.020592650537967844   15911.144658305595   15851.648096201883
0.021196333277324068   15872.526242188758   15808.35851964845
0.02181771324555934   15819.681250010159   15750.562340423205
0.022457309244835088   15752.400467016034   15678.049222915532
0.02311565528622961   15670.55029251267   15590.688461681637
0.023793301035594242   15574.063977868022   15488.419751066787
0.024490812272480036   15462.92311205864   15371.233753524342
0.025208771362518027   15337.194968538586   15239.21300594933
0.0259477777436476   15197.073502605814   15092.576694702611
0.02670844842659881   15042.809087745636   14931.603341404774
0.027491418510046592   14874.713624268312   14756.635942346293
0.028297341710866907   14693.269810867117   14568.199195432519
0.029126890909937666   14499.056931453353   14366.919294529474
0.029980758713939952   14292.68705750384   14153.455097054526
0.030859658033628758   14074.925920716954   13928.624801785716
0.031764322679055976   13846.748267063858   13693.463387431051
0.03269550797224261   13609.143330318551   13449.017819356792
0.033653991377811755   13363.130790703579   13196.364098065598
0.03464057315210884   13109.924955955245   12936.781124096176
0.03565607701135116   12850.773521656982   12671.579122476041
0.036701350819364466   12586.886703836291   12402.023338073614
0.03777726729548091   12319.741591227574   12129.624596137042
0.038884724743189276   12051.08559254234   11856.141333475445
0.04002464780014597   11782.564042865239   11583.223117106301
0.041197988210172884   11515.580289769325   11312.282129973311
0.04240572561788674   11250.979118713245   11044.204682495854
0.04364886838662332   10989.431084880554   10779.704617282094
0.04492845444033957   10731.61266236875   10519.485902164617
0.04624555213019635   10479.179321649606   10265.086483134208
0.04760126112654554   10234.474033663999   10018.62380374742
0.04899671333706607   9999.637919106632   9782.024064255735
0.05043307385181555   9775.975997158119   9556.424850261772
0.05191154191598653   9562.991410230621   9341.264694103653
0.053433351931179485   9359.940267771817   9135.75586141997
0.05499977448602865   9166.064427071953   8939.104261591521
0.05661211741704101   8980.236355353472   8750.17489532418
0.05827172690053434   8801.239615603945   8567.756840604865
0.05997998857658587   8627.880806483825   8390.674818668187
0.06173832870592997   8458.624539335335   8217.481195805312
0.0635482153607709   8291.870534002435   8046.6904091660335
0.06541115965050462   8126.02642188839   7876.861960828237
0.06732871698337338   7959.2478362902275   7706.43139956013
0.06930248836510605   7789.7511999371445   7533.915143885332
0.07133412173562886   7615.491126078185   7357.72755244623
0.07342531334496233   7434.202381896848   7176.207144355942
0.07557780916945323   7243.8655697886115   6987.9416789871875
0.07779340636952398   7042.730081745655   6791.874476245805
0.08007395479015682   6829.528609209397   6587.352916907361
0.08242135850536496   6604.231193982197   6374.849535042755
0.08483757740794096   6367.554819085824   6155.393817783045
0.08732462884580919   6121.826559181274   5931.077351248123
0.08988458930634863   5870.123234048184   5704.465504124596
0.09251959615009227   5616.342512132238   5478.794960591479
0.09523184939525078   5364.516579077736   5257.303827324827
0.09802361355455057   5118.715119838605   5042.774307800367
0.10089721952591899   4882.689490428733   4837.63510370998
0.10385506653859616   4659.931726587218   4644.110575358518
0.10689962415629803   4453.466570602326   4463.850217453862
0.11003343433910281   4265.842145519809   4297.943362395935
0.11325911356578279   4098.303187303358   4146.648566975272
0.11657935501835284   3950.85561214567   4009.4098904497846
0.11999693083066039   3821.3936985326363   3884.304024369455
0.12351469440289359   3706.1975883648615   3768.4205490172426
0.12713558278394044   3600.0335038607204   3658.3934651225604
0.13086261912358757   3497.22282122846   3550.82797453014
0.13469891519660646   3392.248831015198   3442.5649206170556
0.13864767400083483   3280.5941340348736   3331.578230907478
0.14271219243142114   3159.1519693691025   3217.0696255780513
0.14689586403346616   3026.950882368992   3099.0246746553644
0.1512021818353596   2885.2377753626347   2978.4628997631175
0.15563474126517718   2737.3241364949786   2857.4086207647583
0.16019724315257297   2587.9900199802396   2738.408504901305
0.1648934968186736   2442.592736494219   2624.1286839724303
0.1697274232565544   2306.5158365311136   2516.5888519624573
0.17470305840495237   2184.504330582892   2417.008117534915
0.17982455651794954   2079.436958251536   2326.4636971075815
0.18509619363343993   1990.8224018450414   2243.4471734990993
0.19052237114327647   1914.8003406901494   2166.1439288085317
0.19610761946807834   1845.7661208659592   2092.4727167186415
0.20185660183976684   1778.225614064084   2020.5044286667796
0.20777411819498756   1707.5615643408473   1949.0677203633645
0.21386510918267082   1630.4991675753934   1877.2366888542654
0.22013466028907505   1546.6139708331623   1805.486422228796
0.22658800608375756   1459.2508089693972   1735.433331661462
0.23323053459001789   1373.724507000077   1668.1542888750523
0.2400677917834628   1294.6462888103592   1604.3815025638362
0.24710548622244882   1224.894836989459   1544.7266370204534
0.25434949381426813   1165.1182544445924   1488.7676524123476
0.2618058627210567   1113.1563859241357   1435.5939004371544
0.2694808184095226   1064.8009891501447   1384.553545454317
0.27738076884870827   1016.149292362644   1335.206778143741
0.2855123098601282   964.7855684379275   1286.9705376533084
0.29388223062474755   911.1154833613282   1240.2439274936742
0.3024975193514008   858.1014878118292   1195.2643108845707
0.31136536911138296   808.7622163523874   1152.3141079190368
0.3204931838440838   764.727884644483   1111.588208283223
0.32988858453867975   725.8290684706142   1072.83661166873
0.3395594155970457   689.9065048920012   1035.7405621237137
0.34951375138319807   654.5601246912355   1000.0490713929291
0.3597599029647371   618.8083396638234   965.4688207285974
0.37030642505191835   583.2613111264042   932.4262169542347
0.3811621231401457   549.5788493868722   900.7808227487027
0.3923360608618501   518.861007136899   870.4639216795881
0.4038375675538918   490.7874461848442   841.5878481842173
0.41567624604680364   464.28582847532937   813.8945736078468
0.42786198068238046   438.41815468024924   787.2913595812794
0.4404049455663077   413.16572896087007   761.667413292081
0.4533156130627191   389.20215869316553   737.1359190051106
0.4666047625377753   366.9607572292538   713.6737213255589
0.4802834893595659   346.22712243081025   691.1972075566376
0.49436321416184764   326.48224789764714   669.6123016873495
0.5088556923793517   307.51121985670267   648.8564662283253
0.5237730240626238   289.47108452615294   628.8984751360108
0.5391276639805903   272.56323321062945   609.7718912420918
0.5549324320192869   256.6756319678297   591.4005347029256
0.5712005238854289   241.60196911752   573.7204187886496
0.5879455221237613   227.27506094803934   556.6891791287098
0.6051814074573895   213.7569091556423   540.3061347264495
0.622922570460556   201.0384021130614   524.5370747442295
0.6411838235736077   189.02399704372877   509.3247613109478
0.6599804134701901   177.65858053828993   494.6484067774244
0.6793280337869897   166.93832684513748   480.48416423995207
0.6992428382266549   156.8399142693338   466.80361828768923
0.7197414540448374   147.3149902580953   453.56255448464606
0.7408409959326054   138.33185994391735   440.7523869065354
0.7625590803058332   129.8674877972367   428.34535575688494
0.7849138400134885   121.89488110459173   416.31469942449536
0.8079239394770964   114.38722799129266   404.637335522125
0.8316085902740278   107.31906382224959   393.29181992269304
0.8559875671776167   100.66621073760975   382.2582437528711
0.8810812246675007   94.40571945829244   371.5181388880454
0.9069105139239728   88.51581330311788   361.0543911147253
0.9334970003205227   82.975840202653   350.85113280246367
0.960862881429187   77.76632792885724   340.8931442523876
0.9890310055537336   72.8688928771879   331.1658936049396
1.0180248908061487   68.26607366459736   321.6560197314504
1.047868744742366   63.941288525717425   312.35128878212913
1.0785874845736239   59.87879848438366   303.24053353655125
1.1102067579703248   56.06367149324128   294.31359686832764
1.1427529644757777   52.48174756330232   285.56127881572104
1.1762532775476793   49.119597072050624   276.9755045240651
1.210735667245765   45.96445847379316   268.55016506700474
1.246228923584555   43.00424330398292   260.2801685525492
1.2827626805706884   40.22751897419906   252.16099300849274
1.3203674409449337   37.6234769018498   244.188653962229
1.3590746016495152   35.181901909330584   236.35967321366195
1.3989164800420282   32.893142871447935   228.6710483858257
1.4399263408778291   30.748084573385526   221.12023507966265
1.4821384240834183   28.738120325664973   213.70612094499057
1.525587973344019   26.855125988568393   206.4295781251963
1.5703112655292182   25.091436108979927   199.29163594200244
1.6163456409812174   23.439820353724677   192.29327529894425
1.6637295346910133   21.893460905777054   185.43542009895998
1.7125025083885144   20.445930879275636   178.718929024518
1.7627052835733923   19.091173718889117   172.14458770369606
1.814379775514258   17.823483276621594   165.7132432733787
1.8675691282445197   16.637482456963976   159.42722529797712
1.922317750584177   15.52810732245315   153.2894926004786
1.9786713532176083   14.490592193410226   147.30251568982442
2.0366769868582977   13.520453301566157   141.46827859930445
2.0963830815323896   12.613473218383993   135.78830006742612
2.1578394870138577   11.765686061164514   130.26365532061683
2.2210975144450407   10.97336344404335   124.89499832568087
2.286209979177315   10.23300024327326   119.68273190722891
2.3532312448676476   9.54130017874175   114.6273481377056
2.4222172688678643   8.895166879897609   109.72898073544167
2.4932256489445366   8.291693089054414   104.98731716551991
2.5663156713684585   7.728149708258993   100.40163112910149
2.641548360413907   7.201975436456443   95.97081460071882
2.7189865293089923   6.710766968332033   91.69340925900717
2.798694832679631   6.252269823763063   87.56763870316024
2.8807398205309562   5.8243724201514135   83.59148448890421
2.9651899938111903   5.425097345726689   79.76271330576036
3.05211586160442   5.052589645569326   76.07884347036041
3.1415899999999994   4.70510947982241   72.53716971411886
