0.01   82.91606329631453   82.91606012313494
0.010293154462191829   83.79694790459286   83.79694516440912
0.010594902878253955   84.64262705592442   84.64262531935319
0.010905497183778876   85.45026693330969   85.45026623196505
0.011225196699963396   86.21701563187048   86.21701546191228
0.011554268350120923   86.93987975199057   86.9398795903857
0.011892986882540897   87.61573704730412   87.61573686584963
0.012241635099881474   88.24147458753751   88.241474889601
0.012600504095286909   88.81397775568469   88.81397933914113
0.012969893495426888   89.33007228302525   89.33007539876454
0.013350111710660605   89.78661886197621   89.78662302119682
0.013741476192534558   90.18053697576664   90.18054099663453
0.014144313698828986   90.50862027250915   90.50862318815005
0.01455896056637426   90.76760145353515   90.76760322834659
0.014985762991865008   90.9543342590095   90.95433581845568
0.01542507732090645   91.06575031907317   91.06575306595975
0.015877270345534218   91.0987664947221   91.09877101007265
0.016342719610456153   91.05046304481849   91.05046887020434
0.016821813728271667   90.9181291852585   90.91813490585788
0.017314952703931925   90.69918979400184   90.69919393960373
0.017822548268711737   90.39127278339447   90.39127438956123
0.01834502422397195   89.99230173377764   89.9923003489585
0.018882816794999403   89.50050704474893   89.50050249393016
0.019436374995219892   88.91443379648729   88.91442569189348
0.02000616100108813   88.23299332699263   88.23298101536449
0.020592650537967844   87.45550928543088   87.45549186933675
0.021196333277324068   86.58188633449868   86.58186275763232
0.02181771324555934   85.61253323243376   85.61250232948771
0.022457309244835088   84.54829112319565   84.54825163826746
0.02311565528622961   83.390742201358   83.3906929923992
0.023793301035594242   82.14240048780093   82.14234084608499
0.024490812272480036   80.80621692041488   80.80614658566091
0.025208771362518027   79.3856705995437   79.38558974861408
0.0259477777436476   77.88556615802435   77.88547544043071
0.02670844842659881   76.31134370320478   76.31124422938436
0.027491418510046592   74.66866090388609   74.66855420949898
0.028297341710866907   72.96439573553737   72.96428400918929
0.029126890909937666   71.20686465804782   71.2067510306332
0.029980758713939952   69.40431745732239   69.40420591078748
0.030859658033628758   67.56518769986816   67.56508290694242
0.031764322679055976   65.69960920057567   65.69951622152028
0.03269550797224261   63.81775365945266   63.81767778995473
0.033653991377811755   61.92919344982057   61.92914013211524
0.03464057315210884   60.045175466462574   60.045150065392775
0.03565607701135116   58.17848227774156   58.17848987926866
0.036701350819364466   56.340671259810534   56.34071665638605
0.03777726729548091   54.54178190621172   54.5418695577773
0.038884724743189276   52.7898909998204   52.79002488164945
0.04002464780014597   51.091817213370994   51.09200082317384
0.041197988210172884   49.45366867840719   49.453904982907574
0.04240572561788674   47.885727849294874   47.88601729988617
0.04364886838662332   46.40123381756243   46.40157292689802
0.04492845444033957   45.01169930191155   45.01208114680294
0.04624555213019635   43.72271588245374   43.72313068751856
0.04760126112654554   42.5307059373652   42.53114161858359
0.04899671333706607   41.43139478218519   41.43183719038017
0.05043307385181555   40.41978557590962   40.420218324230255
0.05191154191598653   39.4891578430291   39.489561782471974
0.053433351931179485   38.63303663599702   38.63338996516676
0.05499977448602865   37.84239285912868   37.84267218209615
0.05661211741704101   37.10555412786914   37.10573552184986
0.05827172690053434   36.41079157571166   36.410850883142814
0.05997998857658587   35.742974025203665   35.74288815165357
0.06173832870592997   35.08644975992372   35.08619736260731
0.0635482153607709   34.423026649798516   34.42259191875568
0.06541115965050462   33.73238866718631   33.7317648749523
0.06732871698337338   32.994805110771786   32.99399603469041
0.06930248836510605   32.19080268308907   32.1898247743611
0.07133412173562886   31.30435438470407   31.303238194410497
0.07342531334496233   30.32476046376561   30.323553620287083
0.07557780916945323   29.247672295791396   29.246435570751284
0.07779340636952398   28.078060517216752   28.07686063352868
0.08007395479015682   26.82785051140669   26.826760581665276
0.08242135850536496   25.51640896681645   25.5155100818579
0.08483757740794096   24.167953997375545   24.167320725818968
0.08732462884580919   22.80990133277471   22.80959113438069
0.08988458930634863   21.47362806429849   21.473680788043488
0.09251959615009227   20.18883080246137   20.189267505724903
0.09523184939525078   18.98695032894364   18.987758044972935
0.09802361355455057   17.895031013787413   17.896162601736783
0.10089721952591899   16.934811571903072   16.9361839157951
0.10385506653859616   16.11910650549698   16.120605492569474
0.10689962415629803   15.448829439588028   15.450312662555437
0.11003343433910281   14.913091636480617   14.91440421164721
0.11325911356578279   14.490296220983847   14.491286884657756
0.11657935501835284   14.148783749369153   14.149326940963759
0.11999693083066039   13.851476290470204   13.851486721138786
0.12351469440289359   13.557321520437709   13.556769576221335
0.12713558278394044   13.226328761597982   13.225256511329063
0.13086261912358757   12.825077698236607   12.823607373534449
0.13469891519660646   12.332125043906606   12.330452270415739
0.13864767400083483   11.742939334946776   11.741302013283768
0.14271219243142114   11.070782763934272   11.06942544532234
0.14689586403346616   10.345522656252149   10.34465998941009
0.1512021818353596   9.6102808069366   9.610051046769113
0.15563474126517718   8.914739465772298   8.91515658073682
0.16019724315257297   8.303707482503523   8.304653315069169
0.1648934968186736   7.804746522118126   7.80599366162123
0.1697274232565544   7.422851080979317   7.42410519248455
0.17470305840495237   7.143426127385042   7.144373923326839
0.17982455651794954   6.93706541192117   6.937457867403464
0.18509619363343993   6.761922177454137   6.7616348923014025
0.19052237114327647   6.569511411131781   6.56860179592413
0.19610761946807834   6.320166552278092   6.318862737800951
0.20185660183976684   5.99916142559523   5.997829401808676
0.20777411819498756   5.619673984791938   5.618676228562332
0.21386510918267082   5.2150088308366165   5.214585124560412
0.22013466028907505   4.828542485990366   4.828737404615232
0.22658800608375756   4.499292424176543   4.499906053138993
0.23323053459001789   4.246629956798004   4.247337616174886
0.2400677917834628   4.063761812643718   4.064174257365473
0.24710548622244882   3.923059283245327   3.9229363291834276
0.25434949381426813   3.7847668721680243   3.7841023493120276
0.2618058627210567   3.616167270443048   3.6152072734667065
0.2694808184095226   3.4080849103349697   3.4071980203349788
0.27738076884870827   3.175605492100556   3.1751075815782404
0.2855123098601282   2.949086095674804   2.949037073755191
0.29388223062474755   2.757535723331314   2.7577661239448
0.3024975193514008   2.6103428436027167   2.6104874045192994
0.31136536911138296   2.494694315208835   2.4944963923007824
0.3204931838440838   2.385511331346439   2.3849469471001914
0.32988858453867975   2.261421915074329   2.2607125006764055
0.3395594155970457   2.1200708194912488   2.1195116298246153
0.34951375138319807   1.9769208511581262   1.9766475958901635
0.3597599029647371   1.8503859576603456   1.8502955705941904
0.37030642505191835   1.747697646906083   1.7475297721034524
0.3811621231401457   1.6600335884674509   1.6596344309002915
0.3923360608618501   1.5722999794415633   1.5717433922495057
0.4038375675538918   1.4776535286864498   1.477132618993232
0.41567624604680364   1.3820641853929272   1.3816937913133598
0.42786198068238046   1.295843762683736   1.2955577601520107
0.4404049455663077   1.221999312094365   1.221645632264609
0.4533156130627191   1.154445300250942   1.1539646341698577
0.4666047625377753   1.0862834662724594   1.0857719110787367
0.4802834893595659   1.0179977696351479   1.017553323274969
0.49436321416184764   0.9546022524210184   0.9542011655444135
0.5088556923793517   0.8980814025899295   0.8976412423720008
0.5237730240626238   0.8452944719673657   0.8447955617615445
0.5391276639805903   0.7934670517956576   0.792967396152534
0.5549324320192869   0.7437511214891935   0.7432828302354745
0.5712005238854289   0.6980819138236275   0.6976071868926484
0.5879455221237613   0.6557795110385054   0.6552734088471305
0.6051814074573895   0.6152349261587204   0.6147207465790714
0.622922570460556   0.5767179407565222   0.5762119147566256
0.6411838235736077   0.5405914595475818   0.5400899933651876
0.6599804134701901   0.5067323065760563   0.506229145709157
0.6793280337869897   0.4749771224287409   0.47446807831960636
0.6992428382266549   0.44517511929294656   0.44465785914991757
0.7197414540448374   0.41718873817719515   0.416662436591268
0.7408409959326054   0.3908923558130824   0.3903573945596289
0.7625590803058332   0.3661711257570181   0.3656288353519313
0.7849138400134885   0.34292253655561716   0.3423748525641637
0.8079239394770964   0.3210653866449141   0.3205140715367679
0.8316085902740278   0.30052665055487904   0.29997311350542577
0.8559875671776167   0.2812360936731833   0.28068145212200935
0.8810812246675007   0.26312626749781415   0.2625714003323411
0.9069105139239728   0.24613249565369016   0.24557808875547832
0.9334970003205227   0.2301928482875125   0.22963943328918623
0.960862881429187   0.21524810422667245   0.2146960913945266
0.9890310055537336   0.2012408976938097   0.20069065817238765
1.0180248908061487   0.18811474773827472   0.1875667540482985
1.047868744742366   0.17581612727816462   0.175270946776784
1.0785874845736239   0.16429464936686106   0.16375291697217126
1.1102067579703248   0.1535028892216345   0.1529652841159095
1.1427529644757777   0.1433962160134118   0.14286344188164193
1.1762532775476793   0.13393263389792828   0.13340540230025705
1.210735667245765   0.12507263706537128   0.12455165424157867
1.246228923584555   0.11677924866984386   0.1162652274217379
1.2827626805706884   0.10901787498013739   0.1085115469776633
1.3203674409449337   0.10175591529201983   0.10125801217322201
1.3590746016495152   0.09496264156281904   0.09447387769309244
1.3989164800420282   0.0886091007601382   0.08813015944278181
1.4399263408778291   0.08266802153202235   0.0821995442172371
1.4821384240834183   0.07711372506724795   0.07665630315345703
1.525587973344019   0.07192203578300468   0.07147620573217096
1.5703112655292182   0.06707015771912761   0.06663640897660895
1.6163456409812174   0.06253662807800621   0.062115404717282434
1.6637295346910133   0.05830127842410616   0.057892973194802466
1.7125025083885144   0.054345161820720085   0.0539501120021726
1.7627052835733923   0.050650483137268436   0.05026896805969917
1.814379775514258   0.047200533013450535   0.04683277297535519
1.8675691282445197   0.04397962531174727   0.043625781654556224
1.922317750584177   0.040973036669349976   0.04063321268164533
1.9786713532176083   0.038166945960703205   0.03784118811785731
2.0366769868582977   0.035548387058802054   0.03523668742922305
2.0963830815323896   0.03310520071550199   0.0328075000270847
2.1578394870138577   0.030825986768709245   0.030542177783731788
2.2210975144450407   0.028700058998449938   0.028429990099752736
2.286209979177315   0.02671740249951024   0.02646088140542725
2.3532312448676476   0.024868633459980537   0.0246254309700395
2.4222172688678643   0.02314496733282385   0.02291481100045631
2.4932256489445366   0.021538189515076682   0.021320746615350883
2.5663156713684585   0.02004060553724133   0.01983549222523348
2.641548360413907   0.018645007506407695   0.01845180064541704
2.7189865293089923   0.01734464498903432   0.017162892344590418
2.798694832679631   0.016133197502805525   0.015962426486730737
2.8807398205309562   0.015004748539193745   0.014844473669798859
2.9651899938111903   0.013953760205199122   0.013803489671962236
3.05211586160442   0.012975022767496049   0.012834271801001707
3.1415899999999994   0.01206363581990597   0.011931938334102563
