0.01   15429.05097034313   15427.759579785852
0.010293154462191829   15528.695046600562   15527.341818800685
0.010594902878253955   15619.956581477549   15618.53712631816
0.010905497183778876   15702.396870971585   15700.904600865348
0.011225196699963396   15775.583298485979   15774.009578713545
0.011554268350120923   15839.064591815775   15837.400700535401
0.011892986882540897   15892.383163166924   15890.621584133274
0.012241635099881474   15935.095647189348   15933.230138932553
0.012600504095286909   15966.763272777636   15964.787838086535
0.012969893495426888   15986.940224918135   15984.846849399637
0.013350111710660605   15995.199617528477   15992.978009318913
0.013741476192534558   15991.135118804952   15988.772875269968
0.014144313698828986   15974.329191349843   15971.81282469645
0.01455896056637426   15944.376280401944   15941.69177910353
0.014985762991865008   15900.905533289373   15898.038451971552
0.01542507732090645   15843.567940417654   15840.502651168852
0.015877270345534218   15772.029159286425   15768.747572624365
0.016342719610456153   15685.998381387433   15682.479998208639
0.016821813728271667   15585.230614212707   15581.452643622184
0.017314952703931925   15469.510185107678   15465.447178524166
0.017822548268711737   15338.669455102541   15334.293377229169
0.01834502422397195   15192.601343674409   15187.88193049928
0.018882816794999403   15031.260840532648   15026.166209125045
0.019436374995219892   14854.66725910921   14849.164604756177
0.02000616100108813   14662.9083753312   14656.964419539017
0.020592650537967844   14456.150543953625   14449.732492499728
0.021196333277324068   14234.669275155291   14227.747608043486
0.02181771324555934   13998.820575330066   13991.370009125136
0.022457309244835088   13749.03203576463   13741.031858569415
0.02311565528622961   13485.869557793485   13477.306763256138
0.023793301035594242   13210.030412644124   13200.902544689583
0.024490812272480036   12922.26659134218   12912.581404622026
0.025208771362518027   12623.430123897913   12613.206882314882
0.0259477777436476   12314.594975160455   12303.870139927894
0.02670844842659881   11996.889748393321   11985.71674157207
0.027491418510046592   11671.461686355915   11659.909235682004
0.028297341710866907   11339.684149950008   11327.838617990108
0.029126890909937666   11003.073103304108   10991.039233553425
0.029980758713939952   10663.08286132372   10650.980719468089
0.030859658033628758   10321.234778643067   10309.197498224048
0.031764322679055976   9979.32619242249   9967.499121049406
0.03269550797224261   9639.06330256069   9627.601045458938
0.033653991377811755   9302.02383473304   9291.086648684855
0.03464057315210884   8969.991296494782   8959.737102858478
0.03565607701135116   8644.759795482816   8635.339428253284
0.036701350819364466   8327.886219403605   8319.4426791793
0.03777726729548091   8020.85478537148   8013.513674505756
0.038884724743189276   7725.232285670933   7719.084383278337
0.04002464780014597   7442.361322111275   7437.4649543044
0.041197988210172884   7173.3443820719585   7169.7266462323
0.04240572561788674   6919.087234237378   6916.719712823781
0.04364886838662332   6680.31767900335   6679.111110011007
0.04492845444033957   6457.604821212644   6457.418094659404
0.04624555213019635   6251.248605753861   6251.873694255747
0.04760126112654554   6061.240940881285   6062.375093877808
0.04899671333706607   5887.525145589702   5888.778482923615
0.05043307385181555   5729.609762841707   5730.526955111802
0.05191154191598653   5585.443671310154   5585.5588643862975
0.053433351931179485   5452.801797989673   5451.649342652119
0.05499977448602865   5329.678782005537   5326.791954206705
0.05661211741704101   5214.286798931362   5209.197994965055
0.05827172690053434   5104.993506068904   5097.2352840702415
0.05997998857658587   4999.825388665435   4988.976093781838
0.06173832870592997   4896.015873651035   4881.789191099733
0.0635482153607709   4790.84715969134   4773.110304447421
0.06541115965050462   4681.149995301867   4660.037796893276
0.06732871698337338   4563.640042299805   4539.616377985958
0.06930248836510605   4435.523399725574   4409.400046393916
0.07133412173562886   4294.625110787657   4267.595688955196
0.07342531334496233   4139.6386963942705   4113.241877461071
0.07557780916945323   3970.9347690436643   3947.0401355157287
0.07779340636952398   3789.7837811722306   3770.4573450763
0.08007395479015682   3599.0403162870734   3586.266161023114
0.08242135850536496   3402.0165294374965   3397.593469351476
0.08483757740794096   3202.429133375419   3207.978798762007
0.08732462884580919   3004.1223684374477   3020.9668146998893
0.08988458930634863   2811.496004239906   2840.3851338321388
0.09251959615009227   2628.847715913946   2669.911579001964
0.09523184939525078   2460.388544977687   2513.102556313552
0.09802361355455057   2309.7444429057805   2372.6638502949686
0.10089721952591899   2179.73786803133   2250.496391129076
0.10385506653859616   2071.184184836548   2146.9441473342185
0.10689962415629803   1983.5955936161502   2061.295009532853
0.11003343433910281   1914.2888387707121   1990.8522441967982
0.11325911356578279   1859.527390509154   1932.0390158472487
0.11657935501835284   1814.3225958284816   1880.6150620251747
0.11999693083066039   1773.328639443579   1832.2432296071313
0.12351469440289359   1730.9149215545606   1782.5696474137296
0.12713558278394044   1682.0680832578234   1727.9935413787412
0.13086261912358757   1622.9259546210003   1665.9631748549698
0.13469891519660646   1551.6869235122483   1595.504774746733
0.13864767400083483   1468.6775517295189   1517.4195013447559
0.14271219243142114   1376.2572519674136   1433.9309950697384
0.14689586403346616   1278.6807641032728   1348.2416050626755
0.1512021818353596   1181.9751952974727   1264.7904821250563
0.15563474126517718   1092.6936071844882   1187.8957885398268
0.16019724315257297   1016.133105478222   1120.6388251974888
0.1648934968186736   954.6819581766118   1064.179504753602
0.1697274232565544   907.6585152557336   1017.4529416992997
0.17470305840495237   872.5441431840046   978.3288447880126
0.17982455651794954   845.5229537025599   944.2328525630572
0.18509619363343993   821.2001344806499   911.8875198529826
0.19052237114327647   793.6321390389843   877.8782861569891
0.19610761946807834   758.8572023486042   840.4095671589619
0.20185660183976684   716.3881235412055   799.7928941768096
0.20777411819498756   668.5138420426804   757.4841132458142
0.21386510918267082   619.1956080078085   715.743913014411
0.22013466028907505   573.2470879173154   676.8992867153307
0.22658800608375756   534.5136909400895   642.3831191030617
0.23323053459001789   504.2834786258721   612.6902807231933
0.2400677917834628   481.320909484477   586.5609658310199
0.24710548622244882   462.30660157012306   562.4746923900354
0.25434949381426813   442.9911382490526   538.7211384361174
0.2618058627210567   420.6376369269374   514.7034781189353
0.2694808184095226   395.0599402609851   490.17660287362924
0.27738076884870827   367.94984479917355   466.107025472771
0.2855123098601282   342.255428719896   443.2640457079817
0.29388223062474755   320.39862791851715   422.61782599478977
0.3024975193514008   302.68520841945576   403.6247864962762
0.31136536911138296   287.70422929673754   386.0074064376853
0.3204931838440838   273.2513366420791   369.1410569686468
0.32988858453867975   257.7300404734004   352.5439456729991
0.3395594155970457   241.33542954197839   336.470632158712
0.34951375138319807   225.38200585365894   321.16183007401986
0.3597599029647371   211.12672583283293   306.7861046148998
0.37030642505191835   198.88955115326047   293.345534894643
0.3811621231401457   187.8611260497028   280.64535815934715
0.3923360608618501   177.00876737804714   268.52538936426464
0.4038375675538918   166.03853212411877   256.8575857436063
0.41567624604680364   155.39794430562526   245.7196773961231
0.42786198068238046   145.68350490911945   235.22867201290467
0.4404049455663077   136.94080051763942   225.31656990745375
0.4533156130627191   128.77725673198037   215.89181275987517
0.4666047625377753   120.83237888011523   206.8913123401678
0.4802834893595659   113.18418493833607   198.3156663223099
0.49436321416184764   106.061116389821   190.18168848189455
0.5088556923793517   99.50546003166569   182.4824242447981
0.5237730240626238   93.34118257640338   175.1540327409859
0.5391276639805903   87.4562516830308   168.16489248051008
0.5549324320192869   81.90200034872312   161.52441551395103
0.5712005238854289   76.72762973596011   155.21515683691587
0.5879455221237613   71.88486101217805   149.21616541695568
0.6051814074573895   67.30960237484018   143.50122763287402
0.622922570460556   63.00284940682598   138.0570176716389
0.6411838235736077   58.97263642091801   132.88063583433825
0.6599804134701901   55.1929974553649   127.95137506674543
0.6793280337869897   51.63768359425781   123.24743654536388
0.6992428382266549   48.30256710453963   118.76532460520012
0.7197414540448374   45.175522564210766   114.49335101469188
0.7408409959326054   42.24390693378537   110.41929946485875
0.7625590803058332   39.49583474918945   106.53175849463307
0.7849138400134885   36.92013264427902   102.8200627709375
0.8079239394770964   34.5062966528273   99.27423905884464
0.8316085902740278   32.244452114919405   95.88495647861275
0.8559875671776167   30.125355671694198   92.64340210320991
0.8810812246675007   28.140456126690243   89.5410277583346
0.9069105139239728   26.281711637870632   86.56977820833157
0.9334970003205227   24.541523430672477   83.72213112511137
0.960862881429187   22.9127145779868   80.99105835619933
0.9890310055537336   21.388509537829975   78.3699903385102
1.0180248908061487   19.962514443354966   75.85278338128202
1.047868744742366   18.628693238461562   73.4336278908744
1.0785874845736239   17.381325378234695   71.10669453249963
1.1102067579703248   16.21501503115892   68.86639763330132
1.1427529644757777   15.124687318769277   66.70754132520996
1.1762532775476793   14.10557043181507   64.62529194871333
1.210735667245765   13.15317862146944   62.6151523473093
1.246228923584555   12.263296065806768   60.67293832526067
1.2827626805706884   11.431961767864665   58.794747033103285
1.3203674409449337   10.65545694171916   56.97683465256123
1.3590746016495152   9.93028985679238   55.21565446193688
1.3989164800420282   9.25318130783494   53.50791810514482
1.4399263408778291   8.621052417357236   51.85057980686496
1.4821384240834183   8.0310131045612   50.240820643814985
1.525587973344019   7.4803511645211795   48.676034061786815
1.5703112655292182   6.9665219087957055   47.15381368014211
1.6163456409812174   6.487137958186179   45.67196620397546
1.6637295346910133   6.039960135359608   44.22849611122271
1.7125025083885144   5.622889213179232   42.821566977540606
1.7627052835733923   5.233957624327711   41.4494907053019
1.814379775514258   4.871321608155666   40.11071864053883
1.8675691282445197   4.533253795050482   38.80383323746205
1.922317750584177   4.218136202380899   37.52754184419918
1.9786713532176083   3.924453404073586   36.28076768188071
2.0366769868582977   3.650786254337183   35.062682451693895
2.0963830815323896   3.395806404289444   33.87253938849242
2.1578394870138577   3.1582707712678006   32.70965388680493
2.2210975144450407   2.9370162933913146   31.57339930698313
2.286209979177315   2.7309549892661504   30.46320293447296
2.3532312448676476   2.5390693056183244   29.378542246561352
2.4222172688678643   2.3604074435554026   28.319005450918443
2.4932256489445366   2.194078921849552   27.284371001884274
2.5663156713684585   2.0392514781210034   26.274447821621976
2.641548360413907   1.8951475057140899   25.289046753804122
2.7189865293089923   1.7610405806254021   24.32797936729731
2.798694832679631   1.6362522003295195   23.391056821785117
2.8807398205309562   1.520148722226877   22.478088796413385
2.9651899938111903   1.4121387505778729   21.588940534543717
3.05211586160442   1.3116711139850155   20.72369684261524
3.1415899999999994   1.2182312965492945   19.882449871589937
