0.01   17948.64956408421   17943.854011317268
0.010293154462191829   18134.82879404431   18129.60479408281
0.010594902878253955   18313.66589414915   18307.97726470591
0.010905497183778876   18484.592295484705   18478.39780583696
0.011225196699963396   18647.036466272177   18640.28970359846
0.011554268350120923   18800.41802810709   18793.06800421087
0.011892986882540897   18944.12818073053   18936.12147038298
0.012241635099881474   19077.55508883318   19068.836421888987
0.012600504095286909   19200.090262018275   19190.602519710046
0.012969893495426888   19311.100238541963   19300.782120970216
0.013350111710660605   19409.938407008434   19398.722811764663
0.013741476192534558   19495.971084429308   19483.78527332262
0.014144313698828986   19568.56471873407   19555.330566083354
0.01455896056637426   19627.069014773468   19612.703304015657
0.014985762991865008   19670.852534658825   19655.26735770665
0.01542507732090645   19699.306674841657   19682.409564593923
0.015877270345534218   19711.815112555105   19693.506908354422
0.016342719610456153   19707.779132630494   19687.953345979648
0.016821813728271667   19686.640708459858   19665.184231390856
0.017314952703931925   19647.868593060426   19624.661310546675
0.017822548268711737   19590.954522048934   19565.868493206122
0.01834502422397195   19515.444253063448   19488.34471153717
0.018882816794999403   19420.941920686273   19391.688201060977
0.019436374995219892   19307.103696432358   19275.548915349373
0.02000616100108813   19173.65258326491   19139.644718748445
0.020592650537967844   19020.388084699793   18983.771850771856
0.021196333277324068   18847.206405042343   18807.82745098514
0.02181771324555934   18654.103107608706   18611.81217068451
0.022457309244835088   18441.159717258797   18395.814585509524
0.02311565528622961   18208.571428660962   18160.040593824466
0.023793301035594242   17956.702425341948   17904.872316346733
0.024490812272480036   17686.016554091184   17630.79391767196
0.025208771362518027   17397.07266857592   17338.3867169658
0.0259477777436476   17090.660590734766   17028.476107635153
0.02670844842659881   16767.73530961745   16702.060209284606
0.027491418510046592   16429.30889450473   16360.19293133117
0.028297341710866907   16076.573046445692   16004.112289543553
0.029126890909937666   15711.013435529854   15635.359964289637
0.029980758713939952   15334.14605751049   15255.50461948011
0.030859658033628758   14947.531846518526   14866.156012800051
0.031764322679055976   14553.116399688119   14469.313509918906
0.03269550797224261   14152.941783172722   14067.06979768079
0.033653991377811755   13748.94738869636   13661.406449622245
0.03464057315210884   13343.237551748849   13254.463258448035
0.03565607701135116   12938.13564235066   12848.592579627735
0.036701350819364466   12535.783705818443   12445.956986594156
0.03777726729548091   12138.26277877364   12048.64226500759
0.038884724743189276   11748.093111238357   11659.131943363964
0.04002464780014597   11367.674527074962   11279.778446564302
0.041197988210172884   10999.08240733005   10912.61020327283
0.04240572561788674   10643.885099422247   10559.13342183969
0.04364886838662332   10303.218440801704   10220.41130885474
0.04492845444033957   9978.022062825668   9897.317546942899
0.04624555213019635   9669.449423206941   9590.889062675291
0.04760126112654554   9379.549447675716   9302.907230313624
0.04899671333706607   9110.27671524085   9035.06066121637
0.05043307385181555   8862.962474080525   8788.457614185485
0.05191154191598653   8636.170456290867   8561.563293398769
0.053433351931179485   8427.478208308175   8351.908577279492
0.05499977448602865   8234.68665451308   8157.249067695343
0.05661211741704101   8055.78679073181   7975.5263325110645
0.05827172690053434   7888.937854682473   7804.850308486882
0.05997998857658587   7732.16918931837   7643.239840526604
0.06173832870592997   7582.639842801691   7487.975896492723
0.0635482153607709   7437.460372653978   7336.325310925732
0.06541115965050462   7293.249384974511   7185.235342249982
0.06732871698337338   7146.113878194619   7031.322326304197
0.06930248836510605   6992.201052322089   6871.319318147799
0.07133412173562886   6827.257846677379   6701.804249837688
0.07342531334496233   6647.459132099585   6519.79155447404
0.07557780916945323   6450.0754036620965   6323.449345355722
0.07779340636952398   6233.3316049414725   6111.810401374455
0.08007395479015682   5997.342977704428   5885.6368872021685
0.08242135850536496   5743.5580677523   5646.770041361618
0.08483757740794096   5475.414484131339   5398.471347923399
0.08732462884580919   5197.3588619569955   5144.678454373336
0.08988458930634863   4914.844310952859   4890.144560092372
0.09251959615009227   4633.544977601994   4639.611197626088
0.09523184939525078   4359.497481917862   4397.736022939029
0.09802361355455057   4098.824561189597   4168.930428852645
0.10089721952591899   3857.485321635366   3957.2817260157367
0.10385506653859616   3640.392410583624   3765.9065429075695
0.10689962415629803   3451.5434500711385   3597.0283256602106
0.11003343433910281   3292.419740313242   3450.8124542459163
0.11325911356578279   3162.4770067918726   3325.7796401819583
0.11657935501835284   3058.2121897074035   3218.7864951709703
0.11999693083066039   2974.442721971952   3125.7016360772946
0.12351469440289359   2904.052604640985   3041.1734519995666
0.12713558278394044   2839.259179195469   2959.914727856098
0.13086261912358757   2771.929497694274   2877.0024160141543
0.13469891519660646   2694.671581361336   2788.037456339934
0.13864767400083483   2601.9262505507318   2690.56843789449
0.14271219243142114   2490.912642526481   2584.5257917165877
0.14689586403346616   2362.3230664187145   2470.732631273765
0.1512021818353596   2220.038973917074   2351.9645248168436
0.15563474126517718   2070.7493455809968   2232.574721981968
0.16019724315257297   1923.2807386168004   2117.3952819442934
0.1648934968186736   1787.2595126701558   2010.9484984666299
0.1697274232565544   1670.4617014700525   1916.0279508540973
0.17470305840495237   1576.5674955895058   1834.0731098989877
0.17982455651794954   1504.7360452711805   1763.4200666248134
0.18509619363343993   1450.7530538389835   1700.7540251326923
0.19052237114327647   1408.1603586357278   1643.3763152357137
0.19610761946807834   1368.5843808264428   1587.6940808072877
0.20185660183976684   1323.0893305909935   1530.9406092421075
0.20777411819498756   1265.6147193708875   1471.056748627774
0.21386510918267082   1195.5649455793287   1408.4305051556062
0.22013466028907505   1117.1443763225896   1345.3469334828135
0.22658800608375756   1037.187360872803   1284.5712635273558
0.23323053459001789   963.4700739666038   1227.6927033799993
0.2400677917834628   902.0689540510722   1176.3913202207966
0.24710548622244882   854.7678884266585   1129.5611480952007
0.25434949381426813   818.9225831669023   1087.1187596751447
0.2618058627210567   788.6395336074748   1046.770130458582
0.2694808184095226   756.8567305078587   1006.9886349946676
0.27738076884870827   719.0908513810725   967.7700728514153
0.2855123098601282   675.4634939630408   928.9435193912327
0.29388223062474755   629.5888802210111   891.3053425394944
0.3024975193514008   586.7848842875089   855.5587634956981
0.31136536911138296   551.0973991018448   822.678793383383
0.3204931838440838   522.7011202391825   791.2839700104797
0.32988858453867975   498.55578348218734   762.0619204115214
0.3395594155970457   474.5120527661913   733.8346347206923
0.34951375138319807   447.92715641952924   706.3272481658213
0.3597599029647371   419.55169190777883   679.7406122933405
0.37030642505191835   392.21968500309475   654.4275086052127
0.3811621231401457   368.3222651397143   630.4289687695118
0.3923360608618501   348.14286956476855   607.8472430670469
0.4038375675538918   329.81002139236847   586.3546585974307
0.41567624604680364   311.2757682532229   565.6364865248644
0.42786198068238046   292.18190615039686   545.6789563720769
0.4404049455663077   273.7288729000227   526.5903387723024
0.4533156130627191   257.1590784583279   508.47576145307653
0.4666047625377753   242.40333221379868   491.27509084471495
0.4802834893595659   228.46376769869264   474.84198386136876
0.49436321416184764   214.64266644213825   459.0356609090767
0.5088556923793517   201.27850955034054   443.86458545283347
0.5237730240626238   188.9521495698263   429.4369782188706
0.5391276639805903   177.67544795809147   415.67471953535664
0.5549324320192869   166.98112829403365   402.4870450107682
0.5712005238854289   156.663775873056   389.802375557398
0.5879455221237613   146.92948901323092   377.65629734836585
0.6051814074573895   137.90562760578882   366.0619068150633
0.622922570460556   129.43562204695854   354.94933620525745
0.6411838235736077   121.3769047226413   344.24845375417874
0.6599804134701901   113.78072826785639   333.9869730092336
0.6793280337869897   106.68327069902752   324.1415917833379
0.6992428382266549   100.01687872109085   314.676945219867
0.7197414540448374   93.73840796152201   305.57266204835196
0.7408409959326054   87.82879170078162   296.8074689454707
0.7625590803058332   82.26989513987502   288.36144424770123
0.7849138400134885   77.04408874483919   280.2159683682689
0.8079239394770964   72.13427771240522   272.35363340201553
0.8316085902740278   67.52392521002729   264.75816014531586
0.8559875671776167   63.19706655627171   257.41431730405776
0.8810812246675007   59.13788132983525   250.30723092323493
0.9069105139239728   55.33041862913433   243.42178367412146
0.9334970003205227   51.75954600398957   236.74377144129127
0.960862881429187   48.41101885247678   230.25999428942453
0.9890310055537336   45.27142908130761   223.9581920637894
1.0180248908061487   42.32815672784896   217.82698552893058
1.047868744742366   39.56932437116759   211.8558225011129
1.0785874845736239   36.98375652329534   206.03492389294638
1.1102067579703248   34.56101974502839   200.35507402739054
1.1427529644757777   32.29137946312803   194.80755527563954
1.1762532775476793   30.1656468904215   189.38433043434236
1.210735667245765   28.17514465494992   184.0780200373642
1.246228923584555   26.311681539904658   178.88186735708723
1.2827626805706884   24.567528219585842   173.78970592704863
1.3203674409449337   22.935393972214243   168.79592928194492
1.3590746016495152   21.408403165010256   163.89549095819987
1.3989164800420282   19.98005688141258   159.08430587485208
1.4399263408778291   18.644221537123553   154.35908002039264
1.4821384240834183   17.39512612244006   149.71688633518093
1.525587973344019   16.22734261236964   145.15513392980495
1.5703112655292182   15.13576686252343   140.67155004158485
1.6163456409812174   14.115600474952616   136.2641624925275
1.6637295346910133   13.162333591490784   131.931282563857
1.7125025083885144   12.271728691287189   127.67160710455622
1.7627052835733923   11.439805951707054   123.48509842373987
1.814379775514258   10.662827820873773   119.37232606290631
1.8675691282445197   9.937284561203363   115.33386508038879
1.922317750584177   9.259881150442062   111.37028477774092
1.9786713532176083   8.627524880850137   107.4821428144043
2.0366769868582977   8.037313618937056   103.66997949379537
2.0963830815323896   7.486524694702588   99.93431223612713
2.1578394870138577   6.97260391697949   96.2758082038819
2.2210975144450407   6.493153922210095   92.6959741432521
2.286209979177315   6.0459270031108545   89.19640068228364
2.3532312448676476   5.628817000683517   85.77844070707792
2.4222172688678643   5.2398507728030035   82.44321678587376
2.4932256489445366   4.877180148090795   79.19162919317446
2.5663156713684585   4.539074339991466   76.02436429802374
2.641548360413907   4.223912797035994   72.94190334702772
2.7189865293089923   3.930179345698774   69.94474342379611
2.798694832679631   3.6564573111710974   67.03380263977402
2.8807398205309562   3.4014207401928247   64.20980177583502
2.9651899938111903   3.1638283234200872   61.47314215993781
3.05211586160442   2.9425182588980734   58.82392761089813
3.1415899999999994   2.7364034056851962   56.26198624671562
