0.01   15083.264323793162   15079.272927009042
0.010293154462191829   15257.813135374257   15253.450893326002
0.010594902878253955   15427.007907566602   15422.243863523337
0.010905497183778876   15590.379993595725   15585.178208077747
0.011225196699963396   15747.45536601816   15741.774683024816
0.011554268350120923   15897.75113890791   15891.54575722049
0.011892986882540897   16040.759986713387   16033.981887535962
0.012241635099881474   16175.96850476106   16168.56814533685
0.012600504095286909   16302.8628644879   16294.78917371059
0.012969893495426888   16420.90660062055   16412.10465058362
0.013350111710660605   16529.54697409647   16519.956083499164
0.013741476192534558   16628.23720643376   16617.79100131573
0.014144313698828986   16716.42842058388   16705.055274240967
0.01455896056637426   16793.55417849752   16781.178146719332
0.014985762991865008   16859.05757962099   16845.598819570423
0.01542507732090645   16912.39598702071   16897.770832412436
0.015877270345534218   16953.01694529987   16937.13549345648
0.016342719610456153   16980.374578437088   16963.1395531284
0.016821813728271667   16993.95016842026   16975.257445794774
0.017314952703931925   16993.242705719887   16972.981393477337
0.017822548268711737   16977.762142072093   16955.814323048904
0.01834502422397195   16947.055386227832   16923.296893900282
0.018882816794999403   16900.711157839472   16875.01227459321
0.019436374995219892   16838.354283980425   16810.578965136065
0.02000616100108813   16759.657044288564   16729.663453586738
0.020592650537967844   16664.348043164522   16631.990002007988
0.021196333277324068   16552.225361018784   16517.354999431245
0.02181771324555934   16423.162137561438   16385.632887075353
0.022457309244835088   16277.098081174914   16236.766417175742
0.02311565528622961   16114.056051597043   16070.784072388842
0.023793301035594242   15934.190691979964   15887.851440460074
0.024490812272480036   15737.741551329922   15688.221444155399
0.025208771362518027   15525.022171246848   15472.222852222701
0.0259477777436476   15296.516433402514   15240.364871528243
0.02670844842659881   15052.858387349428   14993.315033463974
0.027491418510046592   14794.737940928071   14731.796621673366
0.028297341710866907   14522.970631218237   14456.66103672343
0.029126890909937666   14238.626300551447   14169.021500040428
0.029980758713939952   13942.829311806443   13870.04466201326
0.030859658033628758   13636.73878899989   13560.929770612067
0.031764322679055976   13321.80967512215   13243.178653608984
0.03269550797224261   12999.641561915634   12918.438838772498
0.033653991377811755   12671.775739287947   12588.293465360532
0.03464057315210884   12339.855081761916   12254.422219465805
0.03565607701135116   12005.756848693025   11918.734847747695
0.036701350819364466   11671.259962269396   11583.036017668637
0.03777726729548091   11338.078088947304   11249.055040042591
0.038884724743189276   11008.310164234297   10918.8765693278
0.04002464780014597   10684.067328413808   10594.584410644598
0.041197988210172884   10367.222582786642   10278.022977873788
0.04240572561788674   10059.252763715474   9970.634130753684
0.04364886838662332   9761.214678166398   9673.432762968268
0.04492845444033957   9474.001627985675   9387.272281761361
0.04624555213019635   9198.607248071316   9113.079312007712
0.04760126112654554   8936.950870428773   8852.574410467176
0.04899671333706607   8691.012858015672   8607.520012653913
0.05043307385181555   8462.376460816216   8379.308360571029
0.05191154191598653   8250.560231406513   8167.348885964761
0.053433351931179485   8053.8627927996195   7969.883389155997
0.05499977448602865   7870.701971031826   7785.2785578244575
0.05661211741704101   7699.522845008217   7611.940063862843
0.05827172690053434   7538.823889034391   7448.335506794357
0.05997998857658587   7387.090422430179   7292.935682964342
0.06173832870592997   7242.149026573806   7143.635982519664
0.0635482153607709   7101.698380288438   6998.23476561663
0.06541115965050462   6963.201561744644   6854.392350232375
0.06732871698337338   6823.638585984402   6709.4445458301
0.06930248836510605   6680.029936095146   6560.819192235285
0.07133412173562886   6528.9519178297915   6405.73772119101
0.07342531334496233   6367.133387041858   6241.612582919441
0.07557780916945323   6191.8956461067255   6066.442287701427
0.07779340636952398   6001.184551772002   5878.801305207804
0.08007395479015682   5794.283264100889   5678.663453176906
0.08242135850536496   5571.653784507788   5467.12170921999
0.08483757740794096   5335.381505700001   5246.26134739074
0.08732462884580919   5088.714972105118   5018.890167556048
0.08988458930634863   4835.936891463735   4788.852504991422
0.09251959615009227   4581.7313090787475   4560.271194650119
0.09523184939525078   4331.1747644728175   4337.126224591595
0.09802361355455057   4089.3680866968098   4123.224272980519
0.10089721952591899   3861.481933850273   3922.324187453226
0.10385506653859616   3651.995479044927   3737.4139176585772
0.10689962415629803   3464.929529469186   3570.71275151819
0.11003343433910281   3302.6444436686193   3423.2818545149394
0.11325911356578279   3165.8396253368546   3294.9802291588358
0.11657935501835284   3052.7820052581474   3183.8995774156574
0.11999693083066039   2959.937738532667   3086.861502049011
0.12351469440289359   2881.772546959514   2999.612231461538
0.12713558278394044   2811.897077516273   2917.6410688929864
0.13086261912358757   2743.29884083266   2836.436544774176
0.13469891519660646   2669.27396870936   2751.8638584156665
0.13864767400083483   2584.2067119356543   2661.001506101621
0.14271219243142114   2484.4834423592324   2562.857675233226
0.14689586403346616   2369.3549515985455   2457.7257403987232
0.1512021818353596   2240.942646136688   2347.260019343094
0.15563474126517718   2103.951122341272   2234.560339660504
0.16019724315257297   1965.1081609581122   2123.8310037834353
0.1648934968186736   1832.3912610156174   2018.9259534703224
0.1697274232565544   1713.4541664003707   1923.2291759104064
0.17470305840495237   1613.5518615692754   1838.8998463027451
0.17982455651794954   1534.0462930143956   1765.541135187154
0.18509619363343993   1472.4475877638893   1700.8822271138963
0.19052237114327647   1423.6933796053243   1642.4704187118014
0.19610761946807834   1381.1663518932846   1586.991313707194
0.20185660183976684   1337.2610826113123   1531.7189823013005
0.20777411819498756   1285.1664636188043   1474.4233213207986
0.21386510918267082   1221.8142067386393   1414.4746598575869
0.22013466028907505   1149.12049647479   1353.075825905088
0.22658800608375756   1072.426086515605   1293.0534420104177
0.23323053459001789   998.4101434020076   1235.904662925284
0.2400677917834628   933.33303822911   1183.3696501253432
0.24710548622244882   880.793792354659   1135.459066703723
0.25434949381426813   840.0690060262625   1092.066575569351
0.2618058627210567   807.0594893589667   1051.4602666447367
0.2694808184095226   775.7040584296262   1012.10717158566
0.27738076884870827   740.5063251280584   973.1371547884193
0.2855123098601282   699.5743819740774   934.5858683792832
0.29388223062474755   655.0646690317727   896.9640750814746
0.3024975193514008   611.3129878517715   860.745453900989
0.31136536911138296   572.7674771726764   827.1616819638117
0.3204931838440838   541.3668206046605   795.1471126751226
0.32988858453867975   515.4272285203216   765.4780940844321
0.3395594155970457   491.3267368761824   736.9761698574309
0.34951375138319807   465.7784970736684   709.414657073808
0.3597599029647371   437.98940711785   682.4419907908821
0.37030642505191835   410.0061744252019   656.73900476922
0.3811621231401457   384.4978623179085   632.2738651122527
0.3923360608618501   362.6701857344115   609.1875917977699
0.4038375675538918   343.553613141468   587.268705310493
0.41567624604680364   325.04156301630763   566.2295503279364
0.42786198068238046   305.968181927057   545.9365344413686
0.4404049455663077   286.9622888904508   526.4146984316044
0.4533156130627191   269.36533487106635   507.8256763897758
0.4666047625377753   253.7363561389151   490.2069137046729
0.4802834893595659   239.36760090875077   473.38527738328344
0.49436321416184764   225.333362600868   457.219985818435
0.5088556923793517   211.5284045397135   441.65374270353726
0.5237730240626238   198.5447772120373   426.7825947386548
0.5391276639805903   186.68238239528205   412.6082804032963
0.5549324320192869   175.61547344781525   399.0366783232725
0.5712005238854289   164.95804030686563   385.97770177079406
0.5879455221237613   154.77500358025566   373.4309104441062
0.6051814074573895   145.2883725250995   361.4280209823015
0.622922570460556   136.44706196303218   349.9348873901418
0.6411838235736077   128.05811404956455   338.86245042648744
0.6599804134701901   120.09949300883675   328.2230653080377
0.6793280337869897   112.6494247850477   317.9932739201749
0.6992428382266549   105.66633806207066   308.1705980912787
0.7197414540448374   99.0836407147202   298.70150129519476
0.7408409959326054   92.88275481208606   289.5672226140676
0.7625590803058332   87.04548807080454   280.7501783996134
0.7849138400134885   81.55408124153364   272.23388462607534
0.8079239394770964   76.39124784677065   264.0028851063573
0.8316085902740278   71.54020684265318   256.04268508020886
0.8559875671776167   66.98470300888619   248.339677920412
0.8810812246675007   62.70850184540785   240.87997090657092
0.9069105139239728   58.69516013630359   233.64859039202668
0.9334970003205227   54.929070134397456   226.631463369607
0.960862881429187   51.39552450021406   219.8155781785018
0.9890310055537336   48.08066537278434   213.1889163132039
1.0180248908061487   44.97143629937247   206.74038985924054
1.047868744742366   42.05553686266998   200.45978397130378
1.0785874845736239   39.321385268975064   194.3377136261494
1.1102067579703248   36.75817570047255   188.36575921325758
1.1427529644757777   34.35580041438681   182.53637975670574
1.1762532775476793   32.10470545161267   176.84267835198742
1.210735667245765   29.99586017311037   171.27835781080023
1.246228923584555   28.02073211468091   165.8376861693025
1.2827626805706884   26.1712627737546   160.51546418877078
1.3203674409449337   24.439844315892522   155.30699461083123
1.3590746016495152   22.819294134791814   150.20814669783522
1.3989164800420282   21.30281439847395   145.21594800953372
1.4399263408778291   19.883989959827947   140.32807164168815
1.4821384240834183   18.556780387683872   135.54243539556433
1.525587973344019   17.31549970158528   130.85718240221289
1.5703112655292182   16.154797017228823   126.27066457699692
1.6163456409812174   15.069638142337999   121.78142650461801
1.6637295346910133   14.055288084034839   117.38818973168671
1.7125025083885144   13.107294683031933   113.09016377744602
1.7627052835733923   12.22147338056921   108.88781529726961
1.814379775514258   11.393891328486072   104.7817793275577
1.8675691282445197   10.620852984668485   100.77256132792327
1.922317750584177   9.898886681133039   96.86053832737407
1.9786713532176083   9.224731885384   93.04596036948773
2.0366769868582977   8.595327124240857   89.32895224883683
2.0963830815323896   8.00779852383006   85.70951946239126
2.1578394870138577   7.4594475704388055   82.18789443796896
2.2210975144450407   6.9477402818632426   78.76473197697604
2.286209979177315   6.470300223874694   75.44047539029134
2.3532312448676476   6.024899446116751   72.21530109536472
2.4222172688678643   5.609449633749806   69.08913418910436
2.4932256489445366   5.22199375439878   66.06166406495558
2.5663156713684585   4.860698175014173   63.13235999143189
2.641548360413907   4.523845353117058   60.30050135463946
2.7189865293089923   4.209829052075981   57.56545752030676
2.798694832679631   3.917146728322468   54.926617690341565
2.8807398205309562   3.6443908570924073   52.38312498101743
2.9651899938111903   3.3902431652101286   49.93388922572206
3.05211586160442   3.153469272068824   47.57760977619059
3.1415899999999994   2.9329136280675008   45.31279751824124
