0.01   14986.409177706573   14983.923316274842
0.010293154462191829   15136.189405876543   15133.493224190994
0.010594902878253955   15279.406558449013   15276.481222189808
0.010905497183778876   15415.58663975987   15412.411445058538
0.011225196699963396   15544.233133521258   15540.785861352213
0.011554268350120923   15664.844895612548   15661.101938390233
0.011892986882540897   15776.922312203944   15772.85869190961
0.012241635099881474   15879.945342200594   15875.534146866974
0.012600504095286909   15973.379176554774   15968.591098242103
0.012969893495426888   16056.697107401025   16051.500504865367
0.013350111710660605   16129.372901007477   16123.733779695654
0.013741476192534558   16190.865368334169   16184.747183797623
0.014144313698828986   16240.645329181469   16234.009088466855
0.01455896056637426   16278.200426520834   16271.004735273027
0.014985762991865008   16303.010980801047   16295.210913479006
0.01542507732090645   16314.566641259184   16306.11323284694
0.015877270345534218   16312.387026169541   16303.227558690782
0.016342719610456153   16296.012760058908   16286.090613160153
0.016821813728271667   16264.999729763536   16254.253922409556
0.017314952703931925   16218.943826984661   16207.309420373089
0.017822548268711737   16157.485654762955   16144.894091231301
0.01834502422397195   16080.306241421797   16066.684654317416
0.018882816794999403   15987.137340288331   15972.408796399679
0.019436374995219892   15877.769305266609   15861.853663457514
0.02000616100108813   15752.06603042995   15734.881950236504
0.020592650537967844   15609.969653468796   15591.436808443215
0.021196333277324068   15451.48980299307   15431.529874056952
0.02181771324555934   15276.722549557519   15255.261072445563
0.022457309244835088   15085.900325804581   15062.871013281361
0.02311565528622961   14879.338653521905   14854.684886916299
0.023793301035594242   14657.426626198305   14631.102391196191
0.024490812272480036   14420.73014023581   14392.706043886443
0.025208771362518027   14169.958510938577   14140.22603682501
0.0259477777436476   13905.870611348004   13874.441664747614
0.02670844842659881   13629.35720906253   13596.266076869577
0.027491418510046592   13341.556848719893   13306.865568798301
0.028297341710866907   13043.646954690752   13007.444148260174
0.029126890909937666   12736.837021663354   12699.23615377654
0.029980758713939952   12422.637341548218   12383.780267816168
0.030859658033628758   12102.669742959395   12062.726273963468
0.031764322679055976   11778.483557807373   11737.647322108436
0.03269550797224261   11451.741408165275   11410.224934454247
0.033653991377811755   11124.310163251914   11082.339524012003
0.03464057315210884   10797.933504367213   10755.744357874844
0.03565607701135116   10474.295583734825   10432.125942705934
0.036701350819364466   10155.445925082231   10113.512902148403
0.03777726729548091   9843.38693942233   9801.879791729947
0.038884724743189276   9539.872934258328   9498.954112912179
0.04002464780014597   9246.244288571173   9206.045100349655
0.041197988210172884   8963.452579257888   8924.069351134884
0.04240572561788674   8692.294057158395   8653.791195611315
0.04364886838662332   8433.71208070205   8396.095711993703
0.04492845444033957   8189.474968498588   8152.595177608481
0.04624555213019635   7961.329283939595   7924.874436482922
0.04760126112654554   7750.572920510826   7714.092926029991
0.04899671333706607   7556.30218723891   7519.280707650389
0.05043307385181555   7376.619882082348   7338.510511211618
0.05191154191598653   7209.788241442221   7170.016693813457
0.053433351931179485   7054.1845375204875   7012.154383519082
0.05499977448602865   6908.301171037483   6863.397490831497
0.05661211741704101   6770.573896606658   6722.180104124132
0.05827172690053434   6638.761987718251   6586.330725840824
0.05997998857658587   6510.554338781776   6453.628723099956
0.06173832870592997   6383.323250257047   6321.621366700422
0.0635482153607709   6254.002787337655   6187.52542440888
0.06541115965050462   6119.570616620221   6048.648010494407
0.06732871698337338   5976.637537229358   5902.105438219853
0.06930248836510605   5822.083808686413   5745.30139680459
0.07133412173562886   5653.568751668879   5576.449169785777
0.07342531334496233   5469.47523784661   5394.442040601544
0.07557780916945323   5269.657160752428   5199.560811328195
0.07779340636952398   5055.096299524809   4993.084474326772
0.08007395479015682   4828.395555789076   4777.649432101373
0.08242135850536496   4593.100200379885   4556.623261073477
0.08483757740794096   4353.630652294024   4333.992467707456
0.08732462884580919   4114.629323189421   4113.803860199489
0.08988458930634863   3881.037441333595   3900.177651057082
0.09251959615009227   3657.803711091986   3697.08580918871
0.09523184939525078   3449.81706299825   3508.3296185698964
0.09802361355455057   3261.1756267343126   3336.8142299432034
0.10089721952591899   3095.336810726511   3184.6083428735633
0.10385506653859616   2953.869511806979   3052.426897355218
0.10689962415629803   2836.652317253696   2939.7186187064553
0.11003343433910281   2741.137813264184   2843.8650274915667
0.11325911356578279   2663.2343771744986   2761.0609194177628
0.11657935501835284   2597.1460096401906   2686.7242722947485
0.11999693083066039   2536.4768966421457   2616.061826651346
0.12351469440289359   2474.4929368638414   2544.2608776625566
0.12713558278394044   2405.0279742518333   2467.335983776661
0.13086261912358757   2323.310970180713   2382.5379242941854
0.13469891519660646   2226.7951383415852   2288.771953649293
0.13864767400083483   2115.8145199138066   2186.928491551493
0.14271219243142114   1993.3581174450635   2079.6320032270546
0.14689586403346616   1864.7018719496534   1970.6906449337832
0.1512021818353596   1736.8549036110248   1864.4587059264918
0.15563474126517718   1617.642191072668   1765.5698506025783
0.16019724315257297   1513.8008345651724   1677.6863642958788
0.1648934968186736   1428.9960115949802   1601.9298050501557
0.1697274232565544   1363.0009844878025   1537.456851652887
0.17470305840495237   1312.411898566969   1482.0254082464826
0.17982455651794954   1271.888102355412   1432.0024775963543
0.18509619363343993   1234.7148324041925   1383.9261166582883
0.19052237114327647   1193.5673968907365   1334.2087146663391
0.19610761946807834   1142.9507289914623   1280.9781523877712
0.20185660183976684   1081.7606307990955   1224.9079418700524
0.20777411819498756   1013.2387590221102   1167.0301237617205
0.21386510918267082   943.0223880797005   1110.3249661729863
0.22013466028907505   877.547087313866   1057.3247756981189
0.22658800608375756   822.0208303199505   1009.5157260357822
0.23323053459001789   778.421855022542   967.4746108532308
0.2400677917834628   744.831981619173   929.5041750386183
0.24710548622244882   716.551073228832   894.1184219289303
0.25434949381426813   687.7133468107097   859.4197283519565
0.2618058627210567   654.1364689074717   824.1481946590493
0.2694808184095226   615.5561202866468   788.8154000728372
0.27738076884870827   574.8735037982159   754.2137748450684
0.2855123098601282   536.4085024932538   721.6042841227633
0.29388223062474755   503.7717330194925   691.3318681559253
0.3024975193514008   477.49969877866647   663.5637678514913
0.31136536911138296   455.1734329175903   637.3210841282976
0.3204931838440838   433.3301443119588   612.1699387320987
0.32988858453867975   409.5385590162161   587.4690585185926
0.3395594155970457   384.12081281378977   563.4836812287033
0.34951375138319807   359.4258246750059   540.6323687157893
0.3597599029647371   337.5666053851996   519.2149312007776
0.37030642505191835   318.96483263132404   498.8840465608766
0.3811621231401457   302.174505520314   479.64132977854416
0.3923360608618501   285.3903838373381   461.17908568614007
0.4038375675538918   268.13966749722664   443.3226810760345
0.41567624604680364   251.37396500837764   426.27833971080906
0.42786198068238046   236.18523992146416   410.1510261562468
0.4404049455663077   222.63815382225712   394.86371185831354
0.4533156130627191   209.90991526369208   380.27171241984007
0.4666047625377753   197.34398026835356   366.2402592954313
0.4802834893595659   185.15728906793956   352.8263617315863
0.49436321416184764   173.85913565345504   340.05361572672365
0.5088556923793517   163.5131572447438   327.93053640218216
0.5237730240626238   153.73418342766774   316.3346977841035
0.5391276639805903   144.30644494045725   305.209167911723
0.5549324320192869   135.38596358264616   294.59232522589105
0.5712005238854289   127.10263053308228   284.4712875803551
0.5879455221237613   119.33629669372922   274.8023264381369
0.6051814074573895   111.95020409807076   265.53029726032
0.622922570460556   104.9779845969964   256.6549374728682
0.6411838235736077   98.45794724928142   248.17578860193922
0.6599804134701901   92.3332276575127   240.06034451844874
0.6793280337869897   86.5633931350959   232.27949420318836
0.6992428382266549   81.13089731724006   224.8152490247947
0.7197414540448374   76.01915636338288   217.65093371206476
0.7408409959326054   71.21206439138847   210.77087853060672
0.7625590803058332   66.69401692550029   204.16035235919432
0.7849138400134885   62.449929090643685   197.80550069344093
0.8079239394770964   58.465244137160866   191.6932778108212
0.8316085902740278   54.72553415240422   185.8104921408747
0.8559875671776167   51.21633340376753   180.14320115754717
0.8810812246675007   47.92392650548517   174.67826819509568
0.9069105139239728   44.835388739054125   169.40347140346097
0.9334970003205227   41.93854161621847   164.3074392418379
0.960862881429187   39.22191089890275   159.3795914547348
0.9890310055537336   36.6746869409203   154.61008501351662
1.0180248908061487   34.28669056036102   149.9897533951438
1.047868744742366   32.04841089238557   145.50980470920132
1.0785874845736239   29.950949848786646   141.16180879551177
1.1102067579703248   27.985901863381134   136.93794858261435
1.1427529644757777   26.14532593902648   132.83099410071523
1.1762532775476793   24.421722919500148   128.83426577321848
1.210735667245765   22.808013643216174   124.94160061061913
1.246228923584555   21.297517962860635   121.14732100718915
1.2827626805706884   19.88393290389979   117.44621317102978
1.3203674409449337   18.561298274137854   113.8335686530811
1.3590746016495152   17.32399011272053   110.30511876454814
1.3989164800420282   16.166714519480383   106.85696152483865
1.4399263408778291   15.084489756266631   103.48553997359886
1.4821384240834183   14.07262906701374   100.18762241427632
1.525587973344019   13.126724352905732   96.96028373285228
1.5703112655292182   12.242630666637508   93.80088766200785
1.6163456409812174   11.416451591584202   90.70717813005544
1.6637295346910133   10.644525666499563   87.67772404462184
1.7125025083885144   9.923412639166278   84.71143722893738
1.7627052835733923   9.249880710039744   81.80734008832385
1.814379775514258   8.620894649720507   78.96455684129022
1.8675691282445197   8.033604537538961   76.18230518298805
1.922317750584177   7.485335092783984   73.45988815932826
1.9786713532176083   6.973575570795723   70.79668636478907
2.0366769868582977   6.495969454077346   68.19233801702664
2.0963830815323896   6.050304245758454   65.64706428434039
2.1578394870138577   5.634505187631061   63.161131293691966
2.2210975144450407   5.24662750987138   60.73473438768523
2.286209979177315   4.884848650999712   58.3679985859288
2.3532312448676476   4.547460916366267   56.060979217119794
2.4222172688678643   4.232864552425936   53.81366271841484
2.4932256489445366   3.9395612336475176   51.62597163350072
2.5663156713684585   3.666149261118164   49.49807051912193
2.641548360413907   3.4113181960205043   47.43051430539298
2.7189865293089923   3.173840842549953   45.42370699286544
2.798694832679631   2.9525679995628447   43.47785737515674
2.8807398205309562   2.746423757385222   41.59299147903123
2.9651899938111903   2.5544010577351193   39.76896498242312
3.05211586160442   2.3755575036611902   38.00547553804541
3.1415899999999994   2.2090111769701317   36.30206341348257
