0.01   18697.865842364754   18671.49513793635
0.010293154462191829   18976.73833736816   18947.747518409727
0.010594902878253955   19251.455326101768   19219.60016842967
0.010905497183778876   19521.461128103823   19486.477612491737
0.011225196699963396   19786.165074324206   19747.765123227397
0.011554268350120923   20044.961857395734   20002.83264748677
0.011892986882540897   20297.231088423327   20251.034596181253
0.012241635099881474   20542.317429009596   20491.688559590322
0.012600504095286909   20779.546815124068   20724.092776627316
0.012969893495426888   21008.237042677298   20947.53749789975
0.013350111710660605   21227.679547874322   21161.284016728798
0.013741476192534558   21437.13660762292   21364.561380061034
0.014144313698828986   21635.866794288864   21556.595440411522
0.01455896056637426   21823.121360771085   21736.604281243457
0.014985762991865008   21998.12351316464   21903.773430329482
0.01542507732090645   22160.094360600855   22057.286399254812
0.015877270345534218   22308.262550711202   22196.33583241838
0.016342719610456153   22441.84451217073   22320.099590732243
0.016821813728271667   22560.05237728364   22427.74996082109
0.017314952703931925   22662.11773940667   22518.481755757777
0.017822548268711737   22747.28841543678   22591.507220252442
0.01834502422397195   22814.819829335018   22646.04400676
0.018882816794999403   22863.99766709532   22681.34389233603
0.019436374995219892   22894.14613824111   22696.702685185937
0.02000616100108813   22904.632111234634   22691.464711139633
0.020592650537967844   22894.87058340715   22665.02907923381
0.021196333277324068   22864.330430490805   22616.856250628305
0.02181771324555934   22812.557017653708   22546.492197504103
0.022457309244835088   22739.18937368888   22453.586696328388
0.02311565528622961   22643.936387310558   22337.868368645002
0.023793301035594242   22526.59325207281   22199.165637747305
0.024490812272480036   22387.1215870039   22037.507988424048
0.025208771362518027   22225.5908992994   21853.050175272077
0.0259477777436476   22042.14908702467   21646.033323823776
0.02670844842659881   21837.134591155896   21416.912609281262
0.027491418510046592   21611.089565381288   21166.37082245285
0.028297341710866907   21364.6274422242   20895.165599705702
0.029126890909937666   21098.50148804181   20604.207534994028
0.029980758713939952   20813.81681280633   20294.802014490193
0.030859658033628758   20511.78090479683   19968.360242559116
0.031764322679055976   20193.639505482763   19626.324317096016
0.03269550797224261   19860.91833757353   19270.436417170888
0.033653991377811755   19515.339265224597   18902.64236615957
0.03464057315210884   19158.59424729374   18524.8378082419
0.03565607701135116   18792.582620109722   18139.09499979258
0.036701350819364466   18419.74924161196   17747.985512823107
0.03777726729548091   18042.500950970287   17354.014110806933
0.038884724743189276   17663.073048414757   16959.49405792144
0.04002464780014597   17283.320374960094   16566.37537679981
0.041197988210172884   16904.84572624861   16176.353874267272
0.04240572561788674   16529.14257387372   15790.990840274457
0.04364886838662332   16158.325042674436   15412.277639307362
0.04492845444033957   15795.530316085911   15042.943595616924
0.04624555213019635   15443.724381576612   14685.535722365732
0.04760126112654554   15105.388751623874   14342.13406865694
0.04899671333706607   14781.586173951127   14013.420130580977
0.05043307385181555   14472.85431008673   13699.575282170186
0.05191154191598653   14179.60705466868   13400.685190544045
0.053433351931179485   13901.226309058758   13115.900573041461
0.05499977448602865   13636.346134157366   12843.704060645667
0.05661211741704101   13383.631055862796   12582.634884870271
0.05827172690053434   13141.165452256244   12330.812431901344
0.05997998857658587   12906.612322356987   12086.06290640026
0.06173832870592997   12677.689953148118   11846.308269229148
0.0635482153607709   12451.65637403621   11609.259885456857
0.06541115965050462   12225.684931879543   11372.644353681715
0.06732871698337338   11996.741699581753   11134.173400672096
0.06930248836510605   11761.212033143309   10891.363050015821
0.07133412173562886   11515.605818141521   10641.906286065612
0.07342531334496233   11256.186074177649   10383.613729721586
0.07557780916945323   10979.467683828369   10114.58385650648
0.07779340636952398   10682.91530539968   9833.883990806084
0.08007395479015682   10364.905536575636   9541.36567175011
0.08242135850536496   10025.781426947613   9238.14967195421
0.08483757740794096   9667.670838167363   8926.460418731673
0.08732462884580919   9294.573020260537   8609.53388147533
0.08988458930634863   8911.912516656563   8291.350654154843
0.09251959615009227   8526.108742694409   7976.406696647022
0.09523184939525078   8143.870436471798   7669.168448231641
0.09802361355455057   7771.951221370309   7373.369528105607
0.10089721952591899   7416.718287430549   7092.1625428128755
0.10385506653859616   7084.245982297567   6828.253848352455
0.10689962415629803   6779.487610644258   6583.562220630698
0.11003343433910281   6506.283380951918   6358.95827682461
0.11325911356578279   6266.199950193978   6154.138008519311
0.11657935501835284   6058.038108583191   5967.331193015977
0.11999693083066039   5877.4067836903605   5795.285375595465
0.12351469440289359   5717.3071414252545   5633.676291511969
0.12713558278394044   5568.671115640197   5478.04452243134
0.13086261912358757   5421.9917903338965   5324.208598677046
0.13469891519660646   5268.181503272595   5168.586733911483
0.13864767400083483   5099.980117138337   5009.154575860574
0.14271219243142114   4912.786937027919   4845.165103107554
0.14689586403346616   4705.6887558208255   4677.043151454624
0.1512021818353596   4481.900179276042   4507.58912555684
0.15563474126517718   4247.97321101034   4339.86595561873
0.16019724315257297   4012.762803028411   4176.44884275843
0.1648934968186736   3786.211291177395   4020.3582620591437
0.1697274232565544   3578.1202830794296   3873.3358096101865
0.17470305840495237   3396.1781692273894   3737.3789626764574
0.17982455651794954   3243.511126471135   3611.835243582569
0.18509619363343993   3117.214588304776   3494.2279232827805
0.19052237114327647   3009.3858979276265   3383.0367327835984
0.19610761946807834   2910.099663918175   3275.3251365924175
0.20185660183976684   2809.6754840036006   3169.724063370023
0.20777411819498756   2699.785652262441   3064.972795055794
0.21386510918267082   2575.7133742256565   2961.139745414368
0.22013466028907505   2439.3000285788276   2858.718585810954
0.22658800608375756   2298.442355094348   2759.599131301273
0.23323053459001789   2162.829299397491   2664.663465982915
0.2400677917834628   2040.4331444412828   2574.3657477080937
0.24710548622244882   1935.8773508000447   2489.159221292067
0.25434949381426813   1848.6548727105264   2408.07490018015
0.2618058627210567   1772.8823634085777   2330.6502456887224
0.2694808184095226   1700.403885813445   2256.0987810817824
0.27738076884870827   1623.9106941998764   2183.525552117002
0.2855123098601282   1540.4115224245147   2112.963257859786
0.29388223062474755   1452.9175413139246   2044.3809773395808
0.3024975193514008   1367.8272258217935   1979.0661383863703
0.31136536911138296   1290.6498613811243   1916.2169260342228
0.3204931838440838   1223.898282044888   1856.3007670659197
0.32988858453867975   1165.5672385173336   1799.2165482170974
0.3395594155970457   1110.4771948309765   1744.3466068989646
0.34951375138319807   1054.3816373172715   1691.1644702125532
0.3597599029647371   996.2976568135907   1639.8075536484373
0.37030642505191835   938.756645462598   1590.2649458924095
0.3811621231401457   885.4540894069308   1542.773528956693
0.3923360608618501   837.8154749320292   1497.5137115870007
0.4038375675538918   794.4408460114113   1454.0450719043754
0.41567624604680364   752.6846943052132   1412.2196600359985
0.42786198068238046   711.0046898522272   1371.6548103257467
0.4404049455663077   670.1949330283375   1332.4702329070237
0.4533156130627191   631.9810968122875   1294.885913351683
0.4666047625377753   596.9491213213709   1258.8298023600812
0.4802834893595659   564.2047600752219   1224.1708188771959
0.49436321416184764   532.5723648815463   1190.6249485394244
0.5088556923793517   501.92996611763215   1158.097477652165
0.5237730240626238   472.9601176063454   1126.7482544612635
0.5391276639805903   445.9844612219694   1096.542635428956
0.5549324320192869   420.57576780231017   1067.3553012678847
0.5712005238854289   396.27060755971866   1039.0344667525915
0.5879455221237613   373.1201148070001   1011.5668332889028
0.6051814074573895   351.3499361892943   984.9882352832485
0.622922570460556   330.8693449375947   959.2317514353648
0.6411838235736077   311.4409627869449   934.1708322992534
0.6599804134701901   293.0190944245623   909.7936105524421
0.6793280337869897   275.6596108054101   886.1029413751943
0.6992428382266549   259.28896628702097   863.0177276228184
0.7197414540448374   243.82895813609738   840.4921178247065
0.7408409959326054   229.23114346778453   818.5095184263386
0.7625590803058332   215.45294937789117   797.0342307139953
0.7849138400134885   202.45352270680888   776.0327333801584
0.8079239394770964   190.19359622895914   755.474153932357
0.8316085902740278   178.63546594845926   735.3301314808542
0.8559875671776167   167.7429649017371   715.5746903117549
0.8810812246675007   157.48143250531183   696.1841259379399
0.9069105139239728   147.81739639651215   677.1375287505733
0.9334970003205227   138.71828919638287   658.4173668478484
0.960862881429187   130.15308204994716   640.0080328909474
0.9890310055537336   122.09231264170661   621.8955577408541
1.0180248908061487   114.50801537070512   604.067534006241
1.047868744742366   107.37365402596203   586.5130426027581
1.0785874845736239   100.66405691350934   569.2225817802417
1.1102067579703248   94.3553605585383   552.1882451158884
1.1427529644757777   88.42502029084497   535.4066233674184
1.1762532775476793   82.85170734643482   518.8773568180752
1.210735667245765   77.61519127476075   502.60058460999363
1.246228923584555   72.69629001745709   486.5768516371073
1.2827626805706884   68.07682295921249   470.80707027417395
1.3203674409449337   63.73956553075737   455.2924822435706
1.3590746016495152   59.668205353982664   440.0346208415669
1.3989164800420282   55.847291314232464   425.03665518839057
1.4399263408778291   52.26217613074608   410.3063244529484
1.4821384240834183   48.89900573767154   395.85165586415155
1.525587973344019   45.744686914755256   381.67990056224403
1.5703112655292182   42.786849441023215   367.79754458286004
1.6163456409812174   40.013809844752664   354.2103216988633
1.6637295346910133   37.41453670321955   340.92322800503683
1.7125025083885144   34.97861734383257   327.9406262727789
1.7627052835733923   32.69622384974553   315.2682864826441
1.814379775514258   30.55808339530576   302.91308769112356
1.8675691282445197   28.555452016192042   290.8806778539347
1.922317750584177   26.680086899918194   279.1754279611213
1.9786713532176083   24.924219835674172   267.80050148181505
2.0366769868582977   23.28053191077696   256.75792477145023
2.0963830815323896   21.742129406844864   246.04865792879633
2.1578394870138577   20.302519462845243   235.67267972801451
2.2210975144450407   18.955583200209432   225.62911225576065
2.286209979177315   17.69556141052555   215.91622981965597
2.3532312448676476   16.517037076571388   206.53150256893
2.4222172688678643   15.414916208316598   197.47166484967076
2.4932256489445366   14.384409666253527   188.7327817551382
2.5663156713684585   13.421015928504175   180.3103136123306
2.641548360413907   12.52050486001155   172.1991756136907
2.7189865293089923   11.678907592686539   164.39365804284444
2.798694832679631   10.892502731963022   156.88744402716063
2.8807398205309562   10.157793416644688   149.67389098511336
2.9651899938111903   9.471493966698537   142.74609594623405
3.05211586160442   8.830517974677168   136.09693819567278
3.1415899999999994   8.231967001653652   129.7191194125399
