0.01   243.9459079585027   243.94589695799024
0.010293154462191829   246.79233341906226   246.79231755407017
0.010594902878253955   249.55275115171614   249.55273061171033
0.010905497183778876   252.21931420638413   252.21929049783134
0.011225196699963396   254.78406405566457   254.7840400720783
0.011554268350120923   257.2389486469567   257.23892792847164
0.011892986882540897   259.5757503992682   259.5757341167019
0.012241635099881474   261.7862108687898   261.7861970024187
0.012600504095286909   263.8620651229288   263.86204859874044
0.012969893495426888   265.79465753425455   265.7946340539371
0.013350111710660605   267.57504843249956   267.57501768734954
0.013741476192534558   269.19439342045575   269.19435929195214
0.014144313698828986   270.64376231879834   270.6437308694078
0.01455896056637426   271.91380627564536   271.9137803291842
0.014985762991865008   272.9953057111285   272.9952839054575
0.01542507732090645   273.8792868201735   273.879263961442
0.015877270345534218   274.55679181334403   274.55676298209806
0.016342719610456153   275.0190704360575   275.0190333611355
0.016821813728271667   275.2578136806509   275.2577687787676
0.017314952703931925   275.26492749554245   275.2648760146391
0.017822548268711737   275.03236644166464   275.03230712711166
0.01834502422397195   274.55267039965486   274.55259916249827
0.018882816794999403   273.81906709245175   273.81897714728143
0.019436374995219892   272.8254321092746   272.82531466903345
0.02000616100108813   271.5664351404874   271.56627974229923
0.020592650537967844   270.0376596766578   270.0374543115491
0.021196333277324068   268.23581431008785   268.2355467148708
0.02181771324555934   266.1588229632359   266.1584821809991
0.022457309244835088   263.805689804818   263.80526632784216
0.02311565528622961   261.1767643395434   261.17625001711644
0.023793301035594242   258.27451731839176   258.2739048425644
0.024490812272480036   255.10279438331665   255.10207719116318
0.025208771362518027   251.66664459585357   251.66581698416843
0.0259477777436476   247.9738911851899   247.97294960191394
0.02670844842659881   244.03480340739662   244.0337474923402
0.027491418510046592   239.86055976305357   239.8593922367117
0.028297341710866907   235.46437523696406   235.4631033423494
0.029126890909937666   230.86358150080372   230.862221225693
0.029980758713939952   226.0763973777892   226.07497349115792
0.030859658033628758   221.12161197119696   221.12015716074248
0.031764322679055976   216.022833684423   216.02138791269073
0.03269550797224261   210.80603080281526   210.80464048198888
0.033653991377811755   205.49622852065067   205.49494545502407
0.03464057315210884   200.1200931765441   200.1189704871735
0.03565607701135116   194.7080794148674   194.70716503939008
0.036701350819364466   189.28904956998838   189.2883856804295
0.03777726729548091   183.89081262945217   183.89043871591227
0.038884724743189276   178.5474370046731   178.54740962060686
0.04002464780014597   173.2931950535477   173.29359393140382
0.041197988210172884   168.1584986433632   168.15942238613917
0.04240572561788674   163.1673300214004   163.1688349539914
0.04364886838662332   158.3368525482382   158.33887895909615
0.04492845444033957   153.681578135111   153.68395837261997
0.04624555213019635   149.21764981485632   149.2201495159152
0.04760126112654554   144.9762400053393   144.97869624347146
0.04899671333706607   140.98951492237902   140.99186606966768
0.05043307385181555   137.28319757110495   137.2854689546314
0.05191154191598653   133.84950506763494   133.85175745085354
0.053433351931179485   130.6608546752788   130.66315252552815
0.05499977448602865   127.6915952832039   127.6939969246648
0.05661211741704101   124.91652372223969   124.91896422868444
0.05827172690053434   122.31130580586412   122.31352609390937
0.05997998857658587   119.85139016651067   119.8529636149522
0.06173832870592997   117.50153098321277   117.50195263319219
0.0635482153607709   115.22440279690372   115.22312523846198
0.06541115965050462   112.97884896469448   112.97538144899806
0.06732871698337338   110.7158630572297   110.70992803521949
0.06930248836510605   108.38709794870398   108.37864466399263
0.07133412173562886   105.93702462100997   105.92626400681715
0.07342531334496233   103.31259109954131   103.29998299288734
0.07557780916945323   100.47032552325102   100.45644724840771
0.07779340636952398   97.37687306561705   97.36233467503281
0.08007395479015682   94.02059975798464   94.0060045563556
0.08242135850536496   90.40901455649015   90.3949285057136
0.08483757740794096   86.57594929205736   86.56291599864363
0.08732462884580919   82.5741016297877   82.5626629630356
0.08988458930634863   78.47297856993349   78.46379477343153
0.09251959615009227   74.34860547049647   74.34245751370544
0.09523184939525078   70.28334668471226   70.2809777767992
0.09802361355455057   66.3599708671904   66.3618661303357
0.10089721952591899   62.66240554643214   62.668524716438704
0.10385506653859616   59.26335501443289   59.27311020613716
0.10689962415629803   56.22807842312759   56.24027879344523
0.11003343433910281   53.59488193291259   53.60802824117974
0.11325911356578279   51.37511108122306   51.38768075672798
0.11657935501835284   49.540659724220724   49.55121276341312
0.11999693083066039   48.03420722902359   48.04143079442077
0.12351469440289359   46.76594358422629   46.76866242394678
0.12713558278394044   45.63218125431864   45.629478605726376
0.13086261912358757   44.519131108188354   44.51057786106621
0.13469891519660646   43.31800821982601   43.30383649660359
0.13864767400083483   41.93767902796199   41.91893176337157
0.14271219243142114   40.31949288490895   40.29807448234607
0.14689586403346616   38.45127895524604   38.4295984121925
0.1512021818353596   36.36746428454267   36.34820639766904
0.15563474126517718   34.144405580999454   34.130168457005254
0.16019724315257297   31.89128238550139   31.88382400061265
0.1648934968186736   29.73755416916494   29.736987934468363
0.1697274232565544   27.807433211367325   27.812254486457253
0.17470305840495237   26.18620364271132   26.193990602709416
0.17982455651794954   24.89597184333618   24.903986678618807
0.18509619363343993   23.89633722638414   23.901670176749498
0.19052237114327647   23.105149459817497   23.104962087651835
0.19610761946807834   22.41501873524123   22.407517966741402
0.20185660183976684   21.702511712629725   21.68819558637642
0.20777411819498756   20.85710754779974   20.838605320157722
0.21386510918267082   19.828999558207727   19.809740907215218
0.22013466028907505   18.64928048475308   18.632554776120163
0.22658800608375756   17.40462830521151   17.39334493811468
0.23323053459001789   16.203439396156476   16.198423019903505
0.2400677917834628   15.147315298939724   15.146951952406424
0.24710548622244882   14.294660715991219   14.295386915257579
0.25434949381426813   13.63373889170023   13.631999367201349
0.2618058627210567   13.098033519261561   13.091032354659088
0.2694808184095226   12.589167124373397   12.576582939677374
0.27738076884870827   12.017943790334579   12.002123778476188
0.2855123098601282   11.353655926961338   11.337955120770154
0.29388223062474755   10.63130647278582   10.618886537828807
0.3024975193514008   9.921256368657296   9.913224842478487
0.31136536911138296   9.295694417597879   9.290561537546523
0.3204931838440838   8.786086721761835   8.78044352898953
0.32988858453867975   8.365105499008699   8.356593499395297
0.3395594155970457   7.973973181838208   7.961954146047886
0.34951375138319807   7.5593439809760135   7.545661523428812
0.3597599029647371   7.108346024026417   7.095635844381556
0.37030642505191835   6.654198846106943   6.643994707383096
0.3811621231401457   6.240215809088632   6.231855814381408
0.3923360608618501   5.885966612853764   5.877300018285554
0.4038375675538918   5.575715986227316   5.565270980680928
0.41567624604680364   5.275276055752659   5.263378266121204
0.42786198068238046   4.9657269825126615   4.953969673600907
0.4404049455663077   4.657273241167002   4.6468205057014345
0.4533156130627191   4.371683813651464   4.3621890152554705
0.4666047625377753   4.118033608059173   4.1082779403950935
0.4802834893595659   3.88483556093232   3.874259110266446
0.49436321416184764   3.657066975850689   3.646297857895287
0.5088556923793517   3.4330202455009857   3.422858205391445
0.5237730240626238   3.2223024215174605   3.2127479427498424
0.5391276639805903   3.0297814772213956   3.0202350047800053
0.5549324320192869   2.8501703974130175   2.8403995606631582
0.5712005238854289   2.677205424701502   2.6676094406797444
0.5879455221237613   2.5119397929294247   2.502798154845659
0.6051814074573895   2.3579754978787455   2.3491002519401754
0.622922570460556   2.2144847905059915   2.2056861613770544
0.6411838235736077   2.078335943774841   2.0697407364906457
0.6599804134701901   1.9491711347426626   1.940932440636539
0.6793280337869897   1.8282590105282779   1.8202956384701623
0.6992428382266549   1.7149254732260502   1.7071847029136602
0.7197414540448374   1.6080905743677667   1.6006065121124977
0.7408409959326054   1.507452650329   1.5002517700563671
0.7625590803058332   1.4127163231996864   1.405818416616162
0.7849138400134885   1.3235932665035144   1.317012308921019
0.8079239394770964   1.2398028470721718   1.233547783352973
0.8316085902740278   1.161072652357798   1.1551481075862418
0.8559875671776167   1.0871388190407005   1.081545750212602
0.8810812246675007   1.0177378510233444   1.012475191653618
0.9069105139239728   0.9526029020578395   0.9476696381936536
0.9334970003205227   0.8914806854645303   0.8868757884396457
0.960862881429187   0.8341325244853148   0.829854708495371
0.9890310055537336   0.7803335261413143   0.7763810613643224
1.0180248908061487   0.7298718014452961   0.7262423748510575
1.047868744742366   0.6825477293526706   0.679238346213885
1.0785874845736239   0.6381733498261476   0.6351802538993329
1.1102067579703248   0.5965732939377565   0.593891631141978
1.1427529644757777   0.5575835201966435   0.555207144058479
1.1762532775476793   0.5210489740360255   0.5189705883081004
1.210735667245765   0.48682309354974684   0.4850344007811149
1.246228923584555   0.45476740148877076   0.4532592441608277
1.2827626805706884   0.4247511123729528   0.4235136061787114
1.3203674409449337   0.39665075451955045   0.39567341350522006
1.3590746016495152   0.3703497570412968   0.36962158997523703
1.3989164800420282   0.3457377922054127   0.3452472629892986
1.4399263408778291   0.3227107426932599   0.32244584576857005
1.4821384240834183   0.3011705730245313   0.3011189797049922
1.525587973344019   0.2810250006167413   0.28117418874602945
1.5703112655292182   0.26218718162525795   0.26252454945713993
1.6163456409812174   0.24457541221358275   0.2450883778570445
1.6637295346910133   0.22811284462139558   0.2287889323093441
1.7125025083885144   0.21272722162137414   0.21355419919867363
1.7627052835733923   0.19835062947682433   0.19931677258022884
1.814379775514258   0.18491923968466048   0.18601335990501175
1.8675691282445197   0.17237307510331218   0.17358449182774832
1.922317750584177   0.1606557919605402   0.1619743086309624
1.9786713532176083   0.14971447311261063   0.15113035708469838
2.0366769868582977   0.1394994320548859   0.1410033973592594
2.0963830815323896   0.12996402693299977   0.13154721851272377
2.1578394870138577   0.12106446196334339   0.12271837106778527
2.2210975144450407   0.11275961171222906   0.11447596336719493
2.286209979177315   0.10501090764954683   0.10678168642782872
2.3532312448676476   0.09778219103824837   0.09959967425577763
2.4222172688678643   0.09103956933636097   0.09289635319146185
2.4932256489445366   0.08475128063662538   0.08664030012126074
2.5663156713684585   0.07888756573180575   0.08080210906779672
2.641548360413907   0.07342054949757115   0.07535427136982382
2.7189865293089923   0.0683241631783186   0.07027115624485392
2.798694832679631   0.06357402086691691   0.06552885677812856
2.8807398205309562   0.0591472787980646   0.06110497817995521
2.9651899938111903   0.05502254174807424   0.05697854420358931
3.05211586160442   0.05117977605715888   0.05312991253766588
3.1415899999999994   0.04760022747965818   0.04954069476053651
