0.01   1882.311185826307   1882.2598045851178
0.010293154462191829   1903.805329052714   1903.7535360101701
0.010594902878253955   1924.625454396417   1924.5733914266464
0.010905497183778876   1944.7139638375195   1944.661721814256
0.011225196699963396   1964.012648809929   1963.960266203616
0.011554268350120923   1982.4602686225992   1982.4077539295365
0.011892986882540897   1999.9927194939573   1999.9400741349623
0.012241635099881474   2016.5457122080152   2016.4929312846432
0.012600504095286909   2032.0541581713985   2032.0012397985654
0.012969893495426888   2046.4503295596164   2046.3973048787846
0.013350111710660605   2059.6665034664024   2059.6134433980387
0.013741476192534558   2071.6355316622944   2071.5825430338355
0.014144313698828986   2082.2875367199963   2082.2347048201755
0.01455896056637426   2091.551474111869   2091.4988229527507
0.014985762991865008   2099.358061877326   2099.3055524654137
0.01542507732090645   2105.6385462587723   2105.5861124399066
0.015877270345534218   2110.32323576827   2110.270861156678
0.016342719610456153   2113.3450385307606   2113.2927668638945
0.016821813728271667   2114.6399118738977   2114.5878275970003
0.017314952703931925   2114.144245405704   2114.092324174581
0.017822548268711737   2111.7972996742496   2111.7453402134884
0.01834502422397195   2107.543334259447   2107.490961358421
0.018882816794999403   2101.33103932871   2101.2777900492642
0.019436374995219892   2093.113583552614   2093.059029478966
0.02000616100108813   2082.850635778551   2082.7943945082575
0.020592650537967844   2070.509274180032   2070.4509863429703
0.021196333277324068   2056.065539810884   2056.004749856948
0.02181771324555934   2039.503885674107   2039.4400110861
0.022457309244835088   2020.8173507230272   2020.7496958655909
0.02311565528622961   2000.0125053141094   1999.940389728058
0.023793301035594242   1977.1094396697288   1977.032320326586
0.024490812272480036   1952.1371583878179   1952.0546344914846
0.025208771362518027   1925.1382312649318   1925.050065180663
0.0259477777436476   1896.1789717618947   1896.0851564872733
0.02670844842659881   1865.3361156368653   1865.2368782107412
0.027491418510046592   1832.6950196512432   1832.5908180465876
0.028297341710866907   1798.3692491677336   1798.2608917836212
0.029126890909937666   1762.4913111463038   1762.3800189498643
0.029980758713939952   1725.1963433713017   1725.0837111622109
0.030859658033628758   1686.6390354639002   1686.5270287466278
0.031764322679055976   1647.0113092937888   1646.9023003704376
0.03269550797224261   1606.504290272476   1606.4010100459582
0.033653991377811755   1565.307400202218   1565.212881264534
0.03464057315210884   1523.6430577459384   1523.5606019053848
0.03565607701135116   1481.7389408729596   1481.6720722117682
0.036701350819364466   1439.8070587725304   1439.7594629593848
0.03777726729548091   1398.0845021485127   1398.0597675626902
0.038884724743189276   1356.8467551208917   1356.8480577907942
0.04002464780014597   1316.3450180572727   1316.3751274066205
0.041197988210172884   1276.7954687592035   1276.8567539211151
0.04240572561788674   1238.3561929461266   1238.4505126030497
0.04364886838662332   1201.1546739423788   1201.283390138765
0.04492845444033957   1165.3046679573108   1165.4686531946434
0.04624555213019635   1131.0051895745999   1131.2035379231684
0.04760126112654554   1098.5300037275372   1098.758918069927
0.04899671333706607   1068.121749939949   1068.3748567914695
0.05043307385181555   1039.8856083586902   1040.1545232030717
0.05191154191598653   1013.6742497516118   1013.9493407033705
0.053433351931179485   989.3207325024648   989.5912892219989
0.05499977448602865   966.659981457756   966.9141702890815
0.05661211741704101   945.5116278980413   945.7362994941925
0.05827172690053434   925.7043945614782   925.8851411378417
0.05997998857658587   907.0183896757353   907.1402457678342
0.06173832870592997   889.1733822392125   889.2216514290201
0.0635482153607709   871.8909989448115   871.8515829614257
0.06541115965050462   854.8242055155225   854.6852424941443
0.06732871698337338   837.6154937954501   837.3680595422719
0.06930248836510605   819.8702115302535   819.5103570253724
0.07133412173562886   801.1577140796347   800.688582561602
0.07342531334496233   781.0884592392277   780.5215454545381
0.07557780916945323   759.3222961017816   758.6798033994279
0.07779340636952398   735.6173492590548   734.9310956450951
0.08007395479015682   709.8957983300437   709.2049884910055
0.08242135850536496   682.2221228592254   681.5722518212891
0.08483757740794096   652.879235953618   652.322000978491
0.08732462884580919   622.271362912934   621.8594983289873
0.08988458930634863   590.9347619425207   590.7151963085827
0.09251959615009227   559.463972475535   559.4766066314485
0.09523184939525078   528.4843050084843   528.7605397490488
0.09802361355455057   498.6645164995858   499.21844085664026
0.10089721952591899   470.6130691822684   471.44007207417815
0.10385506653859616   444.9164669243659   445.98952961031915
0.10689962415629803   422.0479584890475   423.31888245974835
0.11003343433910281   402.28199700383584   403.67915676489855
0.11325911356578279   385.68944193353855   387.1243116373766
0.11657935501835284   372.03176089411636   373.41090268758376
0.11999693083066039   360.8431460788553   362.0761155925725
0.12351469440289359   351.44458263798526   352.4529915445044
0.12713558278394044   343.0149887020491   343.74913925831254
0.13086261912358757   334.69032192818605   335.1394297633428
0.13469891519660646   325.62770104327757   325.8268356059715
0.13864767400083483   315.1373336756758   315.16815187035616
0.14271219243142114   302.79021211437686   302.7744145296663
0.14689586403346616   288.5026882050229   288.59000364271054
0.1512021818353596   272.56863595777276   272.92115890313704
0.15563474126517718   255.60550597118285   256.35767551781754
0.16019724315257297   238.48164767050523   239.71672727207033
0.1648934968186736   222.19944189661132   223.9366213951105
0.1697274232565544   207.70440542936063   209.87766455168867
0.17470305840495237   195.6231958656788   198.07877799617756
0.17982455651794954   186.0828023764976   188.6471733947994
0.18509619363343993   178.7461954907197   181.23630334449288
0.19052237114327647   172.96580474425153   175.23665004412874
0.19610761946807834   167.8902096725487   169.87233188954562
0.20185660183976684   162.55141397151166   164.27264634683783
0.20777411819498756   156.11667655731526   157.70868560990905
0.21386510918267082   148.24915328360447   149.93830629144156
0.22013466028907505   139.22967105701716   141.21220211197902
0.22658800608375756   129.7539835116304   132.1553221274685
0.23323053459001789   120.67998593675239   123.5212065760227
0.2400677917834628   112.78921201280087   115.95878924157851
0.24710548622244882   106.49807906006725   109.80720826745721
0.25434949381426813   101.67534160029433   104.90921077100083
0.2618058627210567   97.76757189176519   100.79100332739063
0.2694808184095226   93.9903731799202   96.79575557329112
0.27738076884870827   89.66705796931264   92.36909621398834
0.2855123098601282   84.60154865794024   87.39561079212527
0.29388223062474755   79.10088623682095   82.13483140182966
0.3024975193514008   73.74051843202845   77.04722001451351
0.31136536911138296   69.08369789092635   72.56623566917408
0.3204931838440838   65.33916378327685   68.81391255456741
0.32988858453867975   62.25814507311124   65.60275931028724
0.3395594155970457   59.36088378279803   62.5533221066442
0.34951375138319807   56.23535709692943   59.3736523415889
0.3597599029647371   52.81511126565365   56.025455194259145
0.37030642505191835   49.389201890906264   52.7346878665042
0.3811621231401457   46.302486559858615   49.73065888888843
0.3923360608618501   43.69224941531478   47.09329791199656
0.4038375675538918   41.40686277960032   44.71310414828204
0.41567624604680364   39.16672297030948   42.39902662228006
0.42786198068238046   36.836903517856314   40.07019180383216
0.4404049455663077   34.51892850144841   37.798933869546616
0.4533156130627191   32.39305993451145   35.69194087645005
0.4666047625377753   30.519320335573923   33.7773563970386
0.4802834893595659   28.792248229645047   31.98752094368614
0.49436321416184764   27.09053849367064   30.252472950955966
0.5088556923793517   25.413660718138182   28.57243595061568
0.5237730240626238   23.845289854930808   26.994502798142488
0.5391276639805903   22.42005902130295   25.53077360598134
0.5549324320192869   21.08751523094667   24.1510295922123
0.5712005238854289   19.798449641606698   22.830606807499034
0.5879455221237613   18.567775645666035   21.576327053097717
0.6051814074573895   17.42586331688087   20.400065070297714
0.622922570460556   16.362280807167583   19.294154555248998
0.6411838235736077   15.350526454033258   18.24434245964018
0.6599804134701901   14.392100093728695   17.2509197948089
0.6793280337869897   13.491975113694055   16.31465857549965
0.6992428382266549   12.646846984651203   15.431071042147433
0.7197414540448374   11.853214609667932   14.597167334535872
0.7408409959326054   11.107805323710496   13.810183172188026
0.7625590803058332   10.407578073293957   13.067500619096618
0.7849138400134885   9.749705069597784   12.366641172352153
0.8079239394770964   9.13155501281823   11.705259097338672
0.8316085902740278   8.55067774438828   11.081135008335089
0.8559875671776167   8.004829953723052   10.492176273757396
0.8810812246675007   7.492063224074399   9.936428374628386
0.9069105139239728   7.010559885466329   9.41204486338275
0.9334970003205227   6.5585844574194425   8.917275483711675
0.960862881429187   6.134481555571125   8.450461934728512
0.9890310055537336   5.7366736909109735   8.010033743248488
1.0180248908061487   5.363658982313172   7.594504249899524
1.047868744742366   5.01400868337589   7.202466668787982
1.0785874845736239   4.686351220439647   6.832585086553835
1.1102067579703248   4.3793619878185766   6.483587367643114
1.1427529644757777   4.091789237459113   6.1542721947002645
1.1762532775476793   3.822453489840806   5.843506551774681
1.210735667245765   3.570243596606223   5.550222055205241
1.246228923584555   3.3341130025494254   5.273411457723469
1.2827626805706884   3.1130761978203307   5.0121253200461435
1.3203674409449337   2.9062054909425417   4.765468467636736
1.3590746016495152   2.7126306424105104   4.53258916207849
1.3989164800420282   2.5315348454816213   4.312678219144401
1.4399263408778291   2.3621485434648104   4.104975134331152
1.4821384240834183   2.2037468029385616   3.9087654792622364
1.525587973344019   2.0556469494010288   3.723378080769505
1.5703112655292182   1.9172063109909117   3.5481823717170475
1.6163456409812174   1.787820066660475   3.3825859033944012
1.6637295346910133   1.666919083685869   3.2260307604636234
1.7125025083885144   1.553967204065848   3.0779825078109426
1.7627052835733923   1.4484600945783008   2.937935255013066
1.814379775514258   1.3499239778198358   2.8054153843832945
1.8675691282445197   1.2579138948993014   2.67997941344791
1.922317750584177   1.1720120547914232   2.561211964745805
1.9786713532176083   1.091826270556474   2.4487238791980372
2.0366769868582977   1.016988478420742   2.342150462462864
2.0963830815323896   0.9471532836083565   2.2411456782788193
2.1578394870138577   0.8819965073969481   2.1453696697591638
2.2210975144450407   0.8212141313473269   2.054502031828668
2.286209979177315   0.7645211563745545   1.9682444688245628
2.3532312448676476   0.7116504693222562   1.886319118992183
2.4222172688678643   0.6623517728550419   1.8084670167204666
2.4932256489445366   0.6163905754421449   1.734446680376859
2.5663156713684585   0.5735472401380142   1.664032796318453
2.641548360413907   0.5336162757284728   1.597013005757403
2.7189865293089923   0.4964055861401083   1.5331854177182658
2.798694832679631   0.4617352776762744   1.4723615055243917
2.8807398205309562   0.42943688407153285   1.414365545095172
2.9651899938111903   0.39935267974164296   1.3590336585395255
3.05211586160442   0.37133503112456273   1.306212936037892
3.1415899999999994   0.34524578425322355   1.2557606290865941
