0.01   1259.8121906355802   1259.765597677317
0.010293154462191829   1275.7849851489755   1275.7383300096228
0.010594902878253955   1291.412992012158   1291.3663870873445
0.010905497183778876   1306.6629463968561   1306.6162982011872
0.011225196699963396   1321.5007640601054   1321.4538237746685
0.011554268350120923   1335.8903317074673   1335.8429651101544
0.011892986882540897   1349.79469520737   1349.746967463547
0.012241635099881474   1363.1765435638993   1363.128718455099
0.012600504095286909   1375.9969800442173   1375.9493368920055
0.012969893495426888   1388.2156667124357   1388.1683199604704
0.013350111710660605   1399.7921889364102   1399.74507467832
0.013741476192534558   1410.6858317356175   1410.6387718514673
0.014144313698828986   1420.8548527487478   1420.8077670956993
0.01455896056637426   1430.2576504886065   1430.2106013409227
0.014985762991865008   1438.853029825417   1438.806213725359
0.01542507732090645   1446.5987205875786   1446.552327147851
0.015877270345534218   1453.4521429387505   1453.4062584537567
0.016342719610456153   1459.3717730156677   1459.326376609556
0.016821813728271667   1464.3168551048966   1464.2718609983322
0.017314952703931925   1468.2470402136976   1468.2023892322386
0.017822548268711737   1471.1235840321137   1471.0792557594862
0.01834502422397195   1472.9096467158765   1472.8656510813746
0.018882816794999403   1473.5699953532458   1473.5263050199603
0.019436374995219892   1473.0715874059429   1473.028106654407
0.02000616100108813   1471.3841163417103   1471.3406821147996
0.020592650537967844   1468.48080038367   1468.4372194096497
0.021196333277324068   1464.3388646818246   1464.2949669986208
0.02181771324555934   1458.9390191370217   1458.8946629649095
0.022457309244835088   1452.2663175395508   1452.2213893238013
0.02311565528622961   1444.31319345442   1444.2676057336478
0.023793301035594242   1435.0770874653288   1435.0307782726832
0.024490812272480036   1424.5596493526402   1424.512582870326
0.025208771362518027   1412.7718797456973   1412.7240620529772
0.0259477777436476   1399.7340935113946   1399.6855877609828
0.02670844842659881   1385.4705926030115   1385.421517662563
0.027491418510046592   1370.0128855934909   1369.9634474756674
0.028297341710866907   1353.4076752915064   1353.3582758617488
0.029126890909937666   1335.7067853314768   1335.6580345096925
0.029980758713939952   1316.9655149143434   1316.9182138804856
0.030859658033628758   1297.2569964819425   1297.2120872185544
0.031764322679055976   1276.666338628109   1276.6248646454067
0.03269550797224261   1255.2784606735286   1255.2415532881487
0.033653991377811755   1233.1846167110784   1233.1535089511967
0.03464057315210884   1210.49054498826   1210.466617982781
0.03565607701135116   1187.3007262952358   1187.2854981431553
0.036701350819364466   1163.7198192362225   1163.714901599763
0.03777726729548091   1139.8832295909997   1139.8901150590266
0.038884724743189276   1115.9358986314785   1115.9558659953705
0.04002464780014597   1092.012739167857   1092.046866573929
0.041197988210172884   1068.2153444940238   1068.2645988448621
0.04240572561788674   1044.6010304379818   1044.6663911645066
0.04364886838662332   1021.2195970501881   1021.302061245752
0.04492845444033957   998.1370417585899   998.2373870375517
0.04624555213019635   975.5236287690701   975.6411690580253
0.04760126112654554   953.5714297450527   953.703729435095
0.04899671333706607   932.4509116214874   932.5939919973767
0.05043307385181555   912.211387016428   912.3608497250613
0.05191154191598653   892.781345826336   892.9334828954446
0.053433351931179485   874.0880550487058   874.2398461743873
0.05499977448602865   856.0506327054338   856.199265324774
0.05661211741704101   838.5616012801236   838.7034094570292
0.05827172690053434   821.5163497233059   821.6467293880953
0.05997998857658587   804.8055171782755   804.9191498040299
0.06173832870592997   788.2963996724352   788.3876806866941
0.0635482153607709   771.8614978890462   771.9246660814872
0.06541115965050462   755.3679603477902   755.398010477753
0.06732871698337338   738.6732583550652   738.6670936203354
0.06930248836510605   721.6415419854766   721.5982294960779
0.07133412173562886   704.1102498747704   704.0328015096665
0.07342531334496233   685.9195941573686   685.8154530152069
0.07557780916945323   666.9368195551311   666.817833941281
0.07779340636952398   647.0583164033311   646.9406713718456
0.08007395479015682   626.2429401430101   626.1460439963508
0.08242135850536496   604.5521996658061   604.4970186335817
0.08483757740794096   582.113727300524   582.1218478208862
0.08732462884580919   559.1856022305395   559.2782118643149
0.08988458930634863   536.0598490999027   536.2564831848963
0.09251959615009227   513.0820202520373   513.3983523249932
0.09523184939525078   490.58265659935853   491.0297040432356
0.09802361355455057   468.8750010724619   469.4581373150219
0.10089721952591899   448.235724038434   448.9526520515887
0.10385506653859616   428.9039124320823   429.74293064654347
0.10689962415629803   411.0701155578358   412.00990098329606
0.11003343433910281   394.87099808924387   395.8815896665153
0.11325911356578279   380.30721707195096   381.35132959103686
0.11657935501835284   367.2862283500165   368.3222513883405
0.11999693083066039   355.51574757193447   356.5091510585038
0.12351469440289359   344.61977271351043   345.5472505855254
0.12713558278394044   334.1247579679208   334.97758112152417
0.13086261912358757   323.5838921027586   324.370345774616
0.13469891519660646   312.61196595662676   313.3594819278435
0.13864767400083483   300.95562667119196   301.7100402701217
0.14271219243142114   288.51012781838466   289.33102485226243
0.14689586403346616   275.3501586352923   276.30287222561765
0.1512021818353596   261.7275467976701   262.87377920666046
0.15563474126517718   248.00799121157394   249.39581841235974
0.16019724315257297   234.61196856700667   236.2663975493262
0.1648934968186736   221.94954512241722   223.86613910361368
0.1697274232565544   210.38156549110153   212.52550502581497
0.17470305840495237   200.15438997764903   202.46168197279815
0.17982455651794954   191.30686922730084   193.6975001090671
0.18509619363343993   183.59785684541257   186.00448086329294
0.19052237114327647   176.57702945736827   178.95773422975046
0.19610761946807834   169.77514759650253   172.12283927260077
0.20185660183976684   162.82759196373166   165.16985308483999
0.20777411819498756   155.4917100319709   157.8915582620961
0.21386510918267082   147.69006515286995   150.23204253908602
0.22013466028907505   139.60581277854476   142.358502523192
0.22658800608375756   131.64056209897305   134.63185345817718
0.23323053459001789   124.19188243914624   127.40188420552182
0.2400677917834628   117.49394976329926   120.86741241482461
0.24710548622244882   111.60741380181801   115.0616704329899
0.25434949381426813   106.40413669699083   109.86872025127863
0.2618058627210567   101.58952327767118   105.02858735008361
0.2694808184095226   96.84220254503137   100.2680129138026
0.27738076884870827   91.96440071623942   95.42427836187713
0.2855123098601282   86.94163978405912   90.49607548571181
0.29388223062474755   81.96343155636725   85.64194628631358
0.3024975193514008   77.28288226182958   81.0708035978888
0.31136536911138296   73.03413976757066   76.88558378167242
0.3204931838440838   69.21512656065521   73.06783291739528
0.32988858453867975   65.69538215568777   69.51998288945884
0.3395594155970457   62.28378301809368   66.08370875786467
0.34951375138319807   58.885224097617346   62.6936183850253
0.3597599029647371   55.53088483032106   59.3753406797077
0.37030642505191835   52.32730586806298   56.20985726455928
0.3811621231401457   49.370131146625496   53.261939699539155
0.3923360608618501   46.650742750339965   50.52161097407926
0.4038375675538918   44.09038576882936   47.92975146490278
0.41567624604680364   41.61857859671093   45.43616742111976
0.42786198068238046   39.21991697862852   43.03022478991318
0.4404049455663077   36.93571609641948   40.74065371717933
0.4533156130627191   34.80249444262249   38.58824950680366
0.4666047625377753   32.80879925553016   36.56238532767278
0.4802834893595659   30.91907511695109   34.63925593762982
0.49436321416184764   29.110965072624346   32.803103722385636
0.5088556923793517   27.392573806258305   31.058212441412152
0.5237730240626238   25.776109845920477   29.40985004215264
0.5391276639805903   24.256835104751186   27.852897487519865
0.5549324320192869   22.81877204447419   26.376599840540294
0.5712005238854289   21.454671100232865   24.975457604612185
0.5879455221237613   20.16660972136839   23.649073903301414
0.6051814074573895   18.954018821302515   22.395299645471408
0.622922570460556   17.809936600841798   21.20863984791197
0.6411838235736077   16.72890174245149   20.08483498707943
0.6599804134701901   15.709378970589128   19.02175605378798
0.6793280337869897   14.749217910347317   18.016762469024577
0.6992428382266549   13.844257972282833   17.066171336184134
0.7197414540448374   12.991305398437612   16.167060317635176
0.7408409959326054   12.188481110875534   15.317200304014
0.7625590803058332   11.43260932041974   14.513799295035406
0.7849138400134885   10.721063373660247   13.754364889407812
0.8079239394770964   10.051456922777428   13.036568215437189
0.8316085902740278   9.421515060644191   12.358191976230131
0.8559875671776167   8.829070449332608   11.717126369020043
0.8810812246675007   8.272059476225795   11.111365028272713
0.9069105139239728   7.748518447869742   10.539001007298051
0.9334970003205227   7.256578073378105   9.9982218205554
0.960862881429187   6.794453786739363   9.487302059862799
0.9890310055537336   6.3604499300965145   9.00460378317434
1.0180248908061487   5.952958782110904   8.548574260912847
1.047868744742366   5.570456629679948   8.11774213583943
1.0785874845736239   5.211499967890677   7.7107136960292175
1.1102067579703248   4.874721828391364   7.326169264315883
1.1427529644757777   4.558828233767301   6.962859515316763
1.1762532775476793   4.26259472779656   6.619594859433798
1.210735667245765   3.9848630824998823   6.295241655246963
1.246228923584555   3.724538204297424   5.988729557178134
1.2827626805706884   3.480585084297605   5.699048812878197
1.3203674409449337   3.2520258619157585   5.42524696617203
1.3590746016495152   3.0379370050143   5.1664257236142985
1.3989164800420282   2.837446603985007   4.921737978180314
1.4399263408778291   2.6497316581333026   4.690382595654594
1.4821384240834183   2.474015045745647   4.471590335848723
1.525587973344019   2.3095637672908937   4.2646328809862215
1.5703112655292182   2.1556869493784503   4.068826200678711
1.6163456409812174   2.011733626474007   3.883527788696052
1.6637295346910133   1.877090623758211   3.708134064296521
1.7125025083885144   1.7511805382280978   3.5420779395074007
1.7627052835733923   1.633459813307209   3.384826435707875
1.814379775514258   1.5234168296228885   3.235871744998585
1.8675691282445197   1.4205701407713163   3.0947265980472904
1.922317750584177   1.3244669490978587   2.960933926050627
1.9786713532176083   1.2346815308313521   2.8340658336663385
2.0366769868582977   1.1508137269714258   2.7137215994020076
2.0963830815323896   1.072487509990048   2.5995258216826898
2.1578394870138577   0.9993496231585689   2.4911266994016903
2.2210975144450407   0.9310682476611187   2.388192132218328
2.286209979177315   0.8673315227973677   2.290393395685062
2.3532312448676476   0.8078466391593998   2.1974160823190023
2.4222172688678643   0.7523388961286408   2.108967684649797
2.4932256489445366   0.7005506405459287   2.024775962104351
2.5663156713684585   0.6522402623594006   1.9445873942533176
2.641548360413907   0.6071812454341137   1.8681657631856172
2.7189865293089923   0.5651612724158912   1.7952908460726413
2.798694832679631   0.5259815768544618   1.725756296671946
2.8807398205309562   0.48945625942636106   1.6593678386455988
2.9651899938111903   0.45541110721833983   1.5959441007443904
3.05211586160442   0.42368285494332203   1.535315881345396
3.1415899999999994   0.3941185376007514   1.4773252539464945
