0.01   785.8990952178832   785.8912939106342
0.010293154462191829   794.4548204760971   794.446924519551
0.010594902878253955   802.6669392633391   802.6589581476185
0.010905497183778876   810.508151286886   810.5001031632917
0.011225196699963396   817.9508028610709   817.9427122093545
0.011554268350120923   824.9653363115846   824.9572153445986
0.011892986882540897   831.5214193015114   831.5132593040732
0.012241635099881474   837.5888659217056   837.5806369082727
0.012600504095286909   843.1370463816841   843.1287149167828
0.012969893495426888   848.134655625937   848.1262120727426
0.013350111710660605   852.5508678904083   852.5423292619959
0.013741476192534558   856.3551802127183   856.346584616136
0.014144313698828986   859.5156841245284   859.5070571229313
0.01455896056637426   862.000741535301   861.992084128119
0.014985762991865008   863.7799559691737   863.7712446655762
0.01542507732090645   864.8234185986836   864.8146182044451
0.015877270345534218   865.1017328553203   865.0928120182098
0.016342719610456153   864.5873811479206   864.5783134734495
0.016821813728271667   863.2547491507069   863.2455104966166
0.017314952703931925   861.0793991744289   861.0699552762954
0.017822548268711737   858.0392486656956   858.0295520737917
0.01834502422397195   854.1151671112382   854.1051577598741
0.018882816794999403   849.2912382487623   849.2808451841844
0.019436374995219892   843.5549884924784   843.5441316895701
0.02000616100108813   836.8975810183953   836.8861723319053
0.020592650537967844   829.3147006380902   829.3026472359285
0.021196333277324068   820.8083552898024   820.7955688581866
0.02181771324555934   811.3850652871303   811.3714645130459
0.022457309244835088   801.055746305719   801.0412581564731
0.02311565528622961   789.8402502990856   789.8248202858512
0.023793301035594242   777.7660194670382   777.7496190519823
0.024490812272480036   764.8641421794222   764.8467681690776
0.025208771362518027   751.1729877187336   751.1546724853293
0.0259477777436476   736.7442183179932   736.7250577394692
0.02670844842659881   721.6330881822137   721.6132415178133
0.027491418510046592   705.8976390552432   705.8773231068818
0.028297341710866907   689.6122938369115   689.5917790122728
0.029126890909937666   672.8601942098303   672.8397989323115
0.029980758713939952   655.7223522447642   655.7024354127979
0.030859658033628758   638.2858651921606   638.2668237876378
0.031764322679055976   620.6524120980232   620.6346841998502
0.03269550797224261   602.919406497885   602.9034638054989
0.033653991377811755   585.180731906069   585.1670671836921
0.03464057315210884   567.5535709571079   567.5426566191752
0.03565607701135116   550.1589856301733   550.1512551319363
0.036701350819364466   533.1047310179532   533.1005803684908
0.03777726729548091   516.4804267999284   516.4802025679963
0.038884724743189276   500.3552783826727   500.35925786467214
0.04002464780014597   484.78803697556884   484.7964341509069
0.041197988210172884   469.83839001466373   469.8513263595969
0.04240572561788674   455.61991411309253   455.6371856195978
0.04364886838662332   442.25592278552904   442.27694571807103
0.04492845444033957   429.84958995273337   429.8734525892135
0.04624555213019635   418.41200619351184   418.43754675468693
0.04760126112654554   407.8809187184027   407.90678367927865
0.04899671333706607   398.1966736761064   398.22133097080194
0.05043307385181555   389.2927878245929   389.31450791753355
0.05191154191598653   381.0973221708   381.1141605264483
0.053433351931179485   373.53936931461345   373.54918507734516
0.05499977448602865   366.5122470536243   366.5128066575971
0.05661211741704101   359.8962118678282   359.8852428043058
0.05827172690053434   353.5617350178966   353.5370186652266
0.05997998857658587   347.34646203180046   347.3060421235939
0.06173832870592997   341.0871296921996   341.0294009153716
0.0635482153607709   334.58705166661775   334.5111406494612
0.06541115965050462   327.64505286400816   327.55100229730425
0.06732871698337338   320.0719895363353   319.96106473037867
0.06930248836510605   311.6971056228637   311.5719993400679
0.07133412173562886   302.40396632465627   302.268726239926
0.07342531334496233   292.13580617318587   291.9956935237184
0.07557780916945323   280.9204115795432   280.7817013007678
0.07779340636952398   268.865723061034   268.73542398876555
0.08007395479015682   256.1531803366066   256.03847846320406
0.08242135850536496   243.01209739710114   242.9198444617905
0.08483757740794096   229.71425284706766   229.65034917929145
0.08732462884580919   216.54943800391186   216.51824687531416
0.08988458930634863   203.83309446363634   203.83667327860383
0.09251959615009227   191.8553937093285   191.89332004045085
0.09523184939525078   180.90897638863714   180.97772888767858
0.09802361355455057   171.2173002221545   171.31004210873786
0.10089721952591899   162.93328810785607   163.03915096763006
0.10385506653859616   156.0888930141494   156.19478071329684
0.10689962415629803   150.60735245525788   150.69939896232353
0.11003343433910281   146.28051521590146   146.34482333322885
0.11325911356578279   142.82155545958196   142.8453928379709
0.11657935501835284   139.86207617674683   139.83647866773453
0.11999693083066039   137.00150048335217   136.92284177172812
0.12351469440289359   133.83830166293595   133.70935414553313
0.12713558278394044   130.02194450474656   129.85219347207592
0.13086261912358757   125.31907063082487   125.12579921247573
0.13469891519660646   119.65165932296652   119.45714604062954
0.13864767400083483   113.11739483696964   112.94427879498969
0.14271219243142114   105.98192781344059   105.85229852418472
0.14689586403346616   98.6517579699305   98.58031791768812
0.1512021818353596   91.61541917851606   91.60583732128083
0.15563474126517718   85.33840625585896   85.38255827959811
0.16019724315257297   80.13906053245404   80.21685191243164
0.1648934968186736   76.11096338694183   76.1943489958625
0.1697274232565544   73.13815787660342   73.19966746712643
0.17470305840495237   70.95301026889645   70.96699535786504
0.17982455651794954   69.16466267955076   69.11736388610585
0.18509619363343993   67.29663656016686   67.18966561148366
0.19052237114327647   64.92114308369152   64.7731537478901
0.19610761946807834   61.83703248932927   61.68088857139283
0.20185660183976684   58.12931742030373   58.001305207259485
0.20777411819498756   54.097622157926324   54.02141229935828
0.21386510918267082   50.15796840154053   50.142342328597714
0.22013466028907505   46.720728004045945   46.75178854818801
0.22658800608375756   44.01869625815491   44.068412482958294
0.23323053459001789   42.03888407446655   42.070896456621504
0.2400677917834628   40.54360058328074   40.533243726766074
0.24710548622244882   39.15271205082429   39.094217046242036
0.25434949381426813   37.51245168412356   37.4235003720866
0.2618058627210567   35.48312960670028   35.40024627662958
0.2694808184095226   33.17246178221648   33.12399774858636
0.27738076884870827   30.85574870461072   30.85347154548995
0.2855123098601282   28.835771225141023   28.867500622824853
0.29388223062474755   27.251239788829363   27.287108792463858
0.3024975193514008   26.013922085375565   26.02794184978175
0.31136536911138296   24.893955265893197   24.87911633217987
0.3204931838440838   23.662661231659445   23.635594449799374
0.32988858453867975   22.25434997007983   22.241379887881806
0.3395594155970457   20.79406171311968   20.810366475607672
0.34951375138319807   19.464948940150666   19.505393182350446
0.3597599029647371   18.36558828953199   18.410189134153818
0.37030642505191835   17.43958237878267   17.471322405028197
0.3811621231401457   16.542924525713268   16.56379789443833
0.3923360608618501   15.586523002230694   15.612715196518673
0.4038375675538918   14.605960073982459   14.648949974631657
0.41567624604680364   13.699185411051301   13.75619942358853
0.42786198068238046   12.914367525635791   12.973217641512123
0.4404049455663077   12.207225088603263   12.260674275669482
0.4533156130627191   11.506983692609746   11.560692063791638
0.4666047625377753   10.802478642754492   10.864909623641397
0.4802834893595659   10.13703534464955   10.208134166770469
0.49436321416184764   9.538806889141043   9.612069003251522
0.5088556923793517   8.985949695680368   9.058348057402151
0.5237730240626238   8.447730593332215   8.522687885863869
0.5391276639805903   7.92775692710012   8.008340081805096
0.5549324320192869   7.445466843110101   7.529493695910948
0.5712005238854289   6.999683620259771   7.0845207070234855
0.5879455221237613   6.574968714110303   6.661705529893253
0.6051814074573895   6.16928050377704   6.25930341717906
0.622922570460556   5.789905900353034   5.8822006029217855
0.6411838235736077   5.436907112062613   5.530420396850623
0.6599804134701901   5.103129124785196   5.1980276302178705
0.6793280337869897   4.787748016896204   4.8841370731963565
0.6992428382266549   4.490138154984989   4.588036029101309
0.7197414540448374   4.209644497537033   4.308999109878432
0.7408409959326054   3.945590830261444   4.0462945247698405
0.7625590803058332   3.6972871726273095   3.799189654530454
0.7849138400134885   3.464036337970699   3.566955911052693
0.8079239394770964   3.2450928543926065   3.348834217413287
0.8316085902740278   3.0395978825998418   3.1439800776184916
0.8559875671776167   2.8467214551467004   2.9515799307844723
0.8810812246675007   2.6656871086651344   2.7708711776414336
0.9069105139239728   2.495768187700544   2.60113888545189
0.9334970003205227   2.3362844225374815   2.4417127141631148
0.960862881429187   2.1865987594439713   2.2919640483392256
0.9890310055537336   2.0461149428697163   2.1513037919135254
1.0180248908061487   1.9142878537193189   2.019191770750282
1.047868744742366   1.7906180517311787   1.8951319302853644
1.0785874845736239   1.6746326887520648   1.7786549986713018
1.1102067579703248   1.5658835246824068   1.6693165650425064
1.1427529644757777   1.4639458833446344   1.5666960079789445
1.1762532775476793   1.3684176326765327   1.4703954466353555
1.210735667245765   1.2789181905412181   1.3800387165579404
1.246228923584555   1.1950870882574103   1.2952700734003835
1.2827626805706884   1.1165805068634524   1.215751602338204
1.3203674409449337   1.0430730208846273   1.1411639364010415
1.3590746016495152   0.9742581562023376   1.0712062649539296
1.3989164800420282   0.9098473585405485   1.0055953500055945
1.4399263408778291   0.8495690078830627   0.9440645825136567
1.4821384240834183   0.7931674827429029   0.8863630814773811
1.525587973344019   0.7404022725626301   0.8322548362657459
1.5703112655292182   0.6910472951290676   0.7815184184184121
1.6163456409812174   0.6448902622125909   0.733946768758807
1.6637295346910133   0.601731513603557   0.6893451212389686
1.7125025083885144   0.5613832552738708   0.6475301452380943
1.7627052835733923   0.5236689004204119   0.6083293379891652
1.814379775514258   0.48842244361198867   0.5715804428200135
1.8675691282445197   0.45548786663613683   0.5371308927601017
1.922317750584177   0.42471856688119686   0.5048372924365221
1.9786713532176083   0.39597667963650074   0.4745651595651963
2.0366769868582977   0.36913262958206156   0.446188350031944
2.0963830815323896   0.34406481014995033   0.41958832287145487
2.1578394870138577   0.3206591222461853   0.394653708979919
2.2210975144450407   0.29880853213071606   0.37127991040472724
2.286209979177315   0.2784126537660648   0.3493687184394968
2.3532312448676476   0.2593773543932503   0.32882795001283543
2.4222172688678643   0.2416144159077104   0.3095709321181024
2.4932256489445366   0.22504132486610334   0.2915154446888001
2.5663156713684585   0.20958076965898326   0.27458423681721084
2.641548360413907   0.19516025794072572   0.25870508646887325
2.7189865293089923   0.181711832952073   0.2438104746356879
2.798694832679631   0.16917180528933237   0.22983727971131016
2.8807398205309562   0.15748049928668004   0.21672649136889816
2.9651899938111903   0.14658201178085142   0.20442295176422384
3.05211586160442   0.1364237685488651   0.19287640027466876
3.1415899999999994   0.1269561686606073   0.18204218912851486
