0.01   156.9927441179168   156.99274618407537
0.010293154462191829   158.70105857231405   158.70105765112956
0.010594902878253955   160.34241473796015   160.34240904869822
0.010905497183778876   161.91152401124572   161.91151400087531
0.011225196699963396   163.40305940393947   163.4030476342245
0.011554268350120923   164.81147081927662   164.81145982350387
0.011892986882540897   166.13108431760298   166.13107522012382
0.012241635099881474   167.35625730648164   167.35624975628488
0.012600504095286909   168.48133527338186   168.48132817817165
0.012969893495426888   169.500603566064   169.50059665376787
0.013350111710660605   170.40843851096514   170.40843254253622
0.013741476192534558   171.1992706202835   171.1992672044097
0.014144313698828986   171.86705281352812   171.86705282923626
0.01455896056637426   172.40562914092945   172.40563198250888
0.014985762991865008   172.80906777767538   172.80907134858606
0.01542507732090645   173.07169931600356   173.07170096247125
0.015877270345534218   173.18815595239707   173.18815390860993
0.016342719610456153   173.1534190913096   173.15341261355965
0.016821813728271667   172.9627600286339   172.96274920339147
0.017314952703931925   172.61131825246582   172.61130289716965
0.017822548268711737   172.09452001768418   172.09449930518332
0.01834502422397195   171.4083249255505   171.40829739309788
0.018882816794999403   170.54934198040698   170.54930546397688
0.019436374995219892   169.51488393140025   169.5148354954268
0.02000616100108813   168.30292801930602   168.30286398937506
0.020592650537967844   166.9121959518987   166.91211208563274
0.021196333277324068   165.34233004550487   165.3422220853744
0.02181771324555934   163.5937722271683   163.5936360645738
0.022457309244835088   161.66777117705104   161.6676029051244
0.02311565528622961   159.5670114355317   159.56680775828644
0.023793301035594242   157.29551035435415   157.29526892715427
0.024490812272480036   154.8580314525417   154.85775087508085
0.025208771362518027   152.26062413786013   152.2603042598037
0.0259477777436476   149.51169088834337   149.51133373719182
0.02670844842659881   146.62043943638574   146.6200492475276
0.027491418510046592   143.59668549788125   143.59626855225423
0.028297341710866907   140.452939557014   140.45250427489646
0.029126890909937666   137.2033476173082   137.20290450738193
0.029980758713939952   133.86193562173534   133.86149700293623
0.030859658033628758   130.44422340301338   130.44380335508953
0.031764322679055976   126.96903249067506   126.96864706579552
0.03269550797224261   123.45469304997572   123.45435997468302
0.033653991377811755   119.9188804423222   119.9186187675879
0.03464057315210884   116.38204042746422   116.3818703013638
0.03565607701135116   112.86487811252604   112.86482052155453
0.036701350819364466   109.38615119198283   109.38622765333002
0.03777726729548091   105.96556605151221   105.96579635533058
0.038884724743189276   102.62535617620317   102.62575515189258
0.04002464780014597   99.38541716943854   99.38599495463724
0.041197988210172884   96.26262232087824   96.26338471456023
0.04240572561788674   93.26925921988382   93.27020666260566
0.04364886838662332   90.41489974572094   90.41602747372932
0.04492845444033957   87.7076586493523   87.70895727458438
0.04624555213019635   85.15868203187675   85.16013103161997
0.04760126112654554   82.78300604393279   82.78456614362524
0.04899671333706607   80.59407990483146   80.59569467825051
0.05043307385181555   78.59519916162358   78.59679957686188
0.05191154191598653   76.76456286338443   76.76607634375091
0.053433351931179485   75.07799588571643   75.07934770040522
0.05499977448602865   73.51381751789096   73.51492939344331
0.05661211741704101   72.05319008140522   72.05397651815359
0.05827172690053434   70.67886493325344   70.67923302348161
0.05997998857658587   69.36944457191817   69.36930093881814
0.06173832870592997   68.09651818285815   68.09577947915012
0.0635482153607709   66.83183844560178   66.83043375525848
0.06541115965050462   65.54011613810192   65.5379986357257
0.06732871698337338   64.18430458432158   64.18145758936784
0.06930248836510605   62.72774951151358   62.7241985640645
0.07133412173562886   61.133849218402155   61.129677312103844
0.07342531334496233   59.37438486613823   59.3697334743985
0.07557780916945323   57.43567471400682   57.430747266492574
0.07779340636952398   55.3149831341104   55.31003159644165
0.08007395479015682   53.028798400079936   53.024096385533355
0.08242135850536496   50.604226449823614   50.60005568653701
0.08483757740794096   48.08491745271495   48.08156118513188
0.08732462884580919   45.519240606495444   45.516958198124584
0.08988458930634863   42.9606476799517   42.95963586610304
0.09251959615009227   40.46365173306221   40.46403506678744
0.09523184939525078   38.083193976044285   38.08501629871832
0.09802361355455057   35.87480320524049   35.87797044534881
0.10089721952591899   33.886618889850716   33.890895017795756
0.10385506653859616   32.152819979711566   32.15784244089123
0.10689962415629803   30.694114542189087   30.699413145452503
0.11003343433910281   29.501353593574034   29.506369990600046
0.11325911356578279   28.548549109714727   28.552679484759828
0.11657935501835284   27.78364358216683   27.786358336814285
0.11999693083066039   27.143845366047586   27.14472869182234
0.12351469440289359   26.55596214750929   26.55475964148386
0.12713558278394044   25.945313313272447   25.94202554003776
0.13086261912358757   25.243530758220636   25.23844718370558
0.13469891519660646   24.39820529974044   24.391872085963705
0.13864767400083483   23.38437104421497   23.377550540672807
0.14271219243142114   22.206832489807425   22.200407294430256
0.14689586403346616   20.90003357701633   20.89487415732468
0.1512021818353596   19.524179741673667   19.521023905061632
0.15563474126517718   18.1600203388077   18.159261189170312
0.16019724315257297   16.895724338408247   16.89724908141681
0.1648934968186736   15.805642095280689   15.808853735013754
0.1697274232565544   14.926970576696773   14.930953430998501
0.17470305840495237   14.25239816639749   14.25597648690664
0.17982455651794954   13.74327513041092   13.74544308318013
0.18509619363343993   13.341442330770946   13.341435081542699
0.19052237114327647   12.971319592917617   12.968864860914596
0.19610761946807834   12.550404915276761   12.545910969707869
0.20185660183976684   12.020425310699611   12.01488365395975
0.20777411819498756   11.374433247132671   11.369092982150192
0.21386510918267082   10.649146591185549   10.645226528612847
0.22013466028907505   9.906381697681146   9.904503366436225
0.22658800608375756   9.216869047922533   9.216946980267819
0.23323053459001789   8.63741352892113   8.63864858210696
0.2400677917834628   8.186460287403904   8.187592657198945
0.24710548622244882   7.841815571842179   7.841728734769737
0.25434949381426813   7.551562477521878   7.549606888674138
0.2618058627210567   7.251319293313017   7.247725872674137
0.2694808184095226   6.898410750961541   6.8941824853976295
0.27738076884870827   6.492536291534013   6.488760637413774
0.2855123098601282   6.064885015126163   6.062407886251817
0.29388223062474755   5.66222064547135   5.661052689875483
0.3024975193514008   5.322341082760257   5.321700102365653
0.31136536911138296   5.048730544336146   5.047604841974781
0.3204931838440838   4.815322977827847   4.813075370064514
0.32988858453867975   4.585672142891535   4.582466628104128
0.3395594155970457   4.3349762033317445   4.3315217681426885
0.34951375138319807   4.068285373250078   4.065365346516848
0.3597599029647371   3.8100805316258253   3.8079075864829
0.37030642505191835   3.581563858279815   3.5796891576111762
0.3811621231401457   3.3864378682637364   3.3842162433847585
0.3923360608618501   3.2092933620899493   3.2064561445201805
0.4038375675538918   3.032057252805342   3.0288992907517525
0.41567624604680364   2.8507226336286404   2.8477245343291875
0.42786198068238046   2.6749825875481075   2.6723320083114075
0.4404049455663077   2.515586320276528   2.5130432181091025
0.4533156130627191   2.372588397030551   2.369804483451681
0.4666047625377753   2.2379136086444635   2.2348587044550885
0.4802834893595659   2.1052664122872917   2.1022016366231484
0.49436321416184764   1.9770411207254543   1.9741096457898397
0.5088556923793517   1.857986456824219   1.85510137778715
0.5237730240626238   1.7485120200387976   1.745515298289075
0.5391276639805903   1.644896109556412   1.6417973871709066
0.5549324320192869   1.545226786772474   1.5421517496944628
0.5712005238854289   1.4509760719348048   1.4479462503758662
0.5879455221237613   1.3632169774271437   1.3601616845578697
0.6051814074573895   1.280791717068924   1.2776931965548974
0.622922570460556   1.2024553312191468   1.199359597813954
0.6411838235736077   1.1285209772984164   1.1254506899906085
0.6599804134701901   1.059312659893687   1.0562386246453515
0.6793280337869897   0.9941149306912014   0.9910372206288937
0.6992428382266549   0.9326914597909576   0.9296208825549591
0.7197414540448374   0.8748496839270826   0.87179556583089
0.7408409959326054   0.8204053503718528   0.8173752874873186
0.7625590803058332   0.7691812774632627   0.7661813845675957
0.7849138400134885   0.7210073154638684   0.7180424454541612
0.8079239394770964   0.6757202808631204   0.6727942174469987
0.8316085902740278   0.6331637839278269   0.630279424121717
0.8559875671776167   0.5931850276685359   0.5903450599861176
0.8810812246675007   0.5556347017310713   0.5528422645018948
0.9069105139239728   0.5203714441040973   0.5176299974127141
0.9334970003205227   0.48726174136601275   0.4845749128572306
0.960862881429187   0.4561795155388842   0.4535509724796376
0.9890310055537336   0.4270057314013318   0.4244390758252243
1.0180248908061487   0.3996280291828427   0.3971267134964746
1.047868744742366   0.3739407940876164   0.37150807167036026
1.0785874845736239   0.34984496489451145   0.34748386139229614
1.1102067579703248   0.3272469287062701   0.3249601941281866
1.1427529644757777   0.30605818126077466   0.3038482523486041
1.1762532775476793   0.28619507899087687   0.2840640533092673
1.210735667245765   0.2675786007676148   0.2655282207746278
1.246228923584555   0.250134118639067   0.2481657641960802
1.2827626805706884   0.23379108742358964   0.23190577729365003
1.3203674409449337   0.2184827615077697   0.2166811623294688
1.3590746016495152   0.20414620366666025   0.20242863924626422
1.3989164800420282   0.1907221104361391   0.1890885743694852
1.4399263408778291   0.17815461665180446   0.17660478807856156
1.4821384240834183   0.1663911094679265   0.16492437122677167
1.525587973344019   0.15538205147580325   0.1539975100005337
1.5703112655292182   0.1450808177492571   0.1437773003561431
1.6163456409812174   0.1354435434165422   0.1342195625883388
1.6637295346910133   0.12642895667160658   0.12528274401226375
1.7125025083885144   0.11799823245705102   0.11692778248529485
1.7627052835733923   0.11011485642089669   0.10911796643494011
1.814379775514258   0.10274449576946244   0.10181880202618906
1.8675691282445197   0.09585487671552695   0.09499788716005458
1.922317750584177   0.08941566623534773   0.08862478604985624
1.9786713532176083   0.08339835733522259   0.08267090253505795
2.0366769868582977   0.0777761718741167   0.0771093945838566
2.0963830815323896   0.07252396315781445   0.07191507743460188
2.1578394870138577   0.06761812177573188   0.06706432622436177
2.2210975144450407   0.06303648648032052   0.06253498395045949
2.286209979177315   0.058758259867880774   0.058306274502668794
2.3532312448676476   0.0547639245509227   0.054358712658923364
2.4222172688678643   0.05103515391808639   0.05067399983787251
2.4932256489445366   0.0475547593602838   0.047234986460677024
2.5663156713684585   0.04430662895124744   0.04402561445017226
2.641548360413907   0.04127566269638919   0.04103084985207663
2.7189865293089923   0.03844771147616024   0.03823661945609365
2.798694832679631   0.03580951948937325   0.035629751194715245
2.8807398205309562   0.033348674035491466   0.03319792440640075
2.9651899938111903   0.031053574277879272   0.030929648291984364
3.05211586160442   0.028913360910846776   0.028814177748946842
3.1415899999999994   0.026917860015015296   0.026841449932308317
