0.01   9553.884513504257   9552.702721825426
0.010293154462191829   9665.166615269529   9663.893698391117
0.010594902878253955   9772.848502978819   9771.47624779659
0.010905497183778876   9876.629090631854   9875.147756525414
0.011225196699963396   9976.197563013866   9974.59643056306
0.011554268350120923   10071.2319851447   10069.500095284102
0.011892986882540897   10161.409121284823   10159.535357726025
0.012241635099881474   10246.40201956671   10244.374894363713
0.012600504095286909   10325.866838906491   10323.673412113003
0.012969893495426888   10399.457134320106   10397.082718033193
0.013350111710660605   10466.829746944435   10464.257932325943
0.013741476192534558   10527.635329218501   10524.848274457549
0.014144313698828986   10581.520696180198   10578.499416263596
0.01455896056637426   10628.140822281424   10624.865268034766
0.014985762991865008   10667.155565292716   10663.604460962597
0.01542507732090645   10698.22015704936   10694.370348524144
0.015877270345534218   10721.000983787175   10716.827404979796
0.016342719610456153   10735.180254403638   10730.655999547469
0.016821813728271667   10740.449619888403   10735.545400887158
0.017314952703931925   10736.51564145698   10731.199506111036
0.017822548268711737   10723.10835787558   10717.345899320977
0.01834502422397195   10699.984077006653   10693.738918941594
0.018882816794999403   10666.928038855689   10660.162615865334
0.019436374995219892   10623.756136744672   10616.43206735644
0.02000616100108813   10570.319327359417   10562.397694255355
0.020592650537967844   10506.521701924024   10497.962976830746
0.021196333277324068   10432.312162648863   10423.076388587035
0.02181771324555934   10347.677475847426   10337.724711318464
0.022457309244835088   10252.671740660746   10241.96417563646
0.02311565528622961   10147.431053074872   10135.93592301961
0.023793301035594242   10032.132033047868   10019.822066520792
0.024490812272480036   9907.005572147933   9893.859488185164
0.025208771362518027   9772.412606868122   9758.416883436972
0.0259477777436476   9628.774340594086   9613.923697128585
0.02670844842659881   9476.540506034318   9460.837815503603
0.027491418510046592   9316.284562797035   9299.742899259314
0.028297341710866907   9148.703027933689   9131.347628451716
0.029126890909937666   8974.498854157906   8956.366405769575
0.029980758713939952   8794.428288068528   8775.566149186669
0.030859658033628758   8609.444494971576   8589.910188961801
0.031764322679055976   8420.514330772347   8400.374442871702
0.03269550797224261   8228.572404185063   8207.901231029884
0.033653991377811755   8034.672118128848   8013.548997746849
0.03464057315210884   7839.931303227111   7818.438335210718
0.03565607701135116   7645.390206727535   7623.61119785759
0.036701350819364466   7452.109654704215   7430.125162307166
0.03777726729548091   7261.321175431699   7239.197733669774
0.038884724743189276   7074.179610444952   7051.968748237429
0.04002464780014597   6891.702344144701   6869.440585788304
0.041197988210172884   6714.604064279254   6692.305330700325
0.04240572561788674   6543.407454249931   6521.060104617987
0.04364886838662332   6378.571507650365   6356.14041058718
0.04492845444033957   6220.721628985441   6198.133296190959
0.04624555213019635   6070.817816096234   6047.932918183439
0.04760126112654554   5929.760258084096   5906.375826415865
0.04899671333706607   5798.01030326411   5773.873022505012
0.05043307385181555   5674.482857285031   5649.329879994915
0.05191154191598653   5557.774037261269   5531.343970728441
0.053433351931179485   5446.6100972734075   5418.644022912582
0.05499977448602865   5339.9068563380515   5310.151503877543
0.05661211741704101   5236.684263443465   5204.8935894594115
0.05827172690053434   5135.838472252555   5101.794600493315
0.05997998857658587   5035.904069884125   4999.463105824959
0.06173832870592997   4935.437358689186   4896.538903495276
0.0635482153607709   4832.730027594651   4791.461946897121
0.06541115965050462   4725.954800758416   4682.594034405197
0.06732871698337338   4613.3675557658835   4568.407154855174
0.06930248836510605   4493.242815045172   4447.449081824215
0.07133412173562886   4364.212335792165   4318.611969832085
0.07342531334496233   4225.6370283498545   4181.517369180459
0.07557780916945323   4077.4328203869804   4036.285805043213
0.07779340636952398   3920.738566786491   3884.148849962498
0.08007395479015682   3757.26814981152   3726.8187878311605
0.08242135850536496   3589.5992227496617   3566.7205568636305
0.08483757740794096   3420.5370708546743   3406.439174390871
0.08732462884580919   3253.1678395788276   3248.778206889725
0.08988458930634863   3090.4805253594527   3096.353689571585
0.09251959615009227   2935.392013310707   2951.5747118749828
0.09523184939525078   2790.6722845092945   2816.6177896238214
0.09802361355455057   2658.7813029676454   2693.352329755507
0.10089721952591899   2541.38329352254   2582.8921516716828
0.10385506653859616   2439.4446214710497   2485.714985643063
0.10689962415629803   2352.295439553466   2400.9628455579186
0.11003343433910281   2278.1986417942976   2326.915276799083
0.11325911356578279   2213.8788502664224   2260.673794520517
0.11657935501835284   2155.479078104082   2198.99513928369
0.11999693083066039   2098.6734908967896   2138.4931260784006
0.12351469440289359   2039.403917636936   2076.1097714101816
0.12713558278394044   1974.204418055271   2009.3808580108173
0.13086261912358757   1900.807872630375   1936.9903582497616
0.13469891519660646   1818.5600868222887   1858.7965985568067
0.13864767400083483   1728.5185388194063   1775.8840801654922
0.14271219243142114   1633.3512211771313   1690.5776070256259
0.14689586403346616   1536.787717855629   1605.6118899748287
0.1512021818353596   1443.187471194582   1523.9428376120736
0.15563474126517718   1357.0139821635312   1448.426080809765
0.16019724315257297   1281.9734169753879   1381.1514415265822
0.1648934968186736   1219.6923369769074   1322.9818193100891
0.1697274232565544   1169.1031158521578   1272.62362320934
0.17470305840495237   1127.082588348204   1227.8105134211903
0.17982455651794954   1089.6201503813331   1185.9676063614934
0.18509619363343993   1052.5312975027011   1144.6182627419307
0.19052237114327647   1011.8700406424026   1101.690591582756
0.19610761946807834   965.1354785736274   1056.1097669789774
0.20185660183976684   912.7320878686384   1008.5718369892735
0.20777411819498756   857.7137929374431   960.7652402251392
0.21386510918267082   804.0216472295643   914.8346123116538
0.22013466028907505   755.189847331515   872.3357850825095
0.22658800608375756   713.637382365481   834.1360735522376
0.23323053459001789   679.5036327403187   800.130553116991
0.2400677917834628   650.6992325961014   768.9024458032686
0.24710548622244882   623.922107798025   739.0558090185598
0.25434949381426813   595.9392159113002   709.4063726786518
0.2618058627210567   565.0475826807298   679.4086618379479
0.2694808184095226   532.1198472293663   649.5308370077695
0.27738076884870827   499.55321445233386   620.7030048965476
0.2855123098601282   469.71506902112526   593.7432836018894
0.29388223062474755   444.0240221736551   568.8151395289703
0.3024975193514008   421.9911149390886   545.6496281139241
0.31136536911138296   401.66944724890794   523.5598043958196
0.3204931838440838   381.2140398666162   502.2185004080853
0.32988858453867975   359.8814577759169   481.2981869518387
0.3395594155970457   338.44754822346675   461.08266926300746
0.34951375138319807   318.3959740753894   441.9178097951619
0.3597599029647371   300.49664859074744   423.8932182685739
0.37030642505191835   284.433473069884   406.8418380342144
0.3811621231401457   269.201222978525   390.53745069299976
0.3923360608618501   254.04013933656867   374.88255897500443
0.4038375675538918   239.0844683836988   359.803903908097
0.41567624604680364   224.98082316302734   345.45980870952894
0.42786198068238046   212.0769045290689   331.86786030388384
0.4404049455663077   200.13475524171008   318.93044185155145
0.4533156130627191   188.68609033165075   306.5586495911475
0.4666047625377753   177.5802839018011   294.7055329960493
0.4802834893595659   167.04084629333315   283.3954091684708
0.49436321416184764   157.23623024227868   272.6363092222796
0.5088556923793517   148.05838514831163   262.38348662061196
0.5237730240626238   139.31450728380443   252.574065157484
0.5391276639805903   130.98075391562134   243.2044756469967
0.5549324320192869   123.14122626831127   234.2677217733648
0.5712005238854289   115.78915284122577   225.74221268253888
0.5879455221237613   108.83872039492493   217.59684273942582
0.6051814074573895   102.25380749844018   209.80737530619515
0.622922570460556   96.05306328425097   202.36720075373378
0.6411838235736077   90.22042127934903   195.25735953466764
0.6599804134701901   84.71893980704021   188.45647571647729
0.6793280337869897   79.53351225933959   181.951103948542
0.6992428382266549   74.64844316380047   175.72565826123443
0.7197414540448374   70.04777765267694   169.76483753275647
0.7408409959326054   65.71629212854202   164.05429697534518
0.7625590803058332   61.639469901224146   158.5805821346307
0.7849138400134885   57.80347689386729   153.3310679058164
0.8079239394770964   54.19513749245322   148.2939021547831
0.8316085902740278   50.8019070509863   143.45791849983087
0.8559875671776167   47.61178700249765   138.81195884958697
0.8810812246675007   44.61332727552558   134.34499073509997
0.9069105139239728   41.79566930463796   130.04670434742775
0.9334970003205227   39.14852143982864   125.90748321728378
0.960862881429187   36.66213281106221   121.91835518341486
0.9890310055537336   34.32726815316674   118.07094735709934
1.0180248908061487   32.13518357331304   114.35744472319533
1.047868744742366   30.07760470060632   110.77047556301558
1.0785874845736239   28.14671150095046   107.30267097007936
1.1102067579703248   26.335108878456204   103.94699084996304
1.1427529644757777   24.63580209939914   100.69690603476619
1.1762532775476793   23.042177463156747   97.54636451033832
1.210735667245765   21.547983743061554   94.48975983346601
1.246228923584555   20.147314368227683   91.52190208514361
1.2827626805706884   18.83459032548292   88.63799108128237
1.3203674409449337   17.604541817694184   85.83357518403622
1.3590746016495152   16.45219010996462   83.10450403707273
1.3989164800420282   15.372837862134995   80.4469488459623
1.4399263408778291   14.362055434811069   77.85739003892255
1.4821384240834183   13.41566686010962   75.33259842781571
1.525587973344019   12.529736457164084   72.86961761113324
1.5703112655292182   11.700556069372576   70.46574748436164
1.6163456409812174   10.924632862651674   68.11853593687822
1.6637295346910133   10.198676648971295   65.82597896454092
1.7125025083885144   9.519589032244346   63.586509303330615
1.7627052835733923   8.884454387936232   61.398708507730056
1.814379775514258   8.290529864356973   59.26128170640638
1.8675691282445197   7.735235798377108   57.17304917062352
1.922317750584177   7.216146614257265   55.1329381902191
1.9786713532176083   6.730982184788455   53.13997523296305
2.0366769868582977   6.277599449922873   51.19331569374661
2.0963830815323896   5.853983297379873   49.292523430450856
2.1578394870138577   5.458240399329699   47.43735515038381
2.2210975144450407   5.088593148968734   45.627561812917335
2.286209979177315   4.743372949340022   43.86288498251767
2.3532312448676476   4.421013857034954   42.14305513456117
2.4222172688678643   4.120046572286792   40.467790081182486
2.4932256489445366   3.839092758361857   38.8367935245137
2.5663156713684585   3.5768604183514454   37.24988924775307
2.641548360413907   3.332140379011101   35.70733067300615
2.7189865293089923   3.103798873116608   34.20935517631684
2.798694832679631   2.8907724934925887   32.756072004748454
2.8807398205309562   2.6920640763211563   31.34747001813534
2.9651899938111903   2.506738805358332   29.98342543516984
3.05211586160442   2.333920526769902   28.66370954167349
3.1415899999999994   2.172788193425613   27.387993803230962
