0.01   10581.954626167591   10581.495722213
0.010293154462191829   10668.189492565089   10667.711154711595
0.010594902878253955   10749.037185269992   10748.539008265629
0.010905497183778876   10824.154954773074   10823.636085684446
0.011225196699963396   10893.19735550961   10892.656147845171
0.011554268350120923   10955.822814838633   10955.25682822398
0.011892986882540897   11011.677886712134   11011.084323349467
0.012241635099881474   11060.395334864219   11059.77157109995
0.012600504095286909   11101.615656457529   11100.959289658455
0.012969893495426888   11134.984273926439   11134.292956741394
0.013350111710660605   11160.135751411166   11159.406487767184
0.013741476192534558   11176.713884504032   11175.942863639544
0.014144313698828986   11184.378596455294   11183.561214316836
0.01455896056637426   11182.786670643975   11181.917635725327
0.014985762991865008   11171.59846375431   11170.67189700119
0.01542507732090645   11150.499241703264   11149.50871860196
0.015877270345534218   11119.194110802115   11118.132418757597
0.016342719610456153   11077.397200365114   11076.25563843355
0.016821813728271667   11024.853642928258   11023.621985070242
0.017314952703931925   10961.344913007286   10960.011503829384
0.017822548268711737   10886.680045679877   10885.231816305546
0.01834502422397195   10800.7044253498   10799.126980624722
0.018882816794999403   10703.310092011481   10701.587883839258
0.019436374995219892   10594.44104482181   10592.557681439463
0.02000616100108813   10474.097479125874   10472.036137482812
0.020592650537967844   10342.333188119661   10340.076846147815
0.021196333277324068   10199.262665764607   10196.794578619616
0.02181771324555934   10045.093868044247   10042.399375628402
0.022457309244835088   9880.102973310612   9877.1702220699
0.02311565528622961   9704.620252019948   9701.440300364686
0.023793301035594242   9519.086442052205   9515.65524805983
0.024490812272480036   9324.059630322521   9320.38027304101
0.025208771362518027   9120.139213545035   9116.221597028998
0.0259477777436476   8907.996376982923   8903.857510435606
0.02670844842659881   8688.485623869969   8684.15222401996
0.027491418510046592   8462.507071125987   8458.015317470157
0.028297341710866907   8230.9677046995   8226.362143501154
0.029126890909937666   7994.957938779362   7990.292544844689
0.029980758713939952   7755.69315021667   7751.031704295292
0.030859658033628758   7514.329473873232   7509.74377774894
0.031764322679055976   7272.053347106677   7267.6216323505005
0.03269550797224261   7030.235120849343   7026.0408868965305
0.033653991377811755   6790.1641666264195   6786.29458585005
0.03464057315210884   6553.03404045317   6549.577749737003
0.03565607701135116   6320.281644947793   6317.32053388886
0.036701350819364466   6093.379337998466   6090.984583000979
0.03777726729548091   5873.593307075905   5871.82625183132
0.038884724743189276   5661.934408566279   5660.84545691444
0.04002464780014597   5459.1330277938705   5458.759068221427
0.041197988210172884   5265.771259499195   5266.137238689184
0.04240572561788674   5082.420104836579   5083.534741778329
0.04364886838662332   4910.239006232498   4912.056599069614
0.04492845444033957   4750.479047395108   4752.891305627427
0.04624555213019635   4604.142961620082   4606.988636470849
0.04760126112654554   4470.973379816109   4474.058057600064
0.04899671333706607   4349.722741223747   4352.833641255567
0.05043307385181555   4239.2350447075505   4242.141892501632
0.05191154191598653   4138.4193088129205   4140.868731237368
0.053433351931179485   4046.242067935535   4047.952713162821
0.05499977448602865   3961.700716848443   3962.3667502660696
0.05661211741704101   3883.328042790938   3882.6435079338357
0.05827172690053434   3809.4914803114916   3807.162407364216
0.05997998857658587   3738.4263632743045   3734.189651981114
0.06173832870592997   3667.914796071519   3661.581662931301
0.0635482153607709   3595.752095959278   3587.222714457337
0.06541115965050462   3519.404069333541   3508.7319487676696
0.06732871698337338   3436.35758136364   3423.7758976583063
0.06930248836510605   3344.501380022758   3330.461041108931
0.07133412173562886   3242.169113372255   3227.3557161630856
0.07342531334496233   3128.524869437219   3113.8124820382973
0.07557780916945323   3003.6034926747143   2989.9985485790567
0.07779340636952398   2868.45701025447   2857.076614564696
0.08007395479015682   2725.0425039905053   2717.0785941375266
0.08242135850536496   2575.9982894702066   2572.5783903727975
0.08483757740794096   2424.343225316436   2426.436081826733
0.08732462884580919   2273.4688642924507   2281.8554827950984
0.08988458930634863   2126.8726857699453   2142.0617897204547
0.09251959615009227   1988.3017294215247   2010.3676325539916
0.09523184939525078   1860.9988744546786   1889.587165187938
0.09802361355455057   1747.9810974995062   1782.2454406287095
0.10089721952591899   1651.169810886516   1689.8463212203242
0.10385506653859616   1571.3449092049584   1612.7699327671976
0.10689962415629803   1507.8301232929625   1550.1623616931188
0.11003343433910281   1458.7477566096861   1500.1358420331824
0.11325911356578279   1420.9663583157844   1459.7321980442466
0.11657935501835284   1390.674206130724   1425.4882686381295
0.11999693083066039   1363.3875647019197   1393.5531430363972
0.12351469440289359   1334.4965000545888   1360.121195753736
0.12713558278394044   1299.729310224422   1321.7967020687774
0.13086261912358757   1255.838738265264   1276.1348027924157
0.13469891519660646   1201.239016117332   1222.2006657802276
0.13864767400083483   1136.2201611841176   1160.6457176560043
0.14271219243142114   1062.996317494852   1093.5546486377195
0.14689586403346616   985.5774984150656   1024.1346892753083
0.1512021818353596   909.3245743649342   956.5980703945538
0.15563474126517718   839.7535982548463   895.1156238851005
0.16019724315257297   781.0277643739499   842.3552961161556
0.1648934968186736   734.964212463112   799.2088247116768
0.1697274232565544   701.0749196955932   765.1818793498569
0.17470305840495237   677.1750461863058   738.2049417279053
0.17982455651794954   659.6097068435264   715.5009646852064
0.18509619363343993   643.3751943029605   693.6473929921094
0.19052237114327647   623.3353088970874   669.2157962194549
0.19610761946807834   596.2656763381299   640.5800666627969
0.20185660183976684   561.9057463655781   608.1813031383972
0.20777411819498756   522.4993671131232   573.2743806360104
0.21386510918267082   482.04007496630254   538.6578293819771
0.22013466028907505   445.1603638382453   506.91745001295794
0.22658800608375756   415.2330746125895   479.89245101791226
0.23323053459001789   393.1850650223392   457.6046166860553
0.2400677917834628   377.4962802235255   439.06076112411193
0.24710548622244882   364.66982323844263   422.15660424130783
0.25434949381426813   350.6707520291883   404.7796137967501
0.2618058627210567   333.06719936377925   386.20068866001964
0.2694808184095226   311.8595540349403   366.47098757269424
0.27738076884870827   289.18383323030844   346.77815885329653
0.2855123098601282   268.2688359332144   328.4022159808967
0.29388223062474755   251.36148627074192   312.38853669956876
0.3024975193514008   238.51138232679565   298.14905716464193
0.31136536911138296   227.95522712914968   285.1479884438075
0.3204931838440838   217.19941921935063   272.50701629594073
0.32988858453867975   204.76900230047465   259.6031909402741
0.3395594155970457   191.1580835120195   246.85000188269413
0.34951375138319807   178.034182396882   234.73235966951088
0.3597599029647371   166.85565586833292   223.65425708007706
0.37030642505191835   157.74693010089305   213.43031950809
0.3811621231401457   149.5587746596445   203.8177637034841
0.3923360608618501   141.0818227154561   194.50998000354818
0.4038375675538918   132.12699157369968   185.42183997365123
0.41567624604680364   123.44853891618648   176.7674766215343
0.42786198068238046   115.8069919501047   168.7088777104259
0.4404049455663077   109.15222022007681   161.16525325746431
0.4533156130627191   102.8458808597981   153.96833247470636
0.4666047625377753   96.48808399910763   147.05627860508707
0.4802834893595659   90.29786719675755   140.4622671800113
0.49436321416184764   84.65556935499151   134.24744575564677
0.5088556923793517   79.55986393753442   128.39155530334196
0.5237730240626238   74.71341328165202   122.81019701163571
0.5391276639805903   69.99637683621616   117.48158473040682
0.5549324320192869   65.5534941939448   112.42939965246997
0.5712005238854289   61.4716200440397   107.6508315275018
0.5879455221237613   57.64634813758227   103.11447255814068
0.6051814074573895   53.991247571635775   98.78585039707382
0.622922570460556   50.5491285759642   94.67525160050089
0.6411838235736077   47.35669452757162   90.80399160258035
0.6599804134701901   44.35038280698889   87.1130221013707
0.6793280337869897   41.52089215024031   83.59476566144863
0.6992428382266549   38.860226712993466   80.24286486052962
0.7197414540448374   36.36046013631414   77.05105266084233
0.7408409959326054   34.01377508259054   74.01317074835137
0.7625590803058332   31.81249728607371   71.12318542948611
0.7849138400134885   29.749043073575166   68.37500355778201
0.8079239394770964   27.815333053234745   65.76093076768365
0.8316085902740278   26.003342994546234   63.27279109776403
0.8559875671776167   24.305543067165917   60.90296610921007
0.8810812246675007   22.71487056513754   58.64436198996983
0.9069105139239728   21.224700214490966   56.49036963098409
0.9334970003205227   19.828816445636086   54.434828038396944
0.960862881429187   18.521395339328706   52.47199239378686
0.9890310055537336   17.297066254049028   50.59652174242133
1.0180248908061487   16.15083115785836   48.80344130326594
1.047868744742366   15.077969631847772   47.08810141502735
1.0785874845736239   14.074024052689158   45.446153846930656
1.1102067579703248   13.13478683737519   43.87353028210515
1.1427529644757777   12.256288153283462   42.366422496822224
1.1762532775476793   11.434783199139916   40.92125306440776
1.210735667245765   10.66672614829504   39.53446821997828
1.246228923584555   9.948766036182004   38.20257660697777
1.2827626805706884   9.277751901984656   36.9223253196247
1.3203674409449337   8.650722073218843   35.69068869444616
1.3590746016495152   8.064893457558158   34.50485173857763
1.3989164800420282   7.517651392126482   33.362194949187646
1.4399263408778291   7.0065400634592505   32.26027862285594
1.4821384240834183   6.529254417848685   31.19678129062107
1.525587973344019   6.083631312480254   30.169489288068288
1.5703112655292182   5.6676400032349665   29.176345965518955
1.6163456409812174   5.279374437719117   28.215443994612933
1.6637295346910133   4.917046030204529   27.285015178162414
1.7125025083885144   4.5789768224936065   26.383421073008815
1.7627052835733923   4.263593009099103   25.50914463294956
1.814379775514258   3.9694186561026727   24.660796109460314
1.8675691282445197   3.695069899556451   23.837109627952795
1.922317750584177   3.4392497361333283   23.036915268683565
1.9786713532176083   3.2007428581143107   22.25913128001847
2.0366769868582977   2.9784107555803683   21.502758460077352
2.0963830815323896   2.7711870931869984   20.76687490744523
2.1578394870138577   2.5780733429065674   20.05063134463362
2.2210975144450407   2.398134209828234   19.3532710541423
2.286209979177315   2.230493534347342   18.674142190740238
2.3532312448676476   2.0743315668113307   18.012647351801323
2.4222172688678643   1.928881567681963   17.368234854993037
2.4932256489445366   1.7934265045718156   16.740395684127545
2.5663156713684585   1.6672959456909426   16.12866057940561
2.641548360413907   1.549863140353036   15.532597486498425
2.7189865293089923   1.4405427661662715   14.951879548512617
2.798694832679631   1.338788833021768   14.386366933903085
2.8807398205309562   1.2440910001570418   13.835937490643282
2.9651899938111903   1.1559721744979319   13.300459265328087
3.05211586160442   1.0739864440590192   12.779790804330144
3.1415899999999994   0.9977171316149238   12.273781469459076
