0.01   13392.712086443089   13391.385741184196
0.010293154462191829   13487.733394786088   13486.344441534315
0.010594902878253955   13575.283852365385   13573.827611482764
0.010905497183778876   13654.956853638523   13653.427959726427
0.011225196699963396   13726.349143705864   13724.741593274672
0.011554268350120923   13789.043680617951   13787.351070890958
0.011892986882540897   13842.626414908373   13840.842045680221
0.012241635099881474   13886.695679774368   13884.81257414288
0.012600504095286909   13920.843969559402   13918.85466307321
0.012969893495426888   13944.657944369967   13942.554252045356
0.013350111710660605   13957.743247212542   13955.516292392174
0.013741476192534558   13959.720620676848   13957.360643091282
0.014144313698828986   13950.208231812923   13947.703772107567
0.01455896056637426   13928.84664889126   13926.184430252788
0.014985762991865008   13895.306688989685   13892.471722251435
0.01542507732090645   13849.27026810002   13846.246047501585
0.015877270345534218   13790.439689897452   13787.208392137587
0.016342719610456153   13718.558668637515   13715.10131621638
0.016821813728271667   13633.410949967849   13629.70721979883
0.017314952703931925   13534.816674925352   13530.844230579965
0.017822548268711737   13422.645728486148   13418.380359864286
0.01834502422397195   13296.822793452997   13292.238766804654
0.018882816794999403   13157.334046855565   13152.404853966262
0.019436374995219892   13004.226732153998   12998.92563874407
0.02000616100108813   12837.6087636427   12831.909172136895
0.020592650537967844   12657.675168008502   12651.552168760132
0.021196333277324068   12464.722044151342   12458.154581210223
0.02181771324555934   12259.107485830837   12252.078670143837
0.022457309244835088   12041.266003588438   12033.763755877428
0.02311565528622961   11811.788952271198   11803.808925511586
0.023793301035594242   11571.346709360589   11562.89298515811
0.024490812272480036   11320.653197933932   11311.73797873197
0.025208771362518027   11060.582393199853   11051.228719984003
0.0259477777436476   10792.160350802884   10782.404616999456
0.02670844842659881   10516.419397927688   10506.310140518703
0.027491418510046592   10234.463056744331   10224.060449601975
0.028297341710866907   9947.644400256424   9937.021940300245
0.029126890909937666   9657.316588510781   9646.559702004453
0.029980758713939952   9364.78169470989   9353.985525706037
0.030859658033628758   9071.546058488104   9060.81307144266
0.031764322679055976   8779.202522266933   8768.64027321714
0.03269550797224261   8489.201655177572   8478.920911000841
0.033653991377811755   8203.003114843748   8193.113418691943
0.03464057315210884   7922.255421237745   7912.857765935827
0.03565607701135116   7648.446359352713   7639.632418884135
0.036701350819364466   7382.8811523745835   7374.731914645235
0.03777726729548091   7126.861945029923   7119.433636119436
0.038884724743189276   6881.579632909505   6874.899482013387
0.04002464780014597   6648.028312319457   6642.0982178978975
0.041197988210172884   6427.070167433975   6421.853466100429
0.04240572561788674   6219.476780886524   6214.877851611457
0.04364886838662332   6025.88537195784   6021.755387280927
0.04492845444033957   5846.69294068307   5842.834344087341
0.04624555213019635   5681.5557245051905   5677.715551859829
0.04760126112654554   5529.930851416253   5525.802021801896
0.04899671333706607   5391.261956058522   5386.489172558738
0.05043307385181555   5264.137016648753   5258.344538626967
0.05191154191598653   5146.591773696247   5139.402760239818
0.053433351931179485   5036.815621359972   5027.852869737558
0.05499977448602865   4933.1013020143855   4921.997717469262
0.05661211741704101   4833.839382382016   4820.2464219877065
0.05827172690053434   4737.402261173816   4721.002688198754
0.05997998857658587   4641.330190543902   4621.918824780194
0.06173832870592997   4542.958452679041   4520.474622095271
0.0635482153607709   4439.567234490753   4414.148137992355
0.06541115965050462   4328.176782879758   4300.254337057282
0.06732871698337338   4206.215029015474   4176.51364676289
0.06930248836510605   4072.054525636164   4041.6095154879145
0.07133412173562886   3924.7714086270903   3894.891072278277
0.07342531334496233   3764.9763805646758   3737.1468734962205
0.07557780916945323   3594.3475946718013   3570.1398030427677
0.07779340636952398   3415.5652203795225   3396.539853408199
0.08007395479015682   3231.9824744029765   3219.6072048009946
0.08242135850536496   3047.0962364741   3042.6283048557993
0.08483757740794096   2864.387848560469   2868.7915778139372
0.08732462884580919   2687.7885671255067   2701.5994564787898
0.08988458930634863   2521.1786698381106   2544.4430852456903
0.09251959615009227   2368.4566730612923   2400.561717541868
0.09523184939525078   2232.745667091   2272.444509691857
0.09802361355455057   2116.2430127404523   2161.6748319940853
0.10089721952591899   2019.6606335613876   2068.547748117194
0.10385506653859616   1941.659270783409   1991.4839100302172
0.10689962415629803   1879.6938052021624   1927.9676087797345
0.11003343433910281   1829.64499351617   1874.27991559035
0.11325911356578279   1786.8117847585897   1826.3550305451618
0.11657935501835284   1746.051051740194   1779.9209571028239
0.11999693083066039   1702.3037230055027   1730.9928205072622
0.12351469440289359   1651.2069466108342   1676.2912742397325
0.12713558278394044   1589.8266583494158   1613.7948754843171
0.13086261912358757   1517.2143470642266   1543.2836184552614
0.13469891519660646   1434.320652871979   1466.0065182907017
0.13864767400083483   1343.8662252765116   1384.263622190723
0.14271219243142114   1250.2667358047097   1301.4029761328181
0.14689586403346616   1159.2234143743233   1221.6389038230523
0.1512021818353596   1076.7430480399007   1149.2555375428822
0.15563474126517718   1007.204171686124   1086.826605135365
0.16019724315257297   951.8459390564407   1034.8672525030338
0.1648934968186736   909.3144553899825   991.931075398679
0.1697274232565544   876.7843036563526   955.6965047325688
0.17470305840495237   850.3516155242384   923.54296154491
0.17982455651794954   824.7708456165204   892.0205350275725
0.18509619363343993   794.808514935453   858.0142723356847
0.19052237114327647   757.6791413669274   820.1536385771486
0.19610761946807834   713.9880244512351   779.4483992016992
0.20185660183976684   666.4817630042261   737.7359387258365
0.20777411819498756   619.0733067776305   697.0963447680631
0.21386510918267082   576.0729130546283   659.8057278362644
0.22013466028907505   540.3913868292406   627.2819390925239
0.22658800608375756   512.4168809685241   599.0383110474619
0.23323053459001789   490.3932693766882   574.0829978140948
0.2400677917834628   470.88624757795554   550.7409402798662
0.24710548622244882   450.1569270821341   527.3547358262932
0.25434949381426813   426.45995428733477   503.1769743722979
0.2618058627210567   400.31503277692485   478.9221994578618
0.2694808184095226   373.63602162782496   455.2420787097466
0.27738076884870827   349.1128007834708   433.07198384057796
0.2855123098601282   328.4295810977039   412.99833124149717
0.29388223062474755   311.25588509198053   394.67218554920754
0.3024975193514008   296.02581686713717   377.4549048946074
0.31136536911138296   280.80981380440784   360.75654080132324
0.3204931838440838   264.6205176835684   344.38412972828036
0.32988858453867975   248.08025335016382   328.5085609149605
0.3395594155970457   232.4175174819038   313.44668574796555
0.34951375138319807   218.51511972764794   299.41646070712125
0.3597599029647371   206.31520177332052   286.25503290188215
0.37030642505191835   194.9518563585792   273.74332610970873
0.3811621231401457   183.6687966834539   261.71087069381304
0.3923360608618501   172.46155556575246   250.21025937204402
0.4038375675538918   161.8025303483234   239.25356448046855
0.41567624604680364   152.0851202583941   228.9286251551912
0.42786198068238046   143.18776520024772   219.15836707351826
0.4404049455663077   134.74365842305554   209.8462492127255
0.4533156130627191   126.55896066493537   200.9623364985879
0.4666047625377753   118.76896186245187   192.50821452858028
0.4802834893595659   111.52608208589486   184.49032515275923
0.49436321416184764   104.79061329442304   176.88537501735084
0.5088556923793517   98.41084471519798   169.6449789487061
0.5237730240626238   92.33960554315371   162.7453970209464
0.5391276639805903   86.62983947057417   156.19146264498679
0.5549324320192869   81.28976516991928   149.96475161482255
0.5712005238854289   76.26401533112427   144.03928751863984
0.5879455221237613   71.51592988338462   138.4009911397427
0.6051814074573895   67.04954235561033   133.03156012523968
0.622922570460556   62.85983837354631   127.92607120973396
0.6411838235736077   58.917113936180556   123.06287953253994
0.6599804134701901   55.207332799726196   118.43071163679545
0.6793280337869897   51.72359276302033   114.0198073915152
0.6992428382266549   48.451336452030375   109.81704467058476
0.7197414540448374   45.37770183636736   105.8104631554541
0.7408409959326054   42.491279851863766   101.98920873089494
0.7625590803058332   39.78127035283431   98.34310291983125
0.7849138400134885   37.23745090203333   94.86259555394906
0.8079239394770964   34.85014919063522   91.53872207832117
0.8316085902740278   32.61021653562667   88.36306400289642
0.8559875671776167   30.509002429907927   85.32771225227673
0.8810812246675007   28.53833105745358   82.42510228204715
0.9069105139239728   26.6904806635744   79.64755819390476
0.9334970003205227   24.95815719246816   76.98775430335036
0.960862881429187   23.334471657294394   74.43885568646587
0.9890310055537336   21.812919774163667   71.99448214614254
1.0180248908061487   20.387362462002603   69.64867513263445
1.047868744742366   19.052007183170627   67.39586736510613
1.0785874845736239   17.801390098221802   65.23085484987378
1.1102067579703248   16.63035687120981   63.14866427130401
1.1427529644757777   15.53404299006661   61.14433425149074
1.1762532775476793   14.50786475534952   59.213189906291845
1.210735667245765   13.547505474246412   57.350883423868915
1.246228923584555   12.648900972690083   55.553370771260305
1.2827626805706884   11.80822581531318   53.81689036478007
1.3203674409449337   11.02188020433018   52.13794351935346
1.3590746016495152   10.286477526761114   50.513276168009426
1.3989164800420282   9.598832169376509   48.93981023653617
1.4399263408778291   8.955948043682596   47.41458143397554
1.4821384240834183   8.355008720422196   45.93483131663547
1.525587973344019   7.793367375945443   44.49800748207188
1.5703112655292182   7.268537158455462   43.101750311218865
1.6163456409812174   6.778182058267753   41.74388074238179
1.6637295346910133   6.320108258873796   40.42238897279763
1.7125025083885144   5.892255936464449   39.13542508286489
1.7627052835733923   5.4926910456385345   37.881341791342685
1.814379775514258   5.119597941433989   36.65870040211699
1.8675691282445197   4.771273185952977   35.466183082488094
1.922317750584177   4.446118996223744   34.30257940638555
1.9786713532176083   4.14263699481516   33.166779863142345
2.0366769868582977   3.859422307313616   32.05776971770524
2.0963830815323896   3.595157989085244   30.974623185941084
2.1578394870138577   3.348609740847608   29.916502560221105
2.2210975144450407   3.118620442516459   28.882756374192684
2.286209979177315   2.9041056384947166   27.872898175454733
2.3532312448676476   2.704049722455528   26.88648426736328
2.4222172688678643   2.517501754564921   25.923105362498994
2.4932256489445366   2.343571495376481   24.982383792830504
2.5663156713684585   2.1814256716885345   24.063970812951858
2.641548360413907   2.0302844616218594   23.167543992997263
2.7189865293089923   1.8894182587173927   22.29282130740627
2.798694832679631   1.7581453844047539   21.439758361819045
2.8807398205309562   1.6358286107814823   20.608445955345914
2.9651899938111903   1.5218716762426219   19.798936919904584
3.05211586160442   1.4157167502962724   19.011244015216086
3.1415899999999994   1.3168420612976157   18.245341702027947
