0.01   13260.914477425438   13254.506582929607
0.010293154462191829   13450.483417731832   13443.437494812535
0.010594902878253955   13636.895980008903   13629.152139121265
0.010905497183778876   13819.753662164425   13811.247646327567
0.011225196699963396   13998.628569269422   13989.29011439045
0.011554268350120923   14173.078017378559   14162.830306698985
0.011892986882540897   14342.650881488513   14331.410486038665
0.012241635099881474   14506.874007335373   14494.5506284969
0.012600504095286909   14665.252951264385   14651.749202459996
0.012969893495426888   14817.287573052523   14802.499039892728
0.013350111710660605   14962.466333002356   14946.281324457017
0.013741476192534558   15100.249277511946   15082.547763804647
0.014144313698828986   15230.090154938624   15210.743718225312
0.01455896056637426   15351.44238305231   15330.314338857139
0.014985762991865008   15463.741705785164   15440.685357591194
0.01542507732090645   15566.414049985478   15541.271573899741
0.015877270345534218   15658.892890818812   15631.495779656741
0.016342719610456153   15740.612014083254   15710.780814168385
0.016821813728271667   15810.994397557712   15778.537421597375
0.017314952703931925   15869.476265830068   15834.19016450668
0.017822548268711737   15915.5122953625   15877.182805267385
0.01834502422397195   15948.565273169856   15906.966021077913
0.018882816794999403   15968.11732997647   15923.009963129989
0.019436374995219892   15973.681945899794   15924.8176788329
0.02000616100108813   15964.808180359527   15911.928597164033
0.020592650537967844   15941.08474451263   15883.922170627045
0.021196333277324068   15902.143593727043   15840.423161871582
0.02181771324555934   15847.668599917146   15781.111239638607
0.022457309244835088   15777.423423636414   15705.751761851978
0.02311565528622961   15691.235795795457   15614.178043315978
0.023793301035594242   15588.991000767732   15506.28381678818
0.024490812272480036   15470.685100993704   15382.079802632157
0.025208771362518027   15336.435571236101   15241.704812497026
0.0259477777436476   15186.421243218141   15085.361623739986
0.02670844842659881   15020.9144194895   14913.351981819833
0.027491418510046592   14840.389262941399   14726.194553478823
0.028297341710866907   14645.404751623972   14524.496810504525
0.029126890909937666   14436.572921619992   14308.919787856881
0.029980758713939952   14214.729508027795   14080.356705235197
0.030859658033628758   13980.893647674846   13839.88990805064
0.031764322679055976   13736.097293137234   13588.611510743991
0.03269550797224261   13481.473445764828   13327.714922847912
0.033653991377811755   13218.426640301088   13058.671554747303
0.03464057315210884   12948.369323362671   12782.955890424697
0.03565607701135116   12672.695568485186   12502.016024165787
0.036701350819364466   12393.130045095952   12217.614794542456
0.03777726729548091   12111.54038784421   11931.644940141852
0.038884724743189276   11829.668000208396   11645.865485019209
0.04002464780014597   11549.107723531888   11361.882946605208
0.041197988210172884   11271.295243305618   11081.140249223972
0.04240572561788674   10997.536719241998   10804.945285491658
0.04364886838662332   10729.115439421765   10534.563535333884
0.04492845444033957   10467.927334961565   10271.761609154031
0.04624555213019635   10216.009524772107   10018.404963297497
0.04760126112654554   9975.163026751881   9776.133305221705
0.04899671333706607   9746.312335648965   9545.722570343398
0.05043307385181555   9529.589831440284   9327.169928981704
0.05191154191598653   9325.053044173545   9120.407926503603
0.053433351931179485   9132.283575911715   8924.909431475653
0.05499977448602865   8950.41383791915   8739.714263408056
0.05661211741704101   8778.555590529397   8563.855236425856
0.05827172690053434   8615.28856972266   8395.899273459727
0.05997998857658587   8458.955832266483   8234.214563026622
0.06173832870592997   8307.773843062952   8077.093759597127
0.0635482153607709   8159.474976838769   7922.469477598103
0.06541115965050462   8011.777121823979   7768.296935747969
0.06732871698337338   7861.941235569765   7612.245660760191
0.06930248836510605   7707.1168240436255   7451.956020902506
0.07133412173562886   7544.354399521866   7285.164754529837
0.07342531334496233   7370.694690839529   7109.749831777875
0.07557780916945323   7183.68572609022   6924.0202684759315
0.07779340636952398   6981.477841689734   6726.789079481836
0.08007395479015682   6763.3247697665   6518.044942047693
0.08242135850536496   6529.666278749214   6298.977445341186
0.08483757740794096   6282.353655390432   6071.46374272787
0.08732462884580919   6024.357781454388   5837.959982565076
0.08988458930634863   5759.735151064916   5601.989120572381
0.09251959615009227   5493.094230278953   5367.39434019757
0.09523184939525078   5229.620282241424   5138.019280822965
0.09802361355455057   4974.280105014302   4917.382631666147
0.10089721952591899   4732.235952173323   4708.901837944579
0.10385506653859616   4507.987687411295   4515.352443743686
0.10689962415629803   4305.427786894659   4338.75376479255
0.11003343433910281   4126.924956373185   4179.958292659787
0.11325911356578279   3973.2686125918276   4038.6318176635104
0.11657935501835284   3842.797852174414   3913.062120326571
0.11999693083066039   3732.052811203642   3800.4238916927384
0.12351469440289359   3635.4794038666055   3696.482446364012
0.12713558278394044   3546.4772756795323   3597.0471820726934
0.13086261912358757   3457.927199881906   3498.1847986200805
0.13469891519660646   3362.9821872150765   3396.190634960563
0.13864767400083483   3256.076434994062   3288.44039429281
0.14271219243142114   3133.7687034601104   3173.766805012242
0.14689586403346616   2995.5040674142397   3052.7875944712964
0.1512021818353596   2843.91174189146   2928.0976732489708
0.15563474126517718   2684.352037392791   2802.4992452369465
0.16019724315257297   2524.161891563806   2679.5847803914685
0.1648934968186736   2371.6192605565498   2563.3954646693114
0.1697274232565544   2234.4849646566036   2456.7195525287325
0.17470305840495237   2118.0930816464247   2360.654558745111
0.17982455651794954   2023.7290712813992   2275.0086111895193
0.18509619363343993   1948.409399577555   2198.102456546568
0.19052237114327647   1886.0666393841677   2126.766756871749
0.19610761946807834   1828.976975102051   2057.757487677967
0.20185660183976684   1768.9092031449609   1988.7957765795138
0.20777411819498756   1698.9971654688782   1918.1507355218205
0.21386510918267082   1616.5053959326858   1845.5384254254398
0.22013466028907505   1524.196155921589   1772.2443300972243
0.22658800608375756   1428.7579863521712   1701.1494423029665
0.23323053459001789   1338.0719872253492   1633.6677190955904
0.2400677917834628   1258.922996121538   1571.1723640066107
0.24710548622244882   1194.6923270770185   1513.1594034452514
0.25434949381426813   1143.8462390368823   1459.681824138664
0.2618058627210567   1100.757643349637   1408.7149458457316
0.2694808184095226   1058.0817112606921   1359.5421249083427
0.27738076884870827   1009.8317304497211   1310.6951541586138
0.2855123098601282   954.5952267816047   1262.464485362064
0.29388223062474755   895.8347214997525   1215.6434016585333
0.3024975193514008   839.4175628976526   1170.9110710603447
0.31136536911138296   790.462123830613   1129.023249733969
0.3204931838440838   750.5488373122405   1088.9006685270524
0.32988858453867975   716.7650363389566   1051.373646362328
0.3395594155970457   684.0988988390641   1015.187368074219
0.34951375138319807   648.7697379201849   979.7434139243819
0.3597599029647371   610.6297920814242   945.645110900919
0.37030642505191835   572.972899524588   912.843242364484
0.3811621231401457   539.3434343328136   881.7215052143708
0.3923360608618501   510.72491230182254   852.0118026451892
0.4038375675538918   485.1373810083839   823.8027687365907
0.41567624604680364   459.60720743344814   796.5724763112021
0.42786198068238046   433.02831553532116   770.1838504340358
0.4404049455663077   406.84140499251833   744.8259393586783
0.4533156130627191   383.03231761856705   720.6535517461605
0.4666047625377753   361.9669417947667   697.6675008574001
0.4802834893595659   342.24577471739644   675.6703673600357
0.49436321416184764   322.60682154262497   654.3896169494558
0.5088556923793517   303.2882355372486   633.8203358909902
0.5237730240626238   285.3443092127127   614.1954915766524
0.5391276639805903   269.0151399601757   595.445956837435
0.5549324320192869   253.58467180530837   577.4162460780547
0.5712005238854289   238.55059258705893   559.9708499102635
0.5879455221237613   224.22438078498237   543.1748669980499
0.6051814074573895   210.9577051914442   527.0902979607081
0.622922570460556   198.53294319145814   511.6275525700287
0.6411838235736077   186.63632599537473   496.64887274305295
0.6599804134701901   175.3449048252565   482.2098333590667
0.6793280337869897   164.791875194213   468.3047367786166
0.6992428382266549   154.8718481762249   454.8738256726313
0.7197414540448374   145.49076665578858   441.88249005024426
0.7408409959326054   136.62266502407425   429.30895134665184
0.7625590803058332   128.25139096216787   417.1302964195302
0.7849138400134885   120.3596922526253   405.32509777176256
0.8079239394770964   112.9294613593699   393.8733076302719
0.8316085902740278   105.93958970899033   382.75495785788377
0.8559875671776167   99.36493910706461   371.94920489258493
0.8810812246675007   93.18132159782583   361.4364977748199
0.9069105139239728   87.36597512688606   351.1987511554701
0.9334970003205227   81.89747573041963   341.2192570634959
0.960862881429187   76.75565546945427   331.4826038693894
0.9890310055537336   71.92152571062243   321.97460168692425
1.0180248908061487   67.37726907035209   312.6822364860193
1.047868744742366   63.1065779119336   303.59376217948113
1.0785874845736239   59.09420637015219   294.6985245895473
1.1102067579703248   55.32565602800334   285.9868121309973
1.1427529644757777   51.78714618603381   277.44980511923904
1.1762532775476793   48.465586264866424   269.07952863560865
1.210735667245765   45.34854860484399   260.8688079443695
1.246228923584555   42.424241137700214   252.81123335032044
1.2827626805706884   39.681431295627334   244.90176096122127
1.3203674409449337   37.10939902738947   237.1370715408852
1.3590746016495152   34.69800840455504   229.51437603032085
1.3989164800420282   32.43768830526059   222.0312603482942
1.4399263408778291   30.319403593733526   214.6856603154632
1.4821384240834183   28.334627583148485   207.47583703607467
1.525587973344019   26.475315737789053   200.40035268837957
1.5703112655292182   24.73388211159089   193.45830724227903
1.6163456409812174   23.103184547066878   186.65095594905887
1.6637295346910133   21.576492692120702   179.98034146151716
1.7125025083885144   20.147460688172472   173.44829620282053
1.7627052835733923   18.81010706474966   167.05643703064254
1.814379775514258   17.55879557272555   160.80616579732524
1.8675691282445197   16.388216893205044   154.69867043617646
1.922317750584177   15.293371135279857   148.73493506196917
1.9786713532176083   14.269547019362006   142.9163894095821
2.0366769868582977   13.312304609621426   137.24523379419094
2.0963830815323896   12.417468070041508   131.7232932216767
2.1578394870138577   11.581111638084758   126.35192035226711
2.2210975144450407   10.799545534226647   121.13201934798268
2.286209979177315   10.069302600598583   116.06407009741304
2.3532312448676476   9.387125635673405   111.14815266517938
2.4222172688678643   8.749956443387655   106.38406191939391
2.4932256489445366   8.154930284185564   101.77185627349463
2.5663156713684585   7.599359013295641   97.31141019379426
2.641548360413907   7.080717502110985   93.00213515373416
2.7189865293089923   6.596634434106486   88.84301635920647
2.798694832679631   6.144883579327725   84.8326500205608
2.8807398205309562   5.723375512133723   80.96927961598912
2.9651899938111903   5.330149589720047   77.25082270214904
3.05211586160442   4.963355939925527   73.67435700435259
3.1415899999999994   4.621245662553603   70.23594132068162
