0.01   2431.935760803434   2431.8093988552123
0.010293154462191829   2446.6248254042   2446.497638651137
0.010594902878253955   2459.933805489801   2459.80583191091
0.010905497183778876   2471.792799995198   2471.664076389932
0.011225196699963396   2482.1321954016403   2482.002823935413
0.011554268350120923   2490.884284416395   2490.754434831975
0.011892986882540897   2497.981027030802   2497.8508911697527
0.012241635099881474   2503.3506811434554   2503.220361817733
0.012600504095286909   2506.92357914971   2506.7930726712216
0.012969893495426888   2508.633146886209   2508.5023541277214
0.013350111710660605   2508.413230675247   2508.282070017508
0.013741476192534558   2506.2000959984302   2506.0685672993964
0.014144313698828986   2501.9348380257934   2501.8030228428584
0.01455896056637426   2495.56123206445   2495.42922684458
0.014985762991865008   2487.023904092371   2486.891695626645
0.01542507732090645   2476.273409537131   2476.14086305351
0.015877270345534218   2463.266988973218   2463.1338678300767
0.016342719610456153   2447.966983322195   2447.833072804388
0.016821813728271667   2430.3427676092224   2430.207928847445
0.017314952703931925   2410.372337033093   2410.2365048355414
0.017822548268711737   2388.0430274059195   2387.90610638697
0.01834502422397195   2363.3520375780895   2363.213753757044
0.018882816794999403   2336.3064030043847   2336.1663015622257
0.019436374995219892   2306.9243965083056   2306.781889955634
0.02000616100108813   2275.240755101792   2275.09533051931
0.020592650537967844   2241.3023534121585   2241.15364020728
0.021196333277324068   2205.1663352968576   2205.0141028079693
0.02181771324555934   2166.9101605092474   2166.7543285590486
0.022457309244835088   2126.6322885034415   2126.472937742341
0.02311565528622961   2084.439467338758   2084.276830709088
0.023793301035594242   2040.452329707129   2040.286810317684
0.024490812272480036   1994.8255883064382   1994.6578634767507
0.025208771362518027   1947.7237968775391   1947.5548210874745
0.0259477777436476   1899.3141107464317   1899.1450857896798
0.02670844842659881   1849.7958894435112   1849.6282834869485
0.027491418510046592   1799.393346076994   1799.2289009876292
0.028297341710866907   1748.3229657716643   1748.1636519846354
0.029126890909937666   1696.8090943145446   1696.6570711114878
0.029980758713939952   1645.119131893553   1644.976723320923
0.030859658033628758   1593.5109149943803   1593.380568538195
0.031764322679055976   1542.2236180087762   1542.107852685698
0.03269550797224261   1491.5235611383966   1491.4248010311364
0.033653991377811755   1441.683679006764   1441.6041481411494
0.03464057315210884   1392.9446047976874   1392.8863313852275
0.03565607701135116   1345.5338505413542   1345.498519235536
0.036701350819364466   1299.691732409226   1299.6803369632767
0.03777726729548091   1255.629155806941   1255.6420369282346
0.038884724743189276   1213.52261574043   1213.5595027032052
0.04002464780014597   1173.5124113585928   1173.5719562711306
0.041197988210172884   1135.7098351713503   1135.7894531827912
0.04240572561788674   1100.2045985258262   1100.300639274165
0.04364886838662332   1067.0508755059218   1067.1584121870642
0.04492845444033957   1036.2568170949849   1036.36911882524
0.04624555213019635   1007.8215122919156   1007.930162652051
0.04760126112654554   981.6856959269851   981.780923291753
0.04899671333706607   957.5401942826364   957.6117762344229
0.05043307385181555   935.0322126760733   935.0697190947618
0.05191154191598653   913.8442702497537   913.8371185727234
0.053433351931179485   893.7034653820563   893.6411681263324
0.05499977448602865   874.3642183110131   874.2364736803103
0.05661211741704101   855.541594450556   855.3388413571747
0.05827172690053434   836.8320753671292   836.546788678934
0.05997998857658587   817.8395250353551   817.4665735692325
0.06173832870592997   798.1126107006464   797.651464226162
0.0635482153607709   777.1799508325149   776.6361739558628
0.06541115965050462   754.6432675146235   754.0289705849879
0.06732871698337338   730.1995985814106   729.5344207302528
0.06930248836510605   703.6745841247634   702.9846117295731
0.07133412173562886   675.1760921595844   674.4916531857998
0.07342531334496233   644.9379551800852   644.2920438589974
0.07557780916945323   613.3855895176097   612.8129725705692
0.07779340636952398   581.0174534878661   580.5524065416128
0.08007395479015682   548.4529291103867   548.1235948543122
0.08242135850536496   516.312213688521   516.1389486259953
0.08483757740794096   485.2309064845454   485.22570361449567
0.08732462884580919   455.8194959591094   455.98355269564786
0.08988458930634863   428.6928795984646   429.01240146579823
0.09251959615009227   404.3645842165659   404.8100174131379
0.09523184939525078   383.23235789799185   383.75930574773867
0.09802361355455057   365.39184970210744   365.9429643448183
0.10089721952591899   350.72358515079634   351.2304322193867
0.10385506653859616   338.7760311306097   339.172649007847
0.10689962415629803   328.9203146636175   329.15038887327034
0.11003343433910281   320.35477134319575   320.37723551278924
0.11325911356578279   312.24148753245424   312.03645397123915
0.11657935501835284   303.7377226552807   303.3155503362065
0.11999693083066039   294.12914819233913   293.5304516130246
0.12351469440289359   282.9058212749787   282.1983321550045
0.12713558278394044   269.8950590160976   269.1670338561007
0.13086261912358757   255.2524141334558   254.60427997618942
0.13469891519660646   239.42397257292845   238.95289355303493
0.13864767400083483   223.09989790645844   222.876670661552
0.14271219243142114   207.18343242769083   207.23808921792207
0.14689586403346616   192.6255000907022   192.9364915953587
0.1512021818353596   180.1739159450364   180.66881437160032
0.15563474126517718   170.11892224598736   170.6913492560476
0.16019724315257297   162.2529186782083   162.787993733859
0.1648934968186736   156.0837713735479   156.48247993518765
0.1697274232565544   150.9591505991542   151.15343133561822
0.17470305840495237   146.07102087186655   146.04587605898863
0.17982455651794954   140.56725871693706   140.37660606071205
0.18509619363343993   133.926678805773   133.68881729575827
0.19052237114327647   126.20378347945551   126.05073856263762
0.19610761946807834   117.86181250155863   117.89413116620601
0.20185660183976684   109.54326730036031   109.8096127078983
0.20777411819498756   101.93817476107192   102.42109976379093
0.21386510918267082   95.55002905683399   96.1548395809119
0.22013466028907505   90.46956792790219   91.08335944879465
0.22658800608375756   86.40831626460232   86.93316160621694
0.23323053459001789   82.82157998749068   83.21204755659896
0.2400677917834628   79.09032902904158   79.37990702407124
0.24710548622244882   74.87700473011633   75.16497368507024
0.25434949381426813   70.26246534004072   70.64017545042918
0.2618058627210567   65.56750695844515   66.09548355623681
0.2694808184095226   61.22009217984877   61.88368113513532
0.27738076884870827   57.52281246979853   58.24532614415969
0.2855123098601282   54.4400870622779   55.14477420805418
0.29388223062474755   51.70545563227877   52.34920001320195
0.3024975193514008   49.00139690169824   49.603368024209246
0.31136536911138296   46.145820177012375   46.76681941092838
0.3204931838440838   43.22684133000685   43.91911342984374
0.32988858453867975   40.458951803698774   41.22226400901502
0.3395594155970457   37.9931285859343   38.79025860054951
0.34951375138319807   35.827834522831296   36.61587073054388
0.3597599029647371   33.8198411414765   34.584145045475566
0.37030642505191835   31.83421210852256   32.59820541359533
0.3811621231401457   29.862374931101332   30.653927747850897
0.3923360608618501   27.985275212036058   28.809000832689414
0.4038375675538918   26.27329228411254   27.109710242343642
0.41567624604680364   24.708450785930477   25.539393654392686
0.42786198068238046   23.228345351517408   24.053606400869715
0.4404049455663077   21.794119260268406   22.62664787312393
0.4533156130627191   20.42908110429018   21.274299072213037
0.4666047625377753   19.16054309287979   20.010588812646684
0.4802834893595659   17.983188575823576   18.830122831155535
0.49436321416184764   16.869897079926115   17.714777295900195
0.5088556923793517   15.810963536764852   16.657738260395416
0.5237730240626238   14.81554528146658   15.663369060760203
0.5391276639805903   13.885955260826513   14.730976920167468
0.5549324320192869   13.012534887817223   13.853676814210264
0.5712005238854289   12.18788405555392   13.026241206455639
0.5879455221237613   11.41292194602113   12.24779777500496
0.6051814074573895   10.686864327632675   11.516761681857306
0.622922570460556   10.00474656543209   10.829059375415714
0.6411838235736077   9.36331910670668   10.181917041873675
0.6599804134701901   8.761476940753194   9.573630910713845
0.6793280337869897   8.19694084003097   9.001960427325024
0.6992428382266549   7.667460294022706   8.46473704895533
0.7197414540448374   7.17091877443412   7.959915482436139
0.7408409959326054   6.705325722949936   7.485567204872333
0.7625590803058332   6.268809028786944   7.039874277087981
0.7849138400134885   5.859608014329332   6.621123471716015
0.8079239394770964   5.476079287727208   6.227708519906324
0.8316085902740278   5.1167022427425985   5.858132461804549
0.8559875671776167   4.780042596188809   5.5109835375804614
0.8810812246675007   4.464743819793507   5.1849282842750855
0.9069105139239728   4.16952353883223   4.878707773800585
0.9334970003205227   3.893170047284964   4.591133974033922
0.960862881429187   3.634538939929639   4.32108623490672
0.9890310055537336   3.3925478589355653   4.06750769636213
1.0180248908061487   3.166169316571779   3.829401602112955
1.047868744742366   2.954434581585798   3.605828852335058
1.0785874845736239   2.756432127649788   3.39590513644893
1.1102067579703248   2.5713044688504914   3.1987980158948335
1.1427529644757777   2.3982451548803922   3.013724133248463
1.1762532775476793   2.2364959189562015   2.8399465451388233
1.210735667245765   2.0853441097367234   2.6767723817927633
1.246228923584555   1.9441206368661688   2.523551202142911
1.2827626805706884   1.8121968826404564   2.3796717401949894
1.3203674409449337   1.688982160726947   2.2445593464758744
1.3590746016495152   1.5739215719783746   2.1176739415788197
1.3989164800420282   1.4664939706562223   1.99850806805316
1.4399263408778291   1.3662100360345413   1.8865850373638815
1.4821384240834183   1.2726104250882755   1.7814570491522195
1.525587973344019   1.1852639148807038   1.6827027299858772
1.5703112655292182   1.1037658849460927   1.5899262478371237
1.6163456409812174   1.0277368452900848   1.5027563019816603
1.6637295346910133   0.9568209580793218   1.420844656490797
1.7125025083885144   0.8906846395069006   1.3438647516074733
1.7627052835733923   0.8290152384954107   1.2715103928548512
1.814379775514258   0.7715197818505207   1.2034943549892496
1.8675691282445197   0.7179237210006634   1.1395453748649464
1.922317750584177   0.6679698693914935   1.07940812747258
1.9786713532176083   0.6214174176219529   1.0228437653422415
2.0366769868582977   0.5780409377236442   0.9696288748674484
2.0963830815323896   0.5376294431423724   0.9195544672688304
2.1578394870138577   0.4999855029050929   0.8724250353187946
2.2210975144450407   0.46492440288158704   0.8280576060739747
2.286209979177315   0.4322732698073859   0.7862794792747548
2.3532312448676476   0.40187036178609153   0.7469277886064803
2.4222172688678643   0.37356448035408196   0.709850453049543
2.4932256489445366   0.34721431143142734   0.6749054996699257
2.5663156713684585   0.32268780108076583   0.6419603612381075
2.641548360413907   0.2998615690294474   0.6108912244514493
2.7189865293089923   0.2786203601382835   0.5815823844677405
2.798694832679631   0.2588566409588701   0.5539236597988867
2.8807398205309562   0.2404701253652639   0.5278093994530728
2.9651899938111903   0.2233671294795336   0.503141197572316
3.05211586160442   0.20746014129225457   0.4798275885987039
3.1415899999999994   0.19266743111513118   0.45778351507426085
