0.01   1652.0989296037073   1652.0444817315492
0.010293154462191829   1676.0746245663297   1676.019790934325
0.010594902878253955   1699.675463238994   1699.6202398783537
0.010905497183778876   1722.8544742933586   1722.7987941519925
0.011225196699963396   1745.5632261046055   1745.506981094934
0.011554268350120923   1767.7502994981398   1767.6934478379853
0.011892986882540897   1789.3628337179953   1789.3054329654879
0.012241635099881474   1810.3470874524455   1810.2892938206462
0.012600504095286909   1830.6465767797645   1830.5885434620595
0.012969893495426888   1850.202346107374   1850.1441268199092
0.013350111710660605   1868.9549122716833   1868.8964532709967
0.013741476192534558   1886.8438065616588   1886.784984552175
0.014144313698828986   1903.8063518083934   1903.7470961062832
0.01455896056637426   1919.7795610691228   1919.7198786970775
0.014985762991865008   1934.7005379780924   1934.640508842544
0.01542507732090645   1948.5042938965091   1948.443984914369
0.015877270345534218   1961.1249058770893   1961.0643135649611
0.016342719610456153   1972.497474192233   1972.4365219522451
0.016821813728271667   1982.5574193976784   1982.495967604533
0.017314952703931925   1991.2396826759416   1991.1775515573174
0.017822548268711737   1998.4809735310566   1998.4179461970286
0.01834502422397195   2004.2202208844021   2004.1560434051723
0.018882816794999403   2008.3976863456126   2008.3320652712507
0.019436374995219892   2010.956153117549   2010.888755164695
0.02000616100108813   2011.842004761396   2011.7724576878231
0.020592650537967844   2011.0059148471996   2010.9337728238413
0.021196333277324068   2008.4033796795925   2008.328072816091
0.02181771324555934   2003.9947413261107   2003.9155754058684
0.022457309244835088   1997.7462973168056   1997.6624970802702
0.02311565528622961   1989.6337280655587   1989.5446353922816
0.023793301035594242   1979.639735898749   1979.544873257355
0.024490812272480036   1967.7533640958263   1967.6524319971156
0.025208771362518027   1953.976651553056   1953.869450510395
0.0259477777436476   1938.3248522650274   1938.211202952663
0.02670844842659881   1920.8196991912503   1920.6994406154918
0.027491418510046592   1901.4938026426787   1901.3668928191562
0.028297341710866907   1880.4019048176242   1880.2687571810238
0.029126890909937666   1857.6072452295207   1857.468780907611
0.029980758713939952   1833.179208258252   1833.0368233068534
0.030859658033628758   1807.213803720738   1807.0692714172965
0.031764322679055976   1779.8260344437042   1779.6814249521726
0.03269550797224261   1751.132112523897   1750.9897608157562
0.033653991377811755   1721.2596618209434   1721.1222225404836
0.03464057315210884   1690.3616911980344   1690.2323055671525
0.03565607701135116   1658.5910794157448   1658.4733497436628
0.036701350819364466   1626.1017050822984   1625.9995941689704
0.03777726729548091   1593.0948655195916   1593.012264185865
0.038884724743189276   1559.7887224496885   1559.7292341778452
0.04002464780014597   1526.3873575327614   1526.3543035373414
0.041197988210172884   1493.0578105453458   1493.054368086451
0.04240572561788674   1459.917069275209   1459.9464845512312
0.04364886838662332   1427.0696843845326   1427.1352738062083
0.04492845444033957   1394.6362569104347   1394.741056855477
0.04624555213019635   1362.8718766716008   1363.0166968151404
0.04760126112654554   1332.061474443772   1332.2443980441587
0.04899671333706607   1302.46009146896   1302.6767549133394
0.05043307385181555   1274.1880722698068   1274.4320131708841
0.05191154191598653   1247.2221973448077   1247.4851662653473
0.053433351931179485   1221.5317852276792   1221.8039020362935
0.05499977448602865   1197.057363708788   1197.3273447479362
0.05661211741704101   1173.662447728959   1173.9179756401718
0.05827172690053434   1151.2065163992772   1151.4343585354845
0.05997998857658587   1129.5359797502822   1129.7223726218815
0.06173832870592997   1108.44460640884   1108.576187479676
0.0635482153607709   1087.7290994800733   1087.7930910442267
0.06541115965050462   1067.1725907386576   1067.1577501027334
0.06732871698337338   1046.533110729149   1046.4310783368742
0.06930248836510605   1025.5753013428277   1025.3809927808013
0.07133412173562886   1004.0126288694449   1003.7269843646576
0.07342531334496233   981.5528521044743   981.1838869249951
0.07557780916945323   957.9177748012645   957.4828843095207
0.07779340636952398   932.8430238544122   932.3717041326393
0.08007395479015682   906.140908838065   905.6738134422981
0.08242135850536496   877.7503164939357   877.3381851059128
0.08483757740794096   847.7183834172874   847.4200651764959
0.08732462884580919   816.3082808831679   816.188769398004
0.08988458930634863   783.8757164088328   784.0014971109073
0.09251959615009227   750.9246394964798   751.3550450809846
0.09523184939525078   717.9843749974523   718.7684377852139
0.09802361355455057   685.6135823754285   686.7872390194628
0.10089721952591899   654.3399612281834   655.9217742328801
0.10385506653859616   624.654272430691   626.641576792879
0.10689962415629803   597.0050598787942   599.372252906358
0.11003343433910281   571.7667949159492   574.4664391419176
0.11325911356578279   549.161061219029   552.1176615384835
0.11657935501835284   529.2767353874773   532.3898423806589
0.11999693083066039   511.8907694147559   515.0584393425382
0.12351469440289359   496.60119816537724   499.73082729315496
0.12713558278394044   482.73618620420325   485.7565511635426
0.13086261912358757   469.551637256317   472.42612492408017
0.13469891519660646   456.2706723455368   459.01262975406456
0.13864767400083483   442.22218802807816   444.898992249868
0.14271219243142114   426.9038904547708   429.6334430165333
0.14689586403346616   410.06602322798375   413.0058705665795
0.1512021818353596   391.77899062567917   395.10608489248796
0.15563474126517718   372.40609285845443   376.28991380376624
0.16019724315257297   352.55239848323436   357.12455187074426
0.1648934968186736   332.9524519676356   338.2789997217477
0.1697274232565544   314.37441142712356   320.44744867934025
0.17470305840495237   297.5252517389927   304.2472674868312
0.17982455651794954   282.90580426119044   290.09313383389036
0.18509619363343993   270.61293708301184   278.05158856964954
0.19052237114327647   260.2475386601481   267.7243773202659
0.19610761946807834   251.0825342171115   258.45587280441
0.20185660183976684   242.3279527943371   249.55022733373485
0.20777411819498756   233.28076928063035   240.40755573715876
0.21386510918267082   223.39518565521118   230.58575292736236
0.22013466028907505   212.4643344452874   219.9303868018118
0.22658800608375756   200.8073954036942   208.74809308863667
0.23323053459001789   189.1310409061255   197.6354368858406
0.2400677917834628   178.15349666713902   187.18366475367785
0.24710548622244882   168.38083566997318   177.78018372914437
0.25434949381426813   160.02525189387464   169.57227030360053
0.2618058627210567   152.89431655187332   162.38500494573208
0.2694808184095226   146.45735976748264   155.7724000998123
0.27738076884870827   140.09257784376135   149.2522856359762
0.2855123098601282   133.3622863976262   142.50680118330322
0.29388223062474755   126.19021902314996   135.49100534604563
0.3024975193514008   118.92460973347079   128.49661812749102
0.31136536911138296   112.04563946495654   121.87785029024245
0.3204931838440838   105.87438028387909   115.8287757874488
0.32988858453867975   100.47932403010958   110.40123370273423
0.3395594155970457   95.61386765022066   105.40277476513049
0.34951375138319807   90.89384127940548   100.55470382519994
0.3597599029647371   86.09344542093737   95.7270617106369
0.37030642505191835   81.23592146085126   90.9412594185324
0.3811621231401457   76.54997709885646   86.34517924607606
0.3923360608618501   72.2584270050705   82.07455509109465
0.4038375675538918   68.3785628271461   78.12715953183543
0.41567624604680364   64.76594662648789   74.40714195246242
0.42786198068238046   61.250908112300365   70.8108471899554
0.4404049455663077   57.78279061728827   67.31544415386266
0.4533156130627191   54.45124515699217   63.9752407364351
0.4666047625377753   51.35378736110537   60.83313203927689
0.4802834893595659   48.48729388076904   57.87947031606562
0.49436321416184764   45.774261830910696   55.07220506484193
0.5088556923793517   43.157175028520676   52.38017472139868
0.5237730240626238   40.65007351181894   49.810479970594656
0.5391276639805903   38.294812072844685   47.37890121838251
0.5549324320192869   36.09014612018669   45.07930166791105
0.5712005238854289   34.002030299023815   42.893834675548256
0.5879455221237613   32.010646075581214   40.81240362175425
0.6051814074573895   30.12533244887734   38.835608965735766
0.622922570460556   28.352550078751584   36.963141845728664
0.6411838235736077   26.679627000966757   35.18632615670055
0.6599804134701901   25.09430750616767   33.49822016425077
0.6793280337869897   23.596020081291176   31.896533648079235
0.6992428382266549   22.184533807966762   30.378064981863265
0.7197414540448374   20.85283567698497   28.936975659114694
0.7408409959326054   19.595724338313918   27.56990753293437
0.7625590803058332   18.410077439043096   26.273234446236025
0.7849138400134885   17.292203698993134   25.043362139459298
0.8079239394770964   16.238536346494463   23.876876400162143
0.8316085902740278   15.245673329320699   22.770527861974333
0.8559875671776167   14.310371392399954   21.721225267356576
0.8810812246675007   13.429540243331424   20.726028889008937
0.9069105139239728   12.600236815030385   19.782144118250613
0.9334970003205227   11.819658747675136   18.886905691020207
0.960862881429187   11.08513662653011   18.03774617569381
0.9890310055537336   10.394131941862863   17.23222430415226
1.0180248908061487   9.744232648103026   16.468028640711307
1.047868744742366   9.133147850399006   15.742970948043185
1.0785874845736239   8.558702642427733   15.05497986183401
1.1102067579703248   8.018833096701087   14.402094862857941
1.1427529644757777   7.5115813939274245   13.782459741264367
1.1762532775476793   7.035090553762919   13.194284511484335
1.210735667245765   6.587599866139933   12.635835323113323
1.246228923584555   6.1674413609860155   12.105477215835531
1.2827626805706884   5.7730355756095895   11.601671403270606
1.3203674409449337   5.402887411591611   11.12296932397321
1.3590746016495152   5.055582145002619   10.66800707612146
1.3989164800420282   4.729781587308557   10.235500210287542
1.4399263408778291   4.4242202912173   9.824232785767347
1.4821384240834183   4.137701325600605   9.433010895167504
1.525587973344019   3.8690935067572947   9.060691452201862
1.5703112655292182   3.6173285687293983   8.70620417228628
1.6163456409812174   3.3813979872169515   8.368546661166059
1.6637295346910133   3.1603499371984043   8.04677969343329
1.7125025083885144   2.9532863834902274   7.7400228463255525
1.7627052835733923   2.759360299667687   7.447450431431105
1.814379775514258   2.577772828378765   7.16827360209282
1.8675691282445197   2.4077705265056224   6.901717297419705
1.922317750584177   2.2486434405248357   6.647052373271292
1.9786713532176083   2.0997228598051576   6.403598261872031
2.0366769868582977   1.960379091749209   6.170719415057824
2.0963830815323896   1.8300193443202972   5.947822034701925
2.1578394870138577   1.708085711692881   5.734351065202888
2.2210975144450407   1.5940532409790462   5.529785978035821
2.286209979177315   1.4874277906146207   5.33361112124958
2.3532312448676476   1.3877444347559758   5.145320108506931
2.4222172688678643   1.2945661764564085   4.964441970950031
2.4932256489445366   1.2074823754936101   4.790539535646852
2.5663156713684585   1.1261072451184102   4.623206915339376
2.641548360413907   1.0500784282031306   4.462067211462581
2.7189865293089923   0.9790556490519933   4.3067704100868935
2.798694832679631   0.9127195716476091   4.156994592133492
2.8807398205309562   0.850771087139537   4.012456696358433
2.9651899938111903   0.7929295361695722   3.8728977229122488
3.05211586160442   0.7389314028647506   3.738075595976815
3.1415899999999994   0.6885293337297219   3.607764038646973
