0.01   18887.715969919627   18884.48335423381
0.010293154462191829   19020.11949159334   19016.67507040119
0.010594902878253955   19141.87328220347   19138.200756017584
0.010905497183778876   19252.40281754936   19248.483324547084
0.011225196699963396   19351.141476509525   19346.953704583193
0.011554268350120923   19437.502431290934   19433.023627750208
0.011892986882540897   19510.894228418478   19506.100872948304
0.012241635099881474   19570.744021451937   19565.611935989415
0.012600504095286909   19616.48382936524   19610.987532473413
0.012969893495426888   19647.537833334314   19641.649204884903
0.013350111710660605   19663.35569770818   19657.04396028689
0.013741476192534558   19663.413304856735   19656.645111087277
0.014144313698828986   19647.176155741963   19639.915184775335
0.01455896056637426   19614.13128308022   19606.33823819862
0.014985762991865008   19563.81104325137   19555.443929068955
0.01542507732090645   19495.776785854272   19486.79039759021
0.015877270345534218   19409.616691333387   19399.961891559597
0.016342719610456153   19304.977034649113   19294.601157123925
0.016821813728271667   19181.563864069893   19170.41085727169
0.017314952703931925   19039.130808472575   19027.140060551646
0.017822548268711737   18877.499149014548   18864.605726876376
0.01834502422397195   18696.568231070618   18682.703796892616
0.018882816794999403   18496.325875891216   18481.421247126604
0.019436374995219892   18276.850505607425   18260.838067059092
0.02000616100108813   18038.306836388376   18021.121447064626
0.020592650537967844   17780.970528923153   17762.55124581619
0.021196333277324068   17505.273379715036   17485.566813616726
0.02181771324555934   17211.743167876848   17190.704543689342
0.022457309244835088   16901.000289037303   16878.594513925174
0.02311565528622961   16573.87331598802   16550.0819213618
0.023793301035594242   16231.338836866116   16206.163851522884
0.024490812272480036   15874.429519541898   15847.892715669055
0.025208771362518027   15504.34906095579   15476.494906869842
0.0259477777436476   15122.576646928968   15093.478583563727
0.02670844842659881   14730.61839334897   14700.377010064212
0.027491418510046592   14330.017865052487   14298.758702904872
0.028297341710866907   13922.661432795936   13890.537803314444
0.029126890909937666   13510.517418402756   13477.708781500321
0.029980758713939952   13095.453548061489   13062.160874278119
0.030859658033628758   12679.525541803694   12645.966978312355
0.031764322679055976   12265.045425385311   12231.452047654595
0.03269550797224261   11854.137056815258   11820.748514197043
0.033653991377811755   11448.808802081885   11415.866315444035
0.03464057315210884   11051.336211781418   11019.065111615151
0.03565607701135116   10663.84753541466   10632.45249113869
0.036701350819364466   10288.185389377271   10257.849721450002
0.03777726729548091   9926.200378394897   9897.060198752355
0.038884724743189276   9579.722220566957   9551.845813114096
0.04002464780014597   9250.286279656906   9223.681744980013
0.041197988210172884   8939.066991297557   8913.676591056601
0.04240572561788674   8646.735165308239   8622.401036692025
0.04364886838662332   8373.757548916765   8350.2263567942
0.04492845444033957   8120.477549728802   8097.407984953528
0.04624555213019635   7887.013000915676   7863.931118704219
0.04760126112654554   7673.3445594245   7649.619990803906
0.04899671333706607   7479.414680225377   7454.274274440448
0.05043307385181555   7303.600434160268   7276.216987849744
0.05191154191598653   7142.090722569963   7111.703971124682
0.053433351931179485   6991.230785094161   6957.1516475726285
0.05499977448602865   6848.1882403337195   6809.775973497196
0.05661211741704101   6711.1524416682305   6667.783292769983
0.05827172690053434   6578.429343201401   6529.506691734143
0.05997998857658587   6446.92027626363   6392.052999019647
0.06173832870592997   6312.47980530192   6251.6278723133355
0.0635482153607709   6171.120675515943   6104.64277201557
0.06541115965050462   6018.635482696782   5947.480009852216
0.06732871698337338   5851.239150140215   5776.956447354621
0.06930248836510605   5666.487666729862   5591.259996823749
0.07133412173562886   5463.115398547192   5389.716921512849
0.07342531334496233   5241.637185048519   5173.207274445934
0.07557780916945323   5004.572210738303   4944.354772170451
0.07779340636952398   4755.472007939007   4706.629706320458
0.08007395479015682   4499.1291269847015   4464.563595925576
0.08242135850536496   4240.442071320724   4222.618781123052
0.08483757740794096   3984.3921212526016   3985.162848038176
0.08732462884580919   3736.3419679765025   3756.739009607384
0.08988458930634863   3501.9539704712993   3542.0205999843542
0.09251959615009227   3286.7524919835273   3345.1518231563327
0.09523184939525078   3095.442438191489   3169.444259821239
0.09802361355455057   2931.0544605093937   3016.8477170594133
0.10089721952591899   2795.025533776892   2888.032263518678
0.10385506653859616   2685.406212612212   2780.596457706032
0.10689962415629803   2598.8818190705283   2691.1363027151638
0.11003343433910281   2529.6422567094146   2614.768853403896
0.11325911356578279   2471.2118504786195   2546.288911447599
0.11657935501835284   2416.264691277926   2480.0873304827173
0.11999693083066039   2357.6764095512995   2411.0354618106376
0.12351469440289359   2289.0520451466623   2334.8737124432496
0.12713558278394044   2206.14012275392   2249.275129582359
0.13086261912358757   2107.2412023289958   2153.819348457517
0.13469891519660646   1993.464123685649   2049.9635573055266
0.13864767400083483   1868.4131327595007   1940.5708718382962
0.14271219243142114   1738.1116292853947   1830.0396260258224
0.14689586403346616   1610.5171508921496   1723.6806667522565
0.1512021818353596   1494.3887828687743   1626.3986412093886
0.15563474126517718   1396.0673875874036   1541.9589941175605
0.16019724315257297   1317.6577731522596   1470.463357447385
0.1648934968186736   1257.538891730246   1409.8780431127987
0.1697274232565544   1211.9520594947942   1358.2268401235235
0.17470305840495237   1175.5296404410456   1311.5119070244918
0.17982455651794954   1141.0188935106012   1266.0956650646194
0.18509619363343993   1100.8315344953958   1218.3742880829375
0.19052237114327647   1050.7158369227989   1166.9426735473598
0.19610761946807834   991.1446735752347   1112.3905108952279
0.20185660183976684   925.6893690917578   1056.7837767762
0.20777411819498756   859.716531745142   1002.9240826905011
0.21386510918267082   799.360293808695   952.9851346187081
0.22013466028907505   748.9742365112442   908.431317916395
0.22658800608375756   709.4302371054553   869.2819374601294
0.23323053459001789   678.5655640755483   833.9510309300833
0.2400677917834628   651.7201398997296   800.8566153408224
0.24710548622244882   623.5575142590017   767.9921167146169
0.25434949381426813   591.3511160782389   734.985798883516
0.2618058627210567   555.552132376236   702.0040727301421
0.2694808184095226   518.6363481964075   669.9937419841604
0.27738076884870827   484.3656248545414   639.9412536385264
0.2855123098601282   455.30230457777964   612.2790541457587
0.29388223062474755   431.2330269753289   586.5475656145173
0.3024975193514008   410.1217736566575   562.3765519339763
0.31136536911138296   389.25905021820506   538.9750776461566
0.3204931838440838   367.08245250142073   516.4203161311758
0.32988858453867975   344.27832393647105   494.51035881594214
0.3395594155970457   322.51132681213284   473.7097976176487
0.34951375138319807   303.093192872035   454.10834911552377
0.3597599029647371   286.0887630023911   435.6966674687466
0.37030642505191835   270.36883364742874   418.14639989011096
0.3811621231401457   254.82859881522978   401.33176443176467
0.3923360608618501   239.36219036010687   385.2161120694305
0.4038375675538918   224.57558219761017   369.8461617182548
0.41567624604680364   211.05564083960715   355.3028902122816
0.42786198068238046   198.6985857784329   341.49282802726503
0.4404049455663077   187.01793406565181   328.3228096015881
0.4533156130627191   175.70238184515975   315.75238557825435
0.4666047625377753   164.90675960685252   303.75875250338424
0.4802834893595659   154.84928295032836   292.34568397469815
0.49436321416184764   145.50473362705893   281.50018875939907
0.5088556923793517   136.66858295880695   271.14536062571347
0.5237730240626238   128.2580269942674   261.2554957013521
0.5391276639805903   120.33808764887108   251.83100263947975
0.5549324320192869   112.92882907958406   242.85125165114604
0.5712005238854289   105.96099653613105   234.2809708977185
0.5879455221237613   99.37829357845246   226.0967422391061
0.6051814074573895   93.18271961287586   218.27932028417243
0.622922570460556   87.36906149205998   210.81703897560905
0.6411838235736077   81.90136884257406   203.68591365649326
0.6599804134701901   76.7542826551047   196.8654366551215
0.6793280337869897   71.91672393772575   190.34127963785593
0.6992428382266549   67.37367019017361   184.09790802159833
0.7197414540448374   63.10761754941667   178.11920902023655
0.7408409959326054   59.10206758642246   172.39010646558262
0.7625590803058332   55.34149879460966   166.89650164550451
0.7849138400134885   51.81130788355071   161.62520342783648
0.8079239394770964   48.49775471727483   156.56386396127817
0.8316085902740278   45.38791999382029   151.70089263202482
0.8559875671776167   42.46983509603711   147.02486554889262
0.8810812246675007   39.73237028426396   142.52457835766626
0.9069105139239728   37.16498963250835   138.18956867114645
0.9334970003205227   34.75771651882169   134.01008520664297
0.960862881429187   32.50110850023332   129.97703753240626
0.9890310055537336   30.386232942382208   126.0819500086092
1.0180248908061487   28.404642960718462   122.31691640146602
1.047868744742366   26.5483212343362   118.67432076679765
1.0785874845736239   24.809646372841904   115.14666889559915
1.1102067579703248   23.18143383376997   111.72696845089463
1.1427529644757777   21.65691818183875   108.40873647482003
1.1762532775476793   20.22973002956728   105.18596625404358
1.210735667245765   18.89387415060642   102.05309692277295
1.246228923584555   17.643708714062214   99.0049855281616
1.2827626805706884   16.473928875152183   96.03687604690661
1.3203674409449337   15.37955362604026   93.14436543525663
1.3590746016495152   14.355897733008282   90.32339665444869
1.3989164800420282   13.398553240760126   87.5702416276606
1.4399263408778291   12.503374124294448   84.88148216387239
1.4821384240834183   11.666461710777472   82.25399216745848
1.525587973344019   10.884150838657314   79.68492098900809
1.5703112655292182   10.152996255433568   77.17172452388502
1.6163456409812174   9.469758113367925   74.71237171391174
1.6637295346910133   8.83139255907495   72.30512088577682
1.7125025083885144   8.235041565694159   69.94839655469252
1.7627052835733923   7.678022163764156   67.64077920093912
1.814379775514258   7.157816251706522   65.38099560759261
1.8675691282445197   6.672060959623363   63.16790952699755
1.922317750584177   6.218539494291736   61.00054364012153
1.9786713532176083   5.795172062953615   58.87840919066476
2.0366769868582977   5.400008071459963   56.80131622528688
2.0963830815323896   5.031218831693826   54.76909265944361
2.1578394870138577   4.687090276958875   52.781575827392004
2.2210975144450407   4.3660160812069595   50.8386093487822
2.286209979177315   4.066491168494872   48.940040110450646
2.3532312448676476   3.787105573706587   47.085722256983004
2.4222172688678643   3.5265381333576786   45.2757225206218
2.4932256489445366   3.2835511361201357   43.51031657189224
2.5663156713684585   3.056985936877466   41.78971471859773
2.641548360413907   2.845758120317747   40.11404789450052
2.7189865293089923   2.6488529070905487   38.48337026517583
2.798694832679631   2.465320832229897   36.89766194579231
2.8807398205309562   2.2942736846409133   35.35683264411599
2.9651899938111903   2.1348813483697047   33.86086366105009
3.05211586160442   1.9863686869001609   32.409933856259144
3.1415899999999994   1.8480106547425847   31.004123090178425
