0.01   22265.00210452018   22261.2090415322
0.010293154462191829   22433.72379365739   22429.627986891726
0.010594902878253955   22589.724169838577   22585.301578543902
0.010905497183778876   22732.24626132682   22727.468630654872
0.011225196699963396   22860.51651114141   22855.352424657172
0.011554268350120923   22973.722850086593   22968.13976120504
0.011892986882540897   23071.065253352197   23065.029846749952
0.012241635099881474   23151.75812498536   23145.23615366015
0.012600504095286909   23214.989099038045   23207.943357324308
0.012969893495426888   23259.955299258247   23252.344903943398
0.013350111710660605   23285.889713877918   23277.670308496483
0.013741476192534558   23292.026909028617   23283.15026998391
0.014144313698828986   23277.5968067133   23268.0103103092
0.01455896056637426   23241.88082503007   23231.527784620183
0.014985762991865008   23184.209270111613   23173.02879455802
0.01542507732090645   23103.925338304245   23091.85025532812
0.015877270345534218   23000.43311788889   22987.38993006141
0.016342719610456153   22873.218399755115   22859.127979710334
0.016821813728271667   22721.82848175183   22706.60533898997
0.017314952703931925   22545.882659197894   22529.434543214466
0.017822548268711737   22345.1040716096   22327.333140560426
0.01834502422397195   22119.32843316781   22100.133378647897
0.018882816794999403   21868.512552017462   21847.792239656974
0.019436374995219892   21592.73502142009   21570.39028786538
0.02000616100108813   21292.205505690818   21268.14085796086
0.020592650537967844   20967.328764496047   20941.456662081382
0.021196333277324068   20618.675817582203   20590.91964021246
0.02181771324555934   20246.941289827224   20217.236482454457
0.022457309244835088   19853.033745391025   19821.33599408204
0.02311565528622961   19438.14900012347   19404.448086507444
0.023793301035594242   19003.592910603827   18967.91293267951
0.024490812272480036   18550.80135978462   18513.200442113837
0.025208771362518027   18081.60732038747   18042.185351970777
0.0259477777436476   17598.00301879495   17556.901901620437
0.02670844842659881   17101.98672700284   17059.385933014884
0.027491418510046592   16595.8859699614   16552.007074353005
0.028297341710866907   16082.402979226772   16037.515340422226
0.029126890909937666   15564.128733341759   15518.541925980187
0.029980758713939952   15043.643471158211   14997.69946912145
0.030859658033628758   14523.975778038839   14478.043073476614
0.031764322679055976   14008.044614505417   13962.510517512854
0.03269550797224261   13498.500491354607   13453.762350934963
0.033653991377811755   12998.429333245424   12954.867113791606
0.03464057315210884   12511.167015520541   12469.122273077974
0.03565607701135116   12039.583671639792   11999.360183089128
0.036701350819364466   11586.026256706826   11547.882083284265
0.03777726729548091   11152.248668784972   11116.371474220698
0.038884724743189276   10739.633439131925   10706.144385500642
0.04002464780014597   10349.398405823065   10318.349937195
0.041197988210172884   9983.90738559381   9955.165307260038
0.04240572561788674   9645.977760782946   9619.16970091438
0.04364886838662332   9337.945891235458   9312.493708653234
0.04492845444033957   9059.872373118731   9035.039983111918
0.04624555213019635   8809.166064446217   8784.105097726313
0.04760126112654554   8583.335297294325   8557.093959220949
0.04899671333706607   8380.058238294228   8351.583041864096
0.05043307385181555   8197.112933781516   8165.247967049845
0.05191154191598653   8032.41920181169   7995.911631845275
0.053433351931179485   7882.971835409035   7840.543301232664
0.05499977448602865   7745.141454638536   7695.543374940527
0.05661211741704101   7615.146680120917   7557.224126886193
0.05827172690053434   7488.022105258002   7420.939451511248
0.05997998857658587   7358.716552955901   7282.029540505621
0.06173832870592997   7221.477391103999   7135.378409047621
0.0635482153607709   7070.305244748575   6975.778879026355
0.06541115965050462   6899.969895983387   6798.830596048854
0.06732871698337338   6706.195455077716   6601.106147639291
0.06930248836510605   6486.299134292981   6380.816053556336
0.07133412173562886   6239.68051215176   6138.315531189059
0.07342531334496233   5967.794886745834   5875.533128933492
0.07557780916945323   5674.45307824565   5596.148555073923
0.07779340636952398   5364.993642009173   5305.308921252013
0.08007395479015682   5045.948295516159   5009.294369237103
0.08242135850536496   4724.811861315653   4714.696474527839
0.08483757740794096   4409.483607496234   4428.10764939516
0.08732462884580919   4108.823922061681   4156.714808819631
0.08988458930634863   3830.589187280503   3906.6403713373734
0.09251959615009227   3582.2249229893873   3683.117200708544
0.09523184939525078   3368.987741592145   3489.591756686918
0.09802361355455057   3193.420604755022   3327.0934217763897
0.10089721952591899   3055.221903616296   3194.482736137756
0.10385506653859616   2951.0043728226783   3088.1735651112704
0.10689962415629803   2874.806394890802   3002.699796246955
0.11003343433910281   2818.79795450313   2931.411221048195
0.11325911356578279   2773.262049801391   2866.9873113091057
0.11657935501835284   2727.7818086622356   2801.793563494498
0.11999693083066039   2671.96016167513   2728.61769209185
0.12351469440289359   2597.1796419168018   2642.8622309897287
0.12713558278394044   2498.014428516659   2542.012598739541
0.13086261912358757   2373.1370148188025   2425.988265792994
0.13469891519660646   2225.8070501373622   2297.8945281304723
0.13864767400083483   2063.9803281260497   2163.9642255498866
0.14271219243142114   1899.4700418962739   2031.6633404904917
0.14689586403346616   1745.421441363723   1908.5078124815932
0.1512021818353596   1612.7961278315613   1800.6788352181193
0.15563474126517718   1507.6184582614085   1710.76113915455
0.16019724315257297   1430.6911648963696   1637.1503366110335
0.1648934968186736   1378.7973538241868   1577.623758484885
0.1697274232565544   1344.9809225011538   1527.577711775829
0.17470305840495237   1318.4329706450405   1480.7626910689346
0.17982455651794954   1286.7474612250478   1431.7814619420958
0.18509619363343993   1240.513772553958   1376.7304402418595
0.19052237114327647   1176.4709734307703   1314.824063984942
0.19610761946807834   1097.3786335807465   1248.9897591752463
0.20185660183976684   1011.3209554852456   1183.3604402134
0.20777411819498756   929.2524882951943   1121.4269496309437
0.21386510918267082   860.6076879300582   1066.3700574676573
0.22013466028907505   809.8362136324546   1019.2175667792527
0.22658800608375756   775.6155541658467   978.9415464937608
0.23323053459001789   751.2112314333145   942.093342785698
0.2400677917834628   727.0873941412642   905.7916891919438
0.24710548622244882   695.8109636353755   868.8987818226361
0.25434949381426813   654.9913561648771   830.8463616740074
0.2618058627210567   607.8136770434049   792.5781205276505
0.2694808184095226   561.6362705152175   756.3013527000227
0.27738076884870827   523.1529725255995   722.9131577637115
0.2855123098601282   494.5265990354718   692.9393785998399
0.29388223062474755   473.09592111792756   665.443710452447
0.3024975193514008   453.10674949627435   638.884297613542
0.31136536911138296   429.67554688196134   612.4794670779006
0.3204931838440838   402.22680185523564   587.0108184284069
0.32988858453867975   373.994829481034   562.2802648618797
0.3395594155970457   349.1411671340258   539.1252531974488
0.34951375138319807   329.3875949310512   517.5950098569845
0.3597599029647371   312.8912700375555   497.34784549504934
0.37030642505191835   296.4079358663796   477.86796680615225
0.3811621231401457   278.3858431501418   458.9776191701031
0.3923360608618501   259.96549824940234   440.80926413020927
0.4038375675538918   243.35277026589017   423.6135132711546
0.41567624604680364   229.26910661239538   407.53388166863465
0.42786198068238046   216.51193265974484   392.24652032717535
0.4404049455663077   203.64488950601816   377.4886001700874
0.4533156130627191   190.67668864051888   363.39579074770853
0.4666047625377753   178.6070769888593   349.97670784968426
0.4802834893595659   167.8869757034265   337.26429619917957
0.49436321416184764   157.93066251088018   325.18106942564197
0.5088556923793517   148.16883592651268   313.55353282452444
0.5237730240626238   138.7858410945392   302.42422831157785
0.5391276639805903   130.16149003303985   291.8740203275333
0.5549324320192869   122.19496037201496   281.81746985152284
0.5712005238854289   114.58229284037401   272.17371331679755
0.5879455221237613   107.34304352004797   262.9509004679581
0.6051814074573895   100.55000061070592   254.16186543595518
0.622922570460556   94.19308107015749   245.7548123518608
0.6411838235736077   88.23961009209732   237.7083305992602
0.6599804134701901   82.65941027546302   230.0029732332994
0.6793280337869897   77.4250798658943   222.62048398573805
0.6992428382266549   72.51171076181072   215.5437164281533
0.7197414540448374   67.89663699951552   208.75655916328486
0.7408409959326054   63.55937075031491   202.24378288024093
0.7625590803058332   59.48351319999595   195.9898222963998
0.7849138400134885   55.65536821371341   189.97916798987998
0.8079239394770964   52.06178136234034   184.19733496366746
0.8316085902740278   48.690091191505616   178.63081426805954
0.8559875671776167   45.52813270962589   173.26700310377328
0.8810812246675007   42.56423791624237   168.09414076232548
0.9069105139239728   39.78722072330676   163.10123447600168
0.9334970003205227   37.186039599478256   158.27759225554118
0.960862881429187   34.74986355693247   153.61278366080955
0.9890310055537336   32.46849478155626   149.09709170513472
1.0180248908061487   30.332353329311577   144.72149015630905
1.047868744742366   28.33244011780289   140.47759759118927
1.0785874845736239   26.460302131105706   136.35763530306934
1.1102067579703248   24.70800039753172   132.35438710409994
1.1427529644757777   23.068122644812732   128.46106042429167
1.1762532775476793   21.533765532865505   124.6712053204401
1.210735667245765   20.098430004750277   120.9788544025732
1.246228923584555   18.75599300451364   117.37850959793762
1.2827626805706884   17.500687681514616   113.86511455590173
1.3203674409449337   16.32708448256083   110.4340290888171
1.3590746016495152   15.230073077562805   107.08100576466435
1.3989164800420282   14.204837960283557   103.80226292218344
1.4399263408778291   13.246835174271006   100.59457705687115
1.4821384240834183   12.35179453948381   97.45504711715449
1.525587973344019   11.515706539051934   94.38104311164894
1.5703112655292182   10.734807192238947   91.37019075107082
1.6163456409812174   10.005563748214632   88.42035678349127
1.6637295346910133   9.324661160209562   85.5296349441244
1.7125025083885144   8.688990130406504   82.69648685312251
1.7627052835733923   8.0956367304411   79.9200861687097
1.814379775514258   7.541868090368029   77.19981665081566
1.8675691282445197   7.025121052611781   74.53513400640823
1.922317750584177   6.542992163165219   71.92555917632377
1.9786713532176083   6.09322821251537   69.37067177436343
2.0366769868582977   5.673717299142291   66.87010367819303
2.0963830815323896   5.282479914260639   64.4236175482998
2.1578394870138577   4.917659183560286   62.03144546155465
2.2210975144450407   4.57751563207973   59.69391827915858
2.286209979177315   4.260420916185104   57.41129923060522
2.3532312448676476   3.9648509818085804   55.18378405195568
2.4222172688678643   3.6893796242015586   53.01150141601269
2.4932256489445366   3.4326724276534724   50.89451352915569
2.5663156713684585   3.193481370418722   48.832878144714584
2.641548360413907   2.9706414626749553   46.82707125732333
2.7189865293089923   2.7630637690842126   44.87764977111774
2.798694832679631   2.569729379443189   42.98498495926578
2.8807398205309562   2.389685106185118   41.14927137873418
2.9651899938111903   2.2220394382055715   39.37053783366129
3.05211586160442   2.065958728035682   37.64865833709139
3.1415899999999994   1.9206631954572295   35.983336586755975
