0.01   2592.5360369108057   2592.4953131727525
0.010293154462191829   2629.6793617179023   2629.6383198886106
0.010594902878253955   2666.207560735672   2666.166119711632
0.010905497183778876   2702.0428738572755   2702.0008997294162
0.011225196699963396   2737.10142246117   2737.058851952281
0.011554268350120923   2771.29630744524   2771.2531894133485
0.011892986882540897   2804.538963419551   2804.4954584488746
0.012241635099881474   2836.7366518143335   2836.6929005084467
0.012600504095286909   2867.79261211121   2867.7485976661687
0.012969893495426888   2897.6089691054935   2897.564504434116
0.013350111710660605   2926.085587421082   2926.040358616325
0.013741476192534558   2953.1166879635653   2953.070416115783
0.014144313698828986   2978.5952321353025   2978.547710083042
0.01455896056637426   3002.4141044055464   3002.365192723863
0.014985762991865008   3024.4627135836286   3024.412241361035
0.01542507732090645   3044.6285316906515   3044.5762226101347
0.015877270345534218   3062.800496515123   3062.7459655589746
0.016342719610456153   3078.8676066996327   3078.8103559584033
0.016821813728271667   3092.716760712579   3092.656171673127
0.017314952703931925   3104.2374440202884   3104.172777255564
0.017822548268711737   3113.3227445680036   3113.253139304471
0.01834502422397195   3119.8673254785767   3119.7917824998494
0.018882816794999403   3123.7696265304417   3123.6870019204343
0.019436374995219892   3124.934217910919   3124.8432278978194
0.02000616100108813   3123.2726661669335   3123.171841470801
0.020592650537967844   3118.7043569699745   3118.591964287709
0.021196333277324068   3111.1571428228553   3111.0311888777464
0.02181771324555934   3100.5690256475227   3100.4273153473064
0.022457309244835088   3086.8935660830625   3086.7339739420304
0.02311565528622961   3070.096845018913   3069.9174231860648
0.023793301035594242   3050.156210613626   3049.9552035741867
0.024490812272480036   3027.0706982481133   3026.846625607863
0.025208771362518027   3000.863114581146   3000.614863618238
0.0259477777436476   2971.5682839411947   2971.2951156177683
0.02670844842659881   2939.2393356495845   2938.940988893175
0.027491418510046592   2903.968922961255   2903.646040041298
0.028297341710866907   2865.8663146143235   2865.520512968062
0.029126890909937666   2825.051179922688   2824.685011279791
0.029980758713939952   2781.6870032132774   2781.304135967495
0.030859658033628758   2735.973196451013   2735.578539904239
0.031764322679055976   2688.1116977490974   2687.7112969154923
0.03269550797224261   2638.3242273503274   2637.925187861998
0.033653991377811755   2586.885635633075   2586.4961229046453
0.03464057315210884   2534.0723379052524   2533.7014577431514
0.03565607701135116   2480.157175799669   2479.814796281243
0.036701350819364466   2425.4777291639016   2425.173953119577
0.03777726729548091   2370.399588955674   2370.1444199395683
0.038884724743189276   2315.26365921262   2315.066944397179
0.04002464780014597   2260.3821618850525   2260.2533892544216
0.041197988210172884   2206.0361572172915   2205.9841159112707
0.04240572561788674   2152.4813649849802   2152.5141412796024
0.04364886838662332   2099.9690455655073   2100.093611523483
0.04492845444033957   2048.870420768137   2049.0893134022467
0.04624555213019635   1999.5843752061226   1999.894629001188
0.04760126112654554   1952.4635883672515   1952.8573067953746
0.04899671333706607   1907.689157963356   1908.1535627288636
0.05043307385181555   1865.2871146433897   1865.8045374959088
0.05191154191598653   1825.2688337280251   1825.8171264862206
0.053433351931179485   1787.5525452823827   1788.105375453546
0.05499977448602865   1751.968562841759   1752.49564078072
0.05661211741704101   1718.343143592079   1718.8106222937242
0.05827172690053434   1686.3983736396121   1686.7705565333185
0.05997998857658587   1655.8099865463923   1656.050292168703
0.06173832870592997   1626.228892237923   1626.301338937981
0.0635482153607709   1597.2111518553231   1597.0839703187664
0.06541115965050462   1568.3100004576995   1567.9568368047082
0.06732871698337338   1538.9894609651417   1538.3951321302084
0.06930248836510605   1508.6918214818609   1507.8552167126986
0.07133412173562886   1476.8397372914508   1475.7809294518047
0.07342531334496233   1442.8537311010691   1441.6197003304592
0.07557780916945323   1406.253699649389   1404.917637912419
0.07779340636952398   1366.6775359114781   1365.337638255119
0.08007395479015682   1323.9792239985215   1322.7640946243398
0.08242135850536496   1278.2450017314713   1277.316936706939
0.08483757740794096   1229.8371998641264   1229.3686262597244
0.08732462884580919   1179.3372013777432   1179.4929739323613
0.08988458930634863   1127.5391576910677   1128.4787850163632
0.09251959615009227   1075.3453568061143   1077.2139581006688
0.09523184939525078   1023.7709499064229   1026.6759520841492
0.09802361355455057   973.78831629115   977.7929372351492
0.10089721952591899   926.4080977923381   931.5179985336832
0.10385506653859616   882.5112475504698   888.6705807133528
0.10689962415629803   842.8597788217025   849.9384188089205
0.11003343433910281   807.9174501263668   815.7203983338723
0.11325911356578279   777.838897242582   786.1168617857554
0.11657935501835284   752.2990920754897   760.786239867941
0.11999693083066039   730.6208011466   739.0591420417243
0.12351469440289359   711.7167097409438   719.8824435891299
0.12713558278394044   694.2945734910937   702.0502303262591
0.13086261912358757   676.9606356612976   684.2952195686202
0.13469891519660646   658.3747886853432   665.4090028261813
0.13864767400083483   637.4472655139798   644.4379806112872
0.14271219243142114   613.5041199607623   620.8240523205478
0.14689586403346616   586.4368701199323   594.5304834506826
0.1512021818353596   556.7604868437679   566.0969065238507
0.15563474126517718   525.5239782049757   536.4725550954315
0.16019724315257297   494.1638795793232   506.9284311736605
0.1648934968186736   464.30101172964646   478.88385755076
0.1697274232565544   437.4543303945825   453.60316329976007
0.17470305840495237   414.6684959350516   431.8933867205559
0.17982455651794954   396.1949946488579   413.90097919801053
0.18509619363343993   381.44982935582357   399.07196657201183
0.19052237114327647   369.24515066877103   386.3430128626477
0.19610761946807834   358.0688163882684   374.42516603921285
0.20185660183976684   346.3093718568988   362.0379126530584
0.20777411819498756   332.62272783245845   348.15296285266743
0.21386510918267082   316.47319644448794   332.4153706498346
0.22013466028907505   298.401588712072   315.3189288388806
0.22658800608375756   279.71731057601374   297.97845819363
0.23323053459001789   261.96333390943096   281.5436633569217
0.2400677917834628   246.46801848193107   266.98731519912155
0.24710548622244882   233.89332766752918   254.67833967827204
0.25434949381426813   223.93898527768008   244.38042561362175
0.2618058627210567   215.50338668955376   235.19657526410572
0.2694808184095226   207.14863627597134   226.15103161114934
0.27738076884870827   197.70246118490564   216.42509623612537
0.2855123098601282   186.8884965824709   205.92116294156472
0.29388223062474755   175.38465267005856   195.14483102215058
0.3024975193514008   164.33948127305487   184.86337527319677
0.31136536911138296   154.75517652875914   175.69788395895802
0.3204931838440838   146.9411041815254   167.70109210755092
0.32988858453867975   140.32701570111135   160.57622381390738
0.3395594155970457   133.93179352157233   153.67388423002853
0.34951375138319807   127.01514220484519   146.57456293986058
0.3597599029647371   119.54819721860254   139.34059798806777
0.37030642505191835   112.17585273404852   132.33155427481233
0.3811621231401457   105.59195735330012   125.89745926808807
0.3923360608618501   99.98907947551248   120.0765246418352
0.4038375675538918   94.97962472725006   114.67936960194378
0.41567624604680364   89.98139100416496   109.4039212902506
0.42786198068238046   84.77781515510115   104.16764125504481
0.4404049455663077   79.65101055304355   99.11735782988013
0.4533156130627191   74.98971437189631   94.4045466939036
0.4666047625377753   70.86557437376206   90.03846733767062
0.4802834893595659   67.00459927422669   85.8990266952562
0.49436321416184764   63.15971001615737   81.88436027257586
0.5088556923793517   59.37754801712791   78.01511258449844
0.5237730240626238   55.864506755418375   74.36966100344173
0.5391276639805903   52.6675992078357   70.94560352321842
0.5549324320192869   49.64664810976502   67.6872306929224
0.5712005238854289   46.70329992320883   64.56204749058617
0.5879455221237613   43.89852309211747   61.58721382032643
0.6051814074573895   41.30117769592527   58.778584145453195
0.622922570460556   38.868673126341086   56.11520498931269
0.6411838235736077   36.539566307633   53.57281968576507
0.6599804134701901   34.328948053447   51.15674520669958
0.6793280337869897   32.26288595153818   48.86670830707297
0.6992428382266549   30.320746463819482   46.692424333787976
0.7197414540448374   28.48412074095999   44.62583673864726
0.7408409959326054   26.747928419162935   42.66186716568833
0.7625590803058332   25.109006133292795   40.79573186809328
0.7849138400134885   23.563975387120653   39.022835699279526
0.8079239394770964   22.109290412718863   37.338767288133184
0.8316085902740278   20.740818236207204   35.73914065052206
0.8559875671776167   19.453637372150883   34.2194926761827
0.8810812246675007   18.24301240090124   32.775574767592886
0.9069105139239728   17.10448705275547   31.403374100549694
0.9334970003205227   16.033867017846134   30.09910026293597
0.960862881429187   15.02720388065368   28.85917265704088
0.9890310055537336   14.080780101112715   27.680208622178103
1.0180248908061487   13.191107436394011   26.559001075167117
1.047868744742366   12.35499319928193   25.492433720021413
1.0785874845736239   11.569452567306104   24.47753118906494
1.1102067579703248   10.831647053829482   23.511494716629237
1.1427529644757777   10.13887868721195   22.591691149818885
1.1762532775476793   9.488584607581641   21.715642417826864
1.210735667245765   8.878331741385104   20.881015713291806
1.246228923584555   8.305811451018952   20.08561360470514
1.2827626805706884   7.768824646914478   19.327301223228098
1.3203674409449337   7.2652725929057285   18.603960557119517
1.3590746016495152   6.79317090722663   17.913599850976098
1.3989164800420282   6.3506457797642595   17.254356722172147
1.4399263408778291   5.935928330475279   16.624488891725825
1.4821384240834183   5.547349218951593   16.022365642197165
1.525587973344019   5.1833334965241695   15.44645994114579
1.5703112655292182   4.84239599174571   14.895332292694516
1.6163456409812174   4.523138399708331   14.367568117794232
1.6637295346910133   4.224243034305295   13.861817146198138
1.7125025083885144   3.9444674896805836   13.376820229279188
1.7627052835733923   3.682640703412824   12.911402844820648
1.814379775514258   3.4376592034940563   12.464468965628171
1.8675691282445197   3.2084835268093226   12.034995425980176
1.922317750584177   2.9941347921880688   11.622026257852875
1.9786713532176083   2.7936906294448205   11.224630871982805
2.0366769868582977   2.6062818000792447   10.841880017535104
2.0963830815323896   2.4310907695995314   10.472906190519993
2.1578394870138577   2.2673489608176034   10.11690547025827
2.2210975144450407   2.1143339955177667   9.773132957980012
2.286209979177315   1.9713670788347053   9.440898597022345
2.3532312448676476   1.8378105198710895   9.119563337326765
2.4222172688678643   1.7130655874816785   8.808542267870429
2.4932256489445366   1.596571421544697   8.507340799947169
2.5663156713684585   1.4878017345834418   8.215518444240315
2.641548360413907   1.3862621549550238   7.932663767582123
2.7189865293089923   1.2914884248021192   7.658392445264016
2.798694832679631   1.203044691702   7.39234553614912
2.8807398205309562   1.120521887104458   7.134187869410423
2.9651899938111903   1.0435361558396101   6.883605735898972
3.05211586160442   0.9717253300595861   6.640252133799261
3.1415899999999994   0.904747010920294   6.403721481580589
