0.01   318.81952133331873   318.8195070754642
0.010293154462191829   322.8465811693275   322.8465622095042
0.010594902878253955   326.7694341262868   326.7694128178723
0.010905497183778876   330.577734693164   330.5777132498257
0.011225196699963396   334.2608672502157   334.2608451547952
0.011554268350120923   337.8080956302638   337.80806942482974
0.011892986882540897   341.2083733063369   341.2083378465918
0.012241635099881474   344.4499234310995   344.4498758969703
0.012600504095286909   347.52080581887486   347.5207465658449
0.012969893495426888   350.4090309081597   350.4089634312601
0.013350111710660605   353.10202248466123   353.10195163806065
0.013741476192534558   355.5868611743159   355.58679193660225
0.014144313698828986   357.8507502513746   357.85068767436803
0.01455896056637426   359.88086630103135   359.8808133113309
0.014985762991865008   361.66415249406185   361.6641050097634
0.01542507732090645   363.18780577729285   363.187751931616
0.015877270345534218   364.4393328942344   364.43925445074245
0.016342719610456153   365.40598468994864   365.4058699321302
0.016821813728271667   366.07518963747856   366.0750400680935
0.017314952703931925   366.43500547360526   366.43483582268743
0.017822548268711737   366.47403346622684   366.47386001507715
0.01834502422397195   366.181388883456   366.18120989497567
0.018882816794999403   365.5470734794127   365.5468673858189
0.019436374995219892   364.56210747273155   364.56183631648804
0.02000616100108813   363.21866114982816   363.21829081448993
0.020592650537967844   361.51011615679766   361.50962409763594
0.021196333277324068   359.4311475148872   359.4305225216064
0.02181771324555934   356.97830773521946   356.9775416610699
0.022457309244835088   354.15022352926843   354.1493009834867
0.02311565528622961   350.94701910517864   350.94591713695536
0.023793301035594242   347.3707994793552   347.3694908512108
0.024490812272480036   343.42735355667133   343.42581984817605
0.025208771362518027   339.12450800936676   339.12274300796327
0.0259477777436476   334.4716055539662   334.46961466039704
0.02670844842659881   329.4822543703824   329.48005108827675
0.027491418510046592   324.1740058704313   324.17160846245986
0.028297341710866907   318.56538222839976   318.562813215488
0.029126890909937666   312.6774353112854   312.6747241826678
0.029980758713939952   306.53762622171286   306.5348190659877
0.030859658033628758   300.17451183089895   300.17167185954764
0.031764322679055976   293.6167642515592   293.61396966274253
0.03269550797224261   286.89968223499255   286.89702071747547
0.033653991377811755   280.06245886184996   280.06002336134975
0.03464057315210884   273.14231219472464   273.14019955797085
0.03565607701135116   266.1769676460138   266.17527798966637
0.036701350819364466   259.20828268085523   259.20711966317265
0.03777726729548091   252.27571439346497   252.2751843270953
0.038884724743189276   245.4159199061104   245.41612873850858
0.04002464780014597   238.66912564455114   238.67015821246093
0.041197988210172884   232.0753240564006   232.07723475310684
0.04240572561788674   225.67012076958488   225.67293667124443
0.04364886838662332   219.4894011659645   219.49311240555338
0.04492845444033957   213.572976206875   213.57751671962478
0.04624555213019635   207.95675809811723   207.96200986965638
0.04760126112654554   202.66713067645924   202.67292647128943
0.04899671333706607   197.70431958573917   197.71043294466074
0.05043307385181555   193.06178446223026   193.0679309938654
0.05191154191598653   188.72993710052728   188.73578080344828
0.053433351931179485   184.68445797480592   184.6896220116138
0.05499977448602865   180.89855424116493   180.90262532046864
0.05661211741704101   177.34119241313718   177.34372576394603
0.05827172690053434   173.9689172898633   173.96944584259734
0.05997998857658587   170.73841515949078   170.73645541337876
0.06173832870592997   167.59661267785552   167.5917061755453
0.0635482153607709   164.48476586519627   164.476509677975
0.06541115965050462   161.34037926424753   161.328467323586
0.06732871698337338   158.08997266379714   158.0742761505009
0.06930248836510605   154.6624970271789   154.64307523700128
0.07133412173562886   150.98596188337157   150.9630767457436
0.07342531334496233   146.99762680395227   146.97176990031207
0.07557780916945323   142.65643636512246   142.62848202729816
0.07779340636952398   137.940986453551   137.91216757932128
0.08007395479015682   132.8670511717483   132.83874053754232
0.08242135850536496   127.4748051306666   127.44843582298941
0.08483757740794096   121.8393770475935   121.81646144003088
0.08732462884580919   116.0525722797766   116.03455953579251
0.08988458930634863   110.22271179019275   110.21077907969828
0.09251959615009227   104.4685927539717   104.46356626012827
0.09523184939525078   98.90773547716736   98.91006243835315
0.09802361355455057   93.65710057119936   93.66660043685421
0.10089721952591899   88.82520193381178   88.84095744849792
0.10385506653859616   84.49807111503213   84.51846119877187
0.10689962415629803   80.7358015298609   80.75857242780366
0.11003343433910281   77.54737062696454   77.56969620907779
0.11325911356578279   74.9011141845391   74.91982607939046
0.11657935501835284   72.71046835399238   72.72248739270864
0.11999693083066039   70.8522172393942   70.85494987201587
0.12351469440289359   69.17670657157475   69.16839175049921
0.12713558278394044   67.52016928094648   67.5001694930999
0.13086261912358757   65.7262770981785   65.69546678923192
0.13469891519660646   63.66328218878046   63.62421835801879
0.13864767400083483   61.24805734309163   61.204650755524305
0.14271219243142114   58.46437064817194   58.42135587015091
0.14689586403346616   55.3656413908133   55.327978285535806
0.1512021818353596   52.06834039163806   52.04041317418884
0.15563474126517718   48.736978464659295   48.721579785280795
0.16019724315257297   45.562133353695636   45.559774144942764
0.1648934968186736   42.72328141014823   42.73169314424676
0.1697274232565544   40.34178265397026   40.35621132231414
0.17470305840495237   38.4474772172125   38.46178097426143
0.17982455651794954   36.97881208727739   36.98672699287161
0.18509619363343993   35.80914829905688   35.80544641559892
0.19052237114327647   34.77154593977794   34.75354329937988
0.19610761946807834   33.67927935903963   33.6481955141075
0.20185660183976684   32.37184116225272   32.332576309595424
0.20777411819498756   30.781930108352146   30.74158488659771
0.21386510918267082   28.96322675600715   28.929827974609687
0.22013466028907505   27.05482093934827   27.033259012133595
0.22658800608375756   25.22805573734309   25.21920515378152
0.23323053459001789   23.637796809361166   23.637759340026047
0.2400677917834628   22.365811167696528   22.367783032364066
0.24710548622244882   21.387389310314862   21.383354350311365
0.25434949381426813   20.58895081583217   20.573755769596225
0.2618058627210567   19.81124895222006   19.7848406279824
0.2694808184095226   18.91818703837467   18.885515395277707
0.27738076884870827   17.870269711776015   17.839708643219033
0.2855123098601282   16.733057768263343   16.710450495999055
0.29388223062474755   15.62759996878352   15.614877857513491
0.3024975193514008   14.669227099495503   14.662297298903155
0.31136536911138296   13.900147095122634   13.89193276760332
0.3204931838440838   13.26650908949132   13.251549626053771
0.32988858453867975   12.665721923726235   12.64375332953363
0.3395594155970457   12.012013854068334   11.987461939905986
0.34951375138319807   11.293556138296237   11.272553678770576
0.3597599029647371   10.574105829311348   10.559619112385224
0.37030642505191835   9.928844148935555   9.918597531483702
0.3811621231401457   9.385735634089338   9.37473826429181
0.3923360608618501   8.909688568434317   8.894719797553194
0.4038375675538918   8.438975048805572   8.421497017597794
0.41567624604680364   7.945272189983569   7.92926582690185
0.42786198068238046   7.4532162500695005   7.441135805008646
0.4404049455663077   7.003926474413848   6.994494725313906
0.4533156130627191   6.609732902935182   6.5996657449501575
0.4666047625377753   6.24529825123964   6.233635931127778
0.4802834893595659   5.883203036503338   5.871922289920306
0.49436321416184764   5.524726985181706   5.515693618469677
0.5088556923793517   5.190276098589694   5.183064496404359
0.5237730240626238   4.887370751707169   4.880349761058042
0.5391276639805903   4.603348068720919   4.596124108554145
0.5549324320192869   4.326869481247674   4.3206581981328185
0.5712005238854289   4.062440932489886   4.057775055909926
0.5879455221237613   3.8176276466139347   3.813774978718393
0.6051814074573895   3.5894711956032435   3.5859776731775392
0.622922570460556   3.371508370974517   3.3687984115455376
0.6411838235736077   3.164352216559243   3.162733622397928
0.6599804134701901   2.9709301915286335   2.9700530181966345
0.6793280337869897   2.7895226059219813   2.7892440604068613
0.6992428382266549   2.6181643681332827   2.6185664908885644
0.7197414540448374   2.4564090760676125   2.4575517502906545
0.7408409959326054   2.303894684995958   2.3058061407897577
0.7625590803058332   2.1602503200668712   2.162932876904656
0.7849138400134885   2.025099847296057   2.0285349780581594
0.8079239394770964   1.898061214128705   1.9022146455051736
0.8316085902740278   1.778700959627708   1.7835355798026913
0.8559875671776167   1.6665650283357258   1.6720482142116029
0.8810812246675007   1.5612253312825082   1.5673280226016677
0.9069105139239728   1.462279239624859   1.4689750006927766
0.9334970003205227   1.3693480234903748   1.3766122713090925
0.960862881429187   1.2820753913409355   1.2898847683594783
0.9890310055537336   1.2001261230313194   1.2084579950959844
1.0180248908061487   1.1231867208235602   1.1320183863057331
1.047868744742366   1.0509693418504487   1.0602762905792906
1.0785874845736239   0.9832030935699145   0.9929589216016874
1.1102067579703248   0.9196310235658439   0.9298078158986169
1.1427529644757777   0.8600095332554598   0.8705782161645398
1.1762532775476793   0.8041078055133456   0.8150384691874222
1.210735667245765   0.7517072468414349   0.762969439180222
1.246228923584555   0.7026009258496291   0.714163919957567
1.2827626805706884   0.6565922320792095   0.6684253320311653
1.3203674409449337   0.6134943110976396   0.6255671301608512
1.3590746016495152   0.5731308568554091   0.5854134647075102
1.3989164800420282   0.5353356542722518   0.5477987015002307
1.4399263408778291   0.4999520446490524   0.5125668734406662
1.4821384240834183   0.4668324163274058   0.4795711578066797
1.525587973344019   0.435837719621409   0.4486733783579893
1.5703112655292182   0.40683702207261757   0.41974362962221695
1.6163456409812174   0.37970718646698703   0.39266050699027516
1.6637295346910133   0.3543323446970798   0.3673100588478142
1.7125025083885144   0.3306034226457623   0.3435849289343764
1.7627052835733923   0.30841777072830395   0.32138401377727416
1.814379775514258   0.28767881291801245   0.30061213756795196
1.8675691282445197   0.2682957128701091   0.2811797403203445
1.922317750584177   0.2501830563940569   0.26300257879326344
1.9786713532176083   0.23326050594720735   0.2460012478918088
2.0366769868582977   0.2174524583819172   0.2301006584323146
2.0963830815323896   0.20268789508381704   0.21523030940504964
2.1578394870138577   0.1889001392974865   0.20132410884913
2.2210975144450407   0.17602660450618712   0.18832010903622498
2.286209979177315   0.16400855637516598   0.17616025655513978
2.3532312448676476   0.15279088760095386   0.16479015654660273
2.4222172688678643   0.14232190924904678   0.15415886270930013
2.4932256489445366   0.1325532297137192   0.1442189038431839
2.5663156713684585   0.1234395330230473   0.13492599876382796
2.641548360413907   0.11493830776143135   0.12623860274186816
2.7189865293089923   0.10700968087973563   0.11811774037463761
2.798694832679631   0.09961626396997929   0.11052685764068906
2.8807398205309562   0.09272300768853806   0.1034316813875827
2.9651899938111903   0.08629706396010016   0.09680008598354364
3.05211586160442   0.0803076009301372   0.0906021030492368
3.1415899999999994   0.07472546859907593   0.08481033459894052
