0.01   6653.710249965274   6653.209886721397
0.010293154462191829   6744.173072356976   6743.631063834608
0.010594902878253955   6832.838012570361   6832.250597025351
0.010905497183778876   6919.503812426571   6918.866774726705
0.011225196699963396   7003.962964864695   7003.271625648581
0.011554268350120923   7085.993894455716   7085.243094557063
0.011892986882540897   7165.36911230874   7164.553206591833
0.012241635099881474   7241.858090247489   7240.970942867369
0.012600504095286909   7315.219709074243   7314.25462143
0.012969893495426888   7385.203520005444   7384.15316676612
0.013350111710660605   7451.557932366305   7450.414364396254
0.013741476192534558   7514.027222779724   7512.781885979459
0.014144313698828986   7572.343538612057   7570.987316906328
0.01455896056637426   7626.2382044567985   7624.761448054378
0.014985762991865008   7675.444566509384   7673.837082679533
0.01542507732090645   7719.688889305992   7717.939472003715
0.015877270345534218   7758.694791251053   7756.790896352215
0.016342719610456153   7792.192348662626   7790.120122763713
0.016821813728271667   7819.91488982682   7817.659138777525
0.017314952703931925   7841.593804635694   7839.137865359674
0.017822548268711737   7856.970210944466   7854.296003263855
0.01834502422397195   7865.797801109594   7862.885905014741
0.018882816794999403   7867.839143130637   7864.668725560277
0.019436374995219892   7862.87037560708   7859.419223409149
0.02000616100108813   7850.686519741682   7846.9311953804445
0.020592650537967844   7831.105006439842   7827.020869116477
0.021196333277324068   7803.968819596858   7799.529940332794
0.02181771324555934   7769.145649680611   7764.325010935507
0.022457309244835088   7726.532141465457   7721.3020672428565
0.02311565528622961   7676.072314688233   7670.405949092247
0.023793301035594242   7617.746886012225   7611.618947600814
0.024490812272480036   7551.566370034186   7544.953401137641
0.025208771362518027   7477.599769256069   7470.481104383555
0.0259477777436476   7395.985414911153   7388.344394565469
0.02670844842659881   7306.892218513032   7298.716361788039
0.027491418510046592   7210.5328534450155   7201.81444958435
0.028297341710866907   7107.231143524584   7097.969958243737
0.029126890909937666   6997.357342805023   6987.561228121524
0.029980758713939952   6881.300254442705   6870.984810015239
0.030859658033628758   6759.546793417435   6748.7361179213985
0.031764322679055976   6632.680918023245   6621.408276264453
0.03269550797224261   6501.285549425747   6489.592611187523
0.033653991377811755   6365.98304570572   6353.919080408227
0.03464057315210884   6227.566507579248   6215.187717590165
0.03565607701135116   6086.83733538243   6074.205882114277
0.036701350819364466   5944.557919058479   5931.740829141281
0.03777726729548091   5801.530199635463   5788.597288217392
0.038884724743189276   5658.5725044987585   5645.59460402991
0.04002464780014597   5516.440566211066   5503.488813191181
0.041197988210172884   5375.892405326697   5363.034510489627
0.04240572561788674   5237.8103042111725   5225.10125766294
0.04364886838662332   5103.0231235310175   5090.504399831424
0.04492845444033957   4972.279454686999   4959.978722643484
0.04624555213019635   4846.336143980245   4834.251979425535
0.04760126112654554   4725.925656726743   4714.019371264839
0.04899671333706607   4611.694341059975   4599.893334924106
0.05043307385181555   4503.9295334975695   4492.130866709301
0.05191154191598653   4402.464220660523   4390.537923791805
0.053433351931179485   4307.1032719587665   4294.8945860204
0.05499977448602865   4217.478895795961   4204.813372676669
0.05661211741704101   4132.971583894923   4119.66147380241
0.05827172690053434   4052.9706270425904   4038.817006280942
0.05997998857658587   3976.6696921059424   3961.476848871997
0.06173832870592997   3903.1214439997025   3886.708392122539
0.0635482153607709   3831.359116367234   3813.568269783646
0.06541115965050462   3760.1727871404764   3740.9024677719367
0.06732871698337338   3688.3448813356335   3667.5593525753907
0.06930248836510605   3614.4789858894655   3592.256771609337
0.07133412173562886   3537.0998536498396   3513.6650408271557
0.07342531334496233   3454.804543612046   3430.546034476697
0.07557780916945323   3366.268975477354   3341.7631944834484
0.07779340636952398   3270.532312933056   3246.5401402736943
0.08007395479015682   3167.1330643675346   3144.59935428724
0.08242135850536496   3056.17634706266   3036.1881858896086
0.08483757740794096   2938.4868095195193   2922.221367777879
0.08732462884580919   2815.459658278566   2804.0771021614246
0.08988458930634863   2689.0102577038037   2683.552304443303
0.09251959615009227   2561.377135475024   2562.7354579756975
0.09523184939525078   2434.9343863367467   2443.8007714749706
0.09802361355455057   2312.2208051638763   2328.9274867591316
0.10089721952591899   2195.556820661018   2220.0599903089706
0.10385506653859616   2087.243639567404   2119.0359608702047
0.10689962415629803   1989.1564970725744   2027.3068144259303
0.11003343433910281   1902.6132219752194   1945.7707483039117
0.11325911356578279   1828.1043109900195   1874.607748069681
0.11657935501835284   1765.088471776435   1813.0878274964289
0.11999693083066039   1711.944474869826   1759.6613521621712
0.12351469440289359   1666.225632563936   1712.1631528784292
0.12713558278394044   1624.7660882311072   1667.9175594017343
0.13086261912358757   1584.2026376638619   1624.238109270578
0.13469891519660646   1541.2251663388097   1578.6404046675937
0.13864767400083483   1493.044742394985   1529.110457922246
0.14271219243142114   1437.841381185358   1474.5469760238966
0.14689586403346616   1375.087547315834   1414.9043400442192
0.1512021818353596   1305.7530614775144   1351.1356674083938
0.15563474126517718   1232.134342136721   1285.1319343259624
0.16019724315257297   1157.5015107713614   1219.3681409366989
0.1648934968186736   1085.67166316413   1156.5563068955128
0.1697274232565544   1020.3988602837043   1099.1184915141748
0.17470305840495237   964.5036138218254   1048.5700328465805
0.17982455651794954   918.9885247053445   1005.3757520548223
0.18509619363343993   882.784844562541   968.523783129961
0.19052237114327647   853.2816747097864   935.9889627509071
0.19610761946807834   827.0486290254903   905.5573451811921
0.20185660183976684   800.321860871629   874.9536985497427
0.20777411819498756   769.6936850821003   842.3064046076712
0.21386510918267082   733.3857410619568   807.2084886846565
0.22013466028907505   692.162276604158   770.0688132046554
0.22658800608375756   648.8143895479296   732.6696151243237
0.23323053459001789   606.8669094440305   696.9299691554538
0.2400677917834628   569.5485331603006   664.347449293568
0.24710548622244882   538.8078725212486   635.6018602605176
0.25434949381426813   514.4510815880163   610.3068609333998
0.2618058627210567   494.290435646952   587.3000214765499
0.2694808184095226   475.1411537188353   565.0238700747345
0.27738076884870827   454.08244217337636   542.345525756956
0.2855123098601282   429.90381996830854   519.1134870823131
0.29388223062474755   403.7597436172972   495.87085714219506
0.3024975193514008   378.0698731142255   473.4531715983533
0.31136536911138296   355.2151533389946   452.8452672714976
0.3204931838440838   336.33278758914327   433.8298645380515
0.32988858453867975   320.56541571049775   416.45440241112215
0.3395594155970457   305.85338829915423   399.81019008468746
0.34951375138319807   290.36471373146657   383.39738332218917
0.3597599029647371   273.61427755812434   367.2259795931492
0.37030642505191835   256.72637637660534   351.61235545924933
0.3811621231401457   241.2795942279814   336.89096492373
0.3923360608618501   227.97375017991163   323.09684714625087
0.4038375675538918   216.25672239208112   310.1635172811664
0.41567624604680364   204.9027478552469   297.7183579069405
0.42786198068238046   193.20496450691294   285.6284206294588
0.4404049455663077   181.5300914528926   274.0259268089833
0.4533156130627191   170.70147180346208   263.0135602394789
0.4666047625377753   161.05867079022542   252.61244575204125
0.4802834893595659   152.17514345074295   242.73093098422174
0.49436321416184764   143.47803044482777   233.24174313072473
0.5088556923793517   134.89768558908537   224.11742043146543
0.5237730240626238   126.81667882324972   215.43791087527967
0.5391276639805903   119.4268788004002   207.2070761756737
0.5549324320192869   112.52126035882169   199.35179258552142
0.5712005238854289   105.85037818893991   191.82688310640458
0.5879455221237613   99.46008000378355   184.63206837552946
0.6051814074573895   93.50175923388697   177.78351574254663
0.622922570460556   87.94318402557451   171.26051970038034
0.6411838235736077   82.6555768126346   165.01448425186675
0.6599804134701901   77.62687791732728   159.04412696885672
0.6793280337869897   72.91217284073805   153.34848247094678
0.6992428382266549   68.48896575839198   147.9090970121755
0.7197414540448374   64.3133780575436   142.70748125795657
0.7408409959326054   60.37096410888786   137.73135598492257
0.7625590803058332   56.65228911944674   132.9694747153179
0.7849138400134885   53.14786956040873   128.41121398429195
0.8079239394770964   49.848235393200326   124.04653571287466
0.8316085902740278   46.743976554390045   119.86594478583532
0.8559875671776167   43.82516934499764   115.85990296546713
0.8810812246675007   41.081191379901384   112.01850269057934
0.9069105139239728   38.50191030016161   108.33239556787728
0.9334970003205227   36.07777022421926   104.79284628364259
0.960862881429187   33.799758909074725   101.39168891967196
0.9890310055537336   31.659376823519818   98.12128677085063
1.0180248908061487   29.64860801792996   94.97449535878991
1.047868744742366   27.75990426731605   91.94459016189481
1.0785874845736239   25.98626604025312   89.0248642990354
1.1102067579703248   24.321137354674253   86.20881402094061
1.1427529644757777   22.758299445785173   83.490386398097
1.1762532775476793   21.29185521255304   80.86395172225916
1.210735667245765   19.91621536632078   78.32427427991183
1.246228923584555   18.62608495297501   75.86648552293876
1.2827626805706884   17.416450256337537   73.48605940038235
1.3203674409449337   16.282558243480118   71.17872774067469
1.3590746016495152   15.219889533894268   68.94032780629938
1.3989164800420282   14.224172405230712   66.76696824668599
1.4399263408778291   13.291376059610341   64.65505495113918
1.4821384240834183   12.417698161673478   62.60127211053056
1.525587973344019   11.599552939947557   60.60256472034185
1.5703112655292182   10.833559831888511   58.656122376071124
1.6163456409812174   10.116532700468488   56.75936774309402
1.6637295346910133   9.445470815734504   54.91004397192486
1.7125025083885144   8.817548778019974   53.10620146592316
1.7627052835733923   8.230105398165646   51.34605811394765
1.814379775514258   7.6806347935022865   49.627982081771925
1.8675691282445197   7.16677800465247   47.95048256996935
1.922317750584177   6.686315013709711   46.31220103378545
1.9786713532176083   6.2371571483785155   44.711902817117185
2.0366769868582977   5.817339463777647   43.14849949101404
2.0963830815323896   5.425011847175602   41.62120809879208
2.1578394870138577   5.058434689648038   40.12939543758619
2.2210975144450407   4.715973815872046   38.67247942486347
2.286209979177315   4.3960944466517216   37.24992446365667
2.3532312448676476   4.097355477770145   35.861237267137646
2.4222172688678643   3.8184040642708728   34.50596281965371
2.4932256489445366   3.557970502362074   33.18368148031132
2.5663156713684585   3.3148646493140834   31.894200241890637
2.641548360413907   3.087972338665805   30.637738087778235
2.7189865293089923   2.876248085963641   29.414495257926873
2.798694832679631   2.678710747587013   28.22459420722713
2.8807398205309562   2.4944398152447884   27.068083295176088
2.9651899938111903   2.32257190342908   25.94494053009816
3.05211586160442   2.162297421399593   24.855077349084937
3.1415899999999994   2.0128570307496423   23.79833180432843
