0.01   639.6264484912688   639.6246588334172
0.010293154462191829   642.9418732440017   642.9400581630098
0.010594902878253955   645.8638517616656   645.8620366443819
0.010905497183778876   648.3714830098219   648.3696861766017
0.011225196699963396   650.4440006574958   650.4422302849728
0.011554268350120923   652.0612299232855   652.0594847180134
0.011892986882540897   653.2031747866547   653.2014521486541
0.012241635099881474   653.8504032118317   653.8487038812152
0.012600504095286909   653.984498230306   653.9828263222374
0.012969893495426888   653.586907250825   653.5852670093084
0.013350111710660605   652.6379886132578   652.6363784312888
0.013741476192534558   651.1193227788308   651.1177345893667
0.014144313698828986   649.0139137002346   649.0123340291262
0.01455896056637426   646.3050189920356   646.3034357423801
0.014985762991865008   642.9772524963922   642.9756578084152
0.01542507732090645   639.0174073431156   639.0157975116119
0.015877270345534218   634.4134021097859   634.4117743690266
0.016342719610456153   629.1539923745762   629.1523405051685
0.016821813728271667   623.2306297764237   623.2289439406983
0.017314952703931925   616.6375724498254   616.6358384834447
0.017822548268711737   609.3712529349898   609.3694480129425
0.01834502422397195   601.4311605783305   601.4292523600587
0.018882816794999403   592.8203067405425   592.8182542430147
0.019436374995219892   583.5453905316748   583.5431474965791
0.02000616100108813   573.6168830515135   573.614401398103
0.020592650537967844   563.0490208574917   563.0462515112555
0.021196333277324068   551.8605050615273   551.8574010560324
0.02181771324555934   540.0762458978332   540.0727716348192
0.022457309244835088   527.7251540269593   527.7212869926453
0.02311565528622961   514.8396910501687   514.8354215773425
0.023793301035594242   501.46018207021785   501.45551822863973
0.024490812272480036   487.6331602528246   487.62813087578024
0.025208771362518027   473.40691483703364   473.40156745626837
0.0259477777436476   458.83497018901147   458.8293714053806
0.02670844842659881   443.9818806796378   443.97612067546635
0.027491418510046592   428.91265456251455   428.90684436054903
0.028297341710866907   413.6916954334701   413.68596320416214
0.029126890909937666   398.39546664786474   398.38995880557627
0.029980758713939952   383.1042523324778   383.099131880272
0.030859658033628758   367.89183393541185   367.887275411549
0.031764322679055976   352.83475762846575   352.8309469940178
0.03269550797224261   338.0203023536082   338.01744131775274
0.033653991377811755   323.52637556750733   323.52467686798934
0.03464057315210884   309.42212124684227   309.42179992312174
0.03565607701135116   295.78709773187506   295.7883404502481
0.036701350819364466   282.6963494656477   282.6993047660829
0.03777726729548091   270.2100112275856   270.2147946873069
0.038884724743189276   258.38036200560555   258.38704203523395
0.04002464780014597   247.25545653365225   247.26403353713812
0.041197988210172884   236.8718141249098   236.8822318926219
0.04240572561788674   227.25700685428615   227.26915308288906
0.04364886838662332   218.4375204151414   218.45117169780303
0.04492845444033957   210.4350670100024   210.44988565689607
0.04624555213019635   203.26309938372648   203.27865182624308
0.04760126112654554   196.88608997323848   196.9018576330364
0.04899671333706607   191.23643275977614   191.25181731404868
0.05043307385181555   186.25310443797432   186.26743055134867
0.05191154191598653   181.86543860412328   181.87795493115053
0.053433351931179485   177.99670940792183   178.00658810235424
0.05499977448602865   174.5735247601484   174.57987031403067
0.05661211741704101   171.49749106073165   171.49941613685064
0.05827172690053434   168.66359778300907   168.6602566855458
0.05997998857658587   165.95304833270285   165.9436850989893
0.06173832870592997   163.21233454419195   163.1963844856773
0.0635482153607709   160.2897102611504   160.26685290857858
0.06541115965050462   157.0246484906945   156.99500016433495
0.06732871698337338   153.26571565546018   153.22990153205888
0.06930248836510605   148.8984227941638   148.8575969736339
0.07133412173562886   143.8457327766925   143.80155324056716
0.07342531334496233   138.0949694974233   138.04948536690466
0.07557780916945323   131.6930537227523   131.64856910717995
0.07779340636952398   124.72828405827745   124.68732248859749
0.08007395479015682   117.32309419073717   117.28830445052517
0.08242135850536496   109.6468436886655   109.62065914318666
0.08483757740794096   101.89076198454495   101.87518445090929
0.08732462884580919   94.26660457504235   94.26311694040072
0.08988458930634863   86.98918850429801   86.99849548871295
0.09251959615009227   80.28310371429535   80.30473996926898
0.09523184939525078   74.32366517935897   74.35608149797578
0.09802361355455057   69.25089461859415   69.29137015788189
0.10089721952591899   65.12691667579868   65.17183695100748
0.10385506653859616   61.94233988014932   61.98730043578089
0.10689962415629803   59.616099455489135   59.65642175142737
0.11003343433910281   58.01551265086164   58.04658918073142
0.11325911356578279   56.95055641465582   56.96835685664369
0.11657935501835284   56.19911314901891   56.200623539629746
0.11999693083066039   55.50362078242758   55.48751885763187
0.12351469440289359   54.60791505950871   54.575068280480984
0.12713558278394044   53.286451831242026   53.240131973268184
0.13086261912358757   51.383252818122735   51.32887704843033
0.13469891519660646   48.83690889330465   48.78148189374721
0.13864767400083483   45.69852121013234   45.64987467226764
0.14271219243142114   42.14184749314272   42.10724726580408
0.14689586403346616   38.452221503306674   38.436285823961505
0.1512021818353596   34.9586856069896   34.962210626686094
0.15563474126517718   31.931420885387425   31.951608878056856
0.16019724315257297   29.524486836410855   29.55516720631434
0.1648934968186736   27.779337610864406   27.812260918645187
0.1697274232565544   26.650234931028564   26.67683184514271
0.17470305840495237   25.99794944120702   26.01030582337909
0.17982455651794954   25.57625490090427   25.569781800433756
0.18509619363343993   25.094354023863   25.069275798480838
0.19052237114327647   24.317662687134018   24.279250888216634
0.19610761946807834   23.13410672035655   23.091707464423347
0.20185660183976684   21.566175553383157   21.53044831676116
0.20777411819498756   19.774044538954268   19.752436989128235
0.21386510918267082   18.007933315139518   18.00333373116791
0.22013466028907505   16.497748511596278   16.506402320896836
0.22658800608375756   15.374058742052934   15.388156779638106
0.23323053459001789   14.64141784344858   14.650602017995181
0.2400677917834628   14.171415691182569   14.168273386453267
0.24710548622244882   13.759116849970898   13.741590716605085
0.25434949381426813   13.226028310602432   13.198122800862313
0.2618058627210567   12.4817402337342   12.453046468623176
0.2694808184095226   11.562030811765615   11.540832424461744
0.27738076884870827   10.617690598261477   10.60785870025516
0.2855123098601282   9.805499505921835   9.803944313087491
0.29388223062474755   9.200511498593922   9.200164240276399
0.3024975193514008   8.773525157138732   8.766669901050857
0.31136536911138296   8.41051180684862   8.394484359910688
0.3204931838440838   7.995314108630594   7.97417046582641
0.32988858453867975   7.489558676830876   7.469684255544896
0.3395594155970457   6.9412759876827135   6.927322562034313
0.34951375138319807   6.440368309454342   6.43171136910203
0.3597599029647371   6.041305635241768   6.033184603137913
0.37030642505191835   5.723880368491836   5.711582141036233
0.3811621231401457   5.423951163789753   5.407371739708845
0.3923360608618501   5.096114980130913   5.079005398458299
0.4038375675538918   4.7489378419470025   4.734531668845115
0.41567624604680364   4.425708700084287   4.413904386061634
0.42786198068238046   4.152439717439389   4.140451770791448
0.4404049455663077   3.913918763859175   3.899755763745062
0.4533156130627191   3.679452924728657   3.664112091097412
0.4666047625377753   3.440005587038952   3.4256174286688132
0.4802834893595659   3.211969457482602   3.198935774152866
0.49436321416184764   3.009338328484075   2.9963107752921525
0.5088556923793517   2.8254858838740065   2.8116191869860563
0.5237730240626238   2.6473919060563293   2.633349483347033
0.5391276639805903   2.474446965234766   2.461093696423805
0.5549324320192869   2.3142278295910472   2.3012974842657443
0.5712005238854289   2.167687263488113   2.154580573199463
0.5879455221237613   2.0293138029409534   2.0162003002058797
0.6051814074573895   1.8968285593130436   1.8841387796849356
0.622922570460556   1.7735944761704439   1.761221927598392
0.6411838235736077   1.6584147994295009   1.6463065958070122
0.6599804134701901   1.5504667548282316   1.5386131655555055
0.6793280337869897   1.4493069655614628   1.437707807597524
0.6992428382266549   1.354518989916346   1.3431813344326908
0.7197414540448374   1.2657116711694683   1.2546478986311131
0.7408409959326054   1.1825175911190096   1.1717437533156538
0.7625590803058332   1.1045916205071715   1.0941260722698989
0.7849138400134885   1.031610268022803   1.0214722148640145
0.8079239394770964   0.9632749740063813   0.9534811577544756
0.8316085902740278   0.8993065460438349   0.8898700839380171
0.8559875671776167   0.839441127390989   0.8303718252256769
0.8810812246675007   0.7834294588587988   0.7747341189489189
0.9069105139239728   0.731036185591817   0.7227188992022462
0.9334970003205227   0.6820391871597139   0.6741016110818557
0.960862881429187   0.6362288809391905   0.6286705086534898
0.9890310055537336   0.5934065992696147   0.5862252274801858
1.0180248908061487   0.5533843515656898   0.5465764551439468
1.047868744742366   0.5159854110503782   0.5095462563710406
1.0785874845736239   0.4810437242118496   0.47496747432584485
1.1102067579703248   0.4484033017537491   0.4426831226316946
1.1427529644757777   0.41791764172985624   0.4125458080712579
1.1762532775476793   0.3894491839290988   0.3844171821670956
1.210735667245765   0.3628688659491389   0.35816735419459106
1.246228923584555   0.33805567774519185   0.3336743581901607
1.2827626805706884   0.3148960421289214   0.3108238303955871
1.3203674409449337   0.29328336696026186   0.2895085764164112
1.3590746016495152   0.27311764025844587   0.2696281444762088
1.3989164800420282   0.25430504689025163   0.25108842225468675
1.4399263408778291   0.2367576058280464   0.23380125614882405
1.4821384240834183   0.22039280768534675   0.21768407613708338
1.525587973344019   0.205133237478833   0.20265951367452295
1.5703112655292182   0.1909063465274565   0.18865514556405685
1.6163456409812174   0.17764418298437032   0.17560320874400046
1.6637295346910133   0.16528311332926382   0.1634403119701842
1.7125025083885144   0.15376355977154146   0.15210716441320224
1.7627052835733923   0.14302975272688084   0.1415483202507249
1.814379775514258   0.13302949909114492   0.1317119345838827
1.8675691282445197   0.12371397457442426   0.12254950733116932
1.922317750584177   0.1150375063175652   0.11401569666161977
1.9786713532176083   0.10695736932675123   0.10606814094429864
2.0366769868582977   0.09943360395897885   0.09866726879564831
2.0963830815323896   0.09242884419371382   0.0917761205466823
2.1578394870138577   0.08590815600377102   0.08536018071624057
2.2210975144450407   0.0798388845129215   0.07938722278950262
2.286209979177315   0.07419049092599651   0.07382721296084312
2.3532312448676476   0.06893442260138635   0.06865216032938436
2.4222172688678643   0.06404401299973311   0.06383591982389698
2.4932256489445366   0.05949436224011927   0.059354072080720854
2.5663156713684585   0.05526222359906087   0.055183814103820075
2.641548360413907   0.05132589703347719   0.05130385645399518
2.7189865293089923   0.04766512937394911   0.04769432658271591
2.798694832679631   0.04426103521200481   0.04433667125226564
2.8807398205309562   0.04109602185923528   0.041213565247794716
2.9651899938111903   0.038153671342261594   0.03830884788275727
3.05211586160442   0.035418660149525064   0.0356074492878125
3.1415899999999994   0.03287668908283151   0.033095318887682974
