0.01   17962.26584155749   17959.892706378087
0.010293154462191829   18097.43553256372   18094.895226705583
0.010594902878253955   18222.534949899655   18219.819488127192
0.010905497183778876   18336.9771911534   18334.078437332195
0.011225196699963396   18440.152257894104   18437.05775056143
0.011554268350120923   18531.45925715162   18528.151878136174
0.011892986882540897   18610.303558654115   18606.762246395207
0.012241635099881474   18676.06881948368   18672.2720996913
0.012600504095286909   18728.14746270119   18724.07460618243
0.012969893495426888   18765.954603398353   18761.58566931978
0.013350111710660605   18788.89590767284   18784.209784430725
0.013741476192534558   18796.370124822508   18791.342495380635
0.014144313698828986   18787.810635196875   18782.41403235858
0.01455896056637426   18762.67911817631   18756.88306206176
0.014985762991865008   18720.43677827244   18714.207807921925
0.01542507732090645   18660.58551502991   18653.88742622673
0.015877270345534218   18582.681696837055   18575.47576934515
0.016342719610456153   18486.31185173842   18478.555572263285
0.016821813728271667   18371.104293189088   18362.750484457894
0.017314952703931925   18236.759386825994   18227.756736672818
0.017822548268711737   18083.048821460892   18073.342514335058
0.01834502422397195   17909.80929397673   17899.341697383188
0.018882816794999403   17716.96200853644   17705.673451292918
0.019436374995219892   17504.521782732765   17492.35153458118
0.02000616100108813   17272.622004194785   17259.510696396108
0.020592650537967844   17021.507052616143   17007.39847436053
0.021196333277324068   16751.518578395957   16736.360491143612
0.02181771324555934   16463.139101198656   16446.88645111778
0.022457309244835088   16157.03580181758   16139.656353083503
0.02311565528622961   15833.972931396213   15815.447963886536
0.023793301035594242   15494.819833461355   15475.145163849264
0.024490812272480036   15140.711375552888   15119.906201482196
0.025208771362518027   14772.926678862332   14751.036552818648
0.0259477777436476   14392.784061428189   14369.878814120086
0.02670844842659881   14001.81294255913   13977.988215084257
0.027491418510046592   13601.835369040195   13577.21577695392
0.028297341710866907   13194.653891034059   13169.389509156415
0.029126890909937666   12782.091097092307   12756.35458525826
0.029980758713939952   12366.367451485996   12340.3577081625
0.030859658033628758   11949.728333257928   11923.6678736251
0.031764322679055976   11534.247390702383   11508.37643411498
0.03269550797224261   11122.175937138662   11096.743105635815
0.033653991377811755   10715.977959907697   10691.23101284863
0.03464057315210884   10317.842964972768   10294.025345429794
0.03565607701135116   9929.794804668047   9907.137589089061
0.036701350819364466   9554.143010664648   9532.838803528777
0.03777726729548091   9192.992658630768   9173.192253443523
0.038884724743189276   8848.090083470459   8829.906216163807
0.04002464780014597   8520.916099806547   8504.398075189363
0.041197988210172884   8212.716797100764   8197.830151356711
0.04240572561788674   7924.484422813353   7911.12254070022
0.04364886838662332   7657.030066399873   7645.002808743781
0.04492845444033957   7411.098754096442   7400.067225279762
0.04624555213019635   7187.31817195206   7176.796970123538
0.04760126112654554   6985.990407828765   6975.368272512109
0.04899671333706607   6805.3938642506355   6793.987596502541
0.05043307385181555   6642.981422297272   6630.060822632363
0.05191154191598653   6496.443679338681   6481.23275576235
0.053433351931179485   6363.513647923268   6345.204116369455
0.05499977448602865   6242.030989938575   6219.789127327514
0.05661211741704101   6129.746082154465   6102.735862642742
0.05827172690053434   6023.397873888616   5990.8840692317735
0.05997998857658587   5919.603517694334   5880.984718457117
0.06173832870592997   5814.427401601195   5769.361097430745
0.0635482153607709   5703.210349002841   5651.7709677750945
0.06541115965050462   5581.53215927717   5524.2636138595835
0.06732871698337338   5445.133924503685   5383.216912909149
0.06930248836510605   5290.405734649587   5225.652045074751
0.07133412173562886   5115.446126064294   5050.247254252115
0.07342531334496233   4919.654754723893   4856.871338368351
0.07557780916945323   4704.676654924806   4647.479164226248
0.07779340636952398   4473.589515150806   4425.279006157566
0.08007395479015682   4230.512087734069   4194.295987366582
0.08242135850536496   3980.1578050309113   3958.9507355787705
0.08483757740794096   3728.4006616597867   3724.5320082349704
0.08732462884580919   3481.296658640868   3496.3291714705106
0.08988458930634863   3245.2476852789064   3279.693195524098
0.09251959615009227   3026.4336858477627   3079.59781383504
0.09523184939525078   2830.7075131818183   2900.6104725488235
0.09802361355455057   2662.009744164843   2745.4456463945035
0.10089721952591899   2522.6573731314575   2615.0872127534926
0.10385506653859616   2412.2893302353696   2508.62479277682
0.10689962415629803   2328.3184719321625   2423.5001790489637
0.11003343433910281   2265.995018664716   2355.299750860758
0.11325911356578279   2219.248184950846   2298.6036723338525
0.11657935501835284   2180.61983178305   2247.485054882084
0.11999693083066039   2142.249718942103   2196.045896274554
0.12351469440289359   2096.279362219441   2138.7154143676466
0.12713558278394044   2036.3559414836227   2071.440354696721
0.13086261912358757   1958.443658903841   1992.0701964339016
0.13469891519660646   1861.5935832243565   1900.7115210066715
0.13864767400083483   1748.1068621591592   1799.6697200815788
0.14271219243142114   1623.5940313219319   1693.376223272159
0.14689586403346616   1496.5247014227937   1587.782622308076
0.1512021818353596   1376.8892740250183   1489.1670588597974
0.15563474126517718   1273.2215820268368   1402.4872102121237
0.16019724315257297   1190.098819843128   1329.944051213529
0.1648934968186736   1128.0554704644248   1270.7893109245201
0.1697274232565544   1084.6677767827532   1222.828444882853
0.17470305840495237   1055.1045684439039   1182.9646748859864
0.17982455651794954   1031.7562387583407   1146.368026048711
0.18509619363343993   1005.3797982973998   1108.1841102319222
0.19052237114327647   968.912956904043   1065.046367021184
0.19610761946807834   919.897570872954   1016.8287459345738
0.20185660183976684   860.26307576304   965.7026985974211
0.20777411819498756   795.3727410559421   913.4690879100976
0.21386510918267082   732.8227110575233   864.0428982313608
0.22013466028907505   679.4469721229914   820.1071303972963
0.22658800608375756   638.6084952014897   782.2141387710143
0.23323053459001789   609.7099749576541   750.0505933896313
0.2400677917834628   588.3715888305155   721.0359300360946
0.24710548622244882   567.9572547236771   692.8228468525052
0.25434949381426813   543.2062278230859   663.9831682484446
0.2618058627210567   512.3714339446179   634.124192808392
0.2694808184095226   477.2047588605642   604.136569752851
0.27738076884870827   442.36381413658705   575.4295786292166
0.2855123098601282   412.473798719067   549.2514272676988
0.29388223062474755   389.1799618683819   525.4029622100543
0.3024975193514008   371.00908536395315   503.6890240886927
0.31136536911138296   354.3932424299047   482.81218690408497
0.3204931838440838   336.02842467237343   462.5061517036567
0.32988858453867975   315.32634655973635   442.39397973273634
0.3395594155970457   294.1184357662061   423.090016637236
0.34951375138319807   274.9197138031178   404.9778181358107
0.3597599029647371   258.9818339320877   388.1628197381347
0.37030642505191835   245.37447536781826   372.2287171709511
0.3811621231401457   232.16889300229042   357.01110333756435
0.3923360608618501   218.33111498990982   342.3471792614473
0.4038375675538918   204.35099547463014   328.2495544835623
0.41567624604680364   191.46652364000235   314.92587716625536
0.42786198068238046   180.16751640785623   302.37921606882554
0.4404049455663077   169.89840431990328   290.46006283567044
0.4533156130627191   159.82354235818084   279.0721615810417
0.4666047625377753   149.8614799389848   268.15197235894755
0.4802834893595659   140.4849258692389   257.7616213705208
0.49436321416184764   131.97306953535465   247.93254283474155
0.5088556923793517   124.06561514385427   238.58409724674135
0.5237730240626238   116.44965191278034   229.63472015800306
0.5391276639805903   109.16657315352286   221.0982721150143
0.5549324320192869   102.38905955706629   212.98064128418955
0.5712005238854289   96.09203288939716   205.26284418964218
0.5879455221237613   90.1255598535515   197.89959569948877
0.6051814074573895   84.46822766038362   190.84558395106467
0.622922570460556   79.17399368882786   184.13991633029406
0.6411838235736077   74.21917019731612   177.73558168572524
0.6599804134701901   69.55667110690096   171.619982768998
0.6793280337869897   65.16844965649163   165.77803715255746
0.6992428382266549   61.041090472992806   160.19454502801563
0.7197414540448374   57.16153197268487   154.85526310710085
0.7408409959326054   53.51709191542114   149.74683789716576
0.7625590803058332   50.09548792358763   144.8567440737951
0.7849138400134885   46.884853393790806   140.1732275313823
0.8079239394770964   43.87358628393333   135.68508023495582
0.8316085902740278   41.049813283440876   131.3809656885953
0.8559875671776167   38.40211479485091   127.25005149593296
0.8810812246675007   35.91976025820613   123.2822291002362
0.9069105139239728   33.59266638704311   119.46806129559002
0.9334970003205227   31.41135792846546   115.79873401596207
0.960862881429187   29.366930849834386   112.26601208232526
0.9890310055537336   27.45102987090744   108.8621506391586
1.0180248908061487   25.655911167041697   105.57945703390082
1.047868744742366   23.97433148024211   102.41051564101288
1.0785874845736239   22.399451556367776   99.34842750564988
1.1102067579703248   20.924815396394923   96.38677729989352
1.1427529644757777   19.54433110560218   93.51960024968017
1.1762532775476793   18.25225251493468   90.74135184164678
1.210735667245765   17.043160722298396   88.04687418134618
1.246228923584555   15.911930265239109   85.43124582745386
1.2827626805706884   14.8537188815745   82.88977761910557
1.3203674409449337   13.863971871742825   80.41812729667787
1.3590746016495152   12.938406754007945   78.01228362013677
1.3989164800420282   12.072997866218905   75.66854614177751
1.4399263408778291   11.263961776154444   73.38350653910618
1.4821384240834183   10.507743479294652   71.15403203655437
1.525587973344019   9.801004696620153   68.97730839104416
1.5703112655292182   9.140612029346823   66.85086060435148
1.6163456409812174   8.523622572098358   64.77243406980661
1.6637295346910133   7.947272699793263   62.739971091615736
1.7125025083885144   7.408967728452492   60.75159966050911
1.7627052835733923   6.906272128601737   58.8056228241538
1.814379775514258   6.436900264898179   56.90050860674433
1.8675691282445197   5.998707446972172   55.03497613126947
1.922317750584177   5.589681309062549   53.20818112649007
1.9786713532176083   5.207934599324813   51.41942352770462
2.0366769868582977   4.851697887975768   49.668073565743654
2.0963830815323896   4.5193125438342685   47.953566498396086
2.1578394870138577   4.209224104417436   46.27539748003803
2.2210975144450407   3.919976019400762   44.6331165622339
2.286209979177315   3.6502035555998855   43.02636944096589
2.3532312448676476   3.3986273474129858   41.45511706762594
2.4222172688678643   3.1640491713309062   39.91941711287329
2.4932256489445366   2.945347457529683   38.419303447590664
2.5663156713684585   2.7414725572037844   36.95478509040361
2.641548360413907   2.5514422885056014   35.525845506016246
2.7189865293089923   2.3743377465933495   34.132442000812816
2.798694832679631   2.2092994703755098   32.774529052215186
2.8807398205309562   2.0555249076469018   31.452329606086334
2.9651899938111903   1.912264119147628   30.16618838480452
3.05211586160442   1.7788154944339878   28.91634415242772
3.1415899999999994   1.6545227529083657   27.702930958223035
