0.01   10152.000098123903   10151.334059947392
0.010293154462191829   10224.876546533838   10224.191729748174
0.010594902878253955   10292.19299752964   10291.48811487251
0.010905497183778876   10353.646653806665   10352.92000208136
0.011225196699963396   10408.92942465245   10408.179088025528
0.011554268350120923   10457.719378137463   10456.943627357827
0.011892986882540897   10499.700053843477   10498.897403478928
0.012241635099881474   10534.56206376211   10533.731200361599
0.012600504095286909   10561.989146994183   10561.128298703721
0.012969893495426888   10581.669621721974   10580.776269645163
0.013350111710660605   10593.306306377495   10592.37719433534
0.013741476192534558   10596.603170479304   10595.634508144807
0.014144313698828986   10591.258483381243   10590.246263604542
0.01455896056637426   10576.98961694221   10575.929667910099
0.014985762991865008   10553.534166046667   10552.422074280596
0.01542507732090645   10520.635144052358   10519.465647821642
0.015877270345534218   10478.056643677706   10476.823443811183
0.016342719610456153   10425.5938657749   10424.289680752216
0.016821813728271667   10363.065696560923   10361.682015614762
0.017314952703931925   10290.314402624468   10288.841167431441
0.017822548268711737   10207.22058688308   10205.646291743018
0.01834502422397195   10113.705877471053   10112.017889812336
0.018882816794999403   10009.733229963607   10007.918776605531
0.019436374995219892   9895.310440064171   9893.356993160653
0.02000616100108813   9770.493146150153   9768.388556208205
0.020592650537967844   9635.403770362234   9633.136395907472
0.021196333277324068   9490.232446846416   9487.791283180242
0.02181771324555934   9335.217626755064   9332.592439137441
0.022457309244835088   9170.662402806614   9167.844586139754
0.02311565528622961   8996.982116607207   8993.967552659416
0.023793301035594242   8814.646859954002   8811.436404856258
0.024490812272480036   8624.16725831282   8620.766550095383
0.025208771362518027   8426.182960795786   8422.603655941615
0.0259477777436476   8221.437745896374   8217.698345237472
0.02670844842659881   8010.685889448325   8006.811059048587
0.027491418510046592   7794.748386346297   7790.769137776005
0.028297341710866907   7574.632926935132   7570.588612763893
0.029126890909937666   7351.348278151881   7347.285852922232
0.029980758713939952   7125.873857443524   7121.846529132743
0.030859658033628758   6899.357081854806   6895.423184064833
0.031764322679055976   6673.018238615762   6669.2400607938935
0.03269550797224261   6447.974177597225   6444.416712693476
0.033653991377811755   6225.348595693636   6222.077381764293
0.03464057315210884   6006.425512264783   6003.503279805534
0.03565607701135116   5792.371460361063   5789.857470537568
0.036701350819364466   5584.213096880548   5582.162296519006
0.03777726729548091   5383.027751379817   5381.4828957142845
0.038884724743189276   5189.84153256974   5188.830002635574
0.04002464780014597   5005.510206307763   5005.046152087214
0.041197988210172884   4830.747751511131   4830.826798926131
0.04240572561788674   4666.156358635967   4666.743617341596
0.04364886838662332   4512.223141738403   4513.256014435709
0.04492845444033957   4369.310961711611   4370.701481341522
0.04624555213019635   4237.4891338660145   4239.112935156677
0.04760126112654554   4116.691616091096   4118.38511021453
0.04899671333706607   4006.8208915191244   4008.385497923396
0.05043307385181555   3907.0427335999093   3908.2598935369892
0.05191154191598653   3815.8039847882023   3816.4493097280288
0.053433351931179485   3731.658872195478   3731.5024798568434
0.05499977448602865   3653.300007289067   3652.1087314788406
0.05661211741704101   3579.5397739055825   3577.079918478144
0.05827172690053434   3509.225108247983   3505.2663363178835
0.05997998857658587   3440.650013301258   3435.0014655663967
0.06173832870592997   3371.8464354178086   3364.378647094447
0.0635482153607709   3300.803427632761   3291.4709691586863
0.06541115965050462   3225.1527390773595   3214.0549782287553
0.06732871698337338   3142.702885829283   3130.0926061166865
0.06930248836510605   3051.714047361119   3038.029694511539
0.07133412173562886   2950.8869658986227   2936.7519919259644
0.07342531334496233   2839.907842364006   2826.0853897429106
0.07557780916945323   2719.3898669311184   2706.7310582848627
0.07779340636952398   2590.781329778522   2580.183175366127
0.08007395479015682   2456.355124517188   2448.7189821749184
0.08242135850536496   2318.6062179584546   2314.770596219704
0.08483757740794096   2180.170162839507   2180.8503794057624
0.08732462884580919   2044.0126187820617   2049.729366103143
0.08988458930634863   1913.2018667385034   1924.234500737053
0.09251959615009227   1790.8769833487347   1807.1544289282078
0.09523184939525078   1679.8235513881725   1700.9117504651595
0.09802361355455057   1582.4107075910772   1607.4998797603319
0.10089721952591899   1500.0474210891164   1528.030278982807
0.10385506653859616   1432.704361380824   1462.1902875009903
0.10689962415629803   1379.3827009952474   1408.847877949437
0.11003343433910281   1337.6221571566562   1365.657633418902
0.11325911356578279   1304.3364290777595   1329.767225667947
0.11657935501835284   1275.7929915238383   1297.8229111832613
0.11999693083066039   1248.0128579684529   1266.4033630995439
0.12351469440289359   1217.1368594019427   1232.3018577389628
0.12713558278394044   1179.915791989027   1192.9207411209861
0.13086261912358757   1134.3466331635593   1146.867762573621
0.13469891519660646   1079.8787430570435   1094.0173879049285
0.13864767400083483   1017.5320077527642   1035.4311896289894
0.14271219243142114   949.7501696545833   973.2262652683696
0.14689586403346616   880.2937704325686   910.4859045260955
0.1512021818353596   813.844945725492   850.9112581626355
0.15563474126517718   754.9308363469186   797.8422774858955
0.16019724315257297   706.3008509619422   753.141897327776
0.1648934968186736   668.4441536974927   716.8248103152403
0.1697274232565544   640.1040833837963   687.6512212524445
0.17470305840495237   618.9846761150418   663.7620705794006
0.17982455651794954   601.760416526598   642.5758176048034
0.18509619363343993   584.0791039007966   621.0839315893677
0.19052237114327647   562.1563608009375   596.7727029103481
0.19610761946807834   534.443812938588   569.0040288841788
0.20185660183976684   501.78263554284774   538.6591281990437
0.20777411819498756   466.5243028709442   507.2896522471116
0.21386510918267082   431.9941701899774   477.06423412212933
0.22013466028907505   401.5357730985575   450.0411166774079
0.22658800608375756   377.0280263763023   426.93271407561934
0.23323053459001789   358.4021225604484   407.5206707551424
0.2400677917834628   343.9266854721205   390.7527988711972
0.24710548622244882   330.6233333326831   374.7795243837159
0.25434949381426813   315.7712130806124   358.1787079622157
0.2618058627210567   298.39487683149395   340.8572754783288
0.2694808184095226   279.12965180895867   323.04800957766224
0.27738076884870827   259.7939137931269   305.75685726711146
0.2855123098601282   242.5644482505374   289.9047715255672
0.29388223062474755   228.4295758453286   275.8870863247343
0.3024975193514008   216.87117421264742   263.20534812499335
0.31136536911138296   206.45897930141916   251.31619950764946
0.3204931838440838   195.6529543404967   239.60964384787715
0.32988858453867975   183.95990697559367   227.93981604236845
0.3395594155970457   172.07940549166003   216.62598110837206
0.34951375138319807   161.04135978570037   206.01099175184675
0.3597599029647371   151.47582537496567   196.2210910920896
0.37030642505191835   143.13438511392556   187.08414914234132
0.3811621231401457   135.2308288981217   178.3872079523016
0.3923360608618501   127.24357849229312   170.0019194623499
0.4038375675538918   119.28821354248859   161.94141523339997
0.41567624604680364   111.82413402328729   154.3167944874896
0.42786198068238046   105.10465705309912   147.16785857904
0.4404049455663077   98.9646761802381   140.4216728982938
0.4533156130627191   93.06420679081337   133.98588322484682
0.4666047625377753   87.31900842254744   127.84506575156338
0.4802834893595659   81.87800844084697   122.01732857934765
0.49436321416184764   76.8612027705554   116.51281533550004
0.5088556923793517   72.19584536353445   111.30129479762049
0.5237730240626238   67.75446641040061   106.34219156633856
0.5391276639805903   63.5253010200734   101.62992129740934
0.5549324320192869   59.563876646828476   97.16399902347754
0.5712005238854289   55.86822112970938   92.93256953151808
0.5879455221237613   52.38346229805561   88.91398019133007
0.6051814074573895   49.08958221390001   85.09518373400559
0.622922570460556   45.99889092785606   81.47445587183947
0.6411838235736077   43.10071183132694   78.03670073726786
0.6599804134701901   40.374412714335705   74.77055006438292
0.6793280337869897   37.812680782390494   71.66897729219703
0.6992428382266549   35.40672481420757   68.7233140718136
0.7197414540448374   33.147614701156726   65.92489013240258
0.7408409959326054   31.026890291447916   63.26555830550114
0.7625590803058332   29.036539818852585   60.73766088097053
0.7849138400134885   27.168979086536677   58.333998248307246
0.8079239394770964   25.41703139754262   56.047799660617585
0.8316085902740278   23.77390735771608   53.87266757001324
0.8559875671776167   22.23318144668503   51.8023852726917
0.8810812246675007   20.78877907975252   49.83103744199827
0.9069105139239728   19.434962222933944   47.95308168112029
0.9334970003205227   18.166312555248208   46.163323123705844
0.960862881429187   16.9777153281997   44.45689053299353
0.9890310055537336   15.864343915892114   42.82921417850935
1.0180248908061487   14.821644773084452   41.27599250130633
1.047868744742366   13.845319776155485   39.79299270872629
1.0785874845736239   12.931314720598001   38.37610603605797
1.1102067579703248   12.075809813509528   37.021495152787004
1.1427529644757777   11.275207191030566   35.72557838685245
1.1762532775476793   10.526118940864528   34.48501098260833
1.210735667245765   9.825355703871876   33.29666788043399
1.246228923584555   9.169915822079316   32.15762581306788
1.2827626805706884   8.55697462756497   31.0650580810924
1.3203674409449337   7.9838746275791195   30.01620063277236
1.3590746016495152   7.448116828276887   29.008472308221645
1.3989164800420282   6.947351904616847   28.03947102250331
1.4399263408778291   6.479371774781524   27.106960693767043
1.4821384240834183   6.04210160889892   26.20885926514874
1.525587973344019   5.633592252307034   25.343227652059454
1.5703112655292182   5.2520129323257745   24.508233011043416
1.6163456409812174   4.895644332032385   23.702104166071916
1.6637295346910133   4.562872444450367   22.923187047026666
1.7125025083885144   4.25218250696368   22.169947062155174
1.7627052835733923   3.9621532138159035   21.44096088523014
1.814379775514258   3.6914512423846593   20.734908904542078
1.8675691282445197   3.438826077972753   20.050568269892942
1.922317750584177   3.2031050556326446   19.386810317888393
1.9786713532176083   2.9831885243092597   18.742608153672688
2.0366769868582977   2.778045776746233   18.117016148756154
2.0963830815323896   2.586711018128095   17.509159175680182
2.1578394870138577   2.408279457278929   16.918228109123504
2.2210975144450407   2.241903619597721   16.343475630377945
2.286209979177315   2.0867898701835594   15.784212304795615
2.3532312448676476   1.9421950739223737   15.239807321763909
2.4222172688678643   1.80742303277364   14.709720743704437
2.4932256489445366   1.6818219933358498   14.193475666558593
2.5663156713684585   1.5647822391103379   13.690630858736498
2.641548360413907   1.455733474083704   13.20077817273698
2.7189865293089923   1.3541423589986143   12.723540329253876
2.798694832679631   1.2595101952612522   12.258568804841076
2.8807398205309562   1.1713707775674742   11.805546146247101
2.9651899938111903   1.0892889230622822   11.364272250482864
3.05211586160442   1.0128583271385054   10.934643513907242
3.1415899999999994   0.9416990933661616   10.51655386771317
