0.01   637.8087567117001   637.7938831132806
0.010293154462191829   644.162809352656   644.147806789984
0.010594902878253955   650.2414541340847   650.2263597851983
0.010905497183778876   656.0243300409135   656.0091553830549
0.011225196699963396   661.4908082055257   661.475533567811
0.011554268350120923   666.6202371285788   666.6048146041126
0.011892986882540897   671.3913314311792   671.375724515537
0.012241635099881474   675.7825518741419   675.7667597851848
0.012600504095286909   679.7726294801722   679.7566882605935
0.012969893495426888   683.3401412225176   683.3241048386144
0.013350111710660605   686.4631697738173   686.4470746435807
0.013741476192534558   689.1202695527008   689.1041303135701
0.014144313698828986   691.2905148893428   691.2743254598776
0.01455896056637426   692.9527044863889   692.9364470737219
0.014985762991865008   694.0861515913305   694.0698002493016
0.01542507732090645   694.6712269352943   694.6547480161552
0.015877270345534218   694.689008055996   694.6723722485199
0.016342719610456153   694.1213170405389   694.1045139198063
0.016821813728271667   692.9514482559443   692.934487216605
0.017314952703931925   691.1643770762976   691.1472803984617
0.017822548268711737   688.7469731024744   688.7297486827154
0.01834502422397195   685.6880711861222   685.6707060349241
0.018882816794999403   681.9786338082818   681.9610951587217
0.019436374995219892   677.612662584561   677.5949088107558
0.02000616100108813   672.587131331112   672.5691208253713
0.020592650537967844   666.9014027216748   666.8830945204126
0.021196333277324068   660.5584808651597   660.5398383786776
0.02181771324555934   653.5668550567808   653.5478547755206
0.022457309244835088   645.9378400351529   645.9184726503851
0.02311565528622961   637.6856482567189   637.6659189264983
0.023793301035594242   628.8320758794131   628.8120096733336
0.024490812272480036   619.403691501348   619.3833355782839
0.025208771362518027   609.4287663548381   609.4081886244584
0.0259477777436476   598.9418333041932   598.9211262379172
0.02670844842659881   587.9863278842871   587.9656153121088
0.027491418510046592   576.6065883181844   576.5860231919863
0.028297341710866907   564.8490450987337   564.8288047882068
0.029126890909937666   552.7722834597653   552.7525586143352
0.029980758713939952   540.4374227143421   540.4184118489795
0.030859658033628758   527.9032756161092   527.8851829810935
0.031764322679055976   515.2345424513143   515.2175816949679
0.03269550797224261   502.50168239400375   502.4860804994139
0.033653991377811755   489.77060588516815   489.7566005703331
0.03464057315210884   477.1070543982676   477.0948772610561
0.03565607701135116   464.58906825593016   464.5788931501259
0.036701350819364466   452.2912070824421   452.2831439625093
0.03777726729548091   440.2795290076425   440.2736301165515
0.038884724743189276   428.6011433990413   428.5974035905458
0.04002464780014597   417.288899988933   417.2872587302387
0.041197988210172884   406.3712991664589   406.3716467589946
0.04240572561788674   395.88688148082997   395.889008388898
0.04364886838662332   385.9014724086686   385.90494923358835
0.04492845444033957   376.47801341806206   376.48219543467195
0.04624555213019635   367.65642966970967   367.6604908455428
0.04760126112654554   359.38103874523443   359.38406089543884
0.04899671333706607   351.56862239498   351.5696274399289
0.05043307385181555   344.1431222856991   344.1410831998831
0.05191154191598653   337.03731205769645   337.03119652139685
0.053433351931179485   330.1900799323244   330.17886657372713
0.05499977448602865   323.53546634290507   323.51815750359225
0.05661211741704101   316.98491235902844   316.9605695095208
0.05827172690053434   310.45065953373245   310.41842337962083
0.05997998857658587   303.8317231892533   303.79099062020697
0.06173832870592997   297.0178116736041   296.9683859493468
0.0635482153607709   289.90264134043525   289.8447992211988
0.06541115965050462   282.3760351638433   282.31069663145206
0.06732871698337338   274.34512988057946   274.27385285021944
0.06930248836510605   265.7546705816884   265.67966217258953
0.07133412173562886   256.5804454204254   256.5044864060604
0.07342531334496233   246.8690902829793   246.79542039446596
0.07557780916945323   236.70644218701347   236.63858439723109
0.07779340636952398   226.23589754141523   226.1772865218686
0.08007395479015682   215.62187916798317   215.57560220889883
0.08242135850536496   205.05257792027052   205.02098913809536
0.08483757740794096   194.7127623547569   194.6973243526188
0.08732462884580919   184.78503264970826   184.7861372071799
0.08988458930634863   175.4430981745163   175.45979668936204
0.09251959615009227   166.84538753052362   166.87525135549566
0.09523184939525078   159.1102592980018   159.14921626829596
0.09802361355455057   152.31926205701492   152.36149910750018
0.10089721952591899   146.46544942148267   146.50421364617566
0.10385506653859616   141.47484570286016   141.50302109849056
0.10689962415629803   137.1757374078444   137.18665325759756
0.11003343433910281   133.3500548216982   133.3382638382877
0.11325911356578279   129.73699082628463   129.69968828429265
0.11657935501835284   126.08141310632081   126.01868752375472
0.11999693083066039   122.15235550947943   122.067385490343
0.12351469440289359   117.77964684612564   117.67938686537308
0.12713558278394044   112.8807757989205   112.77489336147084
0.13086261912358757   107.4764866495245   107.3756347008799
0.13469891519660646   101.69504906321646   101.60949797641562
0.13864767400083483   95.74102591886329   95.67895855753777
0.14271219243142114   89.86748197324764   89.83347995212516
0.14689586403346616   84.34674709284562   84.34038815726673
0.1512021818353596   79.42933683530636   79.44391122410543
0.15563474126517718   75.27012898367921   75.29412895553877
0.16019724315257297   71.8704028512575   71.88991869405241
0.1648934968186736   69.08418257075085   69.08633844293806
0.1697274232565544   66.68056233304952   66.65663009318257
0.17470305840495237   64.40519717937488   64.35245136155642
0.17982455651794954   62.00824990585815   61.93111542348448
0.18509619363343993   59.29221801743774   59.20272457363874
0.19052237114327647   56.204566566984916   56.11905551749464
0.19610761946807834   52.87464063438585   52.80728312900594
0.20185660183976684   49.53310344045118   49.49130246726423
0.20777411819498756   46.411274953102684   46.39430341301036
0.21386510918267082   43.68759958505226   43.68532327948459
0.22013466028907505   41.43487593822375   41.43279751144422
0.22658800608375756   39.57168054013705   39.55635636203068
0.23323053459001789   37.91733562602009   37.881244461688645
0.2400677917834628   36.26419801227215   36.20968367364821
0.24710548622244882   34.46013254601914   34.40000267021205
0.25434949381426813   32.49490104449856   32.4427692822199
0.2618058627210567   30.490437043353882   30.4564568064579
0.2694808184095226   28.600787679862172   28.584232252597918
0.27738076884870827   26.942400379790904   26.934850279900513
0.2855123098601282   25.53535835300322   25.52456621336074
0.29388223062474755   24.2857328793889   24.264542536999112
0.3024975193514008   23.067324483612982   23.03767162323319
0.31136536911138296   21.802470563178986   21.773055803598528
0.3204931838440838   20.502354657674164   20.482784369960385
0.32988858453867975   19.251936609912924   19.244328105400633
0.3395594155970457   18.12357967618908   18.12262951443799
0.34951375138319807   17.123286353301303   17.121740204249175
0.3597599029647371   16.200412015117443   16.19515492847265
0.37030642505191835   15.294019131869646   15.288611110615406
0.3811621231401457   14.389640799906173   14.389759152428145
0.3923360608618501   13.521016674736904   13.528475046362072
0.4038375675538918   12.721893526505003   12.733738667122555
0.41567624604680364   11.991766277383473   12.004402594073618
0.42786198068238046   11.30165177917849   11.314711003767153
0.4404049455663077   10.63223631373361   10.648208936328786
0.4533156130627191   9.9897102255755   10.010433045470014
0.4666047625377753   9.390149719131797   9.414298072674073
0.4802834893595659   8.833156277353092   8.85896433991595
0.49436321416184764   8.306272868998933   8.333824351871494
0.5088556923793517   7.802812837730139   7.833176640144419
0.5237730240626238   7.327242014712195   7.3605390239103246
0.5391276639805903   6.882419394416957   6.917787874314459
0.5549324320192869   6.463814674473794   6.500963590151201
0.5712005238854289   6.067262536011025   6.10656899943633
0.5879455221237613   5.693256473836411   5.734744888733698
0.6051814074573895   5.342145819027162   5.385457083865398
0.622922570460556   5.0115572582642125   5.056558010264854
0.6411838235736077   4.700203620523724   4.746819976416828
0.6599804134701901   4.407159924028892   4.455340015665771
0.6793280337869897   4.131440599023554   4.181120934746772
0.6992428382266549   3.8721044450907773   3.9232111949019335
0.7197414540448374   3.6282545094558807   3.6807051417591157
0.7408409959326054   3.399036564172271   3.4527413705276393
0.7625590803058332   3.183637589324128   3.238501097698563
0.7849138400134885   2.9812841737126865   3.0372064963360677
0.8079239394770964   2.791237409721636   2.8481172115947593
0.8316085902740278   2.612791374271308   2.67052874268189
0.8559875671776167   2.445277155569193   2.503773738453366
0.8810812246675007   2.2880615046929442   2.347220519223695
0.9069105139239728   2.140545144398058   2.2002714375001395
0.9334970003205227   2.002161143187228   2.0623612911814235
0.960862881429187   1.8723733531939113   1.932955789592736
0.9890310055537336   1.7506749790446854   1.8115501456351972
1.0180248908061487   1.6365876732826186   1.697668219321164
1.047868744742366   1.529659701523115   1.5908606635320566
1.0785874845736239   1.4294642407972833   1.4907031964704405
1.1102067579703248   1.335598147141457   1.3967953640454587
1.1427529644757777   1.2476807772374476   1.3087593529522243
1.1762532775476793   1.1653528585196382   1.2262388493828664
1.210735667245765   1.0882754065118094   1.148897942858705
1.246228923584555   1.0161285869169772   1.0764201992488034
1.2827626805706884   0.9486105292728353   1.0085078953395494
1.3203674409449337   0.8854367184097474   0.9448806386707452
1.3590746016495152   0.8263391516269747   0.8852743647194046
1.3989164800420282   0.7710654547738389   0.829440475356221
1.4399263408778291   0.7193780400935432   0.7771450144615625
1.4821384240834183   0.6710533042670457   0.7281678798677881
1.525587973344019   0.6258808637279885   0.6823020789474582
1.5703112655292182   0.5836627758537882   0.6393533226326059
1.6163456409812174   0.5442128494789609   0.5991393431332444
1.6637295346910133   0.5073560683643775   0.5614887741261886
1.7125025083885144   0.47292796829891615   0.5262405244795756
1.7627052835733923   0.440774040466992   0.4932432132675242
1.814379775514258   0.4107491655702121   0.4623546308107951
1.8675691282445197   0.38271707733880334   0.4334412250316986
1.922317750584177   0.3565498433938615   0.40637768375723415
1.9786713532176083   0.3321273017438172   0.38104702065050733
2.0366769868582977   0.3093366765237836   0.35733966987173404
2.0963830815323896   0.28807220405086964   0.3351526806834741
2.1578394870138577   0.26823471851487884   0.3143893523529319
2.2210975144450407   0.249731259992093   0.294958889093318
2.286209979177315   0.23247470428171946   0.27677607042810337
2.3532312448676476   0.21638341346504145   0.25976093662053346
2.4222172688678643   0.20138095246352883   0.2438382136022008
2.4932256489445366   0.18739586444339437   0.22893649655331758
2.5663156713684585   0.17436122180326719   0.21498888112667613
2.641548360413907   0.16221432165635377   0.2019328772904593
2.7189865293089923   0.1508964339791252   0.18971012003031215
2.798694832679631   0.14035256357268078   0.1782660986050132
2.8807398205309562   0.13053122517473748   0.16754990321405433
2.9651899938111903   0.12138422458409108   0.15751402581411425
3.05211586160442   0.11286621823917187   0.14811555214645847
3.1415899999999994   0.10493453458270477   0.13931597644471086
