0.01   24694.529066951913   24688.60070762585
0.010293154462191829   24870.59099964063   24864.177794184445
0.010594902878253955   25032.58824928075   25025.649696528042
0.010905497183778876   25179.727552376902   25172.216625271063
0.011225196699963396   25311.205989099013   25303.070855587335
0.011554268350120923   25426.18501956044   25417.3729229763
0.011892986882540897   25523.839799431957   25514.29781534602
0.012241635099881474   25603.364903146245   25593.03959273461
0.012600504095286909   25663.934623587942   25652.767140381427
0.012969893495426888   25704.733188489176   25692.65700158975
0.013350111710660605   25724.984446422546   25711.92567984536
0.013741476192534558   25723.92497063296   25709.80343005394
0.014144313698828986   25700.79117760068   25685.521805155353
0.01455896056637426   25654.8732350371   25638.36680854774
0.014985762991865008   25585.518096355456   25567.6810367271
0.01542507732090645   25492.10044114117   25472.830731881273
0.015877270345534218   25374.058468578383   25353.24497980437
0.016342719610456153   25230.914997412114   25208.438636581017
0.016821813728271667   25062.271084720494   25038.006131418366
0.017314952703931925   24867.811100683266   24841.626688417655
0.017822548268711737   24647.322754224555   24619.084444203403
0.01834502422397195   24400.712050126775   24370.284182497395
0.018882816794999403   24128.031209503315   24095.281081305566
0.019436374995219892   23829.45602681213   23794.256156049876
0.02000616100108813   23505.287142283454   23467.517296743947
0.020592650537967844   23156.04088453875   23115.59456421412
0.021196333277324068   22782.42278103619   22739.212239504726
0.02181771324555934   22385.249535106228   22339.206818225986
0.022457309244835088   21965.539237142963   21916.62317892943
0.02311565528622961   21524.64105330622   21472.85270871365
0.023793301035594242   21064.009877283577   21009.39315462831
0.024490812272480036   20585.197735002454   20527.838106582924
0.025208771362518027   20090.164732245234   20030.195982283098
0.0259477777436476   19581.06809427301   19518.673094817845
0.02670844842659881   19060.03864760696   18995.444113886948
0.027491418510046592   18529.47160856553   18462.94913649677
0.028297341710866907   17992.1993880889   17924.069971858335
0.029126890909937666   17450.940583348078   17381.56719487694
0.029980758713939952   16908.335067936685   16838.113191373162
0.030859658033628758   16367.450443219012   16296.7939759267
0.031764322679055976   15831.30266041663   15760.63448405498
0.03269550797224261   15302.606725389642   15232.351808455927
0.033653991377811755   14784.321770678753   14714.877686053249
0.03464057315210884   14279.699480725689   14211.405997504688
0.03565607701135116   13791.58334027217   13724.724168574483
0.036701350819364466   13322.324590147451   13257.119991394917
0.03777726729548091   12873.611211459562   12810.176426883263
0.038884724743189276   12446.761182727018   12385.106728304332
0.04002464780014597   12042.891802394113   11982.930381935292
0.041197988210172884   11663.79172232484   11605.240161988248
0.04240572561788674   11311.723932762538   11254.03200089385
0.04364886838662332   10988.638672196415   10931.015943924804
0.04492845444033957   10694.521061215877   10636.002504989257
0.04624555213019635   10426.082907002079   10365.624249030809
0.04760126112654554   10179.997139677713   10116.48794731262
0.04899671333706607   9953.283284152672   9885.557029360763
0.05043307385181555   9743.287989489918   9670.138871436338
0.05191154191598653   9547.552279637592   9467.742645012459
0.053433351931179485   9362.822162754268   9275.18601829336
0.05499977448602865   9185.025598510281   9088.578619972104
0.05661211741704101   9010.064146523071   8904.065077106528
0.05827172690053434   8832.711357916876   8716.954770911763
0.05997998857658587   8647.656961262588   8522.568299994957
0.06173832870592997   8449.43792174488   8316.305878284613
0.0635482153607709   8232.606536581852   8093.766317350908
0.06541115965050462   7993.005523451123   7851.747489327454
0.06732871698337338   7728.254795475177   7588.686883085966
0.06930248836510605   7437.689372520598   7304.647126569877
0.07133412173562886   7123.197055724083   7002.22897068504
0.07342531334496233   6788.3740689646675   6685.227224023933
0.07557780916945323   6439.0897358028415   6358.946336481969
0.07779340636952398   6082.058490953388   6029.369726180312
0.08007395479015682   5724.717519422326   5703.146255716971
0.08242135850536496   5374.898629277128   5386.727424537575
0.08483757740794096   5040.435619642325   5086.191900666444
0.08732462884580919   4729.514482419718   4807.689633460281
0.08988458930634863   4449.004656103206   4556.2289816508055
0.09251959615009227   4204.209092280065   4334.680931604278
0.09523184939525078   3998.296614201314   4144.29994740136
0.09802361355455057   3830.5306735718123   3983.764393838556
0.10089721952591899   3697.688319320492   3849.835837437576
0.10385506653859616   3593.11386331634   3736.4596357756577
0.10689962415629803   3508.347753451229   3636.7957023289587
0.11003343433910281   3433.481246213346   3543.5550162712175
0.11325911356578279   3357.93855173434   3449.4504047373143
0.11657935501835284   3271.807423966618   3348.071095179365
0.11999693083066039   3166.96330941295   3234.7254095783214
0.12351469440289359   3038.877950421139   3108.0129399306284
0.12713558278394044   2887.138999629804   2969.0368696361597
0.13086261912358757   2715.557822988119   2820.935830814614
0.13469891519660646   2531.84381053016   2668.7672286009883
0.13864767400083483   2347.0646305249447   2519.6759578220344
0.14271219243142114   2173.787757070347   2380.658499772551
0.14689586403346616   2022.9414873578955   2256.964231697491
0.1512021818353596   1900.6711522828703   2151.1247730001996
0.15563474126517718   1807.1638380006468   2062.0256999623866
0.16019724315257297   1738.1215515701397   1985.746309568143
0.1648934968186736   1686.2443349701869   1918.3577567388547
0.1697274232565544   1641.3366545391914   1854.3722482572746
0.17470305840495237   1591.5975450342587   1789.1118383771463
0.17982455651794954   1527.8843584197132   1718.9290739584405
0.18509619363343993   1447.6893391892072   1643.8555497297284
0.19052237114327647   1354.7010681122833   1565.925017414282
0.19610761946807834   1256.8286261735418   1489.3076279880306
0.20185660183976684   1164.0248477465598   1417.268739882842
0.20777411819498756   1085.016056550759   1352.4264741821996
0.21386510918267082   1023.6313013125323   1294.9386934358704
0.22013466028907505   978.0496554388103   1243.5946437367154
0.22658800608375756   941.8225966905894   1196.3137309542317
0.23323053459001789   905.9627766586636   1150.0711182055854
0.2400677917834628   863.5796958564597   1102.9580003554188
0.24710548622244882   813.2554721816175   1056.555667987001
0.25434949381426813   758.3462867888594   1010.7323291926825
0.2618058627210567   705.2419668549873   966.9645371776978
0.2694808184095226   659.9232358778128   926.604963358002
0.27738076884870827   623.9870826455715   889.2785312771896
0.2855123098601282   594.627402239356   854.5062338599888
0.29388223062474755   566.79822729783   820.8711321785258
0.3024975193514008   536.3258427679167   788.476493368059
0.31136536911138296   502.9707052328759   756.6928360318619
0.3204931838440838   469.76817641217156   726.4144993136
0.32988858453867975   440.06154574458   697.8434276018918
0.3395594155970457   415.09016487276267   671.023718934522
0.34951375138319807   393.15096126250063   645.601237388837
0.3597599029647371   371.52795260037476   621.1811520403355
0.37030642505191835   349.0972543691874   597.6802721506784
0.3811621231401457   326.896772773879   575.1657104116357
0.3923360608618501   306.62888866212023   553.7849114656727
0.4038375675538918   288.7138300322981   533.6056247663975
0.41567624604680364   272.1603229243105   514.4076410318482
0.42786198068238046   255.8592979841798   495.91790891308324
0.4404049455663077   239.90160700978896   478.227077930811
0.4533156130627191   225.00585256968841   461.39030113002065
0.4666047625377753   211.43606548873888   445.41012719124956
0.4802834893595659   198.7228285325357   430.16763859677474
0.49436321416184764   186.4694558671834   415.53824016955474
0.5088556923793517   174.8156274287528   401.54318032148944
0.5237730240626238   163.9909425935487   388.21815561570185
0.5391276639805903   153.89355881914582   375.4927224383866
0.5549324320192869   144.30791027368772   363.30716672753016
0.5712005238854289   135.2405968393544   351.62406061128524
0.5879455221237613   126.7608090413175   340.4683015674828
0.6051814074573895   118.81975185737079   329.7841358794312
0.622922570460556   111.3425440941021   319.5441580755696
0.6411838235736077   104.30376688935121   309.72406675831417
0.6599804134701901   97.68267497542506   300.30041066300515
0.6793280337869897   91.45893457017543   291.25122092551385
0.6992428382266549   85.61268537501454   282.55590754980994
0.7197414540448374   80.12459253317643   274.19516397842
0.7408409959326054   74.97587305820782   266.1508609254285
0.7625590803058332   70.14748369049668   258.40498128254814
0.7849138400134885   65.6200045442321   250.93918276712543
0.8079239394770964   61.375077440452095   243.7362499535939
0.8316085902740278   57.39545870343948   236.78014048483422
0.8559875671776167   53.66495055288331   230.05590329087522
0.8810812246675007   50.16833684916266   223.5496037716415
0.9069105139239728   46.89132391698215   217.2482525002006
0.9334970003205227   43.82060028819324   211.13940833245798
0.960862881429187   40.943850197127226   205.2108549221088
0.9890310055537336   38.2494611642925   199.45118587790301
1.0180248908061487   35.72646149743621   193.84982907220265
1.047868744742366   33.36448938934689   188.3969948696951
1.0785874845736239   31.153763146225156   183.08362869432275
1.1102067579703248   29.085052486398197   177.9013674195274
1.1427529644757777   27.149632178578862   172.84247038735717
1.1762532775476793   25.339234757937255   167.89974325175342
1.210735667245765   23.646074479023476   163.066572594119
1.246228923584555   22.062828590217578   158.3369057832611
1.2827626805706884   20.58261140823098   153.70522089923085
1.3203674409449337   19.198949728756233   149.16649865229093
1.3590746016495152   17.905759512900616   144.71619608077745
1.3989164800420282   16.697325455834857   140.3503799042182
1.4399263408778291   15.568283109131904   136.06603648621598
1.4821384240834183   14.513593550438394   131.86057916997973
1.525587973344019   13.528523627543086   127.73171461531432
1.5703112655292182   12.608628489448414   123.67742619767597
1.6163456409812174   11.749735033466404   119.69595787222558
1.6637295346910133   10.947926226391978   115.78579843266841
1.7125025083885144   10.199525919617134   111.94586557752775
1.7627052835733923   9.501083838072262   108.17611313599241
1.814379775514258   8.849363689316892   104.47677808218099
1.8675691282445197   8.241330968185535   100.84811561171468
1.922317750584177   7.674140986006726   97.2903927288849
1.9786713532176083   7.14512756356123   93.8038819977863
2.0366769868582977   6.651792354446777   90.3888554635459
2.0963830815323896   6.191794406395679   87.04569661971102
2.1578394870138577   5.762939151164988   83.7754218069796
2.2210975144450407   5.363171259741847   80.57914266123905
2.286209979177315   4.990566917817441   77.45780142042166
2.3532312448676476   4.643325726200182   74.41217460237742
2.4222172688678643   4.319763075577458   71.44287737459771
2.4932256489445366   4.018302970567133   68.55036823030514
2.5663156713684585   3.7374716457442827   65.73503871956115
2.641548360413907   3.475893424551054   62.99775675009871
2.7189865293089923   3.232282508724561   60.33941622897715
2.798694832679631   3.0054360085360883   57.76061623045967
2.8807398205309562   2.794228838299177   55.26167756459502
2.9651899938111903   2.5976089134346054   52.84266132537259
3.05211586160442   2.414592625265837   50.503387368634414
3.1415899999999994   2.24425993668342   48.24340577470999
