0.01   2703.2995610833173   2703.243307139476
0.010293154462191829   2740.1910089339244   2740.133933446338
0.010594902878253955   2776.310135100995   2776.2523745969834
0.010905497183778876   2811.571099449274   2811.512784033449
0.011225196699963396   2845.881862969277   2845.8230258181857
0.011554268350120923   2879.1484186318057   2879.088981791045
0.011892986882540897   2911.274925762506   2911.214711227312
0.012241635099881474   2942.1606554926084   2942.0994876925997
0.012600504095286909   2971.702485241327   2971.640234943277
0.012969893495426888   2999.796691065221   2999.7332772658333
0.013350111710660605   3026.3357467579435   3026.2711089154855
0.013741476192534558   3051.2073707845716   3051.141429648852
0.014144313698828986   3074.299426104359   3074.2320806797684
0.01455896056637426   3095.4996912264346   3095.4308073791262
0.014985762991865008   3114.6923153676535   3114.6216720402003
0.01542507732090645   3131.761886751886   3131.6891588680364
0.015877270345534218   3146.5953927771525   3146.5201504480024
0.016342719610456153   3159.079056272287   3159.0007649953545
0.016821813728271667   3169.098907702546   3169.0169295030832
0.017314952703931925   3176.545348802285   3176.458944235323
0.017822548268711737   3181.3132023087833   3181.221507004066
0.01834502422397195   3183.3002582368454   3183.202194970078
0.018882816794999403   3182.4105362024243   3182.3048005381916
0.019436374995219892   3178.555828380863   3178.440902476725
0.02000616100108813   3171.657015814087   3171.5312663247305
0.020592650537967844   3161.6447423646746   3161.5064995124158
0.021196333277324068   3148.459789934876   3148.307361605018
0.02181771324555934   3132.0566361481992   3131.8883077500373
0.022457309244835088   3112.4084610310347   3112.2224756634814
0.02311565528622961   3089.501452180333   3089.296021316099
0.023793301035594242   3063.3357378689648   3063.1090977196654
0.024490812272480036   3033.940542917045   3033.691366296318
0.025208771362518027   3001.3668466030717   3001.094470826327
0.0259477777436476   2965.677728577376   2965.3821431205106
0.02670844842659881   2926.9643617678025   2926.6462565392603
0.027491418510046592   2885.359411965665   2885.0202771515187
0.028297341710866907   2841.007194356629   2840.649286443495
0.029126890909937666   2794.0660533488626   2793.692412048377
0.029980758713939952   2744.7486705802   2744.3635725030367
0.030859658033628758   2693.2899108876923   2692.8989800583468
0.031764322679055976   2639.923958122551   2639.534024745595
0.03269550797224261   2584.9250592048124   2584.5439039746375
0.033653991377811755   2528.6204247886167   2528.256484297938
0.03464057315210884   2471.326982302361   2470.989213710587
0.03565607701135116   2413.3571802454685   2413.054910105216
0.036701350819364466   2355.0669171289333   2354.80956150303
0.03777726729548091   2296.8061140057607   2296.6030502254243
0.038884724743189276   2238.8980646004015   2238.7585494452665
0.04002464780014597   2181.6775356594844   2181.6098878112984
0.041197988210172884   2125.4900946264456   2125.500922113622
0.04240572561788674   2070.6484750430704   2070.7428020645284
0.04364886838662332   2017.455283859451   2017.6358814732537
0.04492845444033957   1966.2662240476782   1966.5307281466266
0.04624555213019635   1917.4178379876876   1917.7585971872297
0.04760126112654554   1871.1901858645313   1871.594799889458
0.04899671333706607   1827.6482723944705   1828.0995774489936
0.05043307385181555   1786.7462174251868   1787.2224383042355
0.05191154191598653   1748.4266774973585   1748.9018284708325
0.053433351931179485   1712.5149729585003   1712.9594420054602
0.05499977448602865   1678.7808198958717   1679.1617495652795
0.05661211741704101   1646.9823646829298   1647.2641526874122
0.05827172690053434   1616.7614590846315   1616.9074600439963
0.05997998857658587   1587.7434609932184   1587.7165987386927
0.06173832870592997   1559.5006743718923   1559.266088037652
0.0635482153607709   1531.525964346151   1531.0545665290394
0.06541115965050462   1503.3046794623403   1502.5750612548848
0.06732871698337338   1474.215909552553   1473.2212459328925
0.06930248836510605   1443.6456250706628   1442.3958315992431
0.07133412173562886   1410.9737868530647   1409.5020007406633
0.07342531334496233   1375.6284660431306   1373.9933996957297
0.07557780916945323   1337.210093773825   1335.4985844824882
0.07779340636952398   1295.48317443628   1293.809576390528
0.08007395479015682   1250.5133878407034   1249.015924123425
0.08242135850536496   1202.5980386312463   1201.4321643866087
0.08483757740794096   1152.3444550613544   1151.6679992518245
0.08732462884580919   1100.5243381676303   1100.4875130261046
0.08988458930634863   1048.0837519258935   1048.8207802926802
0.09251959615009227   996.0412852675917   997.6584275805793
0.09523184939525078   945.4602851841347   948.0241637510604
0.09802361355455057   897.356916777431   900.8827173274803
0.10089721952591899   852.7258638553263   857.1635202031009
0.10385506653859616   812.3693050660162   817.6076161463478
0.10689962415629803   776.894371207353   782.7647113776526
0.11003343433910281   746.4805513636726   752.7595051878599
0.11325911356578279   720.95936605228   727.3833229465484
0.11657935501835284   699.6342601514955   705.9512813171067
0.11999693083066039   681.4890033307588   687.4838123561068
0.12351469440289359   665.2075629223981   670.7275261869437
0.12713558278394044   649.3435423379537   654.3417062356649
0.13086261912358757   632.4835115561655   637.0417315872063
0.13469891519660646   613.3971855067484   617.7324277337545
0.13864767400083483   591.2631763706117   595.7129613794115
0.14271219243142114   565.8245801399684   570.8117169893105
0.14689586403346616   537.4496120042596   543.4148401308565
0.1512021818353596   507.0913281837339   514.4115117008624
0.15563474126517718   476.1539523750638   485.09398742942705
0.16019724315257297   446.3044409873072   456.92977434561794
0.1648934968186736   419.18825948524056   431.3122144987668
0.1697274232565544   396.03599167233324   409.2655842967281
0.17470305840495237   377.3057853243946   391.12608502603695
0.17982455651794954   362.5838901120603   376.4408702352232
0.18509619363343993   350.79108687013206   364.21978687933677
0.19052237114327647   340.4618732740468   353.19801422378737
0.19610761946807834   329.94245635424267   342.00990520294357
0.20185660183976684   317.7152695669842   329.46629005935756
0.20777411819498756   302.97449312966785   314.94167498120174
0.21386510918267082   286.0129690110915   298.7823441652182
0.22013466028907505   268.006340687949   281.9815378545151
0.22658800608375756   250.491711910684   265.7410837699822
0.23323053459001789   234.92069491438545   251.17371210240265
0.2400677917834628   222.18651859604077   238.88606355352215
0.24710548622244882   212.24193723326718   228.79029866748454
0.25434949381426813   204.16039891184587   220.10394196773245
0.2618058627210567   196.53698406002474   211.7928400742868
0.2694808184095226   188.06093782472408   202.91974419306635
0.27738076884870827   178.15904318675956   193.1850002178722
0.2855123098601282   167.30640060558406   182.94342077968815
0.29388223062474755   156.56438096997212   172.95268005567178
0.3024975193514008   147.02571752411868   163.92450172189308
0.31136536911138296   139.22917505155633   156.13445510401445
0.3204931838440838   132.82031834834265   149.33591113130083
0.32988858453867975   126.8871506890918   142.9109014976973
0.3395594155970457   120.58284444736466   136.3496596087751
0.34951375138319807   113.66084633598732   129.56891138187422
0.3597599029647371   106.61550950961188   122.86602056733045
0.37030642505191835   100.16964716329711   116.64909932658125
0.3811621231401457   94.67062219575998   111.06647177453769
0.3923360608618501   89.88515067077121   105.965022508629
0.4038375675538918   85.24924675594544   101.05318302583987
0.41567624604680364   80.42202959516808   96.15443746120596
0.42786198068238046   75.55989324841158   91.36749398943344
0.4404049455663077   71.0490249087151   86.88041790874992
0.4533156130627191   67.06440337928657   82.73882880952586
0.4666047625377753   63.415390418884485   78.8461364774768
0.4802834893595659   59.82804388384587   75.09522631553334
0.49436321416184764   56.261644618858085   71.45865657985136
0.5088556923793517   52.89744119170191   68.01431859087768
0.5237730240626238   49.83637322546243   64.79102472084583
0.5391276639805903   46.984266871697855   61.73872949789705
0.5549324320192869   44.218578368071334   58.81686136718647
0.5712005238854289   41.558935610486   56.028129968146075
0.5879455221237613   39.082410919914565   53.39257908735498
0.6051814074573895   36.77787905596293   50.9019444052421
0.622922570460556   34.582241428355175   48.529413605793444
0.6411838235736077   32.48883824115075   46.27118184620325
0.6599804134701901   30.52710425515876   44.132644990677974
0.6793280337869897   28.688483591852922   42.106153545594225
0.6992428382266549   26.95223295866621   40.18210358319032
0.7197414540448374   25.311593454536904   38.35509615330171
0.7408409959326054   23.762827102272567   36.62048592653972
0.7625590803058332   22.302160044881344   34.9738192919525
0.7849138400134885   20.925809024520305   33.41083001025288
0.8079239394770964   19.63000487886015   31.927434594197038
0.8316085902740278   18.4109991537413   30.5197210148605
0.8559875671776167   17.26475890186482   29.1837916902474
0.8810812246675007   16.18706690537606   27.915782812405592
0.9069105139239728   15.173931530914961   26.712038583384576
0.9334970003205227   14.221592266854195   25.5691079130196
0.960862881429187   13.326506080058826   24.483732772547274
0.9890310055537336   12.485334610799823   23.452837211941397
1.0180248908061487   11.694932151774847   22.4735170038248
1.047868744742366   10.952352054241034   21.543012026731372
1.0785874845736239   10.254878614483253   20.65865099576439
1.1102067579703248   9.59995136357951   19.81790449707767
1.1427529644757777   8.985140276131506   19.018393317695523
1.1762532775476793   8.408140323889189   18.257878938871947
1.210735667245765   7.866766160203931   17.53425466483232
1.246228923584555   7.358946940668202   16.845537342382606
1.2827626805706884   6.882720781637056   16.18985540297706
1.3203674409449337   6.436221494706027   15.565368676438482
1.3590746016495152   6.017677589470842   14.970283952986845
1.3989164800420282   5.625416584497883   14.402922478980463
1.4399263408778291   5.257860224728187   13.861714236529894
1.4821384240834183   4.91351959913303   13.34519017996151
1.525587973344019   4.590990480849122   12.851975076771714
1.5703112655292182   4.288948881936811   12.380780896950974
1.6163456409812174   4.00614717248671   11.930383874260338
1.6637295346910133   3.7414106640351545   11.499585899671457
1.7125025083885144   3.493632617267145   11.087258688727012
1.7627052835733923   3.261770381489765   10.692349494861771
1.814379775514258   3.04484196734499   10.313875590639915
1.8675691282445197   2.84192278157476   9.950919197054617
1.922317750584177   2.652142517747396   9.602622821287937
1.9786713532176083   2.474682131247745   9.268181194228925
2.0366769868582977   2.3087702091981783   8.946788259644888
2.0963830815323896   2.153680794384004   8.637655112746273
2.1578394870138577   2.008731591703224   8.340049451516213
2.2210975144450407   1.8732815055028542   8.053292396408095
2.286209979177315   1.7467282877731487   7.776754592315641
2.3532312448676476   1.6285063106330497   7.5098526403718875
2.4222172688678643   1.5180844581462185   7.252045854968349
2.4932256489445366   1.414964593843606   7.002848050892646
2.5663156713684585   1.3186802340872448   6.761846025526778
2.641548360413907   1.2287934911972054   6.528659880017926
2.7189865293089923   1.1448932294213297   6.302934348399357
2.798694832679631   1.0665935375269886   6.084337210673226
2.8807398205309562   0.9935322800323527   5.8725578142323736
2.9651899938111903   0.9253697237050446   5.667305694534391
3.05211586160442   0.8617869796184067   5.468302761704253
3.1415899999999994   0.8024823571106479   5.275217302299507
