0.01   2030.6448023623082   2030.5746716833069
0.010293154462191829   2049.459149946787   2049.388387941037
0.010594902878253955   2067.330405611549   2067.2590013804947
0.010905497183778876   2084.1952149547396   2084.1230930268252
0.011225196699963396   2099.987154260615   2099.9142721513354
0.011554268350120923   2114.638195665908   2114.5646055855386
0.011892986882540897   2128.0809182325347   2128.0067700612653
0.012241635099881474   2140.2470533882406   2140.1725374171865
0.012600504095286909   2151.066098269882   2150.991331192984
0.012969893495426888   2160.468678153493   2160.3936881002696
0.013350111710660605   2168.3866075859796   2168.3113452253087
0.013741476192534558   2174.7490551537435   2174.673482267754
0.014144313698828986   2179.4857269653876   2179.409855052456
0.01455896056637426   2182.529329174056   2182.4532190642026
0.014985762991865008   2183.813316172941   2183.7370298034343
0.01542507732090645   2183.271357386231   2183.1948916990887
0.015877270345534218   2180.8413873978166   2180.764669768216
0.016342719610456153   2176.465610557808   2176.3885018686024
0.016821813728271667   2170.0880750246242   2170.0103818818206
0.017314952703931925   2161.6579184752063   2161.579398287871
0.017822548268711737   2151.1309792486554   2151.051343049079
0.01834502422397195   2138.469063005352   2138.387986812104
0.018882816794999403   2123.640532679926   2123.5576689497357
0.019436374995219892   2106.622085334264   2106.537066847388
0.02000616100108813   2087.4000293935915   2087.3124636131097
0.020592650537967844   2065.9723259814195   2065.881769220052
0.021196333277324068   2042.3469204856126   2042.252878280755
0.02181771324555934   2016.542115991467   2016.444058602021
0.022457309244835088   1988.5937880381425   1988.4912617920738
0.02311565528622961   1958.552689018526   1958.4453896121706
0.023793301035594242   1926.4789697091842   1926.3667401894886
0.024490812272480036   1892.4502235975276   1892.3330739438904
0.025208771362518027   1856.5705864362908   1856.4487391259652
0.0259477777436476   1818.9530175624427   1818.8269001009346
0.02670844842659881   1779.7197066060903   1779.5899518926042
0.027491418510046592   1739.0271054134648   1738.8946737830042
0.028297341710866907   1697.0470758818376   1696.913288099198
0.029126890909937666   1653.9506599630688   1653.8171536676648
0.029980758713939952   1609.9335127122706   1609.8022628531323
0.030859658033628758   1565.2264412689888   1565.0998083481643
0.031764322679055976   1520.0517780972446   1519.9324504246106
0.03269550797224261   1474.6280319592026   1474.5189234129048
0.033653991377811755   1429.2099471814147   1429.1139435029347
0.03464057315210884   1384.0474281493175   1383.9672933197699
0.03565607701135116   1339.367832639331   1339.306196099556
0.036701350819364466   1295.425155675367   1295.3845410752758
0.03777726729548091   1252.4986228340751   1252.481484536626
0.038884724743189276   1210.8339473605765   1210.8426715639253
0.04002464780014597   1170.6344275266067   1170.67095379171
0.041197988210172884   1132.0434153059061   1132.107885117213
0.04240572561788674   1095.1736847319492   1095.2643589890965
0.04364886838662332   1060.1237419287677   1060.237287832454
0.04492845444033957   1027.0685008972564   1027.2006471659543
0.04624555213019635   996.2302280791303   996.3762498347612
0.04760126112654554   967.8003861454093   967.9551873250425
0.04899671333706607   941.7915769391428   941.9493209530077
0.05043307385181555   917.9461504706414   918.0995943726199
0.05191154191598653   896.0048869683334   896.1454077449924
0.053433351931179485   875.7320997118096   875.8494073814327
0.05499977448602865   856.9116154884483   856.9931845490228
0.05661211741704101   839.3417938396148   839.3730007050954
0.05827172690053434   822.7553155915384   822.7208503829884
0.05997998857658587   806.8249937892941   806.710186508495
0.06173832870592997   791.2202878025224   791.0118519062017
0.0635482153607709   775.5201367758098   775.20930837998
0.06541115965050462   759.2991265962096   758.8825898007602
0.06732871698337338   742.1048290209217   741.5861323172718
0.06930248836510605   723.4776209538187   722.8682293013414
0.07133412173562886   703.051139672816   702.3700908444918
0.07342531334496233   680.5800761425943   679.8533862878737
0.07557780916945323   655.9617407450919   655.2209866467541
0.07779340636952398   629.299515833561   628.5798652000869
0.08007395479015682   600.8504964272877   600.1898524292292
0.08242135850536496   571.0700737325315   570.5088012358497
0.08483757740794096   540.500480738896   540.0778075401537
0.08732462884580919   509.75639137965527   509.50653425498035
0.08988458930634863   479.48932475935254   479.43831160342694
0.09251959615009227   450.35256171634086   450.51504879897203
0.09523184939525078   423.03761336903153   423.40832026185666
0.09802361355455057   398.1332702324393   398.6880746401417
0.10089721952591899   376.133996821146   376.83071954585216
0.10385506653859616   357.36216553130646   358.1431632940763
0.10689962415629803   341.8373065412387   342.6289543664242
0.11003343433910281   329.35949830403695   330.0810771845601
0.11325911356578279   319.426522767243   320.00566054626614
0.11657935501835284   311.36386566031274   311.73908723812383
0.11999693083066039   304.3575805719799   304.48280714860977
0.12351469440289359   297.5202200416321   297.37969257929586
0.12713558278394044   289.9973242534215   289.61216848694085
0.13086261912358757   281.0538951047688   280.48325794720387
0.13469891519660646   270.2298617231692   269.56537956255954
0.13864767400083483   257.4044655168754   256.76517084351394
0.14271219243142114   242.82009262967915   242.33770000926663
0.14689586403346616   227.05667531980973   226.84398131183062
0.1512021818353596   210.9817333860977   211.1170297029701
0.15563474126517718   195.63069036156918   196.13290682127703
0.16019724315257297   181.98249756911892   182.79665881578927
0.1648934968186736   170.68476696500906   171.70089642928323
0.1697274232565544   161.8804554676095   162.96834687898368
0.17470305840495237   155.27616167134954   156.2823007673738
0.17982455651794954   150.29578545770525   151.10022929872738
0.18509619363343993   146.13102739989083   146.6661109073542
0.19052237114327647   141.8010852778535   142.08490670466685
0.19610761946807834   136.43906900060514   136.57461500517437
0.20185660183976684   129.67187489954676   129.81659605031155
0.20777411819498756   121.71326817405526   122.03244597056688
0.21386510918267082   113.18125618656273   113.80176302202165
0.22013466028907505   104.88852803045496   105.84095976366092
0.22658800608375756   97.63653772423986   98.85270319325708
0.23323053459001789   91.86995781571072   93.20062663296838
0.2400677917834628   87.53664951206888   88.82994229126851
0.24710548622244882   84.16370882023006   85.29163278590403
0.25434949381426813   81.00838917806256   81.94858005310333
0.2618058627210567   77.39564718327391   78.24324735747153
0.2694808184095226   73.08512966890463   73.9757170603006
0.27738076884870827   68.29320341743275   69.3621359643507
0.2855123098601282   63.52675780261381   64.81132978259423
0.29388223062474755   59.34284528373169   60.78973087032425
0.3024975193514008   55.98525578745774   57.459930048189996
0.31136536911138296   53.280043114988274   54.67577418811765
0.3204931838440838   50.81306987316892   52.10108025322066
0.32988858453867975   48.177354414274866   49.42229845730821
0.3395594155970457   45.2623412744509   46.559649362271415
0.34951375138319807   42.291239229410266   43.69982487591838
0.3597599029647371   39.5732665082368   41.07159257617798
0.37030642505191835   37.27107420108022   38.77759869291084
0.3811621231401457   35.286811632400415   36.740825370585235
0.3923360608618501   33.37894990919231   34.787829022443375
0.4038375675538918   31.402166405063024   32.817273377456985
0.41567624604680364   29.41443062018488   30.875431488085507
0.42786198068238046   27.568888102063028   29.065330672880606
0.4404049455663077   25.938974334189115   27.428761366570424
0.4533156130627191   24.454952413876146   25.91375198969186
0.4666047625377753   23.007556089362858   24.45211992380673
0.4802834893595659   21.578982596967254   23.03439404304575
0.49436321416184764   20.231166662949683   21.69673751824884
0.5088556923793517   19.003468912326028   20.460019174146844
0.5237730240626238   17.86388398690655   19.30177496801925
0.5391276639805903   16.76796212669367   18.1960166795446
0.5549324320192869   15.719052541968646   17.145197186090883
0.5712005238854289   14.741905254092508   16.159960860342885
0.5879455221237613   13.833964573378703   15.236809921324209
0.6051814074573895   12.97405997267063   14.363571351000358
0.622922570460556   12.158265891990967   13.536909883802528
0.6411838235736077   11.394393549911372   12.760364317987532
0.6599804134701901   10.680195519880472   12.030927324251303
0.6793280337869897   10.00745383509065   11.342715845992906
0.6992428382266549   9.374219817366807   10.69370042517766
0.7197414540448374   8.778619537745103   10.081936278413535
0.7408409959326054   8.218816580365981   9.505540528279726
0.7625590803058332   7.693017620187295   8.962694305048567
0.7849138400134885   7.199477092474457   8.451644245507925
0.8079239394770964   6.7364862817148214   7.970692256326279
0.8316085902740278   6.302270788993974   7.518114696120358
0.8559875671776167   5.895087048132454   7.092231149039636
0.8810812246675007   5.513295315498747   6.691458307707156
0.9069105139239728   5.155354060610485   6.3143050918693
0.9334970003205227   4.819814060373322   5.959367522687916
0.960862881429187   4.505312855791297   5.625323856538492
0.9890310055537336   4.210571026344598   5.310931377567417
1.0180248908061487   3.9344027073513623   5.015036941121526
1.047868744742366   3.6757002247276476   4.73656321731553
1.0785874845736239   3.433416888665441   4.47449247427447
1.1102067579703248   3.2065638374486585   4.227863479585274
1.1427529644757777   2.9942072424339288   3.9957687392103254
1.1762532775476793   2.7954656159531783   3.7773518322584754
1.210735667245765   2.6095070350251257   3.571804627314663
1.246228923584555   2.4355437460120517   3.378361390921496
1.2827626805706884   2.2728311981390728   3.1962978533450563
1.3203674409449337   2.120668757175803   3.0249323882720938
1.3590746016495152   1.978397370623963   2.8636237410906555
1.3989164800420282   1.8453972519091766   2.711768756479391
1.4399263408778291   1.7210856825240326   2.5688002201555924
1.4821384240834183   1.6049149373238776   2.4341847360045588
1.525587973344019   1.4963705649569277   2.3074189038120516
1.5703112655292182   1.3949694492478681   2.188027782399966
1.6163456409812174   1.3002577025132873   2.0755654776873835
1.6637295346910133   1.2118089888447294   1.9696134987035743
1.7125025083885144   1.1292229514437346   1.8697790905680562
1.7627052835733923   1.0521237221764508   1.7756936652324846
1.814379775514258   0.9801585081020255   1.687011264693041
1.8675691282445197   0.9129961894629924   1.603404531126608
1.922317750584177   0.8503260509746001   1.5245629929092932
1.9786713532176083   0.7918566871867875   1.450195859032731
2.0366769868582977   0.7373148707648611   1.3800310095707553
2.0963830815323896   0.6864444751300234   1.313813754588886
2.1578394870138577   0.6390054566345823   1.2513056776634444
2.2210975144450407   0.5947728921778873   1.1922835287452136
2.286209979177315   0.5535359720849338   1.1365355550501013
2.3532312448676476   0.5150971017322942   1.083859084615693
2.4222172688678643   0.479271290186911   1.034064650722551
2.4932256489445366   0.4458853972299434   0.9869755588563695
2.5663156713684585   0.4147774032205181   0.942426959763583
2.641548360413907   0.38579572177064353   0.9002649941789735
2.7189865293089923   0.3587985533291636   0.8603459969984444
2.798694832679631   0.3336533900463048   0.8225341108557612
2.8807398205309562   0.3102365467605035   0.7866988204469328
2.9651899938111903   0.28843234167506443   0.7527181714048978
3.05211586160442   0.2681325642504689   0.7204786818961705
3.1415899999999994   0.24923601554444041   0.6898746965724137
