0.01   1036.3409593805816   1036.3085805228102
0.010293154462191829   1049.2934318304785   1049.2606363569635
0.010594902878253955   1061.903013733756   1061.869820408942
0.010905497183778876   1074.138634443542   1074.1050691983462
0.011225196699963396   1085.9677384562192   1085.9338282163583
0.011554268350120923   1097.3554937105957   1097.321255269368
0.011892986882540897   1108.266605366338   1108.2320437976528
0.012241635099881474   1118.6654585544682   1118.6305696271934
0.012600504095286909   1128.5154236167432   1128.4802107919177
0.012969893495426888   1137.779576553805   1137.7440576789038
0.013350111710660605   1146.4211526821969   1146.3853601649573
0.013741476192534558   1154.4023996283288   1154.3663720165744
0.014144313698828986   1161.684485339592   1161.6482571474526
0.01455896056637426   1168.22912145769   1168.1927223774655
0.014985762991865008   1173.998523464303   1173.9619740446487
0.01542507732090645   1178.954704052697   1178.917999747531
0.015877270345534218   1183.0605980388364   1183.0237050763947
0.016342719610456153   1186.2805093517895   1186.2433653188154
0.016821813728271667   1188.5794069143428   1188.541933564611
0.017314952703931925   1189.9233609466578   1189.885474619793
0.017822548268711737   1190.2805479533017   1190.2421603232715
0.01834502422397195   1189.621687115527   1189.5827063803881
0.018882816794999403   1187.920531551541   1187.880864634912
0.019436374995219892   1185.1537479106157   1185.113301357235
0.02000616100108813   1181.3012902232983   1181.259969743668
0.020592650537967844   1176.3483066289448   1176.3060074466257
0.021196333277324068   1170.2844103448963   1170.2410126785167
0.02181771324555934   1163.1028695362409   1163.058240142459
0.022457309244835088   1154.8036741622248   1154.7576910873515
0.02311565528622961   1145.3954500345735   1145.3480415166791
0.023793301035594242   1134.8909513599274   1134.8420986702765
0.024490812272480036   1123.3082402628086   1123.2579814492103
0.025208771362518027   1110.6781471287995   1110.626603164682
0.0259477777436476   1097.0377837619733   1096.9851644184535
0.02670844842659881   1082.42741904717   1082.3740174518446
0.027491418510046592   1066.9008555139274   1066.8470343629574
0.028297341710866907   1050.5256489240305   1050.4718256890337
0.029126890909937666   1033.3705451910598   1033.3171856630433
0.029980758713939952   1015.5090376200437   1015.4566745993217
0.030859658033628758   997.0305702188233   996.9798846004883
0.031764322679055976   978.0260787843248   977.9779044053894
0.03269550797224261   958.5855200787312   958.5408151569641
0.033653991377811755   938.8233397822082   938.7830047445505
0.03464057315210884   918.868655621678   918.8334081785612
0.03565607701135116   898.8427819773232   898.8131655242995
0.036701350819364466   878.8493104486839   878.8258372826606
0.03777726729548091   858.9627035828095   858.9461599627874
0.038884724743189276   839.2486684795357   839.2401306289547
0.04002464780014597   819.7766573108265   819.7773290275995
0.041197988210172884   800.6871597272685   800.6972356164156
0.04240572561788674   782.1463095930028   782.1645074699092
0.04364886838662332   764.3038995547191   764.3276101547636
0.04492845444033957   747.2455132457629   747.2716763830241
0.04624555213019635   730.970819031206   730.9971314865768
0.04760126112654554   715.47173266412   715.4966849043574
0.04899671333706607   700.7255947953984   700.7481222016047
0.05043307385181555   686.6587191613191   686.6771417577787
0.05191154191598653   673.1907173900272   673.2025554411406
0.053433351931179485   660.2364937999392   660.2385324184643
0.05499977448602865   647.678143690043   647.666502117276
0.05661211741704101   635.3968511149646   635.3670479335809
0.05827172690053434   623.2681866505651   623.2155274503032
0.05997998857658587   611.1496341750675   611.0698872101813
0.06173832870592997   598.9031174987693   598.7926979517879
0.0635482153607709   586.363204909519   586.22029348115
0.06541115965050462   573.3560933245383   573.1812434014016
0.06732871698337338   559.7151836102358   559.5115286709348
0.06930248836510605   545.2763639796829   545.0499930442323
0.07133412173562886   529.9127568159433   529.6724053368497
0.07342531334496233   513.5674791921891   513.323969169226
0.07557780916945323   496.24062871801823   496.00624502185383
0.07779340636952398   478.0587737219763   477.84611134734456
0.08007395479015682   459.2062813117466   459.02762796066355
0.08242135850536496   439.9624023247835   439.82916093978565
0.08483757740794096   420.6288025331216   420.55112110508475
0.08732462884580919   401.53481085509407   401.52113023990904
0.08988458930634863   382.9947629278313   383.05050628950727
0.09251959615009227   365.3065160872449   365.4323043149011
0.09523184939525078   348.7451035358357   348.93475585027625
0.09802361355455057   333.54804824630156   333.78814694424
0.10089721952591899   319.8732622047428   320.14420942345896
0.10385506653859616   307.8071437874217   308.0843323479081
0.10689962415629803   297.26498666189343   297.5220124148438
0.11003343433910281   288.0537107082182   288.2647879984106
0.11325911356578279   279.8118086338606   279.9565515032152
0.11657935501835284   272.1199930875067   272.1856924383715
0.11999693083066039   264.51757023432054   264.5016117630626
0.12351469440289359   256.588445089857   256.5001744041038
0.12713558278394044   247.9973645081953   247.8587822906265
0.13086261912358757   238.5450493857479   238.38980716208383
0.13469891519660646   228.20981653397308   228.07819669140758
0.13864767400083483   217.14732018233545   217.08158874890273
0.14271219243142114   205.6745600142943   205.7143961040638
0.14689586403346616   194.20510244139874   194.3762352001314
0.1512021818353596   183.19076373682023   183.50035771685984
0.15563474126517718   173.0685564950653   173.50155114991938
0.16019724315257297   164.18550153872815   164.70326630116867
0.1648934968186736   156.68079596872914   157.23328597258208
0.1697274232565544   150.40539127200674   150.94218859828172
0.17470305840495237   144.9808623058506   145.4635785384922
0.17982455651794954   139.94551946549845   140.35531335986184
0.18509619363343993   134.86413740709799   135.21061922605702
0.19052237114327647   129.37362746074623   129.69547512240968
0.19610761946807834   123.27162789881828   123.62840496048418
0.20185660183976684   116.64772220188091   117.0982238092071
0.20777411819498756   109.86639705548372   110.44968463443224
0.21386510918267082   103.36584262305574   104.09071186024435
0.22013466028907505   97.49134628849474   98.33192654170226
0.22658800608375756   92.43374922850006   93.34149759880812
0.23323053459001789   88.15954342879377   89.07641037211164
0.2400677917834628   84.40545028699056   85.2939146384667
0.24710548622244882   80.8016869364688   81.65710178054306
0.25434949381426813   77.04211200727222   77.89773320450522
0.2618058627210567   73.0014480421016   73.90774901730232
0.2694808184095226   68.81637267236883   69.8159823839169
0.27738076884870827   64.76916495639007   65.87078421178929
0.2855123098601282   61.089753313462076   62.27000608676289
0.29388223062474755   57.87502575755603   59.08748032164713
0.3024975193514008   55.03502814715237   56.24280482645903
0.31136536911138296   52.34608584506623   53.54023652787591
0.3204931838440838   49.631914417082   50.8364160031124
0.32988858453867975   46.857446791359756   48.102928233600664
0.3395594155970457   44.12932446533988   45.43125177266659
0.34951375138319807   41.59990423286798   42.94526973893359
0.3597599029647371   39.322622070492095   40.68313517963392
0.37030642505191835   37.2346584540622   38.58971766249903
0.3811621231401457   35.228679412542164   36.580491947879175
0.3923360608618501   33.24409063613584   34.60999801587053
0.4038375675538918   31.314099364544838   32.70354628773214
0.41567624604680364   29.50661571538521   30.91252647022386
0.42786198068238046   27.841270881320796   29.248955499614055
0.4404049455663077   26.281022396368048   27.683002395193327
0.4533156130627191   24.779876404189626   26.18122303340619
0.4666047625377753   23.334080226631553   24.740871479087374
0.4802834893595659   21.968653097815228   23.378484207384
0.49436321416184764   20.694252152363383   22.100255437158125
0.5088556923793517   19.493261202944307   20.892446830549872
0.5237730240626238   18.348229412441814   19.74253022942632
0.5391276639805903   17.26064667916621   18.651084512731167
0.5549324320192869   16.237779655009888   17.62162971438743
0.5712005238854289   15.275185084734412   16.649954139300814
0.5879455221237613   14.363694474925028   15.729551326733803
0.6051814074573895   13.501210905128044   14.858119441462899
0.622922570460556   12.688851435928624   14.035419224976593
0.6411838235736077   11.923313369935714   13.258386671980475
0.6599804134701901   11.200587856839912   12.523659478679965
0.6793280337869897   10.519148986169188   11.829585687201938
0.6992428382266549   9.876984386890292   11.174166811294812
0.7197414540448374   9.271982179420062   10.555335104388975
0.7408409959326054   8.702133814343453   9.971123313808508
0.7625590803058332   8.165529690073521   9.419660762770341
0.7849138400134885   7.660354910949484   8.899169495154002
0.8079239394770964   7.184885186293992   8.407960493014029
0.8316085902740278   6.7374846706612415   7.944432857967523
0.8559875671776167   6.3166088487506755   7.507081131521808
0.8810812246675007   5.920792477252493   7.094478734860175
0.9069105139239728   5.54864295022307   6.705269565491875
0.9334970003205227   5.198837323022305   6.338165270285362
0.960862881429187   4.870119412848511   5.9919425526969174
0.9890310055537336   4.5612969757410875   5.665440518960086
1.0180248908061487   4.271238946144371   5.35755806915147
1.047868744742366   3.998871552979576   5.067251250465103
1.0785874845736239   3.743175259163773   4.793530718051303
1.1102067579703248   3.5031845640080816   4.535459466679134
1.1427529644757777   3.2779856960864984   4.292150469496443
1.1762532775476793   3.0667141526515382   4.06276436739719
1.210735667245765   2.868552333368924   3.846507229398317
1.246228923584555   2.682727266438102   3.6426283855886616
1.2827626805706884   2.508508410573665   3.4504181332945887
1.3203674409449337   2.3452054221667997   3.2692037767885163
1.3590746016495152   2.1921662487229545   3.098348991947914
1.3989164800420282   2.048775312685752   2.937253464562956
1.4399263408778291   1.9144516593639915   2.785351016411667
1.4821384240834183   1.7886471834201103   2.6421077908261026
1.525587973344019   1.6708449333118627   2.507020520901663
1.5703112655292182   1.560557491201865   2.3796148779232595
1.6163456409812174   1.4573253256547214   2.259443306721606
1.6637295346910133   1.3607151207988795   2.146082310828761
1.7125025083885144   1.2703187059116434   2.039132928185727
1.7627052835733923   1.1857517765807686   1.9382197766948634
1.814379775514258   1.1066525972387828   1.8429896947258393
1.8675691282445197   1.0326807669648856   1.753110455225131
1.922317750584177   0.9635160460009007   1.6682695499765767
1.9786713532176083   0.8988572349878976   1.5881728637376584
2.0366769868582977   0.8384209568687666   1.512538363436592
2.0963830815323896   0.7819406768355098   1.44109536041232
2.1578394870138577   0.7291659636267681   1.3735903799588687
2.2210975144450407   0.6798615815959854   1.309786368187334
2.286209979177315   0.6338066182537858   1.2494615682680321
2.3532312448676476   0.5907936582488603   1.1924084772336392
2.4222172688678643   0.550628001579697   1.1384328773330032
2.4932256489445366   0.5131269786736877   1.0873523680591832
2.5663156713684585   0.47811954102428483   1.0389923687355078
2.641548360413907   0.445445288123126   0.9931882595048919
2.7189865293089923   0.4149536775476389   0.9497864039278452
2.798694832679631   0.3865034562776618   0.9086433600736759
2.8807398205309562   0.3599621224122925   0.8696251463879535
2.9651899938111903   0.33520541527758047   0.8326065642582111
3.05211586160442   0.31211683046056643   0.7974705693010548
3.1415899999999994   0.2905867121532685   0.7641069888848158
