0.01   900.965705572586   900.9504416262713
0.010293154462191829   906.3599388639109   906.3444810627986
0.010594902878253955   911.2152288941703   911.1995831464964
0.010905497183778876   915.5041572260591   915.4883626448789
0.011225196699963396   919.1973827394992   919.181482778652
0.011554268350120923   922.2656195512312   922.2496535792601
0.011892986882540897   924.6804884776079   924.6644914567023
0.012241635099881474   926.4136498321875   926.3976494409912
0.012600504095286909   927.4369700637433   927.4209838204735
0.012969893495426888   927.7237552931583   927.707790321085
0.013350111710660605   927.2479795936663   927.2320365711859
0.013741476192534558   925.9818736260227   925.9659610400597
0.014144313698828986   923.8989883160863   923.8831255910113
0.01455896056637426   920.9751406509687   920.9593567324292
0.014985762991865008   917.1869602353997   917.1712726274004
0.01542507732090645   912.5124995482508   912.4968975486626
0.015877270345534218   906.9329415205299   906.9173863620501
0.016342719610456153   900.4319984992237   900.4164336422639
0.016821813728271667   892.9945585191413   892.9789368815215
0.017314952703931925   884.6090918508888   884.5933805138354
0.017822548268711737   875.2682487135586   875.2524273310044
0.01834502422397195   864.9680063347068   864.9520496835514
0.018882816794999403   853.7083319061433   853.6921991601491
0.019436374995219892   841.4941642169085   841.4778000353692
0.02000616100108813   828.3359586958011   828.3192961928631
0.020592650537967844   814.2502396228701   814.233205229946
0.021196333277324068   799.2588742822119   799.2413896517443
0.02181771324555934   783.389418784407   783.3714047112898
0.022457309244835088   766.6786722058482   766.6600715579604
0.02311565528622961   749.1702711046426   749.1510595296224
0.023793301035594242   730.9122321880634   730.8924163436344
0.024490812272480036   711.9616247557517   711.9412442379924
0.025208771362518027   692.3875671182808   692.3666988063295
0.0259477777436476   672.2619053164497   672.2406599238172
0.02670844842659881   651.6601260922323   651.6386478414697
0.027491418510046592   630.6745475148011   630.6530378248359
0.028297341710866907   609.402080798758   609.3808009388183
0.029126890909937666   587.9362439174598   587.9155038806368
0.029980758713939952   566.3811866399082   566.3613363847237
0.030859658033628758   544.8551699298118   544.8365916143287
0.031764322679055976   523.4675111256751   523.4506084217185
0.03269550797224261   502.32221175654405   502.3074011731217
0.033653991377811755   481.5412895480317   481.52899875249295
0.03464057315210884   461.239972182716   461.2306339096621
0.03565607701135116   441.5166142635896   441.51065760433875
0.036701350819364466   422.47451556617307   422.4723133668733
0.03777726729548091   404.2224915017885   404.2243119930126
0.038884724743189276   386.84912421476184   386.8551448272009
0.04002464780014597   370.4252703868676   370.43557956028536
0.041197988210172884   355.0116981466478   355.02625092367407
0.04240572561788674   340.65545246756596   340.67408164756444
0.04364886838662332   327.39088281284586   327.4133176610178
0.04492845444033957   315.24816093620876   315.27388596231754
0.04624555213019635   304.2548398679878   304.28298249746604
0.04760126112654554   294.432343708762   294.4617196813289
0.04899671333706607   285.7505134055095   285.77972396748595
0.05043307385181555   278.0824148248895   278.1099892992126
0.05191154191598653   271.3038092615069   271.32821256118524
0.053433351931179485   265.3025529712341   265.32214540207156
0.05499977448602865   259.97379536172076   259.9867609327096
0.05661211741704101   255.2209763728528   255.22531868472723
0.05827172690053434   250.91213062850204   250.9058346450723
0.05997998857658587   246.87325521649697   246.85448108535954
0.06173832870592997   242.92852513800352   242.8956796487841
0.0635482153607709   238.85299383753156   238.80505294383562
0.06541115965050462   234.41473255074976   234.3513878337792
0.06732871698337338   229.39212895579058   229.3140349289795
0.06930248836510605   223.57917574264957   223.48817148733838
0.07133412173562886   216.82522379267772   216.72431369495104
0.07342531334496233   209.0613964463634   208.9546816707338
0.07557780916945323   200.29056044047996   200.18298312096258
0.07779340636952398   190.624392579702   190.52136465770303
0.08007395479015682   180.21917822398305   180.12632666206753
0.08242135850536496   169.27502798934307   169.1980334263571
0.08483757740794096   158.03561555097778   157.9796850400539
0.08732462884580919   146.79360784011698   146.76291149600527
0.08988458930634863   135.8598863007756   135.8570533144608
0.09251959615009227   125.54227818540582   125.56803350737432
0.09523184939525078   116.15288589063103   116.20511121351186
0.09802361355455057   107.9363356934963   108.0104461030842
0.10089721952591899   101.04446434780472   101.13364957572587
0.10385506653859616   95.5463711998065   95.64200714781184
0.10689962415629803   91.37003246995937   91.4617139175431
0.11003343433910281   88.37656767894036   88.45310824647436
0.11325911356578279   86.32740546616901   86.37907671529348
0.11657935501835284   84.93003027511821   84.94887791754529
0.11999693083066039   83.83684675120733   83.81736722958604
0.12351469440289359   82.67055783846   82.61166721981813
0.12713558278394044   81.07448354995105   80.98036678424768
0.13086261912358757   78.75977588738195   78.63971368542855
0.13469891519660646   75.55815889013158   75.42552936600359
0.13864767400083483   71.4426125654622   71.3141796561272
0.14271219243142114   66.54930398293442   66.44297399387317
0.14689586403346616   61.1940041771893   61.1237309661767
0.1512021818353596   55.83078859031711   55.80400335704143
0.15563474126517718   50.919399094042355   50.935019717213706
0.16019724315257297   46.7945945135237   46.842670399079246
0.1648934968186736   43.608708238551095   43.673271320931256
0.1697274232565544   41.366369069531096   41.42957897938502
0.17470305840495237   39.950339852463024   39.99155040067645
0.17982455651794954   39.10346604290712   39.10765724387929
0.18509619363343993   38.43084494782773   38.391980506587075
0.19052237114327647   37.52473369123976   37.448339802348336
0.19610761946807834   36.114693807878645   36.01610901042516
0.20185660183976684   34.1193616578157   34.02035573559206
0.20777411819498756   31.646333859154243   31.56866166088727
0.21386510918267082   28.983782547290033   28.941663723854045
0.22013466028907505   26.495573596753413   26.489459608005394
0.22658800608375756   24.46149040189901   24.479168556479845
0.23323053459001789   23.00151534892113   23.02204398986687
0.2400677917834628   22.051335771756584   22.055062144608822
0.24710548622244882   21.370819984403404   21.344043285348985
0.25434949381426813   20.667653286638227   20.611302413231726
0.2618058627210567   19.735528291015097   19.665021434352724
0.2694808184095226   18.51049490482492   18.44469810558096
0.27738076884870827   17.110565003500078   17.0662096113638
0.2855123098601282   15.76906667913038   15.747884394544007
0.29388223062474755   14.668226630241895   14.660811836816281
0.3024975193514008   13.857721267408177   13.845773788384664
0.31136536911138296   13.246873446501034   13.218296690942273
0.3204931838440838   12.660874644215829   12.615608013532858
0.32988858453867975   11.973533195024235   11.922743373253024
0.3395594155970457   11.181085737252234   11.137553075668707
0.34951375138319807   10.378618389527851   10.348444732085346
0.3597599029647371   9.68050387900184   9.658696850658105
0.37030642505191835   9.123201754664988   9.098668005541066
0.3811621231401457   8.64878255839058   8.61537608797684
0.3923360608618501   8.172885754818568   8.133949870246706
0.4038375675538918   7.659961164505674   7.623314947403571
0.41567624604680364   7.145314823647331   7.115356115242399
0.42786198068238046   6.682479555769922   6.656579865022195
0.4404049455663077   6.286496118801081   6.2589360391516
0.4533156130627191   5.923033722744801   5.892067355144704
0.4666047625377753   5.56001953061571   5.528963749475046
0.4802834893595659   5.1996509179358155   5.171865484608131
0.49436321416184764   4.865793140090296   4.840453493435218
0.5088556923793517   4.566486961235816   4.541023758379241
0.5237730240626238   4.287186021052989   4.261050184755775
0.5391276639805903   4.015992999358624   3.9909138505184236
0.5549324320192869   3.7575348892507625   3.7344432063962727
0.5712005238854289   3.5194338036451343   3.497304708203813
0.5879455221237613   3.29830173691468   3.276550848468215
0.6051814074573895   3.088371486411543   3.067510144611815
0.622922570460556   2.8895868680774366   2.870069062547266
0.6411838235736077   2.704459780107909   2.685931022632233
0.6599804134701901   2.531552116187028   2.513821747006809
0.6793280337869897   2.3689473565514   2.352126499998742
0.6992428382266549   2.216098780303521   2.200275642083171
0.7197414540448374   2.07253728593722   2.057766313705143
0.7408409959326054   1.937802394879062   1.9241099626443092
0.7625590803058332   1.811443895544121   1.7988333128997012
0.7849138400134885   1.6930232230938518   1.6814791243618163
0.8079239394770964   1.5821145346691432   1.571606715587108
0.8316085902740278   1.4782899692100555   1.4687802884986851
0.8559875671776167   1.38110555330852   1.372557737306303
0.8810812246675007   1.2901401798173078   1.2825203956752989
0.9069105139239728   1.2049997996040682   1.198275979707368
0.9334970003205227   1.1253156241860047   1.1194569226704716
0.960862881429187   1.050742453307866   1.045718815823405
0.9890310055537336   0.9809571183494359   0.9767389484673379
1.0180248908061487   0.9156582692156982   0.9122157858607469
1.047868744742366   0.8545693865297019   0.8518706752102916
1.0785874845736239   0.797431836085987   0.7954427660606077
1.1102067579703248   0.7440017546618666   0.7426865592289503
1.1427529644757777   0.6940492994845567   0.693371086466241
1.1762532775476793   0.647357928990801   0.6472791273325353
1.210735667245765   0.6037237133137754   0.6042064616083723
1.246228923584555   0.5629545884558995   0.563961092958251
1.2827626805706884   0.5248688612660949   0.5263619291960876
1.3203674409449337   0.4892952310335723   0.4912385954756133
1.3590746016495152   0.45607292464178384   0.4584313456611549
1.3989164800420282   0.4250510905104033   0.42779043669167777
1.4399263408778291   0.39608821324395777   0.39917552847613036
1.4821384240834183   0.36905156088666247   0.3724551176169642
1.525587973344019   0.34381666536755057   0.3475060087993314
1.5703112655292182   0.32026691416105924   0.32421301836379424
1.6163456409812174   0.29829308285574135   0.3024684944615548
1.6637295346910133   0.27779277005030983   0.2821715583073217
1.7125025083885144   0.2586699835575899   0.26322768102254007
1.7627052835733923   0.24083475835057394   0.24554830499888985
1.814379775514258   0.22420279582725816   0.22905048596157326
1.8675691282445197   0.20869512329856627   0.21365655473462042
1.922317750584177   0.19423776303854348   0.19929377928035374
1.9786713532176083   0.18076141681126798   0.18589403909692379
2.0366769868582977   0.16820120731728205   0.17339359276375094
2.0963830815323896   0.15649641220222313   0.1617328163228917
2.1578394870138577   0.14559020857899144   0.15085594745105627
2.2210975144450407   0.1354294324455872   0.1407108445956508
2.286209979177315   0.12596435219111893   0.13124876028127866
2.3532312448676476   0.11714844948235101   0.12242417799445095
2.4222172688678643   0.10893819284416316   0.11419483124357475
2.4932256489445366   0.10129287986909896   0.10652125671260611
2.5663156713684585   0.09417447279171648   0.09936650646754298
2.641548360413907   0.08754742948945067   0.09269599853642106
2.7189865293089923   0.08137854477183697   0.08647737544945787
2.798694832679631   0.07563680138418265   0.08068037023057398
2.8807398205309562   0.07029323291550398   0.07527666920501379
2.9651899938111903   0.06532082736437086   0.07023966070414478
3.05211586160442   0.06069438237249836   0.06554440044695949
3.1415899999999994   0.0563903571789099   0.061167626433596856
