0.01   10200.542400894139   10199.684689378275
0.010293154462191829   10300.39557730988   10299.484598434528
0.010594902878253955   10395.337840397784   10394.36895433895
0.010905497183778876   10485.020607666676   10483.98891351531
0.011225196699963396   10569.096053669682   10567.99640414898
0.011554268350120923   10647.209063682563   10646.035895768136
0.011892986882540897   10718.985958839943   10717.732885477964
0.012241635099881474   10784.054746455147   10782.7145049124
0.012600504095286909   10842.047979759822   10840.612477263281
0.012969893495426888   10892.589645815347   10891.050257840947
0.013350111710660605   10935.305406305777   10933.653150172287
0.013741476192534558   10969.832961370914   10968.058532738718
0.014144313698828986   10995.811904446891   10993.905232130304
0.01455896056637426   11012.878727351717   11010.82824937691
0.014985762991865008   11020.68748417551   11018.480141298096
0.01542507732090645   11018.911489458951   11016.532749054855
0.015877270345534218   11007.233894989016   11004.667549470309
0.016342719610456153   10985.360299430255   10982.588484767502
0.016821813728271667   10953.02650720817   10950.029846424733
0.017314952703931925   10909.99835613162   10906.756125998856
0.017822548268711737   10856.07417504222   10852.564496068077
0.01834502422397195   10791.090619377312   10787.290668519565
0.018882816794999403   10714.929921758408   10710.816219516755
0.019436374995219892   10627.534013363964   10623.082865722934
0.02000616100108813   10528.893059116717   10524.080859622287
0.020592650537967844   10419.046041177971   10413.849661117452
0.021196333277324068   10298.121516851814   10292.520355228015
0.02181771324555934   10166.326168978889   10160.30367955459
0.022457309244835088   10023.911845732511   10017.455653227169
0.02311565528622961   9871.215121854808   9864.31781597102
0.023793301035594242   9708.711303142745   9701.372184393655
0.024490812272480036   9536.921877766523   9529.146977118005
0.025208771362518027   9356.413116974953   9348.215181993293
0.0259477777436476   9167.92589073983   9159.326750406011
0.02670844842659881   8972.287556749021   8963.318832465293
0.027491418510046592   8770.323789058904   8761.025968861963
0.028297341710866907   8562.980680341021   8553.402778017846
0.029126890909937666   8351.38996351358   8341.589458233253
0.029980758713939952   8136.650229147703   8126.6918638961215
0.030859658033628758   7919.843846949405   7909.7981304447785
0.031764322679055976   7702.2342502974825   7692.175049986996
0.03269550797224261   7485.074668497126   7475.077723666214
0.033653991377811755   7269.516107307601   7259.65788284198
0.03464057315210884   7056.830214609108   7047.180390603128
0.03565607701135116   6848.415776096801   6839.029743522837
0.036701350819364466   6645.524859421924   6636.444476703756
0.03777726729548091   6449.208053158931   6440.461321473997
0.038884724743189276   6260.197697784729   6251.794149482156
0.04002464780014597   6079.079436776372   6071.010770783765
0.041197988210172884   5906.377414403299   5898.617576145305
0.04240572561788674   5742.961417503369   5735.436813421014
0.04364886838662332   5589.926898953062   5582.496109900247
0.04492845444033957   5448.239143419994   5440.699147594466
0.04624555213019635   5317.943159550309   5310.0496386556915
0.04760126112654554   5197.639352820251   5189.136091484356
0.04899671333706607   5085.906010369283   5076.5279209126475
0.05043307385181555   4981.46771681002   4970.940896770609
0.05191154191598653   4883.198391161694   4871.240256522061
0.053433351931179485   4790.044573251942   4776.365653260258
0.05499977448602865   4700.6122871327925   4684.941108068363
0.05661211741704101   4613.1918444199   4595.2993852166
0.05827172690053434   4526.059812696019   4505.773458499725
0.05997998857658587   4437.051536899225   4414.316095680081
0.06173832870592997   4343.993052265589   4318.889398909156
0.0635482153607709   4244.640435635647   4217.437176792322
0.06541115965050462   4136.77081974078   4107.961974976426
0.06732871698337338   4018.7259054663264   3989.0372356732555
0.06930248836510605   3889.5917390378954   3859.9899120845794
0.07133412173562886   3749.2222530711333   3720.8670548087284
0.07342531334496233   3598.5991623127275   3572.7800584928927
0.07557780916945323   3439.4560900154297   3417.4964378998025
0.07779340636952398   3274.51500234343   3257.6530014986497
0.08007395479015682   3106.8400782347153   3096.1787045207466
0.08242135850536496   2939.7707195316443   2936.238911122861
0.08483757740794096   2776.747751069957   2780.959064754156
0.08732462884580919   2621.1516784929127   2633.3111381060517
0.08988458930634863   2476.44330319415   2496.2412174154715
0.09251959615009227   2345.5261989157593   2372.1809769226256
0.09523184939525078   2230.590848039453   2262.788325538712
0.09802361355455057   2132.912057059267   2168.9074868835314
0.10089721952591899   2051.9613582079774   2089.778796262645
0.10385506653859616   1986.0753419632738   2023.6744703757927
0.10689962415629803   1931.9624900520234   1967.4940794408697
0.11003343433910281   1885.568893866548   1917.640489362761
0.11325911356578279   1842.2572607867635   1870.1873013064283
0.11657935501835284   1797.3085686061472   1821.2619008508689
0.11999693083066039   1746.4940465608167   1767.5763994625008
0.12351469440289359   1686.5957830263885   1706.8571367941552
0.12713558278394044   1616.171189693592   1638.252749910051
0.13086261912358757   1535.6878669502287   1562.4961457018198
0.13469891519660646   1447.470173073848   1481.7852639950859
0.13864767400083483   1355.395519362467   1399.2630189614997
0.14271219243142114   1264.514339154021   1318.73287179843
0.14689586403346616   1180.2889824904782   1244.109188629123
0.1512021818353596   1107.3411882113546   1178.5743620706726
0.15563474126517718   1048.0342537495856   1123.5047248949845
0.16019724315257297   1001.8376035246908   1077.8993097716198
0.1648934968186736   966.0656403172941   1039.7068339937264
0.1697274232565544   936.8234535998548   1005.9102917815585
0.17470305840495237   909.3192805234798   973.2835556979708
0.17982455651794954   878.4495129395655   938.5959678438522
0.18509619363343993   840.615757203111   900.0377679205761
0.19052237114327647   795.4689085690483   857.7427950466406
0.19610761946807834   745.6214367857565   813.4660638932583
0.20185660183976684   695.1868811892854   769.9471229456739
0.20777411819498756   648.5424008113009   729.5004527576792
0.21386510918267082   609.2106144840976   693.9512809850659
0.22013466028907505   578.2274354789345   663.5498916795731
0.22658800608375756   553.964782506756   636.923311230669
0.23323053459001789   532.9841229592207   612.3503288993846
0.2400677917834628   511.21036403646286   587.8245194297212
0.24710548622244882   485.991469274322   562.1063864090511
0.25434949381426813   457.4961155833786   535.6948975836403
0.2618058627210567   427.93200462236746   509.55406926985984
0.2694808184095226   400.2819018161543   485.10248397150525
0.27738076884870827   376.8647708378892   462.8357038634754
0.2855123098601282   357.7725411076569   442.92109820662967
0.29388223062474755   341.1671223575641   424.31950898808253
0.3024975193514008   324.6960229147556   406.25237545022736
0.31136536911138296   306.873272143733   388.21758075889466
0.3204931838440838   288.14145065288267   370.66240063181135
0.32988858453867975   270.16482456056997   353.85992762543333
0.3395594155970457   254.2590654812349   338.19522901190294
0.34951375138319807   240.5441495843358   323.6684837869368
0.3597599029647371   227.9543135873474   309.86681389463666
0.37030642505191835   215.33732335114033   296.55869719330127
0.3811621231401457   202.51138608096633   283.687492992541
0.3923360608618501   190.16695861048822   271.39896912753824
0.4038375675538918   178.9698791346354   259.8205256689511
0.41567624604680364   168.86548351095215   248.90488021135232
0.42786198068238046   159.29442860755157   238.4863153185742
0.4404049455663077   149.8803795814579   228.48538241217796
0.4533156130627191   140.816212028217   218.9660012181015
0.4666047625377753   132.40830141605375   209.929618687562
0.4802834893595659   124.65036572557666   201.35882955872938
0.49436321416184764   117.2877212292069   193.19212025683078
0.5088556923793517   110.21183984290121   185.3837543534545
0.5237730240626238   103.53077527954039   177.95661468864697
0.5391276639805903   97.30416799138122   170.9006288172299
0.5549324320192869   91.44438239608037   164.182625457031
0.5712005238854289   85.87514140908783   157.77108152802262
0.5879455221237613   80.62129462122896   151.66546904035096
0.6051814074573895   75.69527133432693   145.8543476308316
0.622922570460556   71.06206842576825   140.31102281366975
0.6411838235736077   66.69350504634538   135.02808636103876
0.6599804134701901   62.57611177138596   129.9925873908515
0.6793280337869897   58.69764118330686   125.19096460469555
0.6992428382266549   55.04621658145994   120.61048810270404
0.7197414540448374   51.61034459593453   116.23920350318501
0.7408409959326054   48.37892456098124   112.06588012215249
0.7625590803058332   45.34125493674808   108.07996289734464
0.7849138400134885   42.486995739660294   104.27149200192396
0.8079239394770964   39.80577479483517   100.63070374839218
0.8316085902740278   37.287476561131335   97.148198259883
0.8559875671776167   34.92255330138017   93.81517407548623
0.8810812246675007   32.70199882116298   90.62338998590441
0.9069105139239728   30.61731855612183   87.56512568476403
0.9334970003205227   28.66050128310275   84.63314546831172
0.960862881429187   26.823992367486355   81.82066472828471
0.9890310055537336   25.10068257385846   79.12123035600993
1.0180248908061487   23.483944294442498   76.52828644556051
1.047868744742366   21.9675381025699   74.03553966612891
1.0785874845736239   20.545561489077787   71.63712931974234
1.1102067579703248   19.21243285532846   69.32759630177169
1.1427529644757777   17.962876138171772   67.10185438482178
1.1762532775476793   16.79190601097103   64.95516387806231
1.210735667245765   15.694813650033298   62.88310741954202
1.246228923584555   14.667148051924316   60.88149656816263
1.2827626805706884   13.704694241764798   58.94621087504517
1.3203674409449337   12.80347660606967   57.073384442127605
1.3590746016495152   11.959749543519619   55.25943381095778
1.3989164800420282   11.169985073889677   53.50103897100959
1.4399263408778291   10.430861048049032   51.7951259032646
1.4821384240834183   9.73924993462321   50.13885050809412
1.525587973344019   9.092208162841201   48.52958404213809
1.5703112655292182   8.486966273842041   46.964922783089705
1.6163456409812174   7.920919416027999   45.44268984494393
1.6637295346910133   7.391617657477768   43.96088116325765
1.7125025083885144   6.896757285107291   42.51765033960886
1.7627052835733923   6.434172605473496   41.111298927260385
1.814379775514258   6.001828166034315   39.74026732727487
1.8675691282445197   5.597811378185454   38.40312623234125
1.922317750584177   5.220325472643676   37.09857244988274
1.9786713532176083   4.867681728896388   35.825511619757044
2.0366769868582977   4.538293545881013   34.583039324060984
2.0963830815323896   4.23067189594415   33.37032970529583
2.1578394870138577   3.9434196627687492   32.18662542399701
2.2210975144450407   3.675226225880531   31.03123289591628
2.286209979177315   3.424862345282439   29.903517713055354
2.3532312448676476   3.1911753309498567   28.802900234932757
2.4222172688678643   2.973084658187244   27.728880239863674
2.4932256489445366   2.7695792292387553   26.681303740938425
2.5663156713684585   2.579712068188721   25.660188879666176
2.641548360413907   2.4025952842215554   24.665519494525505
2.7189865293089923   2.237396566566785   23.697243434886545
2.798694832679631   2.0833358881384183   22.75527389221536
2.8807398205309562   1.9396823900610158   21.839490767232167
2.9651899938111903   1.805751438301902   20.949742068022893
3.05211586160442   1.6809008641826604   20.085811968856806
3.1415899999999994   1.5645244525138873   19.247281026446146
