0.01   5311.396337420201   5311.219297723346
0.010293154462191829   5368.738397385643   5368.556798161829
0.010594902878253955   5423.758895132975   5423.5721859120285
0.010905497183778876   5476.270097556351   5476.077926554471
0.011225196699963396   5526.082549235396   5525.884801549746
0.011554268350120923   5573.005357351729   5572.802125415163
0.011892986882540897   5616.836831022163   5616.628104999585
0.012241635099881474   5657.3709050094885   5657.156416286209
0.012600504095286909   5694.403370678208   5694.182585999696
0.012969893495426888   5727.726290480228   5727.498516677214
0.013350111710660605   5757.124487398293   5756.889052339943
0.013741476192534558   5782.386588909226   5782.142862701084
0.014144313698828986   5803.305036581554   5803.052403365809
0.01455896056637426   5819.664996502188   5819.402648528157
0.014985762991865008   5831.25445393297   5830.981311248999
0.01542507732090645   5837.871276588712   5837.585989828444
0.015877270345534218   5839.317131008109   5839.018033251557
0.016342719610456153   5835.396207832092   5835.081249436943
0.016821813728271667   5825.926887882724   5825.593645463449
0.017314952703931925   5810.742416505007   5810.388076407395
0.017822548268711737   5789.685016457685   5789.3062167317485
0.01834502422397195   5762.614216651116   5762.2070216201755
0.018882816794999403   5729.411670553627   5728.971613551151
0.019436374995219892   5689.982247577023   5689.504422978424
0.02000616100108813   5644.255564583357   5643.734731520832
0.020592650537967844   5592.188150719034   5591.618795897578
0.021196333277324068   5533.768487524613   5533.144995027772
0.02181771324555934   5469.029437213334   5468.346582157083
0.022457309244835088   5398.037171221147   5397.2902763912525
0.02311565528622961   5320.8891126765075   5320.074110328686
0.023793301035594242   5237.743347061181   5236.8572965436115
0.024490812272480036   5148.814386589155   5147.855917142152
0.025208771362518027   5054.343076992835   5053.312351719513
0.0259477777436476   4954.616779119367   4953.515845421109
0.02670844842659881   4850.017894501138   4848.851950229039
0.027491418510046592   4740.956632605972   4739.734042233223
0.028297341710866907   4627.858601490238   4626.590615212749
0.029126890909937666   4511.256969431077   4509.958015566955
0.029980758713939952   4391.754986031247   4390.442721534342
0.030859658033628758   4269.9380530668   4268.632868017052
0.031764322679055976   4146.421136483531   4145.145836934396
0.03269550797224261   4021.9277019847545   4020.707501541551
0.033653991377811755   3897.1521582436135   3896.014198628526
0.03464057315210884   3772.7504570753545   3771.7231104768753
0.03565607701135116   3649.5290350547643   3648.6396137973456
0.036701350819364466   3528.3392583667796   3527.612731261877
0.03777726729548091   3409.931327883811   3409.3904005102286
0.038884724743189276   3294.9316920974184   3294.596531648995
0.04002464780014597   3183.823380847159   3183.710927327299
0.041197988210172884   3077.007543296113   3077.1317886126235
0.04240572561788674   2974.8655105094745   2975.2365058360847
0.04364886838662332   2878.1320658945288   2878.743931955688
0.04492845444033957   2787.6500409425844   2788.476739861926
0.04624555213019635   2704.1282170724426   2705.126435997182
0.04760126112654554   2627.689358730451   2628.8029784775217
0.04899671333706607   2557.869852381845   2559.0338028896854
0.05043307385181555   2494.218939850964   2495.359897916641
0.05191154191598653   2436.2662311320573   2437.300842263616
0.053433351931179485   2383.510112355688   2384.3428053066295
0.05499977448602865   2335.4694543009105   2335.9932451738755
0.05661211741704101   2291.4295890729127   2291.532480428621
0.05827172690053434   2250.551250489064   2250.1202903055623
0.05997998857658587   2211.9480495330977   2210.873420996076
0.06173832870592997   2174.4746268290555   2172.6619328771676
0.0635482153607709   2136.970934697605   2134.345513888051
0.06541115965050462   2098.051591533491   2094.5765021478464
0.06732871698337338   2056.2596478324235   2051.9465709849446
0.06930248836510605   2010.2309774388352   2005.1591308019404
0.07133412173562886   1958.725773166453   1953.0588999523613
0.07342531334496233   1900.8578150059755   1894.8334947523701
0.07557780916945323   1836.1782302361817   1830.0919722921756
0.07779340636952398   1764.783599225544   1758.9878649747216
0.08007395479015682   1687.3672030587995   1682.2685884767698
0.08242135850536496   1605.10105823157   1601.1167719832806
0.08483757740794096   1519.5240425118511   1517.0439737898344
0.08732462884580919   1432.472460755441   1431.8464785002936
0.08988458930634863   1345.925895385803   1347.4373357139204
0.09251959615009227   1262.103799026084   1265.9109128307155
0.09523184939525078   1183.040307790426   1189.1680984238042
0.09802361355455057   1110.8209988275605   1119.1263904502039
0.10089721952591899   1047.0584712917878   1057.2365961775351
0.10385506653859616   992.8600653497264   1004.4177646869746
0.10689962415629803   948.5483119825343   960.8764600947165
0.11003343433910281   913.6739615807603   926.1106745388555
0.11325911356578279   886.9486145476562   898.8181178331545
0.11657935501835284   866.531910789037   877.2014171396621
0.11999693083066039   849.9969501486754   859.0187546652019
0.12351469440289359   834.6476226710947   841.823948386096
0.12713558278394044   817.6891735897632   823.1289386009545
0.13086261912358757   796.5947704369531   800.7592273645103
0.13469891519660646   769.5548872006248   773.2026899292487
0.13864767400083483   735.7703013256852   739.9234369190306
0.14271219243142114   695.6419360130714   701.5040073381434
0.14689586403346616   650.7794252709859   659.3450128398429
0.1512021818353596   603.8742286231211   615.86564120357
0.15563474126517718   558.299292075084   573.9744687035707
0.16019724315257297   517.3543934463328   536.3034495464013
0.1648934968186736   483.3809739037596   504.67248192686134
0.1697274232565544   457.2386648528696   479.7112843911429
0.17470305840495237   438.4200445866935   460.669523654976
0.17982455651794954   425.3742602500756   446.24852230262013
0.18509619363343993   415.5908797228993   434.3572873071543
0.19052237114327647   405.8079445295175   422.37192903678255
0.19610761946807834   392.9413701105065   407.9980090152494
0.20185660183976684   375.3112958898508   390.22781399472586
0.20777411819498756   353.1075821088581   369.2706235509965
0.21386510918267082   328.0832532373717   346.5631722605972
0.22013466028907505   303.0007012104419   324.2300158252454
0.22658800608375756   280.77275904521593   304.2496335894289
0.23323053459001789   263.2895270702636   287.90175582185714
0.2400677917834628   250.7908959128989   275.06114998829423
0.24710548622244882   241.95024943212027   264.7914891890782
0.25434949381426813   234.2824912586604   255.31709710431713
0.2618058627210567   225.25628558374746   245.0322872823839
0.2694808184095226   213.59797826115147   233.26177148107033
0.27738076884870827   199.67559004318161   220.43921579702715
0.2855123098601282   185.20524713158326   207.55511808259791
0.29388223062474755   172.34643456997074   195.96608699898113
0.3024975193514008   162.30894897412503   186.13608507281214
0.31136536911138296   154.79487394765349   177.85264440217557
0.3204931838440838   148.38340946037738   170.28057387665768
0.32988858453867975   141.41041918643467   162.59206208157647
0.3395594155970457   133.16452372785193   154.4332352883938
0.34951375138319807   124.27377021364372   146.20540429835327
0.3597599029647371   115.98192715170416   138.518681250967
0.37030642505191835   109.15309651811108   131.68109587198882
0.3811621231401457   103.6093634280057   125.56333736431954
0.3923360608618501   98.42098795541928   119.74605355573942
0.4038375675538918   92.84515050497578   113.94756556294523
0.41567624604680364   86.9546074675132   108.21784270558379
0.42786198068238046   81.39402892790442   102.81352383443146
0.4404049455663077   76.61108279737344   97.85440485532278
0.4533156130627191   72.42061095333163   93.23411885744135
0.4666047625377753   68.32066382002783   88.79325704363299
0.4802834893595659   64.1332736555992   84.49727951011334
0.49436321416184764   60.10993708762128   80.40028215617161
0.5088556923793517   56.50330025512732   76.58004236151359
0.5237730240626238   53.226291013834285   72.98519032293817
0.5391276639805903   50.04937736887011   69.54487913882096
0.5549324320192869   46.946176313829426   66.26209063934077
0.5712005238854289   44.053038805696936   63.15849010016218
0.5879455221237613   41.400854252785   60.232433480048016
0.6051814074573895   38.88777468181965   57.45296995161608
0.622922570460556   36.4784042699994   54.80174014671606
0.6411838235736077   34.21125580306192   52.29985275356969
0.6599804134701901   32.0851265723082   49.928061803526234
0.6793280337869897   30.09074194134351   47.677270511768704
0.6992428382266549   28.21878357635056   45.5414637855725
0.7197414540448374   26.460728035411094   43.51490083362024
0.7408409959326054   24.808771087196313   41.59210587296218
0.7625590803058332   23.25575971365886   39.76785883561273
0.7849138400134885   21.795130947741708   38.037186114427875
0.8079239394770964   20.42101401921486   36.39528676186902
0.8316085902740278   19.12869858805613   34.837298818094304
0.8559875671776167   17.913901956336097   33.35855306754643
0.8810812246675007   16.772506162797963   31.954658257856117
0.9069105139239728   15.700557554703433   30.62148370913028
0.9334970003205227   14.694265689741732   29.35514303909909
0.960862881429187   13.750001595569923   28.15197894915224
0.9890310055537336   12.864295426091589   27.008548968359953
1.0180248908061487   12.033791193327046   25.92157663730257
1.047868744742366   11.255180362534473   24.887880121050106
1.0785874845736239   10.525323584496663   23.904458314299855
1.1102067579703248   9.841265606793666   22.96849772356596
1.1427529644757777   9.200224783662918   22.07735968826533
1.1762532775476793   8.599583168999443   21.228568537994434
1.210735667245765   8.036877160689329   20.419800612932093
1.246228923584555   7.509788767860202   19.6488734106167
1.2827626805706884   7.0161463998508085   18.913674072059045
1.3203674409449337   6.553921073202893   18.21211238180629
1.3590746016495152   6.121200991267959   17.542226851179194
1.3989164800420282   5.716183553576815   16.902187333612456
1.4399263408778291   5.337169682030268   16.290285341248048
1.4821384240834183   4.982558398427571   15.704925148316644
1.525587973344019   4.650841645553336   15.144615612173107
1.5703112655292182   4.340599261282643   14.607961146636264
1.6163456409812174   4.050491990812911   14.093611863206426
1.6637295346910133   3.779257418237182   13.600257880186355
1.7125025083885144   3.525708718159399   13.12667723770373
1.7627052835733923   3.2887305433176417   12.671732315394786
1.814379775514258   3.0672749572524087   12.234363661598273
1.8675691282445197   2.860357580944832   11.813584333553678
1.922317750584177   2.667053943430161   11.408474701770004
1.9786713532176083   2.4864960088814105   11.018174937298811
2.0366769868582977   2.3178686897442473   10.641845708902226
2.0963830815323896   2.1604068896343556   10.278679800520406
2.1578394870138577   2.013392775023476   9.927928546901766
2.2210975144450407   1.8761529959259227   9.588898388324843
2.286209979177315   1.7480560555470421   9.260947028126868
2.3532312448676476   1.6285098261092517   8.943479898861417
2.4222172688678643   1.5169592034117179   8.6359469069245
2.4932256489445366   1.4128840074533437   8.337846402281533
2.5663156713684585   1.3157975909871564   8.048767736116668
2.641548360413907   1.225244171936215   7.768352502693906
2.7189865293089923   1.140796544366848   7.4962650285490335
2.798694832679631   1.0620543788957904   7.232190792704119
2.8807398205309562   0.9886426191179172   6.9758350971757945
2.9651899938111903   0.9202099667137603   6.726921815786238
3.05211586160442   0.8564274508822554   6.485192215211121
3.1415899999999994   0.7969865103074429   6.250386828009734
