0.01   195.47745537870483   195.4773903733313
0.010293154462191829   197.93244280024075   197.93239240212077
0.010594902878253955   200.3295780921717   200.3295448428245
0.010905497183778876   202.66351165802533   202.66348504472268
0.011225196699963396   204.92871089270906   204.9286710431072
0.011554268350120923   207.1190673236436   207.1190035720489
0.011892986882540897   209.2282675010062   209.22818405623892
0.012241635099881474   211.24995178083168   211.2498675749971
0.012600504095286909   213.17777780881872   213.1777113093376
0.012969893495426888   215.0054413798945   215.0053957356814
0.013350111710660605   216.7266601934891   216.72662210899549
0.013741476192534558   218.3350045963809   218.33495072432459
0.014144313698828986   219.82350675374275   219.82342512713726
0.01455896056637426   221.18515734745168   221.18505199228355
0.014985762991865008   222.4130416502751   222.4129317581313
0.01542507732090645   223.50024298680302   223.50014730330017
0.015877270345534218   224.43991804847136   224.43984372351005
0.016342719610456153   225.225427661926   225.22536980286736
0.016821813728271667   225.85021239211443   225.85015812267787
0.017314952703931925   226.30762171044555   226.307559676959
0.017822548268711737   226.59127530782814   226.59119705581355
0.01834502422397195   226.69514568171232   226.695045656043
0.018882816794999403   226.6135076240564   226.613382696615
0.019436374995219892   226.3410354544068   226.34088468145373
0.02000616100108813   225.87290241939328   225.8727269973378
0.020592650537967844   225.20482447466156   225.20462463505245
0.021196333277324068   224.33310259277826   224.33287252186344
0.02181771324555934   223.25466508826608   223.25439256979416
0.022457309244835088   221.96719256456979   221.96686072785454
0.02311565528622961   220.46957970200853   220.46917656654608
0.023793301035594242   218.76162784536444   218.76114973491585
0.024490812272480036   216.84389372700053   216.84334488283918
0.025208771362518027   214.7183986948592   214.71778450176478
0.0259477777436476   212.38876456406277   212.38808358892746
0.02670844842659881   209.85936145160267   209.85860526730173
0.027491418510046592   207.13572112626326   207.13487814809395
0.028297341710866907   204.2260335858132   204.22510385673928
0.029126890909937666   201.1395166799766   201.13851509690258
0.029980758713939952   197.8859261438112   197.88488095413427
0.030859658033628758   194.47766918937154   194.47661007988827
0.031764322679055976   190.92935230608728   190.92830030366747
0.03269550797224261   187.25557444037136   187.25454199823193
0.033653991377811755   183.4721285040678   183.47112542467673
0.03464057315210884   179.5985214726865   179.59757116883725
0.03565607701135116   175.65423496547504   175.65337619044638
0.036701350819364466   171.65809926907826   171.65738311160243
0.03777726729548091   167.63130422287898   167.63077523851925
0.038884724743189276   163.5958910079029   163.59557593033117
0.04002464780014597   159.57231165277105   159.5722207241125
0.041197988210172884   155.5814279265304   155.58157108891655
0.04240572561788674   151.64670172117408   151.64712028598464
0.04364886838662332   147.78992097404608   147.79068860169178
0.04492845444033957   144.03015285000004   144.03135754760353
0.04624555213019635   140.38030780997366   140.381929932024
0.04760126112654554   136.84979553274047   136.85165962734538
0.04899671333706607   133.44689672476676   133.4486887917663
0.05043307385181555   130.18266694312905   130.18408043896278
0.05191154191598653   127.07292743872931   127.0738720590059
0.053433351931179485   124.13230623469026   124.13290623397982
0.05499977448602865   121.36595711372685   121.3664705768873
0.05661211741704101   118.74895462295933   118.74953489803583
0.05827172690053434   116.25149594872407   116.25214797790578
0.05997998857658587   113.84688779278837   113.84747959836994
0.06173832870592997   111.51351339748975   111.51378432935442
0.0635482153607709   109.23208330227735   109.23165453365279
0.06541115965050462   106.9806544300663   106.97909647457402
0.06732871698337338   104.73087906114941   104.72783073820806
0.06930248836510605   102.45519841304441   102.45038762819772
0.07133412173562886   100.12126226993509   100.11461047313749
0.07342531334496233   97.69550044453369   97.68717668460087
0.07557780916945323   95.1471820181191   95.13755724923452
0.07779340636952398   92.44813390207257   92.43771489920628
0.08007395479015682   89.57859297312021   89.5679576688395
0.08242135850536496   86.53530297916424   86.52494839936422
0.08483757740794096   83.32609551647565   83.3164140930281
0.08732462884580919   79.98270715651584   79.97401229210712
0.08988458930634863   76.54605067276083   76.53861158907127
0.09251959615009227   73.0708946985772   73.06504391841584
0.09523184939525078   69.6135286104464   69.6096683575656
0.09802361355455057   66.23232684950102   66.23089843611011
0.10089721952591899   62.98204987299758   62.983369024995866
0.10385506653859616   59.91423870818792   59.91828161850336
0.10689962415629803   57.075514429174945   57.081829036129236
0.11003343433910281   54.50506589113858   54.512774825899974
0.11325911356578279   52.22326829459045   52.23123254231821
0.11657935501835284   50.23534967577466   50.242302558580974
0.11999693083066039   48.513092913813466   48.517973270818544
0.12351469440289359   47.009234661854904   47.01128970430538
0.12713558278394044   45.651072756800545   45.649749604424635
0.13086261912358757   44.3600500925648   44.35499917079844
0.13469891519660646   43.05602521460606   43.04717825767431
0.13864767400083483   41.67047966618821   41.658243400007066
0.14271219243142114   40.152481390245434   40.137805958563405
0.14689586403346616   38.47899578465436   38.46323343202141
0.1512021818353596   36.65974908369872   36.6444728166088
0.15563474126517718   34.734181799305404   34.721014444292344
0.16019724315257297   32.765420219253315   32.755856667750805
0.1648934968186736   30.829028625917655   30.824022484742322
0.1697274232565544   29.004932262254243   29.00436718702122
0.17470305840495237   27.36631429791777   27.36884118145211
0.17982455651794954   25.96187590119625   25.965411931140192
0.18509619363343993   24.793831435820685   24.796354884090327
0.19052237114327647   23.81584920517461   23.815734976531928
0.19610761946807834   22.95471862319947   22.950642655782612
0.20185660183976684   22.13331002846809   22.12453900287941
0.20777411819498756   21.280072612623425   21.267237968131987
0.21386510918267082   20.338427096904795   20.3236299546477
0.22013466028907505   19.291493298522948   19.277199146617356
0.22658800608375756   18.177473253346403   18.165646239465172
0.23323053459001789   17.067163703156975   17.05887284704992
0.2400677917834628   16.028829094510776   16.02407656737765
0.24710548622244882   15.112113622671366   15.109470187958879
0.25434949381426813   14.337477706793543   14.334541720507056
0.2618058627210567   13.680867543433253   13.67560206238507
0.2694808184095226   13.088820074287254   13.080132752083786
0.27738076884870827   12.501871138210017   12.49020385369225
0.2855123098601282   11.876836099633946   11.86397688018024
0.29388223062474755   11.209893683458162   11.197982510296239
0.3024975193514008   10.537238343318755   10.52747214797542
0.31136536911138296   9.903185218350846   9.895719750401454
0.3204931838440838   9.338437680874225   9.331877774289138
0.32988858453867975   8.84864914627717   8.841218083562323
0.3395594155970457   8.40737057347842   8.39807882679948
0.34951375138319807   7.978703787317024   7.967782497137859
0.3597599029647371   7.542012340234487   7.530750496645946
0.37030642505191835   7.1002937076496035   7.090032288584136
0.3811621231401457   6.676399504546407   6.66743901816081
0.3923360608618501   6.290145546870245   6.281731557838578
0.4038375675538918   5.942133031514427   5.933276549138739
0.41567624604680364   5.618655172214282   5.608931024689491
0.42786198068238046   5.303693298587639   5.293596071139713
0.4404049455663077   4.993327566217532   4.983650950092261
0.4533156130627191   4.6962718209318455   4.68730363001624
0.4666047625377753   4.4210137502965345   4.412372439257806
0.4802834893595659   4.166961883383944   4.1581546822173445
0.49436321416184764   3.9266700804098   3.917708938053751
0.5088556923793517   3.695283344781451   3.6865092113706934
0.5237730240626238   3.4741175635744694   3.4657789701565465
0.5391276639805903   3.2669903638622393   3.2589563461760123
0.5549324320192869   3.0734720199703642   3.065529534192014
0.5712005238854289   2.890471480643321   2.8826569594872273
0.5879455221237613   2.716279623388571   2.7087702264051705
0.6051814074573895   2.551775040028512   2.5445978267470766
0.622922570460556   2.397416381646954   2.390489384808093
0.6411838235736077   2.251999709403288   2.245306644469886
0.6599804134701901   2.1144716255295624   2.1080773472198806
0.6793280337869897   1.984771513111321   1.9787046358908513
0.6992428382266549   1.8628253917271127   1.8570547813057539
0.7197414540448374   1.7479747573614066   1.7425033253084985
0.7408409959326054   1.6397415679792442   1.6345856322494323
0.7625590803058332   1.537872480458342   1.5330342341313319
0.7849138400134885   1.4420262636610723   1.4375071653311304
0.8079239394770964   1.3518680612907257   1.3476698974263401
0.8316085902740278   1.2670802010064066   1.2632047139799516
0.8559875671776167   1.1873614065680305   1.1838099982275074
0.8810812246675007   1.1124260400867436   1.1091995410312576
0.9069105139239728   1.042003373613419   1.039101869310319
0.9334970003205227   0.9758369861652475   0.9732596863637076
0.960862881429187   0.9136852031847374   0.9114302892752209
0.9890310055537336   0.8553197397557869   0.8533842894677578
1.0180248908061487   0.8005241044270078   0.7989041029661819
1.047868744742366   0.7490930624195883   0.7477834350725581
1.0785874845736239   0.700832136689468   0.6998267976080107
1.1102067579703248   0.6555571245051692   0.6548490381658995
1.1427529644757777   0.6130936295880763   0.6126748818664994
1.1762532775476793   0.5732765183775653   0.5731383725731698
1.210735667245765   0.5359492118273514   0.5360821035904632
1.246228923584555   0.5009636457077138   0.5013572717552003
1.2827626805706884   0.46817997412100126   0.4688234083786642
1.3203674409449337   0.4374661573134022   0.4383479617618982
1.3590746016495152   0.4086975669209451   0.4098058966102612
1.3989164800420282   0.38175660815715046   0.3830793100012431
1.4399263408778291   0.3565323583589547   0.3580570625858722
1.4821384240834183   0.3329202156256917   0.33463435589417695
1.525587973344019   0.3108215667170894   0.31271237043525746
1.5703112655292182   0.29014348306086185   0.2921980762804581
1.6163456409812174   0.2707984205524368   0.2730039317571855
1.6637295346910133   0.25270393217354187   0.2550475831605582
1.7125025083885144   0.23578239410540802   0.23825157898146765
1.7627052835733923   0.2199607448398409   0.22254309810338777
1.814379775514258   0.2051702338032433   0.20785370618859908
1.8675691282445197   0.1913461512901074   0.1941192766417784
1.922317750584177   0.17842762616567412   0.18127964770169708
1.9786713532176083   0.16635744167738103   0.16927825588458087
2.0366769868582977   0.15508183037929787   0.15806193576474176
2.0963830815323896   0.14455027894118117   0.1475807322591474
2.1578394870138577   0.13471534304525984   0.13778772183234153
2.2210975144450407   0.12553247192019978   0.1286388423245613
2.286209979177315   0.11695983489520255   0.12009269377588812
2.3532312448676476   0.10895814309452283   0.11211027575824518
2.4222172688678643   0.10149053037063467   0.10465499647174116
2.4932256489445366   0.09452242047629289   0.09769257742147724
2.5663156713684585   0.08802139174066205   0.09119091288228312
2.641548360413907   0.08195704922645602   0.08511993740439631
2.7189865293089923   0.07630090399265249   0.07945150094346248
2.798694832679631   0.0710262594502087   0.07415925211078732
2.8807398205309562   0.06610812900765285   0.06921859273646258
2.9651899938111903   0.061523142638272924   0.0646065955085357
3.05211586160442   0.05724940384477704   0.06030178401029989
3.1415899999999994   0.05326639758848119   0.05628403532171709
