0.01   1058.6194807088061   1058.588079595566
0.010293154462191829   1072.1562295580925   1072.1244548322481
0.010594902878253955   1085.336413898311   1085.3043850701708
0.010905497183778876   1098.1256801469347   1098.093415762973
0.011225196699963396   1110.4890604495956   1110.4564824164477
0.011554268350120923   1122.3892828970065   1122.356310615298
0.011892986882540897   1133.7875930529071   1133.7542026858841
0.012241635099881474   1144.644999534685   1144.6112270329704
0.012600504095286909   1154.921627618273   1154.8875426292461
0.012969893495426888   1164.57615243877   1164.5418068082354
0.013350111710660605   1173.5672625748098   1173.5326838609478
0.013741476192534558   1181.8536100630165   1181.8188033366878
0.014144313698828986   1189.3918482437352   1189.3568127467747
0.01455896056637426   1196.1383056457728   1196.1030415724397
0.014985762991865008   1202.0501666479383   1202.0146750437725
0.01542507732090645   1207.0844616609857   1207.0487378309865
0.015877270345534218   1211.1979833884402   1211.1620085767267
0.016342719610456153   1214.3490484917643   1214.3127893083706
0.016821813728271667   1216.497365312923   1216.4607738949214
0.017314952703931925   1217.6027044864895   1217.5657190886354
0.017822548268711737   1217.6267833786433   1217.589328830404
0.01834502422397195   1216.534099368847   1216.4960877801527
0.018882816794999403   1214.29167764121   1214.2530124469931
0.019436374995219892   1210.869487880444   1210.8300674801337
0.02000616100108813   1206.2412629829369   1206.2009816729917
0.020592650537967844   1200.3852529045785   1200.3439871644334
0.021196333277324068   1193.2852195569205   1193.24279050896
0.02181771324555934   1184.929721149748   1184.88589089502
0.022457309244835088   1175.3125563481954   1175.2670396771407
0.02311565528622961   1164.4365070372596   1164.389055802899
0.023793301035594242   1152.311644785884   1152.2620947134124
0.024490812272480036   1138.9531715275757   1138.9014414294902
0.025208771362518027   1124.3863444655976   1124.33243240497
0.0259477777436476   1108.6499194458406   1108.5938968454993
0.02670844842659881   1091.7877445777783   1091.729752335965
0.027491418510046592   1073.8501980553197   1073.7904503348857
0.028297341710866907   1054.9067886168323   1054.8456161591469
0.029126890909937666   1035.0349522212737   1034.9728106659754
0.029980758713939952   1014.3138494970424   1014.2513080827478
0.030859658033628758   992.839727149939   992.7774872904769
0.031764322679055976   970.7268409096781   970.6657567994237
0.03269550797224261   948.0869928932331   948.0280530302665
0.033653991377811755   925.0345814616619   924.9788832628536
0.03464057315210884   901.7049875091598   901.6537001990085
0.03565607701135116   878.2313547029497   878.1856979774736
0.036701350819364466   854.7392934006361   854.7005148758657
0.03777726729548091   831.3777644159926   831.3470121530421
0.038884724743189276   808.3085148888969   808.2867495414303
0.04002464780014597   785.6775321793971   785.665540735029
0.041197988210172884   763.6064657199573   763.6048589055276
0.04240572561788674   742.1818732452152   742.1910543204916
0.04364886838662332   721.4762353563508   721.4964170882631
0.04492845444033957   701.5604501178267   701.5916118417159
0.04624555213019635   682.5703499313541   682.6116436077124
0.04760126112654554   664.6655012579881   664.7150141048869
0.04899671333706607   647.9842758427088   648.0391528604126
0.05043307385181555   632.5415255279647   632.5982394614067
0.05191154191598653   618.2209221549887   618.2755340709529
0.053433351931179485   604.9084290064901   604.956622165358
0.05499977448602865   592.4923615685807   592.5294549735502
0.05661211741704101   580.861129127967   580.8820892932803
0.05827172690053434   569.9070676519988   569.9065413324897
0.05997998857658587   559.4796342381679   559.4521723559455
0.06173832870592997   549.4046241690955   549.3448412547332
0.0635482153607709   539.5008264536874   539.403682396704
0.06541115965050462   529.5426334028263   529.4042477266152
0.06732871698337338   519.3053742044144   519.1232773350363
0.06930248836510605   508.533666380672   508.3077741920481
0.07133412173562886   496.96785094563376   496.70098958344994
0.07342531334496233   484.38632858638766   484.084546220066
0.07557780916945323   470.61138740267637   470.28417805662576
0.07779340636952398   455.54987979876444   455.210018488157
0.08007395479015682   439.21103682359836   438.8743122500583
0.08242135850536496   421.71126307239774   421.39555293257786
0.08483757740794096   403.2821730214379   403.00633463941506
0.08732462884580919   384.23040751753234   384.01218774836894
0.08988458930634863   364.91425273378786   364.76863476048186
0.09251959615009227   345.72401756708655   345.6627919168511
0.09523184939525078   327.05370499137535   327.08451642271535
0.09802361355455057   309.31751605292243   309.4411011725615
0.10089721952591899   292.87803276059867   293.0878512078139
0.10385506653859616   278.0721095420915   278.3519898386251
0.10689962415629803   265.13364212195944   265.45927755709374
0.11003343433910281   254.15635577585866   254.49693518598295
0.11325911356578279   245.07349666202663   245.3939427580326
0.11657935501835284   237.64431970753895   237.90777213081194
0.11999693083066039   231.4770552439633   231.65151748132865
0.12351469440289359   226.08746644129693   226.1501246395713
0.12713558278394044   220.92579851580484   220.86581002261406
0.13086261912358757   215.4525212423618   215.27552927239904
0.13469891519660646   209.1873014629824   208.91825882146534
0.13864767400083483   201.79423772443064   201.47456759113845
0.14271219243142114   193.1474091577317   192.83073058401655
0.14689586403346616   183.35075994268152   183.0958948478497
0.1512021818353596   172.72780345662036   172.5896012305397
0.15563474126517718   161.7789977913737   161.7991684578738
0.16019724315257297   151.12282753686662   151.31784198520992
0.1648934968186736   141.3922098717538   141.74789697802225
0.1697274232565544   133.08159329671935   133.55387537668614
0.17470305840495237   126.39840149534712   126.92023570431664
0.17982455651794954   121.22067500008444   121.72034890887778
0.18509619363343993   117.18572873625004   117.60287473597587
0.19052237114327647   113.78966624925803   114.08613971549183
0.19610761946807834   110.43368049932913   110.60594841369162
0.20185660183976684   106.52860950192718   106.61850382669043
0.20777411819498756   101.72246379244653   101.80665146396534
0.21386510918267082   96.06629025059993   96.23356302503822
0.22013466028907505   89.94070096201831   90.25446170843094
0.22658800608375756   83.87615156776022   84.36485800568532
0.23323053459001789   78.40780717475047   79.04711730880162
0.2400677917834628   73.90846781540576   74.63617278148584
0.24710548622244882   70.41409475508459   71.14217420840222
0.25434949381426813   67.65260682933867   68.31605005586886
0.2618058627210567   65.15391081573642   65.7296129602231
0.2694808184095226   62.428569031452064   62.94895367575712
0.27738076884870827   59.22540744106842   59.768522315446354
0.2855123098601282   55.64733906192931   56.282200598584595
0.29388223062474755   52.02336446162812   52.784255537597005
0.3024975193514008   48.73817273571484   49.60322223393088
0.31136536911138296   46.02710820764337   46.93341770821683
0.3204931838440838   43.824001523694285   44.70449731949674
0.32988858453867975   41.85012435945907   42.67937358063835
0.3395594155970457   39.80702046596217   40.612446493845226
0.34951375138319807   37.56144988104175   38.39509814097032
0.3597599029647371   35.234959586769065   36.13664347728945
0.37030642505191835   33.06017929279033   34.024032570198905
0.3811621231401457   31.18074266411714   32.16583384316309
0.3923360608618501   29.56134427463762   30.526363128059767
0.4038375675538918   28.033084041489104   28.974414677836194
0.41567624604680364   26.46356384940936   27.407725474715708
0.42786198068238046   24.870276286494196   25.84355773375555
0.4404049455663077   23.365398004951228   24.367331203986527
0.4533156130627191   22.023076914790327   23.02879857201992
0.4666047625377753   20.80614969680698   21.79789578867181
0.4802834893595659   19.630716776579316   20.614719869602354
0.49436321416184764   18.464913425405737   19.45680236776916
0.5088556923793517   17.352943541177627   18.355430893238957
0.5237730240626238   16.33297687864516   17.334895969935495
0.5391276639805903   15.389037746843037   16.381691004940347
0.5549324320192869   14.482997939796324   15.470792956903185
0.5712005238854289   13.610639955082414   14.599369508179063
0.5879455221237613   12.792553194457168   13.779287358760694
0.6051814074573895   12.031547315921625   13.011131819907327
0.622922570460556   11.311212032782597   12.283688526937269
0.6411838235736077   10.62491925298442   11.592578046604416
0.6599804134701901   9.979841799916848   10.941196145759143
0.6793280337869897   9.374341318544053   10.32795013465124
0.6992428382266549   8.803314400495623   9.74871697010487
0.7197414540448374   8.264876711422922   9.201665236714154
0.7408409959326054   7.757414245438922   8.685178694453322
0.7625590803058332   7.279369156694349   8.19770286816268
0.7849138400134885   6.829240106811249   7.737744708552735
0.8079239394770964   6.4055823304076505   7.3038720097175505
0.8316085902740278   6.007007423279921   6.894712594015683
0.8559875671776167   5.632166309833081   6.508940097486653
0.8810812246675007   5.27972609147313   6.145254281874368
0.9069105139239728   4.9484158502587485   5.802416189482416
0.9334970003205227   4.6370322564817625   5.479252162981017
0.960862881429187   4.344436266896541   5.1746508446569575
0.9890310055537336   4.069549965803809   4.887560271939099
1.0180248908061487   3.8113535439465074   4.6169850701546356
1.047868744742366   3.5688824777096655   4.361983857155171
1.0785874845736239   3.3412275439064434   4.12167138009314
1.1102067579703248   3.1275323086342532   3.895216452090606
1.1427529644757777   2.926986313086668   3.681832323579449
1.1762532775476793   2.738822596138282   3.480774158133102
1.210735667245765   2.5623156295093485   3.2913371204790307
1.246228923584555   2.3967793308033234   3.112854519388615
1.2827626805706884   2.2415651530115226   2.9446960072938397
1.3203674409449337   2.0960601837968933   2.786265687439794
1.3590746016495152   1.959684643969246   2.6369986924510185
1.3989164800420282   1.831890679311212   2.496360582590707
1.4399263408778291   1.7121613872911239   2.3638472728211113
1.4821384240834183   1.6000092241788266   2.238983465409812
1.525587973344019   1.4949744704895869   2.121321119763351
1.5703112655292182   1.3966237668984567   2.0104379913037795
1.6163456409812174   1.3045487180963216   1.9059362375248685
1.6637295346910133   1.2183645419239555   1.8074409027181786
1.7125025083885144   1.1377087184346226   1.7145978555541164
1.7627052835733923   1.062239883195275   1.6270734624585472
1.814379775514258   0.9916367190205096   1.5445538249055266
1.8675691282445197   0.925596856823025   1.46674365093552
1.922317750584177   0.8638358308945253   1.3933651858337908
1.9786713532176083   0.806086086394981   1.3241571998620174
2.0366769868582977   0.7520960366927915   1.2588740274258141
2.0963830815323896   0.701629082945181   1.1972827897429006
2.1578394870138577   0.6544626562953919   1.1391599270017374
2.2210975144450407   0.6103876513107587   1.0842953460062859
2.286209979177315   0.5692076930910935   1.0324924059597036
2.3532312448676476   0.5307384009674279   0.9835670214863546
2.4222172688678643   0.49480669194912885   0.9373468273994667
2.4932256489445366   0.46125012197734444   0.8936704008594306
2.5663156713684585   0.4299162676715606   0.8523864822198447
2.641548360413907   0.4006623152157181   0.8133511091794288
2.7189865293089923   0.3733545035266851   0.7764267218309091
2.798694832679631   0.34786732698845474   0.7414847773588543
2.8807398205309562   0.32408303759868184   0.7084053199024558
2.9651899938111903   0.3018911929760852   0.6770763609911618
3.05211586160442   0.28118822851232017   0.6473933077347268
3.1415899999999994   0.26187705254985033   0.6192584348675229
