0.01   15506.695700179498   15500.692532532325
0.010293154462191829   15703.9434911512   15697.371609354654
0.010594902878253955   15895.954377845555   15888.762243554682
0.010905497183778876   16082.220533238102   16074.351587527632
0.011225196699963396   16262.225756436648   16253.618414809811
0.011554268350120923   16435.42833610652   16426.016220962687
0.011892986882540897   16601.270116811324   16590.982247925418
0.012241635099881474   16759.18993324341   16747.950819948153
0.012600504095286909   16908.60944298059   16896.338338088393
0.012969893495426888   17048.920678349492   17035.530097350886
0.013350111710660605   17179.51485613762   17164.910562608962
0.013741476192534558   17299.783734615372   17283.86482035478
0.014144313698828986   17409.097320357694   17391.755581337504
0.01455896056637426   17506.824044198485   17487.943967641862
0.014985762991865008   17592.34498600197   17571.8041352927
0.01542507732090645   17665.0354295273   17642.703421565006
0.015877270345534218   17724.262626618332   17699.9998148236
0.016342719610456153   17769.41584868349   17743.07390604715
0.016821813728271667   17799.90558264561   17771.327649880546
0.017314952703931925   17815.146699568977   17784.165538604306
0.017822548268711737   17814.583489266533   17781.021881616583
0.01834502422397195   17797.70088991971   17761.372854658544
0.018882816794999403   17764.019908623035   17724.730849520118
0.019436374995219892   17713.103836769056   17670.651090135692
0.02000616100108813   17644.570956288124   17598.74562094897
0.020592650537967844   17558.105348221558   17508.694514334722
0.021196333277324068   17453.471059568372   17400.26049378537
0.02181771324555934   17330.502127679556   17273.27868480213
0.022457309244835088   17189.10920191854   17127.66375739914
0.02311565528622961   17029.334591729723   16963.46924464133
0.023793301035594242   16851.327309534154   16780.860361539144
0.024490812272480036   16655.31126791911   16580.079478085812
0.025208771362518027   16441.657496618875   16361.523503224045
0.0259477777436476   16210.934618574545   16125.797782159232
0.02670844842659881   15963.785534381423   15873.583476602098
0.027491418510046592   15700.94824800915   15605.65918189082
0.028297341710866907   15423.439363101064   15323.094479938274
0.029126890909937666   15132.390855476671   15027.07699437419
0.029980758713939952   14828.95975774422   14718.816606219823
0.030859658033628758   14514.553279604976   14399.776406558967
0.031764322679055976   14190.842324744392   14071.685786539283
0.03269550797224261   13859.461664456312   13736.232002304767
0.033653991377811755   13522.083487548194   13395.134922626181
0.03464057315210884   13180.685492280796   13050.419834438393
0.03565607701135116   12837.212275049658   12704.072047607773
0.036701350819364466   12493.498233870692   12357.95648269901
0.03777726729548091   12151.719564623892   12014.245501982625
0.038884724743189276   11814.239638072424   11675.272272923923
0.04002464780014597   11483.191257544464   11343.136159012622
0.041197988210172884   11160.351240193793   11019.578181834026
0.04240572561788674   10846.983201083714   10705.824031787077
0.04364886838662332   10544.144931619649   10402.893838540052
0.04492845444033957   10252.871025632961   10111.767956506821
0.04624555213019635   9975.144654730388   9834.215783924024
0.04760126112654554   9713.295596176344   9572.284388718357
0.04899671333706607   9469.343865379411   9327.736793711763
0.05043307385181555   9243.504858776143   9100.623145455576
0.05191154191598653   9034.077616309765   8889.175157530497
0.053433351931179485   8839.394837098338   8691.668320878875
0.05499977448602865   8657.823515650702   8506.422514870275
0.05661211741704101   8487.731899717859   8331.770052942666
0.05827172690053434   8327.545723787598   8166.111735759262
0.05997998857658587   8175.0639028763535   8007.31394605674
0.06173832870592997   8027.739525866147   7852.959029576099
0.0635482153607709   7882.923931863265   7700.596375015692
0.06541115965050462   7737.321209703205   7547.334857958882
0.06732871698337338   7587.6493787470135   7390.3539909947
0.06930248836510605   7430.176642892955   7226.654339643417
0.07133412173562886   7261.108219201163   7053.301257800473
0.07342531334496233   7077.2059692016355   6867.9187263716785
0.07557780916945323   6875.873527519784   6668.747751474558
0.07779340636952398   6655.750519766672   6455.205291367324
0.08007395479015682   6416.972828435402   6228.12683630856
0.08242135850536496   6161.241569689978   5989.503952117245
0.08483757740794096   5891.940295869574   5742.547983003687
0.08732462884580919   5613.548180074621   5491.148737206373
0.08988458930634863   5331.298758719195   5239.632364764669
0.09251959615009227   5050.895162376163   4992.56132094256
0.09523184939525078   4778.094408507845   4754.345717435106
0.09802361355455057   4518.946212838976   4529.195991844862
0.10089721952591899   4278.746250503596   4320.61021206948
0.10385506653859616   4062.4157613076763   4131.35073834141
0.10689962415629803   3873.3715051419326   3963.1054462228913
0.11003343433910281   3712.9814523818195   3816.0211731709937
0.11325911356578279   3580.2696422638187   3688.5673729595637
0.11657935501835284   3471.7189899073014   3577.3915500854173
0.11999693083066039   3381.6054787627895   3478.2099555265013
0.12351469440289359   3302.8540856011937   3386.1877187890423
0.12713558278394044   3227.4331948478407   3296.0308333159837
0.13086261912358757   3147.461692227098   3203.16369061112
0.13469891519660646   3055.923346419776   3104.1091756037004
0.13864767400083483   2947.9094154335626   2996.8198974446514
0.14271219243142114   2821.580983656527   2881.2142000999756
0.14689586403346616   2678.4576852651876   2758.9642801594932
0.1512021818353596   2523.264665887371   2633.159055737284
0.15563474126517718   2363.312885350955   2508.3588209182644
0.16019724315257297   2207.637732445759   2388.892418309666
0.1648934968186736   2065.484392018004   2278.737431867244
0.1697274232565544   1944.0755937409133   2180.711590991241
0.17470305840495237   1846.4418873053617   2094.9127655317543
0.17982455651794954   1770.8000831625368   2019.3560854198097
0.18509619363343993   1711.8530535503844   1951.6385843765229
0.19052237114327647   1662.2396049289946   1888.0666635299954
0.19610761946807834   1613.2119669161532   1825.2331066705551
0.20185660183976684   1556.163598567189   1760.603074755795
0.20777411819498756   1485.9525951501803   1692.9958746984687
0.21386510918267082   1403.324943018211   1623.8936262317513
0.22013466028907505   1313.8406575966046   1554.9572875918982
0.22658800608375756   1225.2485668661523   1488.969409599592
0.23323053459001789   1145.365848208171   1427.3536600830948
0.2400677917834628   1079.6387566921658   1371.6703595258903
0.24710548622244882   1028.5921015563385   1320.450941707801
0.25434949381426813   988.2515582527711   1273.0590727568647
0.2618058627210567   951.7500141321678   1227.5429632047271
0.2694808184095226   911.938000929542   1182.3597140223883
0.27738076884870827   865.1461935314313   1137.9747352301697
0.2855123098601282   812.8778222980527   1094.1989754843296
0.29388223062474755   759.9392623966265   1051.984886378037
0.3024975193514008   711.949502643907   1012.1734371924774
0.31136536911138296   672.3466362749386   974.950505542839
0.3204931838440838   640.1639083370659   939.8014335612809
0.32988858453867975   611.3297982838756   906.2997379029365
0.3395594155970457   581.4845093831303   874.1318386444068
0.34951375138319807   548.6817768513748   842.474428854136
0.3597599029647371   514.6969427852212   812.1722672483543
0.37030642505191835   482.9283228795297   783.3011596014971
0.3811621231401457   455.47403519040523   756.0106977985932
0.3923360608618501   431.8183783337492   729.9883607630155
0.4038375675538918   409.4939916557916   705.2071879718588
0.41567624604680364   386.56694053109425   681.1940855010818
0.42786198068238046   363.29285240647135   658.0035032230091
0.4404049455663077   341.3100976933729   635.8950845960611
0.4533156130627191   321.702008339329   614.8912014367173
0.4666047625377753   303.92556960662824   594.878687511824
0.4802834893595659   286.75537007592516   575.6663856810947
0.49436321416184764   269.7257596272279   557.127107749418
0.5088556923793517   253.4826521010315   539.3526338288142
0.5237730240626238   238.58340538851502   522.4300311980273
0.5391276639805903   224.7947649465043   506.225470018984
0.5549324320192869   211.5597519068936   490.636217086553
0.5712005238854289   198.81676631997243   475.6207054553361
0.5879455221237613   186.8665503430994   461.2232167232921
0.6051814074573895   175.75016401501463   447.44495875919523
0.622922570460556   165.2278434186279   434.18003258693653
0.6411838235736077   155.20285747669914   421.37896615940406
0.6599804134701901   145.7798000407988   409.0720336980911
0.6793280337869897   136.9350714423453   397.25031674154957
0.6992428382266549   128.59387412239664   385.84862809853325
0.7197414540448374   120.7286822640622   374.84122563624976
0.7408409959326054   113.31593377825575   364.20654367340484
0.7625590803058332   106.33288429002054   353.9243735253125
0.7849138400134885   99.75761255114864   343.97577492556985
0.8079239394770964   93.56902170298955   334.34299426534534
0.8316085902740278   87.7468364558396   325.00938780287197
0.8559875671776167   82.27135293632779   315.95842232377237
0.8810812246675007   77.12309855643029   307.1721310114972
0.9069105139239728   72.28350576639797   298.63341859466436
0.9334970003205227   67.73499477175622   290.3264476870999
0.960862881429187   63.46092524317874   282.23656119032563
0.9890310055537336   59.44555011935683   274.3502112881128
1.0180248908061487   55.67397142866603   266.65489435210316
1.047868744742366   52.132099049740596   259.1390929440107
1.0785874845736239   48.80665120999037   251.79229825748303
1.1102067579703248   45.68511778517794   244.6049778460749
1.1427529644757777   42.755660235928005   237.56841707031396
1.1762532775476793   40.00707538435706   230.6746677305134
1.210735667245765   37.42876525554908   223.9165080876394
1.246228923584555   35.010708056204955   217.28740531525298
1.2827626805706884   32.7434302699603   210.78148006475774
1.3203674409449337   30.617978898216876   204.39353534154418
1.3590746016495152   28.625884955012232   198.11977083303046
1.3989164800420282   26.759145798782313   191.95740174234524
1.4399263408778291   25.01021088751586   185.90400687402197
1.4821384240834183   23.371958514172988   179.95749398054605
1.525587973344019   21.837673394305433   174.11607913256555
1.5703112655292182   20.40102528263503   168.37826645625074
1.6163456409812174   19.056048581690014   162.7428281864844
1.6637295346910133   17.797122596359866   157.20907192321786
1.7125025083885144   16.618951739801354   151.7780940076314
1.7627052835733923   15.516549444449087   146.45149075858097
1.814379775514258   14.485222005039176   141.2307213213297
1.8675691282445197   13.520552519470927   136.11710484299783
1.922317750584177   12.618385625117114   131.11181881688145
1.9786713532176083   11.774812998125604   126.21589781795292
2.0366769868582977   10.98615958126654   121.43023327591992
2.0963830815323896   10.248969276908813   116.75597197095044
2.1578394870138577   9.559990975067219   112.19509805880263
2.2210975144450407   8.916170230091257   107.74939619260039
2.286209979177315   8.314638547808912   103.42027084040376
2.3532312448676476   7.752702631352429   99.20876391867563
2.4222172688678643   7.227834207449731   95.11557284660385
2.4932256489445366   6.737660404828987   91.1410688997728
2.5663156713684585   6.279954723745154   87.28532432214132
2.641548360413907   5.852631021541446   83.54847579851109
2.7189865293089923   5.45373537947077   79.93078879123685
2.798694832679631   5.081434472403437   76.43216984687088
2.8807398205309562   4.7340082970595985   73.05215950652567
2.9651899938111903   4.409843569074369   69.78996242973493
3.05211586160442   4.107427472811128   66.64447685338364
3.1415899999999994   3.825341747579686   63.61432324561337
