0.01   374.4408502787955   374.4381192070821
0.010293154462191829   379.80554982597744   379.80275546873906
0.010594902878253955   385.08143437835713   385.07857403706066
0.010905497183778876   390.25701195833466   390.2541019657773
0.011225196699963396   395.32050115704965   395.31756588905375
0.011554268350120923   400.2598245359725   400.256874443017
0.011892986882540897   405.06269715343984   405.05972557420887
0.012241635099881474   409.71653407969933   409.7135196357358
0.012600504095286909   414.20768691973586   414.2046153816636
0.012969893495426888   418.5219751064156   418.51884936715925
0.013350111710660605   422.6451037348027   422.6419443040968
0.013741476192534558   426.56245082747256   426.55928380275645
0.014144313698828986   430.2590014994813   430.2558408238015
0.01455896056637426   433.7197470378411   433.7165926645483
0.014985762991865008   436.9296308994143   436.92647057193705
0.01542507732090645   439.8730189191515   439.869839245767
0.015877270345534218   442.53425874929417   442.5310488322464
0.016342719610456153   444.8979724746424   444.8947239067229
0.016821813728271667   446.9487640997237   446.94546791027904
0.017314952703931925   448.67127180999813   448.66791512048553
0.017822548268711737   450.05065287279217   450.04721873276475
0.01834502422397195   451.0726125962516   451.0690818149796
0.018882816794999403   451.7232641272027   451.7196220153733
0.019436374995219892   451.9894776495224   451.9857156817994
0.02000616100108813   451.85907479308975   451.85518999988466
0.020592650537967844   451.32118584476746   451.31716947029935
0.021196333277324068   450.36629799891557   450.3621263083151
0.02181771324555934   448.9861339174047   448.9817681944092
0.022457309244835088   447.17415635827734   447.1695499507735
0.02311565528622961   444.92637130245276   444.9214881073796
0.023793301035594242   442.24042046694416   442.2352380495256
0.024490812272480036   439.1156543836881   439.11016309846207
0.025208771362518027   435.55532046572085   435.54951468780246
0.0259477777436476   431.56561030289754   431.5594831231707
0.02670844842659881   427.1541838124105   427.1477271957373
0.027491418510046592   422.3322694513102   422.32548522924657
0.028297341710866907   417.11673533584303   417.10965671943717
0.029126890909937666   411.5259681613914   411.51866075815286
0.029980758713939952   405.5800221711838   405.5725794796751
0.030859658033628758   399.30586373411006   399.2983860006174
0.031764322679055976   392.7335201179353   392.7261044326637
0.03269550797224261   385.8929549166441   385.88569492347636
0.033653991377811755   378.8192228983421   378.8122235765544
0.03464057315210884   371.5547303271648   371.54812961363285
0.03565607701135116   364.1408379058803   364.13480528901795
0.036701350819364466   356.6179730997447   356.6127004972474
0.03777726729548091   349.0301250621301   349.0257927994399
0.038884724743189276   341.4204752004422   341.41724125267785
0.04002464780014597   333.82936794497454   333.8273687018043
0.041197988210172884   326.29989088295974   326.2992319689703
0.04240572561788674   318.8782826150063   318.87902929186026
0.04364886838662332   311.6070855579963   311.60926586176333
0.04492845444033957   304.52639355802245   304.52998680100893
0.04624555213019635   297.6785088685009   297.6833884015689
0.04760126112654554   291.1031752831733   291.10910298325706
0.04899671333706607   284.8338822742544   284.84051881242425
0.05043307385181555   278.8755814529067   278.88249191478195
0.05191154191598653   273.2173836892384   273.22404317186397
0.053433351931179485   267.8473587710931   267.85316026820686
0.05499977448602865   262.7385144594855   262.7427891954895
0.05661211741704101   257.8559785431318   257.8580091832259
0.05827172690053434   253.1640536614796   253.16308256464853
0.05997998857658587   248.6135483730878   248.6088054528638
0.06173832870592997   244.15328178232463   244.14399704243309
0.0635482153607709   239.72677825298567   239.7122441826682
0.06541115965050462   235.2685098055889   235.24817031580844
0.06732871698337338   230.71324154948934   230.68671885549966
0.06930248836510605   225.98490192920625   225.9520894123434
0.07133412173562886   221.0096485302767   220.97074701776356
0.07342531334496233   215.7175098711546   215.6731815733346
0.07557780916945323   210.04708433112248   209.9985117659263
0.07779340636952398   203.9640085250004   203.91288635309664
0.08007395479015682   197.45803550210798   197.4065199464213
0.08242135850536496   190.5598528862469   190.51038712779098
0.08483757740794096   183.33042940682174   183.28558774386056
0.08732462884580919   175.86805167711128   175.83037883831324
0.08988458930634863   168.2885181460987   168.26035105670954
0.09251959615009227   160.724506538789   160.70763179980395
0.09523184939525078   153.31110635427044   153.30658705130577
0.09802361355455057   146.1834190718784   146.19146516839422
0.10089721952591899   139.46392563999518   139.48371642101282
0.10385506653859616   133.2667961686151   133.29618206121833
0.10689962415629803   127.67522764215113   127.71092130173686
0.11003343433910281   122.74075358714603   122.77848863168371
0.11325911356578279   118.45457872912216   118.48916716978529
0.11657935501835284   114.75889262996807   114.78452111939987
0.11999693083066039   111.52797792927883   111.53962544629452
0.12351469440289359   108.60165647194717   108.59561131046556
0.12713558278394044   105.79092530730236   105.7651325285475
0.13086261912358757   102.90905598510332   102.86399510596533
0.13469891519660646   99.79149550572596   99.73051189922501
0.13864767400083483   96.31801372782556   96.24701189995437
0.14271219243142114   92.43795671573335   92.36465938313881
0.14689586403346616   88.17978551219213   88.11279809567718
0.1512021818353596   83.64908192543362   83.5966563837425
0.15563474126517718   79.01218142484325   78.98063539310742
0.16019724315257297   74.47028255926008   74.4625753378614
0.1648934968186736   70.23155304869958   70.24617605655028
0.1697274232565544   66.47385661412949   66.50472709676554
0.17470305840495237   63.29766558986472   63.33496646418988
0.17982455651794954   60.688862778460894   60.72103974414898
0.18509619363343993   58.522574380066985   58.53952375177408
0.19052237114327647   56.60892978410147   56.604229105770905
0.19610761946807834   54.740857181615624   54.713502210765355
0.20185660183976684   52.72520992100353   52.681173578575574
0.20777411819498756   50.42771165041172   50.37838723027819
0.21386510918267082   47.83596052270312   47.79506248030631
0.22013466028907505   45.07497604936938   45.05376512314756
0.22658800608375756   42.34212784131453   42.34597803524125
0.23323053459001789   39.827302421821514   39.85329118697866
0.2400677917834628   37.66366073147878   37.70246668310969
0.24710548622244882   35.88356423293547   35.92061299834101
0.25434949381426813   34.39724559805059   34.421935773783424
0.2618058627210567   33.03596731636938   33.04369317809071
0.2694808184095226   31.6257351161397   31.62133654178728
0.27738076884870827   30.06060136583148   30.05734046617377
0.2855123098601282   28.362441670091364   28.372539869021075
0.29388223062474755   26.653619324584117   26.684147391827512
0.3024975193514008   25.075349553007285   25.12389330906849
0.31136536911138296   23.715923779210815   23.772088571212848
0.3204931838440838   22.566122603133955   22.618867910535652
0.32988858453867975   21.523443747705585   21.56760385381402
0.3395594155970457   20.473013718315766   20.512999756926572
0.34951375138319807   19.36108880674294   19.40675617591541
0.3597599029647371   18.222649814918697   18.281889192995465
0.37030642505191835   17.146738492478658   17.219560230197054
0.3811621231401457   16.19310329192414   16.272414165028756
0.3923360608618501   15.35046665834455   15.428753452776544
0.4038375675538918   14.557561509705193   14.63359622326672
0.41567624604680364   13.759922550495435   13.838658167140112
0.42786198068238046   12.959138552460244   13.046100227495012
0.4404049455663077   12.198493964425133   12.294029158415576
0.4533156130627191   11.508281714326703   11.607697273162024
0.4666047625377753   10.87691013641602   10.976416229379916
0.4802834893595659   10.270256130829628   10.370897385671602
0.49436321416184764   9.674309580957166   9.779182920224846
0.5088556923793517   9.10424517417959   9.214179701295645
0.5237730240626238   8.576870469324613   8.689575285254849
0.5391276639805903   8.086385376250002   8.199878910535961
0.5549324320192869   7.617239925119282   7.73228522039436
0.5712005238854289   7.166310846050068   7.284174974256959
0.5879455221237613   6.741792021653486   6.861927590545817
0.6051814074573895   6.345369863561402   6.466546974667545
0.622922570460556   5.970152980767283   6.092282018206686
0.6411838235736077   5.612866929154383   5.736463655349396
0.6599804134701901   5.2760985613305635   5.400913202459243
0.6793280337869897   4.959759758392369   5.085227263057386
0.6992428382266549   4.660990640636645   4.786997663110309
0.7197414540448374   4.378969035180815   4.505446212998012
0.7408409959326054   4.112912947228991   4.239781262098233
0.7625590803058332   3.862030569790294   3.98919623531888
0.7849138400134885   3.625559105827779   3.752916633242252
0.8079239394770964   3.402764642576649   3.530199594862478
0.8316085902740278   3.192941923208462   3.3203333764347773
0.8559875671776167   2.995413326078205   3.122636319126285
0.8810812246675007   2.809516263094461   2.936448537308895
0.9069105139239728   2.6346077284694434   2.7611342544719935
0.9334970003205227   2.470076963342191   2.5960892879239643
0.960862881429187   2.3153444877723985   2.440740048139787
0.9890310055537336   2.169860677529651   2.2945422506142035
1.0180248908061487   2.033104393916512   2.1569796595577024
1.047868744742366   1.9045816672348321   2.0275628670684034
1.0785874845736239   1.7838252531341419   1.90582916910258
1.1102067579703248   1.6703943942650203   1.791342702726783
1.1427529644757777   1.5638714546409307   1.683690517019142
1.1762532775476793   1.4638605216801188   1.5824811280623927
1.210735667245765   1.3699864345655843   1.4873435999968707
1.246228923584555   1.2818938441662415   1.397926647202056
1.2827626805706884   1.1992463044249493   1.3138977589653835
1.3203674409449337   1.1217253332944377   1.2349423307349678
1.3590746016495152   1.0490291559307938   1.1607627227103756
1.3989164800420282   0.9808722721467308   1.09107756103966
1.4399263408778291   0.9169849366483662   1.0256210348469013
1.4821384240834183   0.8571123766762708   0.9641421393665829
1.525587973344019   0.8010140403211714   0.9064039456040219
1.5703112655292182   0.7484628767284506   0.852182897075695
1.6163456409812174   0.6992446463585671   0.8012681599571887
1.6637295346910133   0.6531572240600212   0.7534620893454674
1.7125025083885144   0.6100099677072169   0.7085796951509755
1.7627052835733923   0.5696231763272197   0.6664463234078223
1.814379775514258   0.5318275166829851   0.6268970460569686
1.8675691282445197   0.49646347196075696   0.5897761991824745
1.922317750584177   0.4633808162847784   0.55493693499168
1.9786713532176083   0.4324381141069296   0.5222407880149704
2.0366769868582977   0.40350220542986764   0.49155695029968416
2.0963830815323896   0.37644765194505286   0.46276104221071784
2.1578394870138577   0.3511564560972474   0.4357358990803738
2.2210975144450407   0.32751768872788184   0.4103715081907693
2.286209979177315   0.3054270905838526   0.3865645923484929
2.3532312448676476   0.28478669446391824   0.36421821547464905
2.4222172688678643   0.26550446706564473   0.34324140927067814
2.4932256489445366   0.2474939816464563   0.3235488237805744
2.5663156713684585   0.23067424964964184   0.30506044190701914
2.641548360413907   0.21496932383492567   0.2877012374852348
2.7189865293089923   0.20030786705077092   0.2714008327548279
2.798694832679631   0.1866228884911684   0.25609321887839853
2.8807398205309562   0.17385149692403853   0.24171649313807764
2.9651899938111903   0.16193466648117913   0.2282126108789057
3.05211586160442   0.1508170130177867   0.21552715828259045
3.1415899999999994   0.14044633630987602   0.2036102937836954
