0.01   999.5368842298121   999.5079538875315
0.010293154462191829   1011.4425759406782   1011.4133075353437
0.010594902878253955   1022.977484188159   1022.9479173206557
0.010905497183778876   1034.1101489216878   1034.0802611623972
0.011225196699963396   1044.8078670115653   1044.7776027810885
0.011554268350120923   1055.0355297770434   1055.0048693354952
0.011892986882540897   1064.757582979541   1064.7265534172927
0.012241635099881474   1073.9382939017905   1073.9069656337506
0.012600504095286909   1082.5408016069475   1082.5092474733308
0.012969893495426888   1090.5278679563044   1090.496142590762
0.013350111710660605   1097.8625974478152   1097.8307362676173
0.013741476192534558   1104.5073299133207   1104.4753421011253
0.014144313698828986   1110.4231241029522   1110.3909823208246
0.01455896056637426   1115.571731760361   1115.5393706748287
0.014985762991865008   1119.9156455014286   1119.8829742018586
0.01542507732090645   1123.4169339687844   1123.3839026708686
0.015877270345534218   1126.0386175547228   1126.0052400370212
0.016342719610456153   1127.7454184132391   1127.7117696958317
0.016821813728271667   1128.5028419039697   1128.4689830125737
0.017314952703931925   1128.2773840868522   1128.2432832152936
0.017822548268711737   1127.0380200173947   1127.0035490483326
0.01834502422397195   1124.7564674059108   1124.721436268325
0.018882816794999403   1121.4072856777786   1121.37155686918
0.019436374995219892   1116.9683406550048   1116.9318535963087
0.02000616100108813   1111.421210058906   1111.3839726865044
0.020592650537967844   1104.7526051570012   1104.7145854402183
0.021196333277324068   1096.9542046004815   1096.9152547785918
0.02181771324555934   1088.021937997715   1087.9817975003466
0.022457309244835088   1077.9581525063481   1077.9165277836917
0.02311565528622961   1066.774201618276   1066.7309366742331
0.023793301035594242   1054.486386262686   1054.4414817764873
0.024490812272480036   1041.116409559639   1041.070003261898
0.025208771362518027   1026.6991651191138   1026.6514142198498
0.0259477777436476   1011.2775577536072   1011.2285832237355
0.02670844842659881   994.8978490717847   994.8477383497693
0.027491418510046592   977.6179008395425   977.5667947823031
0.028297341710866907   959.5107945979937   959.459012627784
0.029126890909937666   940.6513865398093   940.5994227255884
0.029980758713939952   921.1189877694944   921.0674813469933
0.030859658033628758   901.0148649161839   900.9645177982087
0.031764322679055976   880.4444981366566   880.3960421724433
0.03269550797224261   859.5096728615033   859.4638617222699
0.033653991377811755   838.323856996994   838.2814829777801
0.03464057315210884   817.0109146298142   816.972824924482
0.03565607701135116   795.6865617394237   795.6536476464939
0.036701350819364466   774.4673572660431   774.4404968673422
0.03777726729548091   753.4939706196153   753.4738662953587
0.038884724743189276   732.9004973723979   732.8876576721782
0.04002464780014597   712.8054587580714   712.8002172725614
0.041197988210172884   693.2956824800655   693.2981982433405
0.04240572561788674   674.4342519320195   674.444515959204
0.04364886838662332   656.2758381089438   656.2936931289858
0.04492845444033957   638.8944799245694   638.9194135931517
0.04624555213019635   622.4159603672265   622.4466317670435
0.04760126112654554   606.9602036901542   606.9944620776764
0.04899671333706607   592.6057964300959   592.6408196145836
0.05043307385181555   579.2659440209965   579.2986126099108
0.05191154191598653   566.8069108533225   566.8339338667524
0.053433351931179485   555.1060222179094   555.1239307289753
0.05499977448602865   544.0506573461666   544.0557429081881
0.05661211741704101   533.5367970735463   533.5251031339116
0.05827172690053434   523.4500461367239   523.4175194726273
0.05997998857658587   513.6322702108873   513.5751596826083
0.06173832870592997   503.9252441503643   503.8401956129008
0.0635482153607709   494.14346031675115   494.02788775173764
0.06541115965050462   484.08145882188313   483.933870011872
0.06732871698337338   473.5350682158025   473.35542678286765
0.06930248836510605   462.2820318288286   462.0726179293248
0.07133412173562886   450.12803004181393   449.89353058386416
0.07342531334496233   436.9414302554266   436.6891823445129
0.07557780916945323   422.64419933203845   422.38399280596065
0.07779340636952398   407.2723173387569   407.0160533104855
0.08007395479015682   390.9335877542237   390.6945898693408
0.08242135850536496   373.8537559471212   373.6451490308909
0.08483757740794096   356.3082074686205   356.14210698007327
0.08732462884580919   338.6266988207929   338.51384175414864
0.08988458930634863   321.14403479624025   321.09279179736785
0.09251959615009227   304.20368797024554   304.2183418334283
0.09523184939525078   288.1456819469837   288.22540714351095
0.09802361355455057   273.28894092475883   273.42745932312783
0.10089721952591899   259.89301627034666   260.07792381058033
0.10385506653859616   248.15992905714958   248.37236479346382
0.10689962415629803   238.13915024301411   238.35586838137542
0.11003343433910281   229.76448132550772   229.95939621210664
0.11325911356578279   222.7837052974942   222.9308407738557
0.11657935501835284   216.84931380551592   216.92558999977663
0.11999693083066039   211.5090798556199   211.49932431635978
0.12351469440289359   206.29035684695705   206.18923968991203
0.12713558278394044   200.73169469618983   200.5455257519143
0.13086261912358757   194.44593288593288   194.19482521388056
0.13469891519660646   187.18403128388312   186.89961538982263
0.13864767400083483   178.87581573962763   178.597355178226
0.14271219243142114   169.65920211978417   169.42972778704095
0.14689586403346616   159.84506731937344   159.7027316965907
0.1512021818353596   149.8740286467283   149.84474094375506
0.15563474126517718   140.26590927443684   140.35776896968818
0.16019724315257297   131.54643053439747   131.74536513411067
0.1648934968186736   124.11098812809396   124.38230442999495
0.1697274232565544   118.09180695359106   118.38591539564551
0.17470305840495237   113.33625197243424   113.6022367429334
0.17982455651794954   109.49343826852734   109.68998249917227
0.18509619363343993   106.11438738002796   106.21794668037121
0.19052237114327647   102.70045284614244   102.71391681505524
0.19610761946807834   98.78433385615119   98.74327140710461
0.20185660183976684   94.11588008217814   94.07883276580799
0.20777411819498756   88.79378423669692   88.81894907249712
0.21386510918267082   83.17993555934754   83.3117360927286
0.22013466028907505   77.72447533788845   77.97631990246497
0.22658800608375756   72.84798537207648   73.1976503677821
0.23323053459001789   68.81767185276898   69.21751666394896
0.2400677917834628   65.61354618168235   66.00352294471517
0.24710548622244882   62.972561429221905   63.3113829710339
0.25434949381426813   60.49697336859724   60.77574871956261
0.2618058627210567   57.80603835983855   58.05493783434997
0.2694808184095226   54.738257207179814   55.01228575342021
0.27738076884870827   51.424820131484076   51.76825057191606
0.2855123098601282   48.150684496290374   48.58367444121142
0.29388223062474755   45.20797294040546   45.709125132227925
0.3024975193514008   42.75028091916978   43.27435175409685
0.31136536911138296   40.686842358078216   41.192523676560675
0.3204931838440838   38.779095358436294   39.254497989158104
0.32988858453867975   36.806950067935944   37.27470674179456
0.3395594155970457   34.697343859992024   35.195172242915355
0.34951375138319807   32.57011454889511   33.11846945846892
0.3597599029647371   30.604811101347074   31.195445134514127
0.37030642505191835   28.887585913395114   29.491270223881443
0.3811621231401457   27.36813245574348   27.960991505386907
0.3923360608618501   25.91293446402651   26.49647148820325
0.4038375675538918   24.436759840117745   25.03009104601792
0.41567624604680364   22.970211822485016   23.587797110781562
0.42786198068238046   21.598057160562135   22.23588257304666
0.4404049455663077   20.361419938820685   21.003312193777735
0.4533156130627191   19.221197854027125   19.85733399301033
0.4666047625377753   18.118346439717026   18.75399927180793
0.4802834893595659   17.039055874686635   17.68405972444115
0.49436321416184764   16.018449473732694   16.672152792490387
0.5088556923793517   15.07689653330888   15.73174756001061
0.5237730240626238   14.19729700778201   14.849023068993334
0.5391276639805903   13.35451205024329   14.006197967056652
0.5549324320192869   12.549478856347067   13.20407724373171
0.5712005238854289   11.79518683735305   12.45007222761509
0.5879455221237613   11.089767240627442   11.741942361902705
0.6051814074573895   10.421605360117859   11.071496976103255
0.622922570460556   9.78769195731376   10.436242365861322
0.6411838235736077   9.19186222503747   9.837895122695494
0.6599804134701901   8.632243520877264   9.27444701329943
0.6793280337869897   8.104637397078502   8.742738450348524
0.6992428382266549   7.607160118908427   8.240963999903341
0.7197414540448374   7.138339784258338   7.76759351061829
0.7408409959326054   6.696751656042318   7.321157996632821
0.7625590803058332   6.281019145422652   6.90024892062473
0.7849138400134885   5.889814469562543   6.50351728673851
0.8079239394770964   5.521859013852122   6.129672568276898
0.8316085902740278   5.175920936898874   5.777480201635851
0.8559875671776167   4.850778113209531   5.4457409584617835
0.8810812246675007   4.545236258239845   5.133298590620278
0.9069105139239728   4.258165346356881   4.839057430523095
0.9334970003205227   3.9884974055628337   4.561980193662671
0.960862881429187   3.73522328666819   4.301085256314511
0.9890310055537336   3.497389591118557   4.055444024050719
1.0180248908061487   3.27409575016975   3.8241783914839256
1.047868744742366   3.0644923074462977   3.6064592737169483
1.0785874845736239   2.8677838589887057   3.4015094924165226
1.1102067579703248   2.6832206514519368   3.2085962194499467
1.1427529644757777   2.5100930584576213   3.0270258750651697
1.1762532775476793   2.3477296911634786   2.856142327187145
1.210735667245765   2.195495588484484   2.695325152732864
1.246228923584555   2.052790473774807   2.5439879513738433
1.2827626805706884   1.9190470768910666   2.4015767130744523
1.3203674409449337   1.7937290388727627   2.2675681034466395
1.3590746016495152   1.6763285082366768   2.1414676890665074
1.3989164800420282   1.5663662020965214   2.0228088990759114
1.4399263408778291   1.463390249652472   1.9111516945297773
1.4821384240834183   1.3669747436452884   1.8060811945309592
1.525587973344019   1.2767183596645992   1.7072063594045077
1.5703112655292182   1.1922430407596105   1.6141587299807532
1.6163456409812174   1.1131927449439294   1.526591222585968
1.6637295346910133   1.0392322585552092   1.444177018376857
1.7125025083885144   0.9700460632654351   1.3666084764768005
1.7627052835733923   0.9053372475814201   1.2935960152737576
1.814379775514258   0.8448264812092968   1.224867110377675
1.8675691282445197   0.7882510414040438   1.1601653469782907
1.922317750584177   0.7353638882164072   1.0992495183425581
1.9786713532176083   0.685932786550469   1.0418927688879356
2.0366769868582977   0.6397394620157617   0.9878816412158768
2.0963830815323896   0.5965786540763106   0.9370132778808756
2.1578394870138577   0.5562574516393837   0.8890956103163427
2.2210975144450407   0.5185947376227041   0.8439486117099207
2.286209979177315   0.4834205077125578   0.8014035869552978
2.3532312448676476   0.45057522157667457   0.7613024512759561
2.4222172688678643   0.419909189522068   0.7234970545905764
2.4932256489445366   0.391281992836931   0.6878485487866355
2.5663156713684585   0.3645619757089571   0.6542263748925792
2.641548360413907   0.3396259286590497   0.6225054861847331
2.7189865293089923   0.3163583795090433   0.5925679841598908
2.798694832679631   0.2946510214344321   0.5643038326499739
2.8807398205309562   0.27440229336347804   0.5376103045793404
2.9651899938111903   0.25551698327571204   0.5123914661515051
3.05211586160442   0.23790585295131486   0.48855769937869137
3.1415899999999994   0.2214852830686943   0.46602526017134793
