0.01   326.9517861162141   326.95172001483337
0.010293154462191829   331.16911636237785   331.1690665989688
0.010594902878253955   335.27993962092637   335.2798718712524
0.010905497183778876   339.2732446991532   339.2731394898424
0.011225196699963396   343.1378182550263   343.13767327993776
0.011554268350120923   346.8623099704584   346.8621378659485
0.011892986882540897   350.4352524427715   350.43506825707254
0.012241635099881474   353.84511427015116   353.8449319587248
0.012600504095286909   357.0802947807731   357.08012692744705
0.012969893495426888   360.1282504971686   360.1281049012513
0.013350111710660605   362.9756207308994   362.9754972700363
0.013741476192534558   365.609085086475   365.6089753557546
0.014144313698828986   368.0153747862419   368.01526445368677
0.01455896056637426   370.18119147945714   370.18106743157347
0.014985762991865008   372.09345645879966   372.093308155389
0.01542507732090645   373.73933211637564   373.7391519968442
0.015877270345534218   375.10542781981997   375.105214603629
0.016342719610456153   376.1782446954509   376.1780054331064
0.016821813728271667   376.94482744536873   376.94457754581356
0.017314952703931925   377.3926691245957   377.39242415389066
0.017822548268711737   377.50963154127516   377.509391745777
0.01834502422397195   377.28437311456304   377.2841216804842
0.018882816794999403   376.70642302989813   376.7061285652289
0.019436374995219892   375.76590804334313   375.76554056448856
0.02000616100108813   374.4539164969921   374.45345398920506
0.020592650537967844   372.7627841109273   372.76221244596246
0.021196333277324068   370.68642855061347   370.68573576119263
0.02181771324555934   368.2205008604697   368.21966993272576
0.022457309244835088   365.362167362096   365.361176028247
0.02311565528622961   362.11047262053495   362.10929457697705
0.023793301035594242   358.46740499680465   358.46601400213257
0.024490812272480036   354.43691107579144   354.4352821863368
0.025208771362518027   350.024675149299   350.0227853875968
0.0259477777436476   345.2402806781488   345.2381177494438
0.02670844842659881   340.0967747924248   340.0943441568629
0.027491418510046592   334.6085851333639   334.6059093000074
0.028297341710866907   328.793143463111   328.79025780695656
0.029126890909937666   322.67378624435173   322.6707295280425
0.029980758713939952   316.2752272587646   316.27203966768235
0.030859658033628758   309.6231666467564   309.61989098248347
0.031764322679055976   302.750307809516   302.74700582540504
0.03269550797224261   295.6927591754606   295.6895194314404
0.033653991377811755   288.4854786224135   288.48241335693723
0.03464057315210884   281.1661212106722   281.1633556540952
0.03565607701135116   273.77790108189555   273.775557391883
0.036701350819364466   266.3618902853197   266.36008526285775
0.03777726729548091   258.9580105801377   258.9568546192857
0.038884724743189276   251.6156601262868   251.61525332979477
0.04002464780014597   244.3844825580362   244.38491383053966
0.041197988210172884   237.30868880013085   237.31003662702284
0.04240572561788674   230.4233411118731   230.42566850898262
0.04364886838662332   223.75411592457434   223.75746456975247
0.04492845444033957   217.32295302795302   217.32734541702658
0.04624555213019635   211.15490185451296   211.1603286850381
0.04760126112654554   205.29751978653198   205.30388059899812
0.04899671333706607   199.79930889973832   199.8064066318295
0.05043307385181555   194.69899171127128   194.70654486184546
0.05191154191598653   189.9864040987183   189.99406546769754
0.053433351931179485   185.62476268667834   185.63213069460994
0.05499977448602865   181.57984745389805   181.5864703793147
0.05661211741704101   177.8170553695364   177.82244382659545
0.05827172690053434   174.30251299520756   174.3061477057178
0.05997998857658587   171.00151179942785   171.00284999103292
0.06173832870592997   167.86331788215543   167.86182318353312
0.0635482153607709   164.8343773997809   164.82953098417397
0.06541115965050462   161.8546321613304   161.84595839532088
0.06732871698337338   158.85256201083354   158.8396680036881
0.06930248836510605   155.75680407415135   155.7394178942617
0.07133412173562886   152.4840894073368   152.46220978684744
0.07342531334496233   148.95437358535546   148.92830634365822
0.07557780916945323   145.099794453324   145.07015550124893
0.07779340636952398   140.86626477717334   140.8339719543608
0.08007395479015682   136.23106710715564   136.19740925104819
0.08242135850536496   131.19877665312598   131.1654095597265
0.08483757740794096   125.8141675467129   125.78285214227402
0.08732462884580919   120.15013810265552   120.1225632648702
0.08988458930634863   114.30676107200391   114.28456934877217
0.09251959615009227   108.39513261123933   108.37984101352532
0.09523184939525078   102.53763817994496   102.53035173779465
0.09802361355455057   96.85920736978223   96.8604897562434
0.10089721952591899   91.48713626159272   91.49692755844309
0.10385506653859616   86.53397990524306   86.55147584686097
0.10689962415629803   82.10313719253637   82.12656493602788
0.11003343433910281   78.25884203030448   78.28564699684873
0.11325911356578279   75.02718164181488   75.05417973359096
0.11657935501835284   72.3747889983119   72.39844475180537
0.11999693083066039   70.22457959912919   70.24125258732668
0.12351469440289359   68.44811242096497   68.45463235238705
0.12713558278394044   66.89364273379461   66.88772116420657
0.13086261912358757   65.3904465403871   65.37115174129043
0.13469891519660646   63.77124600915296   63.73916148089425
0.13864767400083483   61.89112551912958   61.8486044307287
0.14271219243142114   59.65047626360785   59.601817236546566
0.14689586403346616   57.01812143214362   56.968735594764
0.1512021818353596   54.034265525618245   53.98984730882186
0.15563474126517718   50.805691778857174   50.771432730567746
0.16019724315257297   47.49333507852567   47.47302222654656
0.1648934968186736   44.294183592346826   44.288994395889304
0.1697274232565544   41.40379751501122   41.41181492164672
0.17470305840495237   38.96495926176959   38.98139614590074
0.17982455651794954   37.0273224305029   37.04541045669971
0.18509619363343993   35.543256025396246   35.555772692582664
0.19052237114327647   34.396662805056316   34.39749467933958
0.19610761946807834   33.42824232547554   33.41357496230137
0.20185660183976684   32.44821735248991   32.418113364875815
0.20777411819498756   31.277183537787263   31.236255120019845
0.21386510918267082   29.820568684000975   29.776794520056413
0.22013466028907505   28.108739011630373   28.070297155464882
0.22658800608375756   26.2658650553697   26.239468286922953
0.23323053459001789   24.45830978850936   24.44625071918013
0.2400677917834628   22.852127855925506   22.85165245964397
0.24710548622244882   21.549853197703033   21.55360176913257
0.25434949381426813   20.552506597498855   20.552046123075293
0.2618058627210567   19.766570087302423   19.755337249133643
0.2694808184095226   19.04193298649017   19.018121425290655
0.27738076884870827   18.23086590721994   18.198701727892438
0.2855123098601282   17.268896850051583   17.23651883921165
0.29388223062474755   16.197558798950315   16.172488100223216
0.3024975193514008   15.123072624414844   15.108519609628889
0.31136536911138296   14.164497597658839   14.157968964701821
0.3204931838440838   13.384988172755062   13.379075995119878
0.32988858453867975   12.753750405625219   12.742381470468578
0.3395594155970457   12.181288005255775   12.162351360643859
0.34951375138319807   11.5771478566841   11.55411507370589
0.3597599029647371   10.908974041493511   10.887954195890103
0.37030642505191835   10.221951944898121   10.207448621386124
0.3811621231401457   9.587561736243424   9.578564590234564
0.3923360608618501   9.045547983570508   9.037294124650467
0.4038375675538918   8.578567115472467   8.567176439074895
0.41567624604680364   8.132259950780202   8.117841895721112
0.42786198068238046   7.669805116419931   7.655870821543489
0.4404049455663077   7.201773794439867   7.191434907793776
0.4533156130627191   6.763832773764839   6.756777090285886
0.4666047625377753   6.375953886473815   6.3693629681614
0.4802834893595659   6.0232100233244035   6.015395745787079
0.49436321416184764   5.6797428257550955   5.671794806279469
0.5088556923793517   5.338813135233209   5.332739849903397
0.5237730240626238   5.0154508177421215   5.011513589949569
0.5391276639805903   4.72022113826565   4.717055445104433
0.5549324320192869   4.446394417309732   4.443148603220226
0.5712005238854289   4.182546336458143   4.180001302816128
0.5879455221237613   3.9288329322365665   3.9277549931695335
0.6051814074573895   3.691776247517872   3.6917841530286544
0.622922570460556   3.4713362679117132   3.471859363100003
0.6411838235736077   3.262236480805889   3.263437695883643
0.6599804134701901   3.0631806185881905   3.065416385593134
0.6793280337869897   2.8763405405599487   2.8794655155756184
0.6992428382266549   2.700625728709866   2.704553060077442
0.7197414540448374   2.5351160148156144   2.5398077624411792
0.7408409959326054   2.379252484418965   2.3846777970497124
0.7625590803058332   2.2325058114865057   2.238639063784466
0.7849138400134885   2.0943736142312632   2.1011929794343676
0.8079239394770964   1.9643792134535503   1.9718654772751996
0.8316085902740278   1.8420704403364916   1.85020602661352
0.8559875671776167   1.7270185007273005   1.7357866775066135
0.8810812246675007   1.6188185943477134   1.6282019084148327
0.9069105139239728   1.5170903262653748   1.5270683853026557
0.9334970003205227   1.4214726843689818   1.4320222425212072
0.960862881429187   1.331622689438223   1.3427180427277372
0.9890310055537336   1.2472146596325697   1.2588280237220195
1.0180248908061487   1.1679394919838582   1.1800413606105324
1.047868744742366   1.093503961619489   1.1060634444659045
1.0785874845736239   1.0236300032525516   1.0366151528190384
1.1102067579703248   0.9580531013590918   0.9714314901096155
1.1427529644757777   0.8965218347536923   0.9102610511883273
1.1762532775476793   0.8387984849028663   0.8528662503402749
1.210735667245765   0.7846584198840126   0.7990226876857272
1.246228923584555   0.7338894377803543   0.748518492829842
1.2827626805706884   0.6862911384926145   0.7011536949228256
1.3203674409449337   0.641674323057074   0.6567396185928785
1.3590746016495152   0.5998604357661802   0.6150983197922723
1.3989164800420282   0.5606811503976195   0.5760621535425287
1.4399263408778291   0.5239777366215503   0.5394731456584304
1.4821384240834183   0.4896004611891823   0.5051823966243889
1.525587973344019   0.4574081198305074   0.47304960496150705
1.5703112655292182   0.4272675914948885   0.44294261276028707
1.6163456409812174   0.3990534129050552   0.4147369716032315
1.6637295346910133   0.37264737271956017   0.3883155282742648
1.7125025083885144   0.3479381004622302   0.36356813104244395
1.7627052835733923   0.3248206249297087   0.3403915615613383
1.814379775514258   0.3031961253080878   0.3186887504479502
1.8675691282445197   0.2829716265962098   0.2983683104398552
1.922317750584177   0.26405967565902755   0.27934423509421735
1.9786713532176083   0.2463780336138923   0.26153561057351105
2.0366769868582977   0.22984938384645054   0.24486634020688333
2.0963830815323896   0.2144010548420351   0.2292648813020693
2.1578394870138577   0.19996473380295102   0.21466395681863473
2.2210975144450407   0.18647619907356444   0.20100028611399964
2.286209979177315   0.1738751387905124   0.18821444326053363
2.3532312448676476   0.16210493177710839   0.1762506479422476
2.4222172688678643   0.15111243276561764   0.16505655512583756
2.4932256489445366   0.1408477693047398   0.15458305558249347
2.5663156713684585   0.13126414977522538   0.14478408681940666
2.641548360413907   0.12231768413192695   0.13561645506738326
2.7189865293089923   0.11396726692712611   0.12703969300534979
2.798694832679631   0.10617440215773512   0.11901589346456887
2.8807398205309562   0.09890298027816276   0.11150952293876594
2.9651899938111903   0.09211913529560449   0.10448727864026515
3.05211586160442   0.08579111317258871   0.09791795510517537
3.1415899999999994   0.0798891473260707   0.09177231809207374
