0.01   8843.134706195993   8842.360035777476
0.010293154462191829   8934.371358496699   8933.55319600271
0.010594902878253955   9021.838156776892   9020.975430047318
0.010905497183778876   9105.257717134355   9104.347727277674
0.011225196699963396   9184.350758922377   9183.388904184752
0.011554268350120923   9258.83706428495   9257.817007111853
0.011892986882540897   9328.426062847408   9327.341309912284
0.012241635099881474   9392.824282917532   9391.668932938663
0.012600504095286909   9451.741690614152   9450.5104677524
0.012969893495426888   9504.882933834459   9503.57049708575
0.013350111710660605   9551.94326105891   9550.54312336726
0.013741476192534558   9592.62402604989   9591.12847070348
0.014144313698828986   9626.632753465778   9625.03293413519
0.01455896056637426   9653.67162779171   9651.95806736268
0.014985762991865008   9673.449528402618   9671.612327237652
0.01542507732090645   9685.689146236788   9683.718019104404
0.015877270345534218   9690.118651636782   9688.002461218271
0.016342719610456153   9686.471591884901   9684.197787983321
0.016821813728271667   9674.500924449094   9672.055590171018
0.017314952703931925   9653.979892215213   9651.347781369917
0.017822548268711737   9624.697548649237   9621.861933857494
0.01834502422397195   9586.467237143204   9583.409979090857
0.018882816794999403   9539.131121511351   9535.832842919363
0.019436374995219892   9482.564501043062   9479.004982426079
0.02000616100108813   9416.677482331093   9412.836059910951
0.020592650537967844   9341.414389335921   9337.270170571874
0.021196333277324068   9256.7629768235   9252.295256880514
0.02181771324555934   9162.773299696324   9157.962428219957
0.022457309244835088   9059.537210897986   9054.364919261632
0.02311565528622961   8947.18677395796   8941.636480986775
0.023793301035594242   8825.93988191989   8819.998606235293
0.024490812272480036   8696.085036047256   8689.744744779959
0.025208771362518027   8557.942669820204   8551.200240856253
0.0259477777436476   8411.903226586592   8404.761126180842
0.02670844842659881   8258.484713572589   8250.952774895686
0.027491418510046592   8098.236227918064   8090.331511542438
0.028297341710866907   7931.731273932132   7923.477724712787
0.029126890909937666   7759.69113531184   7751.120970489158
0.029980758713939952   7582.9108114872815   7574.06482623634
0.030859658033628758   7402.165919047922   7393.09247263484
0.031764322679055976   7218.304637399383   7209.058629311894
0.03269550797224261   7032.329062743393   7022.970901558012
0.033653991377811755   6845.201625159027   6835.796139486685
0.03464057315210884   6657.843752739077   6648.458781159538
0.03565607701135116   6471.307295952222   6462.009921064718
0.036701350819364466   6286.64219714616   6277.496900665322
0.03777726729548091   6104.79571273622   6095.863996798992
0.038884724743189276   5926.712246175048   5918.046675080249
0.04002464780014597   5753.380570777998   5745.016411214144
0.041197988210172884   5585.681848747844   5577.638022246573
0.04240572561788674   5424.369378027989   5416.6483756198895
0.04364886838662332   5270.0113031425335   5262.590248759244
0.04492845444033957   5123.063956734065   5115.8935954385615
0.04624555213019635   4983.914376617475   4976.921624739906
0.04760126112654554   4852.857951261368   4845.9339645419195
0.04899671333706607   4730.103800425396   4723.089620011537
0.05043307385181555   4615.826134198946   4608.516136258681
0.05191154191598653   4509.7823543285485   4501.9403562084635
0.053433351931179485   4410.639703496857   4402.036182768978
0.05499977448602865   4316.983422926704   4307.401100983312
0.05661211741704101   4227.556874814297   4216.790248218937
0.05827172690053434   4141.3298491416335   4129.185204384712
0.05997998857658587   4057.368476745288   4043.6646512355023
0.06173832870592997   3974.5065933241594   3959.101748990552
0.0635482153607709   3891.204884215837   3874.036280905088
0.06541115965050462   3805.964790547639   3787.0577342814872
0.06732871698337338   3717.022951438668   3696.5536334493268
0.06930248836510605   3622.614174669199   3600.9321173242533
0.07133412173562886   3521.2615838258007   3498.906465067342
0.07342531334496233   3411.819950368797   3389.540665565692
0.07557780916945323   3293.7570193016068   3272.477226470898
0.07779340636952398   3167.62589840511   3148.399465636449
0.08007395479015682   3034.4803847747326   3018.4240203919862
0.08242135850536496   2896.223103336097   2884.409247944037
0.08483757740794096   2755.0321049917   2748.4377567183915
0.08732462884580919   2613.56056906893   2613.021164042798
0.08988458930634863   2474.4096298609734   2480.5506611732144
0.09251959615009227   2340.1571847528426   2353.278842180051
0.09523184939525078   2213.2934674993962   2233.340218582216
0.09802361355455057   2096.2105892332856   2122.74881813169
0.10089721952591899   1990.9221381092814   2023.0603623482061
0.10385506653859616   1898.9362942365522   1935.3614147825483
0.10689962415629803   1820.4497075199893   1859.593695921325
0.11003343433910281   1754.8378135693595   1794.9870441704643
0.11325911356578279   1699.8976246151376   1739.4150073339615
0.11657935501835284   1652.7840604737419   1690.2709867894093
0.11999693083066039   1609.9114717429677   1644.5355039976587
0.12351469440289359   1567.6742058114207   1599.238532262665
0.12713558278394044   1522.6282554152053   1551.618357368577
0.13086261912358757   1472.0334153438175   1499.7529958256068
0.13469891519660646   1414.1938588923258   1442.6181082942583
0.13864767400083483   1348.8728861489142   1380.245912387964
0.14271219243142114   1277.3037330146938   1313.803086989869
0.14689586403346616   1201.839340285218   1245.249430846469
0.1512021818353596   1125.6629647999914   1177.0787569191175
0.15563474126517718   1052.5935397218468   1112.1729141229885
0.16019724315257297   986.487668017526   1053.0484183051897
0.1648934968186736   930.1532522351569   1001.4734007718214
0.1697274232565544   884.3779879784812   957.7812308438042
0.17470305840495237   847.725375621098   920.4081206289623
0.17982455651794954   817.4875890655766   887.4959368148625
0.18509619363343993   790.5271004034316   856.8493486998385
0.19052237114327647   763.3732140414936   826.3058015515974
0.19610761946807834   732.7206727953112   793.8917083923658
0.20185660183976684   696.9592579907965   758.8095781685201
0.20777411819498756   656.9948883003872   722.0162553153675
0.21386510918267082   615.4470764194218   685.2758799601083
0.22013466028907505   575.312673705079   650.1262410524839
0.22658800608375756   539.3415983867827   617.96856246464
0.23323053459001789   509.22301198248937   589.6144337829276
0.2400677917834628   484.72706387110344   564.510588496001
0.24710548622244882   464.03310793039884   541.6342820512791
0.25434949381426813   444.55458086526835   519.6836332670592
0.2618058627210567   423.81299408729046   497.721594183112
0.2694808184095226   400.8700352317857   475.24439586499335
0.27738076884870827   376.69125900881227   453.00677579161544
0.2855123098601282   353.0090553588146   431.55836681439325
0.29388223062474755   331.5642190080224   411.654571876985
0.3024975193514008   313.26589739120436   393.4437916197276
0.31136536911138296   297.4760562875727   376.5638414364721
0.3204931838440838   282.7680609482489   360.5117645761314
0.32988858453867975   267.8867220656441   344.86314998248565
0.3395594155970457   252.41911447411144   329.5922198024634
0.34951375138319807   237.08125900852036   314.8408647504485
0.3597599029647371   222.8572884095974   300.95460907064125
0.37030642505191835   210.16253192821202   287.92399421065517
0.3811621231401457   198.70824604897587   275.62638241710255
0.3923360608618501   187.77768606036722   263.8866548829094
0.4038375675538918   176.93142162379567   252.58456654491053
0.41567624604680364   166.3372327325124   241.76835428224246
0.42786198068238046   156.3995567793329   231.4999974666706
0.4404049455663077   147.29987844153558   221.79238223015474
0.4533156130627191   138.830015052612   212.55856539050782
0.4666047625377753   130.7184966236467   203.7474179600514
0.4802834893595659   122.89228231877965   195.32899520665057
0.49436321416184764   115.50422861261698   187.3206931553133
0.5088556923793517   108.62434540591576   179.71657587370692
0.5237730240626238   102.17078457169944   172.4818277413848
0.5391276639805903   96.03302861871006   165.57820923962817
0.5549324320192869   90.2081087497669   159.0052024552912
0.5712005238854289   84.73670373751402   152.748359189177
0.5879455221237613   79.60057662063383   146.7926532976679
0.6051814074573895   74.75039576196201   141.11648685889688
0.622922570460556   70.16749572305855   135.70385865626665
0.6411838235736077   65.85663819116817   130.54863094852172
0.6599804134701901   61.80307402488574   125.63517137906655
0.6793280337869897   57.98324635100901   120.9489101101054
0.6992428382266549   54.38478588661524   116.47757020176947
0.7197414540448374   51.000349254956866   112.21238630500402
0.7408409959326054   47.818020792674275   108.14214108248426
0.7625590803058332   44.826165771478614   104.25608065248501
0.7849138400134885   42.01380060832862   100.54412161566519
0.8079239394770964   39.37055697415914   96.99680494089975
0.8316085902740278   36.886647883503805   93.60525330517997
0.8559875671776167   34.55283565371581   90.36113160962746
0.8810812246675007   32.36040661809688   87.25659274989891
0.9069105139239728   30.301236418749134   84.2838979251331
0.9334970003205227   28.367727563004262   81.43546052534592
0.960862881429187   26.55267816111715   78.70418375580174
0.9890310055537336   24.849260633551648   76.0834392495313
1.0180248908061487   23.25100532319964   73.56703340569571
1.047868744742366   21.75178458187189   71.14917644045717
1.0785874845736239   20.3457973378614   68.82445391253157
1.1102067579703248   19.02755165592766   66.58777039202528
1.1427529644757777   17.791827939238612   64.43404080642254
1.1762532775476793   16.63368229265508   62.358337418231635
1.210735667245765   15.54845021238396   60.35607692950343
1.246228923584555   14.531732238101455   58.422998886352865
1.2827626805706884   13.579380018982139   56.55514307149643
1.3203674409449337   12.687483031786215   54.74882876624303
1.3590746016495152   11.852355926173201   53.00063570533697
1.3989164800420282   11.070526925285346   51.307370262767556
1.4399263408778291   10.338728426369988   49.66596890498768
1.4821384240834183   9.653883711426484   48.07355770795269
1.525587973344019   9.013095488319305   46.52747917753482
1.5703112655292182   8.41363617108373   45.02527834116478
1.6163456409812174   7.852938633378631   43.564689812598075
1.6637295346910133   7.328587413877201   42.14362580989179
1.7125025083885144   6.838310355328525   40.76016502959315
1.7627052835733923   6.379970168105528   39.41257494843084
1.814379775514258   5.95155578599363   38.09938367660397
1.8675691282445197   5.551176987177863   36.81926358090265
1.922317750584177   5.177057977996042   35.57099348609267
1.9786713532176083   4.827530843237186   34.353452022884106
2.0366769868582977   4.50102934329781   33.16561131868795
2.0963830815323896   4.196083041871566   32.00653099798178
2.1578394870138577   3.9113117469947856   30.875352770067675
2.2210975144450407   3.6454199221371058   29.771366505141337
2.286209979177315   3.397191424723729   28.694081805751892
2.3532312448676476   3.165485603999165   27.643062610286947
2.4222172688678643   2.9492329303711   26.61789976638251
2.4932256489445366   2.7474307534127695   25.618208513305113
2.5663156713684585   2.559139298599376   24.643626058303344
2.641548360413907   2.3834778903806897   23.69380924524455
2.7189865293089923   2.2196214065931077   22.768435642181835
2.798694832679631   2.0667976883467896   21.867358752142437
2.8807398205309562   1.924284432651064   20.990643273974612
2.9651899938111903   1.7914049614479435   20.138320974505536
3.05211586160442   1.667525392620542   19.31037347265727
3.1415899999999994   1.5520520663365287   18.50673491092202
