0.01   1130.9570347467543   1130.924821210805
0.010293154462191829   1144.4227909765914   1144.3903006234978
0.010594902878253955   1157.494206893069   1157.461512095008
0.010905497183778876   1170.1369277940696   1170.1040072653605
0.011225196699963396   1182.3157448737759   1182.2825029161465
0.011554268350120923   1193.9928570347597   1193.9592234931565
0.011892986882540897   1205.129611013284   1205.0955708144343
0.012241635099881474   1215.687197416843   1215.6527910621232
0.012600504095286909   1225.625689433461   1225.590982536844
0.012969893495426888   1234.9042899575493   1234.869345093199
0.013350111710660605   1243.4824706319912   1243.4473460149613
0.013741476192534558   1251.3193147000934   1251.2840598111368
0.014144313698828986   1258.372121067952   1258.336764973048
0.01455896056637426   1264.5985764786544   1264.5631253037077
0.014985762991865008   1269.9572420595985   1269.9216797401614
0.01542507732090645   1274.4063474966645   1274.3706481842685
0.015877270345534218   1277.9046639937335   1277.8687996005212
0.016342719610456153   1280.4126768444776   1280.3766172325156
0.016821813728271667   1281.8919209236506   1281.8556270915756
0.017314952703931925   1282.3044728799464   1282.267884465384
0.017822548268711737   1281.614788016165   1281.577822293125
0.01834502422397195   1279.7901291488893   1279.7526838383437
0.018882816794999403   1276.8005966901185   1276.7625648864298
0.019436374995219892   1272.6196123270504   1272.580888768929
0.02000616100108813   1267.2243545385422   1267.184835642596
0.020592650537967844   1260.5970220788724   1260.5565815198934
0.021196333277324068   1252.7252737104968   1252.6837334984732
0.02181771324555934   1243.6012618721838   1243.5583931597805
0.022457309244835088   1233.2230075534117   1233.178553968984
0.02311565528622961   1221.5982102021458   1221.5519699593058
0.023793301035594242   1208.7404422921925   1208.6922876332046
0.024490812272480036   1194.6684244745145   1194.6183014401877
0.025208771362518027   1179.4134882798262   1179.3614331470092
0.0259477777436476   1163.01754901688   1162.9636993101883
0.02670844842659881   1145.526377422761   1145.4709666835297
0.027491418510046592   1126.9953560052643   1126.9387148314931
0.028297341710866907   1107.4980881380948   1107.440655278159
0.029126890909937666   1087.1118737588317   1087.054188824201
0.029980758713939952   1065.9171096923758   1065.8598064681598
0.030859658033628758   1044.0161382671101   1043.9599734758688
0.031764322679055976   1021.5207112562298   1021.4665704103702
0.03269550797224261   998.5390566926366   998.4879359880014
0.033653991377811755   975.1882036102157   975.1411716297544
0.03464057315210884   951.6005896684968   951.5587388946454
0.03565607701135116   927.9020960601503   927.866528984596
0.036701350819364466   904.216265333962   904.1880770792399
0.03777726729548091   880.6940982277421   880.6743244170118
0.038884724743189276   857.4857641448788   857.4753663849464
0.04002464780014597   834.7260031364654   834.7258621896252
0.041197988210172884   812.5179266900017   812.5285212135693
0.04240572561788674   790.9340689908177   790.9551594938638
0.04364886838662332   770.0372271170611   770.0679153557
0.04492845444033957   749.9036768650409   749.9425152269009
0.04624555213019635   730.6761215090303   730.7213035704514
0.04760126112654554   712.4979244590187   712.5473584927665
0.04899671333706607   695.4797805612877   695.5311179983144
0.05043307385181555   679.5679492295783   679.6185639537732
0.05191154191598653   664.632234283153   664.6792181067824
0.053433351931179485   650.5516461010324   650.5917725939621
0.05499977448602865   637.2088180399169   637.2380605944317
0.05661211741704101   624.492072906698   624.5053927006103
0.05827172690053434   612.285970320366   612.2775188999982
0.05997998857658587   600.4294337891832   600.393192246792
0.06173832870592997   588.7571045757015   588.6871096190898
0.0635482153607709   577.0841199094716   576.9754082358447
0.06541115965050462   565.1983731679603   565.0481637987187
0.06732871698337338   552.891985330086   552.6999161594124
0.06930248836510605   539.9332898383832   539.7022328709569
0.07133412173562886   526.1088657557148   525.8449606230942
0.07342531334496233   511.2513105327156   510.9638393191632
0.07557780916945323   495.2408448557793   494.9418950098137
0.07779340636952398   478.07278872767887   477.7766216693196
0.08007395479015682   459.82785567811317   459.5501761985693
0.08242135850536496   440.70488319137866   440.4615810950514
0.08483757740794096   420.97213458470253   420.77847378397786
0.08732462884580919   400.9697711925084   400.8403869397328
0.08988458930634863   381.054722354862   381.00269069776317
0.09251959615009227   361.59970778541873   361.63389157742785
0.09523184939525078   342.96961020323647   343.0928362624936
0.09802361355455057   325.51793830369553   325.72551166972823
0.10089721952591899   309.54324228461235   309.8221239907198
0.10385506653859616   295.29674549678055   295.62435155913005
0.10689962415629803   282.8946846778391   283.24251912779647
0.11003343433910281   272.3290233585618   272.6655950237028
0.11325911356578279   263.3988545421068   263.6916337529979
0.11657935501835284   255.78023666378036   255.99830422933505
0.11999693083066039   249.012158677067   249.13332166525583
0.12351469440289359   242.59367702473267   242.60661982430813
0.12713558278394044   236.0133641242887   235.91955015024686
0.13086261912358757   228.82043204940896   228.63908712787904
0.13469891519660646   220.6848207448589   220.45171795643972
0.13864767400083483   211.45138878886735   211.2138232865578
0.14271219243142114   201.18929799285425   201.00126256092506
0.14689586403346616   190.16816621065965   190.08247037333095
0.1512021818353596   178.8148843691738   178.87318204315238
0.15563474126517718   167.6584123667725   167.88132966291812
0.16019724315257297   157.26676361532145   157.64738143216613
0.1648934968186736   148.13178102937877   148.63334934326573
0.1697274232565544   140.5215622684337   141.08591715998588
0.17470305840495237   134.39371102509776   134.9574632514282
0.17982455651794954   129.43312659740445   129.93890027668257
0.18509619363343993   125.1743822467444   125.58066968515853
0.19052237114327647   121.09406471482701   121.38996645852082
0.19610761946807834   116.66908168139217   116.88583632959453
0.20185660183976684   111.51889664638308   111.72526793984989
0.20777411819498756   105.59581016923832   105.8669391249268
0.21386510918267082   99.20419691963251   99.60441560490281
0.22013466028907505   92.82073885165053   93.38399101179924
0.22658800608375756   86.92307226426442   87.636614658942
0.23323053459001789   81.8735273276125   82.68749848688404
0.2400677917834628   77.78124623836977   78.61827021850604
0.24710548622244882   74.44456913901759   75.23992109609517
0.25434949381426813   71.46397674474511   72.18810280865323
0.2618058627210567   68.40236513933782   69.07659077378483
0.2694808184095226   64.97103005853306   65.65694042982123
0.27738076884870827   61.197294830327216   61.95748275887251
0.2855123098601282   57.35718613873877   58.23151625771447
0.29388223062474755   53.78122307683405   54.76086291135759
0.3024975193514008   50.70876210160791   51.74108689028493
0.31136536911138296   48.143324093750564   49.169222634860276
0.3204931838440838   45.85946597501583   46.845945271441636
0.32988858453867975   43.58920237901571   44.55148840272887
0.3395594155970457   41.181131174529106   42.161622240494154
0.34951375138319807   38.693132598850774   39.72972943800661
0.3597599029647371   36.32306306068529   37.41908601426743
0.37030642505191835   34.216346078487895   35.34009869148305
0.3811621231401457   32.3699295849666   33.48406749995787
0.3923360608618501   30.65618198822319   31.749494326220034
0.4038375675538918   28.945054096979888   30.036177291186576
0.41567624604680364   27.223398913479013   28.336258651893154
0.42786198068238046   25.577874993553305   26.71632524426509
0.4404049455663077   24.08073208282371   25.227052310391315
0.4533156130627191   22.719254365942483   23.85483795942651
0.4666047625377753   21.42328364142849   22.548782185587935
0.4802834893595659   20.154374723147907   21.282848668815976
0.49436321416184764   18.937583367219325   20.073635768038827
0.5088556923793517   17.809100668889833   18.9448075138723
0.5237730240626238   16.763524053422874   17.890485822806014
0.5391276639805903   15.76955629795849   16.888847715862237
0.5549324320192869   14.816117229876674   15.93308850033675
0.5712005238854289   13.9173068880213   15.030812824224782
0.5879455221237613   13.078780117915912   14.184141637901329
0.6051814074573895   12.288366366035179   13.384645831870891
0.622922570460556   11.537585077936594   12.626367332877011
0.6411838235736077   10.82999548165433   11.910798659481902
0.6599804134701901   10.166200629969742   11.23705501627697
0.6793280337869897   9.541448284352533   10.601458096363377
0.6992428382266549   8.952486315800654   10.001495917261852
0.7197414540448374   8.39752684585094   9.435322333691753
0.7408409959326054   7.874894984538522   8.901190430579366
0.7625590803058332   7.382968936995847   8.397425672031783
0.7849138400134885   6.920181364483886   7.9224247533088175
0.8079239394770964   6.485020337387164   7.474654260927059
0.8316085902740278   6.076029375652247   7.05264892641775
0.8559875671776167   5.691772836821887   6.654994291454821
0.8810812246675007   5.330825865679274   6.280319812452453
0.9069105139239728   4.991836340821035   5.927324592986211
0.9334970003205227   4.6735268905565786   5.594776827623828
0.960862881429187   4.374690968331968   5.281510618394307
0.9890310055537336   4.094189123179827   4.986422891340473
1.0180248908061487   3.8309454560470395   4.708470414635742
1.047868744742366   3.5839449119189175   4.44666741150563
1.0785874845736239   3.35223694892427   4.200087991382573
1.1102067579703248   3.1349277281190773   3.9678601278322843
1.1427529644757777   2.9311714873910852   3.7491588019883366
1.1762532775476793   2.7401681865735585   3.54320374689102
1.210735667245765   2.5611613457532525   3.349257340974084
1.246228923584555   2.393435961815026   3.1666225680038806
1.2827626805706884   2.236316502295663   2.9946410448221066
1.3203674409449337   2.0891645255984024   2.832690536788341
1.3590746016495152   1.951375617866934   2.6801815050844655
1.3989164800420282   1.8223794006822365   2.53655756443985
1.4399263408778291   1.7016382846724765   2.401294403479245
1.4821384240834183   1.588645731616357   2.2738980605644783
1.525587973344019   1.482924597846858   2.1539032787170878
1.5703112655292182   1.3840255559416896   2.040871937391565
1.6163456409812174   1.2915255917574768   1.9343915484289023
1.6637295346910133   1.2050265751253075   1.8340731771542755
1.7125025083885144   1.1241538991729194   1.739549866355631
1.7627052835733923   1.0485551838623985   1.6504764849240756
1.814379775514258   0.9778990457836584   1.566528567687271
1.8675691282445197   0.911873929579001   1.4874011127779303
1.922317750584177   0.8501869982041111   1.4128074442873266
1.9786713532176083   0.7925630795222507   1.342478137179264
2.0366769868582977   0.7387436479960819   1.276159578820664
2.0963830815323896   0.6884856843397543   1.2136085536429864
2.1578394870138577   0.6415609154185042   1.1545940713634835
2.2210975144450407   0.597755122625416   1.0989001040147106
2.286209979177315   0.5568673227941288   1.0463246322279605
2.3532312448676476   0.5187089908463207   0.9966786945900357
2.4222172688678643   0.48310332509558684   0.9497855039528723
2.4932256489445366   0.4498845530853651   0.9054796258361012
2.5663156713684585   0.41889735537902595   0.8636053364029281
2.641548360413907   0.38999645482553114   0.8240134427244868
2.7189865293089923   0.36304571594340146   0.7865638693336778
2.798694832679631   0.33791751475727516   0.7511259724077326
2.8807398205309562   0.3144922374143688   0.7175778537907943
2.9651899938111903   0.29265780585597667   0.6858057283180738
3.05211586160442   0.2723092292801318   0.6557033400555466
3.1415899999999994   0.2533481726810348   0.6271714197847301
