0.01   1745.294081163316   1745.2235777178212
0.010293154462191829   1762.6495760862529   1762.578432537569
0.010594902878253955   1779.2111469034346   1779.139196832132
0.010905497183778876   1794.9219319504286   1794.8490480043351
0.011225196699963396   1809.7234656876212   1809.6497004848197
0.011554268350120923   1823.5574858483014   1823.483080216287
0.011892986882540897   1836.3649897139362   1836.2902659619215
0.012241635099881474   1848.0849841249012   1848.0101008136598
0.012600504095286909   1858.6570356817372   1858.5819498144026
0.012969893495426888   1868.0215188850839   1867.9460076857933
0.013350111710660605   1876.1170270603388   1876.0409011316776
0.013741476192534558   1882.8823353986797   1882.805545808814
0.014144313698828986   1888.2583081867776   1888.180948198704
0.01455896056637426   1892.186538285682   1892.108750915068
0.014985762991865008   1894.6087425787614   1894.5305749026247
0.01542507732090645   1895.4696686558436   1895.3910586061463
0.015877270345534218   1894.7173927253111   1894.6381820935255
0.016342719610456153   1892.3021427510525   1892.222148328633
0.016821813728271667   1888.1780346658802   1888.097073289258
0.017314952703931925   1882.304172103264   1882.222061478537
0.017822548268711737   1874.644999136046   1874.5615449555814
0.01834502422397195   1865.1707039062373   1865.0856858663988
0.018882816794999403   1853.8576905134337   1853.7708638318395
0.019436374995219892   1840.6899746092447   1840.6010704396922
0.02000616100108813   1825.6622408895148   1825.570961016587
0.020592650537967844   1808.7770842564128   1808.683102876409
0.021196333277324068   1790.044813797707   1789.947788486251
0.02181771324555934   1769.4907991753082   1769.390480434416
0.022457309244835088   1747.1535327216643   1747.0498456833768
0.02311565528622961   1723.078419406375   1722.9714597036098
0.023793301035594242   1697.324472668915   1697.2144863482301
0.024490812272480036   1669.9743379864199   1669.8616823156199
0.025208771362518027   1641.1178819226175   1641.0030123059416
0.0259477777436476   1610.8514167937433   1610.7348913052954
0.02670844842659881   1579.2996176895745   1579.1822160158
0.027491418510046592   1546.6016470233271   1546.4844200171299
0.028297341710866907   1512.895588014249   1512.7798283975183
0.029126890909937666   1478.3373543407233   1478.2245550480154
0.029980758713939952   1443.1132157554093   1443.0050208995985
0.030859658033628758   1407.4039776164038   1407.3021521148698
0.031764322679055976   1371.386509189326   1371.292897437315
0.03269550797224261   1335.2652549562897   1335.1816681009502
0.033653991377811755   1299.2438742010227   1299.1720445357046
0.03464057315210884   1263.5093026966565   1263.4508784506913
0.03565607701135116   1228.262033885847   1228.2185540175547
0.036701350819364466   1193.7206139443038   1193.693484359871
0.03777726729548091   1160.0818323461685   1160.0723370216592
0.038884724743189276   1127.511893425072   1127.520903670573
0.04002464780014597   1096.12452592172   1096.1512435402203
0.041197988210172884   1066.0096502844767   1066.0514489457767
0.04240572561788674   1037.2469082291927   1037.2995941065444
0.04364886838662332   1009.9538612561765   1010.0128567824087
0.04492845444033957   984.2772844665874   984.3385774849029
0.04624555213019635   960.3475553635611   960.4076716375065
0.04760126112654554   938.1586138544932   938.2139015299302
0.04899671333706607   917.4612270029838   917.5065573240173
0.05043307385181555   897.9985136037042   898.0272429774665
0.05191154191598653   879.5433296302033   879.5474024007441
0.053433351931179485   861.9045182035687   861.8745468707743
0.05499977448602865   844.9052116270251   844.8306330511266
0.05661211741704101   828.3189196322279   828.1893426585436
0.05827172690053434   811.866584579616   811.6732125475884
0.05997998857658587   795.2712801534641   795.0074068505354
0.06173832870592997   778.191976846989   777.8553436120493
0.0635482153607709   760.2887352600889   759.8821852920311
0.06541115965050462   741.2317782008635   740.7635858114104
0.06732871698337338   720.7100473250771   720.1940897206402
0.06930248836510605   698.5185025816568   697.9735621854168
0.07133412173562886   674.6014460746309   674.0502275814953
0.07342531334496233   649.0234117389822   648.4912925012727
0.07557780916945323   622.0369590142667   621.5503396266121
0.07779340636952398   593.9939274482324   593.5790831197207
0.08007395479015682   565.3868829096612   565.0689086530915
0.08242135850536496   536.7340403915749   536.5351628105495
0.08483757740794096   508.5736032720382   508.5112469555563
0.08732462884580919   481.4387688018397   481.52231168083676
0.08988458930634863   455.84020283401674   456.06818945720914
0.09251959615009227   432.2730994607105   432.6278803251783
0.09523184939525078   411.14107269026584   411.59001218306304
0.09802361355455057   392.6825797757763   393.18217589892214
0.10089721952591899   376.98668399012763   377.4857423852951
0.10385506653859616   363.82398929834557   364.26828408640796
0.10689962415629803   352.79781588849164   353.13480952548156
0.11003343433910281   343.2728195938219   343.4606690216949
0.11325911356578279   334.53866511442095   334.5510201178031
0.11657935501835284   325.8429034587261   325.674063957521
0.11999693083066039   316.48945596194153   316.1601734367863
0.12351469440289359   305.9229626088487   305.47988948390235
0.12713558278394044   293.8129500616198   293.32391442679744
0.13086261912358757   280.14515910274827   279.6961329703202
0.13469891519660646   265.1955352995709   264.8757333882042
0.13864767400083483   249.48707778002023   249.3716375402804
0.14271219243142114   233.72234218434104   233.86371966928112
0.14689586403346616   218.71416165110753   219.1196424682914
0.1512021818353596   205.24278625814338   205.8704434836806
0.15563474126517718   193.8503723766835   194.61958982735013
0.16019724315257297   184.64738962897175   185.45507417352124
0.1648934968186736   177.30092529699044   178.04980698203892
0.1697274232565544   171.22430281892665   171.83681726898578
0.17470305840495237   165.72554362139832   166.16173936000212
0.17982455651794954   160.05242410149077   160.33029718960063
0.18509619363343993   153.53698428135417   153.7448033807421
0.19052237114327647   145.90027034536462   146.15776069915484
0.19610761946807834   137.39941545919956   137.8155772831661
0.20185660183976684   128.6247488289217   129.27462321270926
0.20777411819498756   120.24430683159979   121.14259505839217
0.21386510918267082   112.83475851891774   113.92315795151858
0.22013466028907505   106.71854289182244   107.89925983056543
0.22658800608375756   101.78796784472975   102.94468538189447
0.23323053459001789   97.60118207930329   98.6617049248108
0.2400677917834628   93.56740470749706   94.52685421663229
0.24710548622244882   89.16961529162776   90.10251149343004
0.25434949381426813   84.26115784097911   85.26441828031506
0.2618058627210567   79.09841861329049   80.25388548616776
0.2694808184095226   74.09659848349118   75.41757523976628
0.27738076884870827   69.64536178265877   71.08516659588263
0.2855123098601282   65.90118356510446   67.37010342622702
0.29388223062474755   62.67595441491471   64.10567726399624
0.3024975193514008   59.626597687581004   61.00761527853341
0.31136536911138296   56.47623397311038   57.85246901731713
0.3204931838440838   53.17339990654036   54.61330271170641
0.32988858453867975   49.917011948262385   51.445842984542324
0.3395594155970457   46.93567121756268   48.52721769408904
0.34951375138319807   44.30781838219983   45.910994221838365
0.3597599029647371   41.93649254274429   43.51626319425596
0.37030642505191835   39.64307255374348   41.20777766635645
0.3811621231401457   37.34132235614856   38.92458083847037
0.3923360608618501   35.09355704824962   36.71399345107326
0.4038375675538918   33.00378142879703   34.648305628158404
0.41567624604680364   31.104764628517533   32.747363886016885
0.42786198068238046   29.332859461282755   30.96271082971646
0.4404049455663077   27.620647884907257   29.247696625441616
0.4533156130627191   25.963331770096886   27.600714625202947
0.4666047625377753   24.405228945735054   26.04904644119829
0.4802834893595659   22.960998251134296   24.59869651812536
0.49436321416184764   21.603829027825405   23.231496444245472
0.5088556923793517   20.307109407454348   21.929423547414093
0.5237730240626238   19.076004078259558   20.69509753003368
0.5391276639805903   17.922726829587702   19.53412375368136
0.5549324320192869   16.84049796181803   18.440418302535612
0.5712005238854289   15.81612537281158   17.405382504282755
0.5879455221237613   14.847607553187338   16.4267681066544
0.6051814074573895   13.937482400946145   15.504451061113722
0.622922570460556   13.081699075115727   14.634734394756864
0.6411838235736077   12.275263693053958   13.813606755655375
0.6599804134701901   11.51578785851097   13.038907516765297
0.6793280337869897   10.800809650393745   12.308145275532398
0.6992428382266549   10.127959967921637   11.618932211684978
0.7197414540448374   9.494974953007254   10.968997083136014
0.7408409959326054   8.899693103427595   10.356180858381034
0.7625590803058332   8.340052302372117   9.778432384285988
0.7849138400134885   7.814086783967266   9.233804103675316
0.8079239394770964   7.319918430881007   8.72044773558985
0.8316085902740278   6.8557330368727545   8.2366097553602
0.8559875671776167   6.419803193779568   7.780627779547305
0.8810812246675007   6.010494540833413   7.350926761525713
0.9069105139239728   5.626261202444834   6.946015095163591
0.9334970003205227   5.265641414435776   6.564480824125415
0.960862881429187   4.927253338372726   6.204987961136066
0.9890310055537336   4.609791059319052   5.866272920900642
1.0180248908061487   4.312022142562833   5.547141463871775
1.047868744742366   4.032785945991917   5.24646595330505
1.0785874845736239   3.770986118528056   4.963181026023645
1.1102067579703248   3.525586684255938   4.69628031881886
1.1427529644757777   3.295609059541808   4.44481353296394
1.1762532775476793   3.0801291919090503   4.20788361050711
1.210735667245765   2.878274817633295   3.984644021601098
1.246228923584555   2.6892228252035557   3.7742961356965
1.2827626805706884   2.5121961299536064   3.576085069725695
1.3203674409449337   2.346461109445339   3.389296737939762
1.3590746016495152   2.19132639349614   3.2132584340963963
1.3989164800420282   2.0461407065720425   3.0473367997323573
1.4399263408778291   1.9102907113202552   2.890935626524346
1.4821384240834183   1.783198955636059   2.743493769199262
1.525587973344019   1.664321919200737   2.6044831647060573
1.5703112655292182   1.5531481495146953   2.4734067870992296
1.6163456409812174   1.4491963847905165   2.3497937279822514
1.6637295346910133   1.3520139200691628   2.2331984812133086
1.7125025083885144   1.261175137139891   2.123202752189183
1.7627052835733923   1.1762799864265734   2.0194139120326975
1.814379775514258   1.0969525420632458   1.9214634138654798
1.8675691282445197   1.0228396318231903   1.829005305599012
1.922317750584177   0.9536095385229888   1.7417148335851436
1.9786713532176083   0.888950744237337   1.6592863389507242
2.0366769868582977   0.8285705702977643   1.5814257246426857
2.0963830815323896   0.7721942438459721   1.507854026575206
2.1578394870138577   0.7195639910896374   1.4383106419545422
2.2210975144450407   0.6704380357719946   1.3725520834110823
2.286209979177315   0.6245896516567371   1.3103507811775656
2.3532312448676476   0.5818062677786899   1.251493973786823
2.4222172688678643   0.5418886237652378   1.1957826804287162
2.4932256489445366   0.5046500449683737   1.143029653505337
2.5663156713684585   0.46991593627842826   1.0930545229077313
2.641548360413907   0.4375227432241626   1.0456875473521392
2.7189865293089923   0.4073171757822721   1.000770561160914
2.798694832679631   0.3791555984528695   0.9581561117853268
2.8807398205309562   0.352903453867821   0.9177066661644431
2.9651899938111903   0.3284347182662295   0.8792938805745616
3.05211586160442   0.30563138674723156   0.8427979269228122
3.1415899999999994   0.28438264971044735   0.8081058063224588
