0.01   12801.588631734077   12796.924123664065
0.010293154462191829   12969.85181042742   12964.746969729087
0.010594902878253955   13134.502291202354   13128.915103179614
0.010905497183778876   13295.174338226821   13289.05982751545
0.011225196699963396   13451.48211345174   13444.79195882796
0.011554268350120923   13603.021396600352   13595.703587401755
0.011892986882540897   13749.382833353764   13741.381676633215
0.012241635099881474   13890.148030836961   13881.403749847557
0.012600504095286909   14024.87982347323   14015.327301475456
0.012969893495426888   14153.136466498258   14142.70504850976
0.013350111710660605   14274.474173593993   14263.087701531249
0.013741476192534558   14388.428388499851   14376.00487648043
0.014144313698828986   14494.522807362524   14480.974314538402
0.01455896056637426   14592.285012048393   14577.517839889475
0.014985762991865008   14681.23953044615   14665.153974534032
0.01542507732090645   14760.90004881309   14743.389669797825
0.015877270345534218   14830.78828016727   14811.740146796394
0.016342719610456153   14890.435870179337   14869.730623706204
0.016821813728271667   14939.367601840053   14916.877111646188
0.017314952703931925   14977.116137543393   14952.70279094877
0.017822548268711737   15003.234859080487   14976.752251651309
0.01834502422397195   15017.292175146242   14988.585825935543
0.018882816794999403   15018.87058439439   14987.778735720582
0.019436374995219892   15007.581879856752   14973.936574606458
0.02000616100108813   14983.071522442586   14946.699309276508
0.020592650537967844   14945.022251784765   14905.742948517633
0.021196333277324068   14893.156860193305   14850.784251407224
0.02181771324555934   14827.241759964187   14781.585345528258
0.022457309244835088   14747.106738136245   14697.975559178501
0.02311565528622961   14652.647761167884   14599.854342815399
0.023793301035594242   14543.811378493963   14487.17369494928
0.024490812272480036   14420.615480227983   14359.960311155508
0.025208771362518027   14283.19810743058   14218.367814315503
0.0259477777436476   14131.76245574433   14062.617585847145
0.02670844842659881   13966.56924677217   13892.990422106212
0.027491418510046592   13788.03319400396   13709.92909138291
0.028297341710866907   13596.68895485143   13514.001799886273
0.029126890909937666   13393.109616594007   13305.815250993546
0.029980758713939952   13177.981272008026   13086.093254224435
0.030859658033628758   12952.20257036055   12855.781483423329
0.031764322679055976   12716.706588287712   12615.859050532674
0.03269550797224261   12472.455486512663   12367.331891449938
0.033653991377811755   12220.661249159995   12111.458483769902
0.03464057315210884   11962.636032416027   11849.595949152814
0.03565607701135116   11699.643811484208   11583.047942961413
0.036701350819364466   11433.038843692902   11313.203518064172
0.03777726729548091   11164.343550232647   11041.614900892217
0.038884724743189276   10895.001150706908   10769.7491160223
0.04002464780014597   10626.411772588388   10499.01996442316
0.041197988210172884   10360.236418240978   10231.071211581422
0.04240572561788674   10098.122107336618   9967.520607519118
0.04364886838662332   9841.5495863563   9709.81817928969
0.04492845444033957   9591.638559239458   9459.046172578936
0.04624555213019635   9349.140229320477   9215.91202312286
0.04760126112654554   9114.702583953085   8981.021603606536
0.04899671333706607   8889.069223114935   8755.047848267275
0.05043307385181555   8673.600998165788   8539.162065829305
0.05191154191598653   8469.689472702792   8334.55026893125
0.053433351931179485   8278.407460948061   8142.106416465545
0.05499977448602865   8098.902879943624   7960.928296383817
0.05661211741704101   7929.313248819124   7789.176531132933
0.05827172690053434   7767.914507641395   7625.151128652587
0.05997998857658587   7613.189194929797   7467.357979011065
0.06173832870592997   7463.777607697272   7314.461145672466
0.0635482153607709   7318.302231484391   7165.130715956453
0.06541115965050462   7174.886495092471   7017.652245805299
0.06732871698337338   7031.597283815064   6870.288142587428
0.06930248836510605   6886.314683604714   6721.2198775657125
0.07133412173562886   6736.6025863693885   6568.462900225824
0.07342531334496233   6580.146547105213   6410.1740532111535
0.07557780916945323   6414.553996551848   6244.561758731882
0.07779340636952398   6237.721828681496   6070.121088621658
0.08007395479015682   6048.382015142542   5886.279675857469
0.08242135850536496   5845.955344434884   5693.096686963743
0.08483757740794096   5631.3131914197365   5491.610004266637
0.08732462884580919   5406.365932572538   5283.558224877159
0.08988458930634863   5174.168562326119   5071.722067192453
0.09251959615009227   4938.395190170142   4859.379378688923
0.09523184939525078   4703.184437547698   4649.792240596248
0.09802361355455057   4472.6449875685375   4446.037005449464
0.10089721952591899   4250.854909607565   4251.130376106993
0.10385506653859616   4041.6279157704853   4067.618369135018
0.10689962415629803   3848.5468262607146   3897.502936845372
0.11003343433910281   3674.3174730799715   3742.230162225088
0.11325911356578279   3520.7799513780838   3602.680153846039
0.11657935501835284   3388.0358577017573   3478.346095442593
0.11999693083066039   3274.4356423264007   3367.304106005524
0.12351469440289359   3176.358116859185   3266.687850822005
0.12713558278394044   3088.9230851856005   3173.0655105129345
0.13086261912358757   3006.3417413949037   3082.6070927081405
0.13469891519660646   2922.89735902825   2991.894153979293
0.13864767400083483   2833.40285458731   2898.2873608230025
0.14271219243142114   2734.0388222908123   2799.9598145720593
0.14689586403346616   2622.862636723962   2696.354683341368
0.1512021818353596   2500.2933693339096   2588.4879237704877
0.15563474126517718   2369.1439319366386   2478.242237560517
0.16019724315257297   2233.9363125455634   2368.5204797976294
0.1648934968186736   2100.2814538028642   2262.478261738343
0.1697274232565544   1974.252646201534   2162.4238819075376
0.17470305840495237   1861.4963607569218   2070.6055660603683
0.17982455651794954   1765.6263836966896   1988.2191716234704
0.18509619363343993   1686.8876884953622   1914.375821740034
0.19052237114327647   1622.1065503594396   1847.1400310821086
0.19610761946807834   1566.0636447522593   1784.2770555897634
0.20185660183976684   1513.0348038390941   1723.1407202312744
0.20777411819498756   1457.4573778037154   1662.181274525295
0.21386510918267082   1394.8533490232742   1600.1750822429847
0.22013466028907505   1323.8564730905946   1537.081921624878
0.22658800608375756   1247.2401859467482   1474.3705037482075
0.23323053459001789   1170.2125587385585   1413.7765996481646
0.2400677917834628   1098.0155556761915   1356.332745761937
0.24710548622244882   1034.67891081243   1303.0869759246734
0.25434949381426813   981.9528555957457   1253.883378771354
0.2618058627210567   938.1305181321284   1207.7358019777846
0.2694808184095226   899.1754623366401   1163.9081123724288
0.27738076884870827   860.4216589560588   1121.5089687145448
0.2855123098601282   818.3806467201774   1079.6585561949516
0.29388223062474755   772.6733350574916   1038.7786369169867
0.3024975193514008   726.0100370297583   999.1625381650066
0.31136536911138296   681.8815619545647   961.5905212675567
0.3204931838440838   642.9180236708004   925.8964544766553
0.32988858453867975   609.6753836413217   892.2245959535667
0.3395594155970457   580.1067857470674   860.2939137626349
0.34951375138319807   551.3497600677404   829.4093485756599
0.3597599029647371   521.6228015205155   799.7197364702365
0.37030642505191835   491.10611616299417   771.0089329867305
0.3811621231401457   461.6756773884925   743.5061063670489
0.3923360608618501   435.00348432459793   717.3428256809813
0.4038375675538918   411.25918507077483   692.4846689392788
0.41567624604680364   389.33701406960256   668.7379529608185
0.42786198068238046   367.86088039825256   645.8883414845452
0.4404049455663077   346.4638896252617   623.8539094751535
0.4533156130627191   325.8805490634404   602.8056469690947
0.4666047625377753   306.8811829112765   582.7030866763077
0.4802834893595659   289.4754405694871   563.4995351376076
0.49436321416184764   273.0256118031524   545.1054451565138
0.5088556923793517   257.087313280733   527.4248163280969
0.5237730240626238   241.77825424281042   510.4115446764722
0.5391276639805903   227.46100590558657   494.15646814133623
0.5549324320192869   214.13479063879925   478.58331483885536
0.5712005238854289   201.52656030911515   463.6236889571414
0.5879455221237613   189.47906620934728   449.2369583893105
0.6051814074573895   178.08502180803967   435.41155971010875
0.622922570460556   167.41020383663857   422.1464867926156
0.6411838235736077   157.35650795441134   409.385065493153
0.6599804134701901   147.82878395589614   397.08541711697904
0.6793280337869897   138.83352779414915   385.2454427499249
0.6992428382266549   130.37908832140698   373.8409886182288
0.7197414540448374   122.41456202978536   362.8328052873047
0.7408409959326054   114.9056269196704   352.2023179769154
0.7625590803058332   107.83137035841087   341.934724409133
0.7849138400134885   101.16895984384868   332.007628397349
0.8079239394770964   94.89656525036418   322.40019747842024
0.8316085902740278   88.9933317133017   313.0930588066232
0.8559875671776167   83.43935112016725   304.0682019755629
0.8810812246675007   78.21563312212615   295.3088899999677
0.9069105139239728   73.30407467415236   286.79957436690074
0.9334970003205227   68.6873273697647   278.52550993171445
0.960862881429187   64.34871999277371   270.4724797995189
0.9890310055537336   60.272431291658975   262.62729272745247
1.0180248908061487   56.44347251389875   254.97778253351996
1.047868744742366   52.84764834231993   247.51274800358746
1.0785874845736239   49.471519337092154   240.22189738933807
1.1102067579703248   46.30236584805173   233.09579699566711
1.1427529644757777   43.32815503330055   226.12584328717637
1.1762532775476793   40.537528262539745   219.30447666992444
1.210735667245765   37.91975673221369   212.62503062046423
1.246228923584555   35.4646919803031   206.081468300197
1.2827626805706884   33.162737634817056   199.66834288100253
1.3203674409449337   31.004822709307767   193.38076507527518
1.3590746016495152   28.982375940658013   187.21437209554094
1.3989164800420282   27.087301147399433   181.16529784682373
1.4399263408778291   25.311951448340142   175.23042446718702
1.4821384240834183   23.649099768275725   169.40832917355715
1.525587973344019   22.09192640975746   163.69816417618992
1.5703112655292182   20.634001125259488   158.09921757004062
1.6163456409812174   19.2692626869154   152.61089958508293
1.6637295346910133   17.991999393776155   147.2327291649168
1.7125025083885144   16.79683048387567   141.96432080943697
1.7627052835733923   15.678688406273842   136.80537996293327
1.814379775514258   14.632800896819184   131.75643685681587
1.8675691282445197   13.654674461661509   126.81928143055364
1.922317750584177   12.74008113850625   121.99557419387286
1.9786713532176083   11.885044055614333   117.28669878534102
2.0366769868582977   11.085823490803067   112.6937701868315
2.0963830815323896   10.338903632026062   108.21764340946325
2.1578394870138577   9.640980009547768   103.85892259796373
2.2210975144450407   8.988947407628853   99.61801158775721
2.286209979177315   8.379886577600724   95.49564167108628
2.3532312448676476   7.811054757976779   91.4926274918539
2.4222172688678643   7.279877311228797   87.60941910689655
2.4932256489445366   6.783937979282732   83.84611414796524
2.5663156713684585   6.32096962497598   80.20248112517919
2.641548360413907   5.888845478904348   76.67798259003229
2.7189865293089923   5.4855708666741405   73.27179803536913
2.798694832679631   5.109276234342435   69.98289457985999
2.8807398205309562   4.758212394535871   66.81020924717994
2.9651899938111903   4.430739889768199   63.75247547876286
3.05211586160442   4.12532132049525   60.8081760500509
3.1415899999999994   3.8405153607139146   57.97556857819531
