0.01   2796.022051398408   2795.929987832542
0.010293154462191829   2832.4266475786812   2832.332843495299
0.010594902878253955   2867.9481629237557   2867.852794407723
0.010905497183778876   2902.4979394810143   2902.4011731353735
0.011225196699963396   2935.9837381883513   2935.8856214498533
0.011554268350120923   2968.312170197119   2968.212625213796
0.011892986882540897   2999.3866866704934   2999.285576214988
0.012241635099881474   3029.106055021465   3029.0033046048857
0.012600504095286909   3057.368219491024   3057.2638327094364
0.012969893495426888   3084.070191505846   3083.9642341317685
0.013350111710660605   3109.103854269072   3108.996338845374
0.013741476192534558   3132.359600157632   3132.2504393938425
0.014144313698828986   3153.728723973253   3153.617728957851
0.01455896056637426   3173.1003432949137   3172.987253920821
0.014985762991865008   3190.361025276475   3190.2455493725447
0.01542507732090645   3205.399548808548   3205.281365325344
0.015877270345534218   3218.1063035395778   3217.985059095254
0.016342719610456153   3228.3691970869404   3228.2444883985704
0.016821813728271667   3236.0789019052295   3235.9502725016637
0.017314952703931925   3241.131007084221   3240.9979425417023
0.017822548268711737   3243.4235396674035   3243.2853463598635
0.01834502422397195   3242.8581994913043   3242.713900821125
0.018882816794999403   3239.344044180944   3239.1923829319867
0.019436374995219892   3232.7978243652806   3232.637324409281
0.02000616100108813   3223.1437526968216   3222.9728778631115
0.020592650537967844   3210.3156684693863   3210.1328595087466
0.021196333277324068   3194.2584301263273   3194.0621103571093
0.02181771324555934   3174.931853886014   3174.720373163784
0.022457309244835088   3152.3099209091515   3152.0815292762563
0.02311565528622961   3126.379241295695   3126.1321078602004
0.023793301035594242   3097.1458929763776   3096.878262116912
0.024490812272480036   3064.641456598125   3064.3519242477655
0.025208771362518027   3028.9118289343064   3028.59937482365
0.0259477777436476   2990.0196664715318   2989.6836948644877
0.02670844842659881   2948.0667905341643   2947.707416509841
0.027491418510046592   2903.17708041888   2902.795222946212
0.028297341710866907   2855.4847612807566   2855.082104622295
0.029126890909937666   2805.160232895186   2804.7394600952225
0.029980758713939952   2752.416443312167   2751.981536923252
0.030859658033628758   2697.4711349202616   2697.027282160457
0.031764322679055976   2640.5574329528595   2640.110892244495
0.03269550797224261   2581.97373937296   2581.531696916251
0.033653991377811755   2522.0283137991837   2521.5987402251726
0.03464057315210884   2461.0192215426746   2460.6107379224263
0.03565607701135116   2399.282173033023   2398.9040621864656
0.036701350819364466   2337.1810922561035   2336.843294965424
0.03777726729548091   2275.0551710107798   2274.7681443663955
0.038884724743189276   2213.2498258219075   2213.0239349104136
0.04002464780014597   2152.1828561087714   2152.0268531618676
0.041197988210172884   2092.249784563326   2092.1706619327642
0.04240572561788674   2033.7990404083437   2033.802188097772
0.04364886838662332   1977.0867502451563   1977.1758805668615
0.04492845444033957   1922.3026459327082   1922.4798220886385
0.04624555213019635   1869.61108930899   1869.876916973405
0.04760126112654554   1819.2394019072842   1819.59064648909
0.04899671333706607   1771.567283126527   1771.991879581722
0.05043307385181555   1726.953650032083   1727.4310023900828
0.05191154191598653   1685.6287260531308   1686.13126522861
0.053433351931179485   1647.3412688822254   1647.838479094818
0.05499977448602865   1611.7155481258117   1612.1752073618702
0.05661211741704101   1578.4060639199695   1578.7941925462494
0.05827172690053434   1547.087982039141   1547.368430608125
0.05997998857658587   1517.4588420668335   1517.5932533452522
0.06173832870592997   1489.1817891624203   1489.1310109633707
0.0635482153607709   1461.7922378568599   1461.5198554034891
0.06541115965050462   1434.8258504661464   1434.2990985754775
0.06732871698337338   1407.7298832737479   1406.9248530199543
0.06930248836510605   1379.8925381959684   1378.7983505949574
0.07133412173562886   1350.6985258647503   1349.3211836037292
0.07342531334496233   1319.4719969975051   1317.8430961334811
0.07557780916945323   1285.61771955598   1283.7954273210983
0.07779340636952398   1248.7123702413708   1246.7854381044353
0.08007395479015682   1208.4887106216468   1206.5738708796189
0.08242135850536496   1165.0113648873228   1163.247432112293
0.08483757740794096   1118.5574642146855   1117.0981737616041
0.08732462884580919   1069.7601956604879   1068.7649729661812
0.08988458930634863   1019.4053865963983   1019.0293369390982
0.09251959615009227   968.4526701088225   968.8305100841638
0.09523184939525078   917.8886563991543   919.1265795028261
0.09802361355455057   868.735815441182   870.9033850306497
0.10089721952591899   822.0226763979304   825.1352512084709
0.10385506653859616   778.7166007467332   782.7277608970028
0.10689962415629803   739.626822687959   744.429134880337
0.11003343433910281   705.3978134906757   710.8252055731791
0.11325911356578279   676.2307205354898   682.0555137445479
0.11657935501835284   651.9951450555233   657.9387712823602
0.11999693083066039   632.0040111355544   637.8050770224532
0.12351469440289359   615.2822284052785   620.7208709492912
0.12713558278394044   600.5261526870984   605.4411558353144
0.13086261912358757   586.3403228159983   590.6688102862674
0.13469891519660646   571.3344849271245   575.1426041925298
0.13864767400083483   554.2973180593269   557.7811064935272
0.14271219243142114   534.4017734226572   537.8752522791585
0.14689586403346616   511.33429245699006   515.2015811622713
0.1512021818353596   485.39793211714004   490.10171595332736
0.15563474126517718   457.43743543155614   463.36020567297396
0.16019724315257297   428.71980305978525   436.1316630441916
0.1648934968186736   400.79122450843886   409.8011791956422
0.1697274232565544   375.25849386648514   385.7324661015696
0.17470305840495237   353.3913378373822   364.9458627830564
0.17982455651794954   335.70472977778195   347.8700797298599
0.18509619363343993   321.8644844178525   334.0867815622467
0.19052237114327647   310.91990975659036   322.7351074772089
0.19610761946807834   301.58255437607454   312.72957514915936
0.20185660183976684   292.3587838647198   302.8114856406607
0.20777411819498756   281.7801069055532   291.80434159611355
0.21386510918267082   268.9616853541131   279.0493879565895
0.22013466028907505   254.04448770982316   264.7446977179173
0.22658800608375756   238.00850962196293   249.7384667587024
0.23323053459001789   222.1811994515891   235.06668438895824
0.2400677917834628   207.88078894905578   221.745035945209
0.24710548622244882   196.0214495399978   210.36741914479373
0.25434949381426813   186.684030774398   200.99505547119142
0.2618058627210567   179.18348679098438   192.99461869697194
0.2694808184095226   172.3580091565783   185.52177255567165
0.27738076884870827   165.00358077980192   177.7464522310805
0.2855123098601282   156.50083902544276   169.2664549452659
0.29388223062474755   147.1194448568774   160.33978552666446
0.3024975193514008   137.66994159520436   151.51149053201854
0.31136536911138296   129.07315911131602   143.41560509773853
0.3204931838440838   121.8994375626279   136.32156879572955
0.32988858453867975   115.98300012530412   130.1345388721579
0.3395594155970457   110.64337743283166   124.38138138690202
0.34951375138319807   105.169153438241   118.64046256615143
0.3597599029647371   99.24284694415617   112.73160794783448
0.37030642505191835   93.15463773170987   106.89721330316202
0.3811621231401457   87.45911891612322   101.4088959248686
0.3923360608618501   82.48726530535357   96.41121788683517
0.4038375675538918   78.15313698429152   91.85477290140447
0.41567624604680364   74.06110118369355   87.51828591250576
0.42786198068238046   69.90211368195611   83.24828958660876
0.4404049455663077   65.71736831647328   79.08641036275647
0.4533156130627191   61.764311160738835   75.14982546574126
0.4666047625377753   58.20917107942171   71.49249349213846
0.4802834893595659   54.965649253746484   68.06432618772827
0.49436321416184764   51.84368607263129   64.78631048599364
0.5088556923793517   48.76998808745718   61.622291426889994
0.5237730240626238   45.84278622646564   58.617774676710646
0.5391276639805903   43.14429371278939   55.79181477595567
0.5549324320192869   40.638186967419024   53.122342156591046
0.5712005238854289   38.24008529115181   50.57770823554413
0.5879455221237613   35.93955006371821   48.15276467992818
0.6051814074573895   33.77950705533353   45.857012307787066
0.622922570460556   31.764498948269367   43.68673018544052
0.6411838235736077   29.858795264024728   41.62529362747409
0.6599804134701901   28.047101051925722   39.66601380025359
0.6793280337869897   26.342431673362945   37.809362989304375
0.6992428382266549   24.743787787419418   36.05113041036246
0.7197414540448374   23.236936397140287   34.383293353932075
0.7408409959326054   21.81511056220725   32.800674136793766
0.7625590803058332   20.474398526134177   31.29906009825714
0.7849138400134885   19.21097443046041   29.87442600243333
0.8079239394770964   18.021107019021702   28.522928190469848
0.8316085902740278   16.901166899299028   27.240898667266013
0.8559875671776167   15.847632469648104   26.024839155129932
0.8810812246675007   14.857089830617573   24.871411573441208
0.9069105139239728   13.92609749321535   23.77732616989939
0.9334970003205227   13.051208220695422   22.739339402260708
0.960862881429187   12.229158618640684   21.754385813473814
0.9890310055537336   11.45686977952111   20.819575466552738
1.0180248908061487   10.731437038842701   19.93218363189485
1.047868744742366   10.05012029775921   19.089641089388344
1.0785874845736239   9.41033488048424   18.289525008636666
1.1102067579703248   8.80964570312079   17.52954507693922
1.1427529644757777   8.245784207786361   16.807486279658512
1.1762532775476793   7.716621259189556   16.121232944601317
1.210735667245765   7.220140611788524   15.468797838285122
1.246228923584555   6.754433484095386   14.848314256562873
1.2827626805706884   6.31769359570216   14.258028164454792
1.3203674409449337   5.908212373907427   13.696290881336168
1.3590746016495152   5.524374328963549   13.161552271537715
1.3989164800420282   5.164651276349117   12.652337576979026
1.4399263408778291   4.827593736055215   12.167182591109835
1.4821384240834183   4.511832597946415   11.704695315876137
1.525587973344019   4.21607698622265   11.263575371315568
1.5703112655292182   3.9391101188296114   10.842607350396515
1.6163456409812174   3.6797853618344583   10.440654695925566
1.6637295346910133   3.437022471680528   10.056654059907345
1.7125025083885144   3.2098040185204115   9.689610020476184
1.7627052835733923   2.9971721101367526   9.338570411453576
1.814379775514258   2.798225268325336   9.002600364316086
1.8675691282445197   2.612115042487093   8.680822628133452
1.922317750584177   2.4380430552652843   8.372419721475834
1.9786713532176083   2.27525823997593   8.07662952344596
2.0366769868582977   2.1230542161160404   7.792741228219541
2.0963830815323896   1.9807667970992402   7.520091630317797
2.1578394870138577   1.8477716094344712   7.258060838593344
2.2210975144450407   1.723481430374106   7.006044018838972
2.286209979177315   1.6073441366858   6.763448757828921
2.3532312448676476   1.498841245849133   6.529723978904035
2.4222172688678643   1.3974859965748905   6.304358650364669
2.4932256489445366   1.302821501914138   6.086878901749931
2.5663156713684585   1.2144190030170132   5.876845379612852
2.641548360413907   1.1318762185506175   5.673850819655957
2.7189865293089923   1.0548158519996735   5.477520396300449
2.798694832679631   0.9828846956071682   5.287533179014693
2.8807398205309562   0.9157517703379382   5.103605516069257
2.9651899938111903   0.8531065760282368   4.925472264864233
3.05211586160442   0.7946578910301177   4.752885386518398
3.1415899999999994   0.7401326420686843   4.585612853410748
