0.01   688.214933639037   688.2006484940885
0.010293154462191829   696.8693297612855   696.8547603979389
0.010594902878253955   705.2956168049355   705.2808148190697
0.010905497183778876   713.4720062182137   713.4570363050722
0.011225196699963396   721.3755850168684   721.3604837495002
0.011554268350120923   728.9831586135342   728.9679310093268
0.011892986882540897   736.270999754331   736.2556270364388
0.012241635099881474   743.2139088870396   743.1983820021607
0.012600504095286909   749.7862995277196   749.7706276563089
0.012969893495426888   755.9625628700433   755.946772829196
0.013350111710660605   761.7164528984696   761.700568208885
0.013741476192534558   767.0212950738983   767.0053176609368
0.014144313698828986   771.8507151673456   771.8346241797469
0.01455896056637426   776.1782510318926   776.1620128244357
0.014985762991865008   779.9764577418686   779.9600560661993
0.01542507732090645   783.2183036129605   783.2017455309986
0.015877270345534218   785.8775382662329   785.8608518647417
0.016342719610456153   787.9281082588752   787.9113098592022
0.016821813728271667   789.3445904197475   789.3276623433333
0.017314952703931925   790.1029006942023   790.0857907657127
0.017822548268711737   790.1802681283942   790.1629065753476
0.01834502422397195   789.5551451325864   789.5374826102242
0.018882816794999403   788.2078202159058   788.18983323453
0.019436374995219892   786.1207309831391   786.1024174643711
0.02000616100108813   783.2791235992698   783.260462361962
0.020592650537967844   779.6709595524485   779.6518895529188
0.021196333277324068   775.2868028164625   775.2672243587133
0.02181771324555934   770.1212787313683   770.1010774262138
0.022457309244835088   764.174168630274   764.153255940413
0.02311565528622961   757.4483353171621   757.4266525868791
0.023793301035594242   749.9503123006356   749.9278311367304
0.024490812272480036   741.6946891145445   741.6714155361972
0.025208771362518027   732.700841981147   732.6768171846265
0.0259477777436476   722.990802666233   722.9661013741627
0.02670844842659881   712.5948014012781   712.5695288097045
0.027491418510046592   701.5529898403637   701.5272778823839
0.028297341710866907   689.9073758394402   689.8813806749854
0.029126890909937666   677.7033705536533   677.6772761418875
0.029980758713939952   664.9991825171529   664.9732286098937
0.030859658033628758   651.856223678381   651.830709836517
0.031764322679055976   638.3351398920452   638.3104183392425
0.03269550797224261   624.5095215304652   624.4859826906278
0.033653991377811755   610.4656149133212   610.4436730434023
0.03464057315210884   596.2854743760232   596.2655619744836
0.03565607701135116   582.0464823265473   582.0290397122791
0.036701350819364466   567.8230163623385   567.8084658865092
0.03777726729548091   553.684224710543   553.6729645522815
0.038884724743189276   539.6948094666756   539.6872091585296
0.04002464780014597   525.9396697200367   525.9359853231357
0.041197988210172884   512.5178892966385   512.5182003893071
0.04240572561788674   499.5190077078066   499.52323433822437
0.04364886838662332   487.01888234237947   487.02676888866637
0.04492845444033957   475.0729377825874   475.08396900047853
0.04624555213019635   463.72799496913177   463.7414040654381
0.04760126112654554   453.0194357914848   453.0342250573507
0.04899671333706607   442.93314746658785   442.94807459940785
0.05043307385181555   433.4351528045529   433.44873477549237
0.05191154191598653   424.48989538904266   424.50043648142196
0.053433351931179485   416.034153039443   416.03984266684523
0.05499977448602865   407.9952783901743   407.99423719687053
0.05661211741704101   400.2985987381011   400.2888949791509
0.05827172690053434   392.84725246816936   392.8269517103373
0.05997998857658587   385.54389669005155   385.5110878277788
0.06173832870592997   378.2766631815669   378.22966026956817
0.0635482153607709   370.91767051189856   370.8552346129759
0.06541115965050462   363.3389131875093   363.2603775055223
0.06732871698337338   355.39391561211   355.29956021345555
0.06930248836510605   346.94534784993704   346.8364662012718
0.07133412173562886   337.87290374997275   337.7519363844996
0.07342531334496233   328.08071943391826   327.951259109815
0.07557780916945323   317.5372887684838   317.40424209221067
0.07779340636952398   306.25966356642834   306.12913228377596
0.08007395479015682   294.344482954952   294.223084907613
0.08242135850536496   281.93579021041114   281.8301566213439
0.08483757740794096   269.2360346334496   269.1522877396493
0.08732462884580919   256.4661148630039   256.40944139408873
0.08988458930634863   243.86484723524387   243.838880743372
0.09251959615009227   231.67178591313458   231.6781797464697
0.09523184939525078   220.11990329961813   220.15804917127394
0.09802361355455057   209.41661301216067   209.48293594491707
0.10089721952591899   199.74662961349318   199.83387501673417
0.10385506653859616   191.22081623275614   191.31902337210178
0.10689962415629803   183.88242047101227   183.9796731229717
0.11003343433910281   177.65147937360305   177.73446166104645
0.11325911356578279   172.36586677756142   172.4209122108901
0.11657935501835284   167.75736278511843   167.7734698016453
0.11999693083066039   163.51599152682792   163.48610270519396
0.12351469440289359   159.30647139722427   159.22862670366035
0.12713558278394044   154.81415712086667   154.6928323189616
0.13086261912358757   149.7842447469133   149.63073759323004
0.13469891519660646   144.05843267342217   143.89008794293767
0.13864767400083483   137.61709089653758   137.4546739702782
0.14271219243142114   130.58012315423954   130.44493340267587
0.14689586403346616   123.18688991595113   123.09734619431609
0.1512021818353596   115.76154145645097   115.72950005510253
0.15563474126517718   108.67295532055205   108.70070910580286
0.16019724315257297   102.27502789053636   102.35345950947222
0.1648934968186736   96.8184370666808   96.92710989461479
0.1697274232565544   92.37062616533268   92.48290990903752
0.17470305840495237   88.79790884628054   88.88771051545099
0.17982455651794954   85.82496910477501   85.87168869687514
0.18509619363343993   83.11337014682037   83.10725044722727
0.19052237114327647   80.3087072972925   80.254346258241
0.19610761946807834   77.10380928708464   77.02271045387431
0.20185660183976684   73.36045042384447   73.28573940986197
0.20777411819498756   69.18783625489698   69.14948361079195
0.21386510918267082   64.87443036355515   64.89347001494586
0.22013466028907505   60.75454243554347   60.83428004094363
0.22658800608375756   57.116158491600075   57.24133868843777
0.23323053459001789   54.11534304418979   54.257792079434765
0.2400677917834628   51.70160823321622   51.82959043255667
0.24710548622244882   49.65062592151695   49.744692979267136
0.25434949381426813   47.65685276699103   47.717110029735416
0.2618058627210567   45.46548602610384   45.512444752713634
0.2694808184095226   42.99755165599668   43.0629420180429
0.27738076884870827   40.387024773317165   40.494979905531444
0.2855123098601282   37.86324966618133   38.01962986621602
0.29388223062474755   35.63089968373828   35.82043558085814
0.3024975193514008   33.76951950358935   33.964980858423694
0.31136536911138296   32.17740901005502   32.35820273346123
0.3204931838440838   30.66179680366402   30.82663367729973
0.32988858453867975   29.071337987876287   29.236661696792257
0.3395594155970457   27.384070790439903   27.571428825119547
0.34951375138319807   25.714288754580583   25.933700262521157
0.3597599029647371   24.196810916005884   24.439866224887137
0.37030642505191835   22.875705643582087   23.123449092576234
0.3811621231401457   21.68900732927139   21.93006183432223
0.3923360608618501   20.52995897944333   20.768999331357488
0.4038375675538918   19.34950097971226   19.59918614804976
0.41567624604680364   18.189599372311516   18.457000013098668
0.42786198068238046   17.11838010432355   17.398399250203347
0.4404049455663077   16.154473847144978   16.43663558272708
0.4533156130627191   15.255529717392292   15.535860102145051
0.4666047625377753   14.377251526486187   14.660856860255004
0.4802834893595659   13.520299698348461   13.81273385332636
0.49436321416184764   12.716814293544584   13.015996929306223
0.5088556923793517   11.977022192435317   12.277806195413472
0.5237730240626238   11.281094769785222   11.581890582438927
0.5391276639805903   10.611167512128063   10.914647323781711
0.5549324320192869   9.973238283700288   10.280744668835522
0.5712005238854289   9.377617271263397   9.686779928701133
0.5879455221237613   8.81930815628602   9.128554234153416
0.6051814074573895   8.288622004718897   8.598712011639435
0.622922570460556   7.785614067833341   8.096992853185068
0.6411838235736077   7.313588596942584   7.625232848226321
0.6599804134701901   6.869549899613591   7.180741479840008
0.6793280337869897   6.450727095195855   6.761309892566149
0.6992428382266549   6.055658181287811   6.365543628073706
0.7197414540448374   5.683217924040688   5.992262850149237
0.7408409959326054   5.332312668386093   5.640330491396644
0.7625590803058332   5.001880525126924   5.3086516718760866
0.7849138400134885   4.690892697211847   4.996173722741824
0.8079239394770964   4.398353323560199   4.701885299027595
0.8316085902740278   4.123266973413857   4.424795828351361
0.8559875671776167   3.864644161771609   4.163937647365278
0.8810812246675007   3.6215461612235935   3.9183922162833005
0.9069105139239728   3.3930849667874927   3.687289430329378
0.9334970003205227   3.178420715723053   3.469805393451529
0.960862881429187   2.976759229897977   3.265160265622495
0.9890310055537336   2.7873496753268725   3.07261618390156
1.0180248908061487   2.609483259113975   2.8914761703640544
1.047868744742366   2.4424959749992103   2.7210870537156455
1.0785874845736239   2.285761442378893   2.560832643671138
1.1102067579703248   2.138686247295158   2.410129232604622
1.1427529644757777   2.0007084380650038   2.268424162586891
1.1762532775476793   1.8712960809286467   2.135194437513822
1.210735667245765   1.7499458648374269   2.0099453718550104
1.246228923584555   1.6361817523066007   1.892209277861346
1.2827626805706884   1.5295531392219315   1.781544227350242
1.3203674409449337   1.4296331561970688   1.677532849499449
1.3590746016495152   1.3360187338575897   1.5797810583952578
1.3989164800420282   1.2483295605167855   1.4879168951868535
1.4399263408778291   1.1662069063935587   1.4015894236300692
1.4821384240834183   1.0893125005845716   1.320467667017431
1.525587973344019   1.0173274590054042   1.2442395863232376
1.5703112655292182   0.9499512606116114   1.1726111908607735
1.6163456409812174   0.8869007593368595   1.1053068740623164
1.6637295346910133   0.8279092614608485   1.0420678656850284
1.7125025083885144   0.7727256522415735   0.9826501513677437
1.7627052835733923   0.7211135519797093   0.9268236951885481
1.814379775514258   0.6728505125704938   0.8743717254859921
1.8675691282445197   0.6277272532925692   0.8250900480092033
1.922317750584177   0.5855469342548552   0.7787863863223682
1.9786713532176083   0.5461244192705789   0.7352793848446361
2.0366769868582977   0.5092854850968531   0.6943969132821985
2.0963830815323896   0.47486639295817124   0.6559769456674094
2.1578394870138577   0.4427133513191575   0.6198674381115057
2.2210975144450407   0.41268194394872637   0.5859257328845704
2.286209979177315   0.3846365884846465   0.5540179956026333
2.3532312448676476   0.35845002404637893   0.5240186839634625
2.4222172688678643   0.33400282929790975   0.49581003482089797
2.4932256489445366   0.31118310425225537   0.4692809961782589
2.5663156713684585   0.28988605493126945   0.4443266539922909
2.641548360413907   0.27001334960922735   0.4208487746357823
2.7189865293089923   0.25147272719692254   0.3987554470391831
2.798694832679631   0.2341776454909876   0.3779606696184037
2.8807398205309562   0.21804694795785218   0.35838396424647895
2.9651899938111903   0.20300454822144454   0.3399500155201049
3.05211586160442   0.18897906382071322   0.3225886477940138
3.1415899999999994   0.1759030278980578   0.30623693746328096
