0.01   21704.142070646096   21698.238940058087
0.010293154462191829   21885.062147041885   21878.663552402395
0.010594902878253955   22055.355115020066   22048.419086179347
0.010905497183778876   22214.374171973515   22206.851925226863
0.011225196699963396   22361.461955648145   22353.299448806894
0.011554268350120923   22495.935975853503   22487.077142329723
0.011892986882540897   22617.1202260017   22607.507548431593
0.012241635099881474   22724.34677925597   22713.921116658155
0.012600504095286909   22816.921792139616   22805.61953485969
0.012969893495426888   22894.151295182142   22881.90316777586
0.013350111710660605   22955.364167626863   22942.095487331466
0.013741476192534558   22999.89198251532   22985.522397739493
0.014144313698828986   23027.059862040333   23011.502839766785
0.01455896056637426   23036.225449016765   23019.388678918036
0.014985762991865008   23026.77861236193   23008.56421955853
0.01542507732090645   22998.10861439641   22978.411853306534
0.015877270345534218   22949.639069396424   22928.348407329242
0.016342719610456153   22880.84848058886   22857.84641220508
0.016821813728271667   22791.257621017892   22766.419732213497
0.017314952703931925   22680.43175321277   22653.625612613974
0.017822548268711737   22548.006277752505   22519.092627318412
0.01834502422397195   22393.69209673227   22362.52634553273
0.018882816794999403   22217.277811172236   22183.711765951823
0.019436374995219892   22018.636474624942   21982.52008458166
0.02000616100108813   21797.73223242064   21758.915500650823
0.020592650537967844   21554.65845719342   21512.995167727942
0.021196333277324068   21289.63484635344   21244.986050577383
0.02181771324555934   21002.975849959563   20955.211709936724
0.022457309244835088   20695.131847190587   20644.13736554125
0.02311565528622961   20366.770860291752   20312.459279722716
0.023793301035594242   20018.66704447406   19960.98252084844
0.024490812272480036   19651.6885559321   19590.606735842528
0.025208771362518027   19266.979261552755   19202.51406345891
0.0259477777436476   18865.872985734455   18798.080032443337
0.02670844842659881   18449.740390610565   18378.71490766392
0.027491418510046592   18020.13393635929   17946.016278815183
0.028297341710866907   17578.95996632262   17501.94989546898
0.029126890909937666   17128.13081616954   17048.483645341854
0.029980758713939952   16669.5552274218   16587.575132678005
0.030859658033628758   16205.539651245508   16121.574042035074
0.031764322679055976   15738.499007203569   15652.931502906507
0.03269550797224261   15270.684132479859   15183.926738498123
0.033653991377811755   14804.452991418762   14716.935741711042
0.03464057315210884   14342.429131213878   14254.588219857947
0.03565607701135116   13887.011091027092   13799.28258346961
0.036701350819364466   13440.412097908853   13353.220492778764
0.03777726729548091   13005.115248125212   12918.82876943979
0.038884724743189276   12583.486635543839   12498.403888389044
0.04002464780014597   12177.55773345228   12093.91208902705
0.041197988210172884   11788.924374389015   11706.852565453832
0.04240572561788674   11418.755184384581   11338.259621658959
0.04364886838662332   11068.00372000068   10988.964753807677
0.04492845444033957   10737.519231462176   10659.687053586515
0.04624555213019635   10428.321830736066   10351.227423725095
0.04760126112654554   10141.366035785319   10064.314091683975
0.04899671333706607   9877.276863633933   9799.37554713749
0.05043307385181555   9634.161713858759   9554.445411371758
0.05191154191598653   9408.656283353404   9326.16302564636
0.053433351931179485   9197.68282895131   9111.45649287842
0.05499977448602865   8998.616283136464   8907.721974092157
0.05661211741704101   8809.177435093867   8712.712530250348
0.05827172690053434   8627.063818650493   8524.19100968813
0.05997998857658587   8448.920614495682   8339.05759516957
0.06173832870592997   8271.193251010813   8154.078184528232
0.0635482153607709   8090.021041017114   7965.878323303829
0.06541115965050462   7900.886531999657   7770.69883499114
0.06732871698337338   7699.615736276931   7565.145199931045
0.06930248836510605   7482.378005608156   7346.334176358788
0.07133412173562886   7246.051460737358   7112.038022757038
0.07342531334496233   6989.61810520505   6861.947683692905
0.07557780916945323   6713.590518175125   6597.070238829697
0.07779340636952398   6420.397231322754   6320.0494626768605
0.08007395479015682   6113.886299649464   6034.674836856846
0.08242135850536496   5799.283130607623   5745.624960854563
0.08483757740794096   5482.511930645936   5457.952017779708
0.08732462884580919   5169.805569132669   5176.725480762264
0.08988458930634863   4867.211200944046   4906.684884526368
0.09251959615009227   4581.009887614959   4652.406298393517
0.09523184939525078   4316.973638253446   4417.835605275981
0.09802361355455057   4080.4158057843815   4206.286470371277
0.10089721952591899   3874.699326038035   4019.5328388824773
0.10385506653859616   3701.0438341475638   3857.435920576786
0.10689962415629803   3558.0345937715438   3718.113164725987
0.11003343433910281   3441.3227648845177   3597.700986202954
0.11325911356578279   3344.5623095352416   3491.056623151014
0.11657935501835284   3259.9737233181354   3392.2824522719643
0.11999693083066039   3179.087865290119   3295.8479835850703
0.12351469440289359   3093.7120826284736   3196.701096374104
0.12713558278394044   2996.6466990064123   3090.516538510633
0.13086261912358757   2883.151887972471   2975.51384505001
0.13469891519660646   2751.4919193844617   2851.9626187460885
0.13864767400083483   2603.4642929091196   2721.574318596782
0.14271219243142114   2443.8505916572835   2587.500507954849
0.14689586403346616   2279.882188376539   2454.2169512097817
0.1512021818353596   2120.5670504106056   2326.829965635889
0.15563474126517718   1975.4809641040385   2209.6952756341025
0.16019724315257297   1851.8684018320382   2106.174776240048
0.1648934968186736   1752.3099514450062   2016.1259897938935
0.1697274232565544   1674.6630203730792   1937.459150959964
0.17470305840495237   1613.6918896236912   1867.4294396822875
0.17982455651794954   1562.5020121895325   1802.0488299461053
0.18509619363343993   1512.7168333255293   1738.0675610734995
0.19052237114327647   1455.846991207363   1672.0698102462054
0.19610761946807834   1387.0001682775596   1603.3740834810424
0.20185660183976684   1306.9742782446378   1533.2601762535062
0.20777411819498756   1220.914037074414   1463.3429463661582
0.21386510918267082   1135.6869376623767   1396.1777669534888
0.22013466028907505   1058.4318510476855   1334.1040676673963
0.22658800608375756   994.1121888596566   1277.3576633397956
0.23323053459001789   943.3197033315421   1225.7717558260795
0.2400677917834628   902.6759153186963   1178.4143953700723
0.24710548622244882   866.2363339856756   1133.0979273237974
0.25434949381426813   827.5964078637256   1088.3370738734427
0.2618058627210567   783.5145814755468   1044.4853150529732
0.2694808184095226   735.1687624835081   1001.3167994261153
0.27738076884870827   686.2903905202269   959.9071151225905
0.2855123098601282   641.5103273651438   920.6270431631
0.29388223062474755   603.8163605362226   884.2385914077341
0.3024975193514008   572.5251321591389   849.9138372828864
0.31136536911138296   544.538457018672   817.2952447465294
0.3204931838440838   516.4030299282874   785.9741781577341
0.32988858453867975   486.3937077135086   755.5043017543923
0.3395594155970457   455.7305207891098   726.2963817437771
0.34951375138319807   426.86935927185897   698.5599422786943
0.3597599029647371   401.39762500684793   672.2795745052367
0.37030642505191835   379.0918498182718   647.3226034508604
0.3811621231401457   358.2373147249963   623.523241725264
0.3923360608618501   337.3937167343407   600.727351639436
0.4038375675538918   316.6189358827566   578.8361503314441
0.41567624604680364   296.92699499583796   557.9151397101427
0.42786198068238046   279.07479432435986   538.0853113533801
0.4404049455663077   262.76291694755747   519.2105820551016
0.4533156130627191   247.23145095596334   501.14855431043173
0.4666047625377753   232.10362492798242   483.7910653886432
0.4802834893595659   217.7153136280523   467.2122569136527
0.49436321416184764   204.3888599598692   451.4045106214805
0.5088556923793517   192.01723427696194   436.3278830924811
0.5237730240626238   180.27142563727122   421.86822659364856
0.5391276639805903   169.0721309518162   408.0116816128004
0.5549324320192869   158.55362155337238   394.75781657472874
0.5712005238854289   148.73576843649386   382.0793192537456
0.5879455221237613   139.49225819534635   369.92838337849014
0.6051814074573895   130.74819859991953   358.26000163178196
0.622922570460556   122.52776500918318   347.066414716074
0.6411838235736077   114.83010913263374   336.33755720050783
0.6599804134701901   107.58098046952593   326.0062352026132
0.6793280337869897   100.76531583880458   316.07256762603834
0.6992428382266549   94.36322420183859   306.52069573678017
0.7197414540448374   88.35088735564747   297.32663158341
0.7408409959326054   82.70577167243681   288.4680631050908
0.7625590803058332   77.40656461018035   279.9242321717328
0.7849138400134885   72.43311397827351   271.6758232599152
0.8079239394770964   67.76636987165885   263.7048617726502
0.8316085902740278   63.388346250028604   255.9945657249973
0.8559875671776167   59.28213438100594   248.52902642816798
0.8810812246675007   55.43177027289045   241.29336222209065
0.9069105139239728   51.82215505138204   234.27375388155386
0.9334970003205227   48.43901365258831   227.45737567748324
0.960862881429187   45.268855089284806   220.83233205946178
0.9890310055537336   42.298934235532975   214.38759949539264
1.0180248908061487   39.51721177346467   208.11291627394274
1.047868744742366   36.912300218563274   201.99839100401474
1.0785874845736239   34.47344935413925   196.03473407488045
1.1102067579703248   32.19052477080276   190.21340829847193
1.1427529644757777   30.053975485092074   184.52658652972636
1.1762532775476793   28.054803001784908   178.96711151347313
1.210735667245765   26.184531820804274   173.5284584971555
1.246228923584555   24.435181055429325   168.2047501486066
1.2827626805706884   22.79923539767525   162.9911533329156
1.3203674409449337   21.269621548150717   157.88357376795855
1.3590746016495152   19.839685635142114   152.87832692071402
1.3989164800420282   18.503170015031795   147.9721112382092
1.4399263408778291   17.25419121417594   143.1619858992334
1.4821384240834183   16.087218984187185   138.44534934499916
1.525587973344019   14.997056391093283   133.8199741502853
1.5703112655292182   13.978820577656291   129.2846836808285
1.6163456409812174   13.027925119705678   124.83901182445672
1.6637295346910133   12.14006341253434   120.48258191163103
1.7125025083885144   11.311192582550975   116.21508290728892
1.7627052835733923   10.53751824274408   112.03626002427721
1.814379775514258   9.815480060711291   107.94590555817211
1.8675691282445197   9.14173806910311   103.94388573716454
1.922317750584177   8.51315916625323   100.03080863647259
1.9786713532176083   7.9268051417226895   96.20784135626994
2.0366769868582977   7.379921773285002   92.47597898905873
2.0963830815323896   6.8699278866256135   88.83602112860885
2.1578394870138577   6.394404999576526   85.28857748537155
2.2210975144450407   5.951087546547092   81.83407383448572
2.286209979177315   5.537853613606013   78.47276839316378
2.3532312448676476   5.152715055252045   75.20506782131895
2.4222172688678643   4.793809478098029   72.03152973218641
2.4932256489445366   4.459394134499549   68.95246025188705
2.5663156713684585   4.14783860990123   65.96790520904301
2.641548360413907   3.8576178457595987   63.07766651638812
2.7189865293089923   3.5873055760450483   60.281318511510186
2.798694832679631   3.335568180301509   57.57822721497817
2.8807398205309562   3.101160280317117   54.96773487651479
2.9651899938111903   2.8829195038931386   52.4492254602883
3.05211586160442   2.6797589538442015   50.02186328310382
3.1415899999999994   2.490662341319652   47.684590639436195
