0.01   12412.891887118161   12408.575077618412
0.010293154462191829   12575.410488618014   12570.67973361708
0.010594902878253955   12734.319388043054   12729.135843557322
0.010905497183778876   12889.24873158671   12883.57115719012
0.011225196699963396   13039.806768881113   13033.59038949032
0.011554268350120923   13185.58856853453   13178.784508604815
0.011892986882540897   13326.184438735101   13318.739710642292
0.012241635099881474   13461.171091639068   13453.028446623139
0.012600504095286909   13590.106328497197   13581.204029303053
0.012969893495426888   13712.5449764393   13702.816843977194
0.013350111710660605   13828.038527448203   13817.413831313135
0.013741476192534558   13936.119428541684   13924.521723107488
0.014144313698828986   14036.31538689673   14023.66217596445
0.01455896056637426   14128.158628826064   14114.361538091554
0.014985762991865008   14211.175584484172   14196.139893326845
0.01542507732090645   14284.885471870393   14268.509505695038
0.015877270345534218   14348.817741938596   14330.993177224474
0.016342719610456153   14402.512161008886   14383.124096887594
0.016821813728271667   14445.5085902377   14424.434370674378
0.017314952703931925   14477.36141550862   14454.470746851806
0.017822548268711737   14497.647064990198   14472.80267700423
0.01834502422397195   14505.963836342633   14479.021238100462
0.018882816794999403   14501.934931827414   14472.742280558725
0.019436374995219892   14485.214719088683   14453.613828063822
0.02000616100108813   14455.49615873178   14421.323741484563
0.020592650537967844   14412.524337606206   14375.613528550371
0.021196333277324068   14356.087415042755   14316.269213421854
0.02181771324555934   14286.018376365248   14243.12326669334
0.022457309244835088   14202.234194548455   14156.095671627198
0.02311565528622961   14104.728565218735   14055.186224335612
0.023793301035594242   13993.542273881614   13940.443380137618
0.024490812272480036   13868.798424112852   13812.001548002258
0.025208771362518027   13730.760832567104   13670.142850250217
0.0259477777436476   13579.751330459216   13515.209313929936
0.02670844842659881   13416.145564659104   13347.59797462488
0.027491418510046592   13240.504099948354   13167.895936565912
0.028297341710866907   13053.506707371405   12976.81224715782
0.029126890909937666   12855.854887320156   12775.077174508166
0.029980758713939952   12648.358981145415   12563.532570374431
0.030859658033628758   12432.027642628665   12343.224433799403
0.031764322679055976   12207.880597012738   12115.208232308523
0.03269550797224261   11976.958289160397   11880.556780599658
0.033653991377811755   11740.604149285627   11640.63815671089
0.03464057315210884   11500.262164543396   11396.915315454366
0.03565607701135116   11257.299155336077   11150.770707610494
0.036701350819364466   11012.996614948004   10903.503717528549
0.03777726729548091   10768.546616073429   10656.329655785088
0.038884724743189276   10525.05574169052   10410.374864954798
0.04002464780014597   10283.639178864638   10166.76044136041
0.041197988210172884   10045.890807826416   9927.023536340466
0.04240572561788674   9813.476391064174   9692.752487143365
0.04364886838662332   9587.900344161359   9465.377668269131
0.04492845444033957   9370.322351860596   9245.979331651213
0.04624555213019635   9161.531633664852   9035.260382696159
0.04760126112654554   8962.217767308568   8833.828716812755
0.04899671333706607   8772.713892457114   8641.946541899446
0.05043307385181555   8592.48201907039   8459.027219318019
0.05191154191598653   8420.866781613462   8284.373927815888
0.053433351931179485   8257.08000167277   8117.172591368324
0.05499977448602865   8099.852997784376   7956.1684310664505
0.05661211741704101   7947.901156014987   7800.099965749503
0.05827172690053434   7799.796583065177   7647.601834353739
0.05997998857658587   7653.842478962057   7497.1000291473465
0.06173832870592997   7508.377135765069   7347.071433508898
0.0635482153607709   7361.406714475926   7195.768315216706
0.06541115965050462   7210.865739025719   7041.418221552722
0.06732871698337338   7054.611061920682   6882.266008875116
0.06930248836510605   6890.355970347028   6716.538709314801
0.07133412173562886   6716.104346257418   6542.752254115715
0.07342531334496233   6530.263420764658   6359.858859968373
0.07557780916945323   6331.850927827564   6167.346172141499
0.07779340636952398   6121.130221098522   5965.842016331008
0.08007395479015682   5899.172281069883   5756.58854868249
0.08242135850536496   5668.445525227408   5541.869116801584
0.08483757740794096   5432.038853211145   5324.423450446343
0.08732462884580919   5193.832942134769   5107.6304577221035
0.08988458930634863   4957.839513490745   4894.75716996589
0.09251959615009227   4728.101750421334   4688.860100052363
0.09523184939525078   4508.581119245865   4492.769435965193
0.09802361355455057   4302.8234341933485   4308.938917760829
0.10089721952591899   4113.871854465187   4139.210425664267
0.10385506653859616   3944.095666487292   3984.8343096467433
0.10689962415629803   3794.302645740265   3845.7919154037845
0.11003343433910281   3664.046042700915   3721.1942204248116
0.11325911356578279   3550.6174708327276   3608.7397021711718
0.11657935501835284   3450.016431322897   3505.3158647818987
0.11999693083066039   3356.8834788643508   3406.9948977725976
0.12351469440289359   3265.526725502978   3310.0297857677397
0.12713558278394044   3170.511981218559   3211.1461055229342
0.13086261912358757   3067.338740898678   3107.878874010963
0.13469891519660646   2953.1842044217333   2998.872502104489
0.13864767400083483   2827.3165790792777   2884.3968924593432
0.14271219243142114   2691.4271704227476   2766.551011456675
0.14689586403346616   2549.375929473595   2647.4961883103883
0.1512021818353596   2406.4256611742385   2530.292187653983
0.15563474126517718   2268.527049867018   2418.2596046934177
0.16019724315257297   2141.5418557761154   2313.974495626136
0.1648934968186736   2030.157480809182   2219.6159830963525
0.1697274232565544   1936.383097953258   2135.1027106825477
0.17470305840495237   1858.6603250512176   2059.0968477058873
0.17982455651794954   1792.449869121735   1989.1475998040526
0.18509619363343993   1731.854312502009   1922.2986895174488
0.19052237114327647   1670.9782531486114   1856.1312526193794
0.19610761946807834   1604.7295208175478   1789.0278260108646
0.20185660183976684   1530.155684782181   1720.064497065699
0.20777411819498756   1448.1327600621144   1650.259340171022
0.21386510918267082   1363.204609305261   1581.84924000104
0.22013466028907505   1281.1919013228194   1516.321348273668
0.22658800608375756   1207.0233357665968   1455.2051997339822
0.23323053459001789   1143.623750897704   1398.8356944220925
0.2400677917834628   1090.8407373626778   1346.7962566284139
0.24710548622244882   1045.2643109927815   1297.9095854268082
0.25434949381426813   1001.9024087132922   1250.7171228127625
0.2618058627210567   956.3514547378559   1204.2116882545306
0.2694808184095226   906.5502339076124   1158.2681861492686
0.27738076884870827   854.1476066788202   1113.2889625146772
0.2855123098601282   803.0027844659602   1070.4019804247705
0.29388223062474755   756.5890402208648   1029.6139741391094
0.3024975193514008   716.5598876492548   991.4005230500097
0.31136536911138296   681.8108186429495   955.1748910324291
0.3204931838440838   649.1948710753742   920.5030997307821
0.32988858453867975   615.9972505750212   886.8144954404528
0.3395594155970457   581.4936042929832   854.373289572873
0.34951375138319807   547.1782296897849   823.051799230804
0.3597599029647371   515.3715294052678   793.2269843611722
0.37030642505191835   487.07303147234387   764.8866222280016
0.3811621231401457   461.47354336926287   737.8988011112946
0.3923360608618501   436.89799536366684   712.0419881679164
0.4038375675538918   412.30674134304786   687.1413322838346
0.41567624604680364   388.1463709093576   663.1701526081994
0.42786198068238046   365.52955918857305   640.2937313039598
0.4404049455663077   344.8918646040956   618.5146511024687
0.4533156130627191   325.68723520036923   597.6721724003227
0.4666047625377753   307.13470284341315   577.6333606773157
0.4802834893595659   289.1215459324879   558.4074869715728
0.49436321416184764   272.09265073975365   539.9787189291574
0.5088556923793517   256.2915273839744   522.3894986867277
0.5237730240626238   241.45138686591432   505.5336885031542
0.5391276639805903   227.25271570972993   489.3180873051308
0.5549324320192869   213.71985752565212   473.7646987015275
0.5712005238854289   201.01665912846315   458.85026708408253
0.5879455221237613   189.09613891197876   444.5465710103512
0.6051814074573895   177.79622445380534   430.7926521986109
0.622922570460556   167.0836225929218   417.55519000781135
0.6411838235736077   157.00393500840178   404.836294797621
0.6599804134701901   147.5159049648714   392.6058560938434
0.6793280337869897   138.55423215709962   380.81227871493803
0.6992428382266549   130.1040800375349   369.4479526288533
0.7197414540448374   122.14117880043335   358.49051035470967
0.7408409959326054   114.63948935816542   347.91571956963844
0.7625590803058332   107.57421799454652   337.70099197607067
0.7849138400134885   100.92176695270183   327.82527001875155
0.8079239394770964   94.65968628130398   318.26892301187917
0.8316085902740278   88.76663612564144   309.0135143206314
0.8559875671776167   83.2223871436481   300.04097475531523
0.8810812246675007   78.0077267906251   291.3341616117728
0.9069105139239728   73.10439122679298   282.87717153127454
0.9334970003205227   68.4950265844526   274.6552628962391
0.960862881429187   64.16315127988571   266.65478349126397
0.9890310055537336   60.093119313999146   258.8631039655443
1.0180248908061487   56.27008444073876   251.26855420216958
1.047868744742366   52.67995496910077   243.86018726188348
1.0785874845736239   49.309356313558176   236.62762640282415
1.1102067579703248   46.14561806870917   229.56132642073914
1.1427529644757777   43.1767434092233   222.6525578345213
1.1762532775476793   40.391377584409895   215.8933614925143
1.210735667245765   37.778777570043005   209.2765060998098
1.246228923584555   35.3287828586529   202.79544831002352
1.2827626805706884   33.031786994592096   196.44439585556623
1.3203674409449337   30.87870807982713   190.21898888151935
1.3590746016495152   28.860965177774904   184.1157355892851
1.3989164800420282   26.970455062153082   178.1315291689712
1.4399263408778291   25.19952819975562   172.26362088976532
1.4821384240834183   23.540965738308795   166.50959730602426
1.525587973344019   21.987957483667593   160.86735804420877
1.5703112655292182   20.53408082510818   155.33509834466744
1.6163456409812174   19.17327874504421   149.91196976704748
1.6637295346910133   17.89983926171518   144.59867542503753
1.7125025083885144   16.70838123128763   139.39602418070305
1.7627052835733923   15.593837156529103   134.30472934814094
1.814379775514258   14.551436262560877   129.32540571205539
1.8675691282445197   13.576688384684502   124.45856687901772
1.922317750584177   12.66536863677536   119.70462296901306
1.9786713532176083   11.813502507420802   115.06396089940237
2.0366769868582977   11.017349102571309   110.53771690680573
2.0963830815323896   10.273390247458567   106.1272848585085
2.1578394870138577   9.578320214456362   101.83373204762064
2.2210975144450407   8.929033655693916   97.65780561983365
2.286209979177315   8.322614136137629   93.59994803562637
2.3532312448676476   7.756323272683427   89.66031279464252
2.4222172688678643   7.22759045552007   85.83878089010709
2.4932256489445366   6.734005240938405   82.13523894747338
2.5663156713684585   6.273310612966538   78.5499427945957
2.641548360413907   5.843388542370945   75.08286604996967
2.7189865293089923   5.442251081542976   71.73361019085938
2.798694832679631   5.068032896707422   68.50143490152335
2.8807398205309562   4.71898418691881   65.38528778988898
2.9651899938111903   4.393463973134288   62.38383332592503
3.05211586160442   4.089932841009295   59.49543241819983
3.1415899999999994   3.806935883896087   56.717554976791156
