0.01   2137.0853222609157   2137.034554962897
0.010293154462191829   2165.14598919164   2165.09467066738
0.010594902878253955   2192.5868926233306   2192.535182699116
0.010905497183778876   2219.344747292201   2219.293001755131
0.011225196699963396   2245.351765781405   2245.3002774887336
0.011554268350120923   2270.5375104948403   2270.486376594802
0.011892986882540897   2294.8306913409724   2294.7798048845707
0.012241635099881474   2318.1580457148075   2318.107209832086
0.012600504095286909   2340.4436866043825   2340.3928090979934
0.012969893495426888   2361.611281962874   2361.5603977022342
0.013350111710660605   2381.583829035493   2381.533079614238
0.013741476192534558   2400.280412938997   2400.2298989372143
0.014144313698828986   2417.619048191939   2417.5687711365645
0.01455896056637426   2433.5185148225   2433.4683752258034
0.014985762991865008   2447.89692105247   2447.846757050732
0.01542507732090645   2460.6715622768284   2460.6212007614763
0.015877270345534218   2471.761526302421   2471.7107868128287
0.016342719610456153   2481.0876030436225   2481.036293239562
0.016821813728271667   2488.570249992895   2488.5181423123995
0.017314952703931925   2494.1323211299796   2494.079146580572
0.017822548268711737   2497.700466128433   2497.6459127891812
0.01834502422397195   2499.205188239132   2499.1488453052675
0.018882816794999403   2498.5813697486674   2498.5226720405108
0.019436374995219892   2495.769267054292   2495.7074956335587
0.02000616100108813   2490.7157927805106   2490.6501210166807
0.020592650537967844   2483.3768613406933   2483.306505541483
0.021196333277324068   2473.715816619305   2473.640072291928
0.02181771324555934   2461.703733142688   2461.621976297791
0.022457309244835088   2447.326190955094   2447.237842271217
0.02311565528622961   2430.5820189462333   2430.486516593815
0.023793301035594242   2411.4781678434347   2411.3749712008134
0.024490812272480036   2390.035744617151   2389.924447441824
0.025208771362518027   2366.3000174341337   2366.1806391501905
0.0259477777436476   2340.326251140781   2340.1992708461485
0.02670844842659881   2312.179012998251   2312.045350881496
0.027491418510046592   2281.954879663631   2281.815892749463
0.028297341710866907   2249.7710618626274   2249.6285268167626
0.029126890909937666   2215.748525318621   2215.6046053839946
0.029980758713939952   2180.026931617075   2179.8842644552915
0.030859658033628758   2142.779988153025   2142.641896540389
0.031764322679055976   2104.183316765735   2104.0537722476156
0.03269550797224261   2064.4161538628828   2064.2996493816363
0.033653991377811755   2023.710127294905   2023.6111685545268
0.03464057315210884   1982.3142820522987   1982.2371436036424
0.03565607701135116   1940.4643703606375   1940.413092083554
0.036701350819364466   1898.381402203728   1898.3602570994751
0.03777726729548091   1856.2709159886474   1856.2851325643032
0.038884724743189276   1814.3237191945734   1814.3794454351867
0.04002464780014597   1772.7321118750745   1772.835743147115
0.041197988210172884   1731.7709159125707   1731.9255986198812
0.04240572561788674   1691.727355850712   1691.931986744326
0.04364886838662332   1652.8608564657623   1653.1105242885983
0.04492845444033957   1615.3714714885807   1615.659027400931
0.04624555213019635   1579.3954514244895   1579.7132630360247
0.04760126112654554   1545.0518668378681   1545.391985274426
0.04899671333706607   1512.3982878600602   1512.7520440423145
0.05043307385181555   1481.3419669101406   1481.6987287290765
0.05191154191598653   1451.7698967636984   1452.1169802942463
0.053433351931179485   1423.5462217138083   1423.8690200205676
0.05499977448602865   1396.452387394504   1396.7344488659494
0.05661211741704101   1370.267100923261   1370.4902775201303
0.05827172690053434   1344.744275279317   1344.8897565335078
0.05997998857658587   1319.591332831586   1319.6411612843347
0.06173832870592997   1294.5217472149864   1294.4594323728588
0.0635482153607709   1269.1918619091596   1269.0061078105352
0.06541115965050462   1243.2457202393123   1242.932149743714
0.06732871698337338   1216.3138520048965   1215.877536785813
0.06930248836510605   1188.0018805441393   1187.4606994243695
0.07133412173562886   1157.9655693839095   1157.350656367041
0.07342531334496233   1125.930349119221   1125.287891681994
0.07557780916945323   1091.7269200367261   1091.116337145092
0.07779340636952398   1055.4007321520203   1054.8915245125856
0.08007395479015682   1017.1364447915076   1016.8042800347594
0.08242135850536496   977.3595526774138   977.2804263631535
0.08483757740794096   936.6026076960621   936.8496215234869
0.08732462884580919   895.5348549740752   896.1754723266549
0.08988458930634863   854.8480712276236   855.9373389790222
0.09251959615009227   815.2393744196132   816.8127091740387
0.09523184939525078   777.3918775488089   779.457266318952
0.09802361355455057   741.9170613463773   744.4540388006569
0.10089721952591899   709.33967204147   712.2945440212839
0.10385506653859616   680.0682459948896   683.3552177372424
0.10689962415629803   654.2421389468979   657.74742332405
0.11003343433910281   631.7843936130031   635.3764410535024
0.11325911356578279   612.2280194773309   615.7832174623376
0.11657935501835284   594.883272514059   598.2988610692197
0.11999693083066039   578.8261481090702   582.0346283387967
0.12351469440289359   563.075122094065   566.0630739117921
0.12713558278394044   546.6930714963374   549.5120132732364
0.13086261912358757   528.9040510995032   531.6724949270647
0.13469891519660646   509.2214515809445   512.1116750740615
0.13864767400083483   487.51909963986185   490.74609644821436
0.14271219243142114   464.0884563456628   467.892917716846
0.14689586403346616   439.595167011676   444.17283667448464
0.1512021818353596   414.94674955560254   420.4265886739585
0.15563474126517718   391.16925113614565   397.5902620615802
0.16019724315257297   369.2734194616647   376.552795668328
0.1648934968186736   350.06759057317737   358.0190209377039
0.1697274232565544   333.8982916716898   342.2492725948018
0.17470305840495237   320.49671987717977   328.96582835251917
0.17982455651794954   309.08022105715065   317.44806996575335
0.18509619363343993   298.631814776879   306.77954001150704
0.19052237114327647   288.13504673684133   296.0771537801414
0.19610761946807834   276.711799360588   284.614420382571
0.20185660183976684   263.85291216318893   271.98110850144013
0.20777411819498756   249.70957589889375   258.3457278984643
0.21386510918267082   235.0652277371281   244.4108427126568
0.22013466028907505   220.92352205103296   230.9972782124237
0.22658800608375756   208.134361417879   218.7971819590122
0.23323053459001789   197.20220741696562   208.17783671044637
0.2400677917834628   188.1006568322389   199.08121729918463
0.24710548622244882   180.2417866426376   191.01132159281482
0.25434949381426813   172.76470816965008   183.27504136530578
0.2618058627210567   164.9102000718037   175.29441290111995
0.2694808184095226   156.3227258497941   166.83537824421575
0.27738076884870827   147.28666148455682   158.13139167924942
0.2855123098601282   138.4675044872353   149.70968326430204
0.29388223062474755   130.46414171031768   141.97132714028703
0.3024975193514008   123.56170073463585   135.11191220540815
0.31136536911138296   117.56970631925304   128.95881818261032
0.3204931838440838   111.94556133286704   123.12770711601121
0.32988858453867975   106.22109337294071   117.29796437646267
0.3395594155970457   100.27142001750006   111.41975306612026
0.34951375138319807   94.35420291037339   105.65756669762533
0.3597599029647371   88.86955839858608   100.27205986039287
0.37030642505191835   83.98985295941714   95.34871666365078
0.3811621231401457   79.57556478494786   90.78910230413388
0.3923360608618501   75.33782041056038   86.41793434987056
0.4038375675538918   71.09737666724227   82.13136279394891
0.41567624604680364   66.93124226231147   77.97668903404255
0.42786198068238046   63.0312507000312   74.06166301114114
0.4404049455663077   59.47253297822582   70.4151333483279
0.4533156130627191   56.16095030656253   66.97516970433252
0.4666047625377753   52.96179102253854   63.672776534411035
0.4802834893595659   49.85564614883923   60.50283515292288
0.49436321416184764   46.919221765166355   57.494656568468855
0.5088556923793517   44.19450361553613   54.664884974096765
0.5237730240626238   41.63549897009449   51.98450911324523
0.5391276639805903   39.18711028395628   49.4267042806866
0.5549324320192869   36.853539524746445   46.99435014776015
0.5712005238854289   34.66302743457596   44.69217077501656
0.5879455221237613   32.60746772912566   42.51325904914345
0.6051814074573895   30.65893476405236   40.44322932142707
0.622922570460556   28.811661958641658   38.47696337761335
0.6411838235736077   27.073548377506242   36.61470170544008
0.6599804134701901   25.43744905324707   34.85024854348173
0.6793280337869897   23.892110897967978   33.17586460685681
0.6992428382266549   22.4349786288435   31.588519001168436
0.7197414540448374   21.061868275020753   30.08397561935668
0.7408409959326054   19.768289162556417   28.657925060074767
0.7625590803058332   18.549965472607347   27.30627200096601
0.7849138400134885   17.40282770683276   26.0251259005469
0.8079239394770964   16.323004371240845   24.810791975403756
0.8316085902740278   15.306815494801734   23.659760430511092
0.8559875671776167   14.35077285344837   22.56868747457567
0.8810812246675007   13.451563626603168   21.534397334159795
0.9069105139239728   12.606038558868683   20.553879974585517
0.9334970003205227   11.811205284340366   19.624283076331544
0.960862881429187   11.064221830988835   18.74290432199539
0.9890310055537336   10.3623902951988   17.907184004195365
1.0180248908061487   9.703150665356182   17.11469754314768
1.047868744742366   9.084073009611497   16.36311787759205
1.0785874845736239   8.502851012698194   15.65019417636076
1.1102067579703248   7.957299787566054   14.973800542550125
1.1427529644757777   7.445350602232494   14.331934042809104
1.1762532775476793   6.965045446492347   13.722707378101779
1.210735667245765   6.514531798242494   13.14434200001975
1.246228923584555   6.092057586176924   12.595161645362527
1.2827626805706884   5.695966281522258   12.073579143368313
1.3203674409449337   5.324691815544228   11.578040894159763
1.3590746016495152   4.976754506849703   11.107060750547705
1.3989164800420282   4.650757049281493   10.659246193095965
1.4399263408778291   4.345380370449337   10.23329213090448
1.4821384240834183   4.059379663591462   9.827974931010049
1.525587973344019   3.791580590033551   9.442146885778131
1.5703112655292182   3.5408756451389043   9.074730968856965
1.6163456409812174   3.3062203673841544   8.724697625819969
1.6637295346910133   3.0866297942409058   8.391044004078068
1.7125025083885144   2.881176011663559   8.072828418543237
1.7627052835733923   2.6889851894888057   7.769170909393791
1.814379775514258   2.5092346631854596   7.479248781600489
1.8675691282445197   2.3411501556201535   7.202292496963152
1.922317750584177   2.184003133406818   6.937581888635005
1.9786713532176083   2.037108236673906   6.684438138501169
2.0366769868582977   1.8998203865835388   6.442177685931207
2.0963830815323896   1.77153290847184   6.210135476642362
2.1578394870138577   1.6516757628795944   5.987693819289361
2.2210975144450407   1.5397134645286028   5.774279200029417
2.286209979177315   1.4351431048280516   5.5693589374810095
2.3532312448676476   1.3374924788998646   5.372438124872682
2.4222172688678643   1.2463183130306585   5.183056845064927
2.4932256489445366   1.161204954226659   5.000793750720933
2.5663156713684585   1.081763209833578   4.825272206959223
2.641548360413907   1.0076278534187486   4.656142936979383
2.7189865293089923   0.9384560886700978   4.493079554240874
2.798694832679631   0.8739262618181065   4.335777006880328
2.8807398205309562   0.8137366407349605   4.183950139124626
2.9651899938111903   0.7576042578314197   4.037332359615944
3.05211586160442   0.7052636585814847   3.8956710201174993
3.1415899999999994   0.6564639583996098   3.758682593616689
