0.01   6209.828525437831   6209.482434295454
0.010293154462191829   6290.95684368076   6290.583614762094
0.010594902878253955   6370.348634135363   6369.94559333078
0.010905497183778876   6447.823324376822   6447.387619501913
0.011225196699963396   6523.189412336138   6522.717909138488
0.011554268350120923   6596.245520646931   6595.734707744958
0.011892986882540897   6666.7875042579   6666.233485547615
0.012241635099881474   6734.606363803468   6734.004867128382
0.012600504095286909   6799.482988390777   6798.829399053509
0.012969893495426888   6861.195660300223   6860.485031756977
0.013350111710660605   6919.5215852013325   6918.748629818975
0.013741476192534558   6974.228319557115   6973.387212015599
0.014144313698828986   7025.077705263674   7024.161950622267
0.01455896056637426   7071.833443469932   7070.835882912332
0.014985762991865008   7114.257669550154   7113.17049454163
0.01542507732090645   7152.106281955646   7150.921055067649
0.015877270345534218   7185.138950628429   7183.846632849713
0.016342719610456153   7213.120778177153   7211.711707388802
0.016821813728271667   7235.815709031654   7234.279160435946
0.017314952703931925   7252.992250325785   7251.316235262991
0.017822548268711737   7264.429474536069   7262.60079339498
0.01834502422397195   7269.915902632259   7267.920219463297
0.018882816794999403   7269.249208167167   7267.071144025715
0.019436374995219892   7262.241997778089   7259.865230520744
0.02000616100108813   7248.724560638851   7246.131910265413
0.020592650537967844   7228.550058451719   7225.723439487009
0.021196333277324068   7201.593346252764   7198.513845146315
0.02181771324555934   7167.751063037271   7164.399116100936
0.022457309244835088   7126.955038547423   7123.311237767526
0.02311565528622961   7079.176629434393   7075.2226959175205
0.023793301035594242   7024.412452824495   7020.131437938491
0.024490812272480036   6962.693602468637   6958.070255933597
0.025208771362518027   6894.119655382213   6889.141570211814
0.0259477777436476   6818.826058858441   6813.48402026819
0.02670844842659881   6736.973557873758   6731.261626250504
0.027491418510046592   6648.80087696331   6642.717721337092
0.028297341710866907   6554.61942119083   6548.169495536335
0.029126890909937666   6454.756661985711   6447.950003429515
0.029980758713939952   6349.583847997426   6342.436226371009
0.030859658033628758   6239.586417954527   6232.120457026866
0.031764322679055976   6125.269847757633   6117.514772422377
0.03269550797224261   6007.142197001447   5999.133175636442
0.033653991377811755   5885.831812111824   5877.608908826457
0.03464057315210884   5762.040442634089   5753.647651634569
0.03565607701135116   5636.437977981273   5627.922556899482
0.036701350819364466   5509.692863459376   5501.104387820241
0.03777726729548091   5382.519186957138   5373.908200016715
0.038884724743189276   5255.5930974055445   5247.010525483968
0.04002464780014597   5129.551850559674   5121.047942468887
0.041197988210172884   5005.11657105522   4996.734084431409
0.04240572561788674   4883.0201855672185   4874.791112448777
0.04364886838662332   4763.925708752023   4755.871996848928
0.04492845444033957   4648.470899261147   4640.598244926544
0.04624555213019635   4537.305280335179   4529.5914980676125
0.04760126112654554   4431.018380789026   4423.414566081835
0.04899671333706607   4330.036430588382   4322.46973553396
0.05043307385181555   4234.291616423497   4226.668853305486
0.05191154191598653   4143.591329137258   4135.8010587901235
0.053433351931179485   4057.6922627156105   4049.607418698215
0.05499977448602865   3976.0822937895005   3967.567043806754
0.05661211741704101   3898.203955196373   3889.1160651690284
0.05827172690053434   3823.4355652637623   3813.633014225632
0.05997998857658587   3750.956366037514   3740.311787185976
0.06173832870592997   3679.954387183275   3668.358278238972
0.0635482153607709   3609.4706949141296   3596.8519275440767
0.06541115965050462   3538.4674273707515   3524.8072497446124
0.06732871698337338   3465.866891799773   3451.2158719861463
0.06930248836510605   3390.442806015501   3374.9554974195994
0.07133412173562886   3311.045204600501   3294.9890828789084
0.07342531334496233   3226.5866678889006   3210.379572450525
0.07557780916945323   3136.181303026971   3120.388683688706
0.07779340636952398   3039.415658657193   3024.747909133222
0.08007395479015682   2936.2476859443072   2923.5284853183716
0.08242135850536496   2827.342602547956   2817.4377271388694
0.08483757740794096   2713.771503356686   2707.550762624543
0.08732462884580919   2597.1875177398765   2595.508284313731
0.08988458930634863   2479.457065571248   2483.0794411706374
0.09251959615009227   2362.6490231096727   2372.1144607659785
0.09523184939525078   2248.891229439127   2264.4889314723355
0.09802361355455057   2140.2096572579208   2161.9784948578836
0.10089721952591899   2038.492283444472   2066.153345814165
0.10385506653859616   1945.410400522741   1978.3442098343419
0.10689962415629803   1862.1014537425203   1899.370265554523
0.11003343433910281   1789.186164345987   1829.5845686095038
0.11325911356578279   1726.2583699040767   1768.434434094402
0.11657935501835284   1672.177778948177   1714.7623786545132
0.11999693083066039   1624.8329211771702   1666.643418770287
0.12351469440289359   1581.5987118858352   1621.8158771852966
0.12713558278394044   1539.5681593897782   1577.8822508817245
0.13086261912358757   1495.8951202923854   1532.6078968295694
0.13469891519660646   1448.187421218848   1484.1888972656193
0.13864767400083483   1394.8022921726604   1431.508072782191
0.14271219243142114   1335.2099789988529   1374.4616095143224
0.14689586403346616   1270.1459733101992   1313.8469951486595
0.1512021818353596   1201.4645477057156   1251.1886226504719
0.15563474126517718   1131.853283644942   1188.5598491888434
0.16019724315257297   1064.4528623811912   1128.3368082164375
0.1648934968186736   1002.4169890610731   1072.7138031894176
0.1697274232565544   948.2565645019399   1023.1781578186017
0.17470305840495237   903.092597170788   980.344595108644
0.17982455651794954   866.2565969891823   943.491027578152
0.18509619363343993   835.5685790279665   910.8084111008857
0.19052237114327647   808.0659633298148   880.2766841507237
0.19610761946807834   780.6116753251289   849.9632850502356
0.20185660183976684   750.3662670579347   818.2213006475029
0.20777411819498756   715.6239140547566   784.1455871701781
0.21386510918267082   676.7126120263716   748.2886187653357
0.22013466028907505   635.8759360380518   712.09898844086
0.22658800608375756   596.1288656800621   677.2664307940926
0.23323053459001789   560.2001339677352   645.2715566731705
0.2400677917834628   529.8298227441982   616.7312536786688
0.24710548622244882   505.0842581693926   591.6021105886653
0.25434949381426813   484.2644525678887   568.720053044797
0.2618058627210567   464.7268198269219   546.7879371225425
0.2694808184095226   443.97505210152536   524.7391774081852
0.27738076884870827   420.8037623244222   501.99127038960023
0.2855123098601282   395.92886408208   479.2670783648577
0.29388223062474755   371.37936762365916   457.3248648295239
0.3024975193514008   349.1463724033481   436.87080084665536
0.31136536911138296   330.2956270442659   418.3025639660092
0.3204931838440838   314.31852493627775   401.02823657554774
0.32988858453867975   299.52770426963684   384.68663285356894
0.3395594155970457   284.34206308626807   368.6788807561097
0.34951375138319807   268.22736689438125   352.8023074410869
0.3597599029647371   251.968951263959   337.4770324708476
0.37030642505191835   236.896753460193   323.0063289725186
0.3811621231401457   223.6807069928077   309.4896204402613
0.3923360608618501   211.9498319916621   296.7381632119666
0.4038375675538918   200.7286889588445   284.55828486728984
0.41567624604680364   189.3523644228987   272.7355808203201
0.42786198068238046   178.02936396276544   261.3464535638748
0.4404049455663077   167.42763173426997   250.54971832562302
0.4533156130627191   157.87305842762694   240.34404964369196
0.4666047625377753   149.07566431801934   230.64831095675262
0.4802834893595659   140.54888657296357   221.36861024564976
0.49436321416184764   132.18634096342487   212.46351235410208
0.5088556923793517   124.26781668859734   203.97725061292778
0.5237730240626238   116.97731255797542   195.92741668329614
0.5391276639805903   110.17152756520365   188.25808463604608
0.5549324320192869   103.6374162583351   180.9278966260437
0.5712005238854289   97.38201251748272   173.91852647667807
0.5879455221237613   91.52524934887504   167.2465274702723
0.6051814074573895   86.05584181321215   160.89553961705806
0.622922570460556   80.86901331195317   154.82752994425232
0.6411838235736077   75.94035481023364   149.02757294775054
0.6599804134701901   71.31083262670666   143.5011605029596
0.6793280337869897   66.96259767421951   138.22796275455778
0.6992428382266549   62.86134024527603   133.18930170392048
0.7197414540448374   58.993661242885246   128.37752646846297
0.7408409959326054   55.34836225221836   123.78086214033834
0.7625590803058332   51.914656633860034   119.38793304799128
0.7849138400134885   48.682072554081714   115.18803942776117
0.8079239394770964   45.64046604549805   111.17111327395409
0.8316085902740278   42.77997046633275   107.32761399875533
0.8559875671776167   40.090615935051844   103.64806275241541
0.8810812246675007   37.562700004827995   100.12333781819596
0.9069105139239728   35.18703475831079   96.74489965645856
0.9334970003205227   32.954923164206384   93.50475157955921
0.960862881429187   30.858134813620715   90.39540185844594
0.9890310055537336   28.88888274003787   87.40982876387461
1.0180248908061487   27.03980147024208   84.54144658388778
1.047868744742366   25.30395152226496   81.78383569258378
1.0785874845736239   23.674816142350345   79.13051009510271
1.1102067579703248   22.146226521707074   76.57537260508721
1.1427529644757777   20.71233921378009   74.11274675016706
1.1762532775476793   19.367621395768168   71.73734690435985
1.210735667245765   18.106836611686614   69.44425088894471
1.246228923584555   16.925030996151015   67.22887481377683
1.2827626805706884   15.817518972543741   65.08692952261974
1.3203674409449337   14.779861818048172   63.01421405698114
1.3590746016495152   13.807862218105507   61.00670988263464
1.3989164800420282   12.897558844495231   59.06069520299473
1.4399263408778291   12.04521438409709   57.17272689915459
1.4821384240834183   11.247304002665711   55.33962225868848
1.525587973344019   10.500504318887359   53.558442134489
1.5703112655292182   9.801682871952805   51.82647547833885
1.6163456409812174   9.147887928015876   50.14125893986913
1.6637295346910133   8.53633873570112   48.50060806723993
1.7125025083885144   7.9644167406475805   46.90252354330609
1.7627052835733923   7.429656907432009   45.345166416971495
1.814379775514258   6.929739395188828   43.82684822132161
1.8675691282445197   6.4624816337460285   42.346021676185366
1.922317750584177   6.025830784793754   40.90127191480682
1.9786713532176083   5.617856435281773   39.49131600303467
2.0366769868582977   5.236742179878523   38.11509081400967
2.0963830815323896   4.880780191508246   36.77169998812008
2.1578394870138577   4.548366505285019   35.4603249565904
2.2210975144450407   4.237995087713658   34.18021772182691
2.286209979177315   3.9482521878586283   32.93069571579228
2.3532312448676476   3.677810989822318   31.71113684527041
2.4222172688678643   3.4254265526652845   30.520974772610302
2.4932256489445366   3.189931910343783   29.359828826081657
2.5663156713684585   2.970235000537715   28.227749383781617
2.641548360413907   2.765311593986317   27.124822276988414
2.7189865293089923   2.5742008056970977   26.051081925017794
2.798694832679631   2.3960014316101765   25.006513390118403
2.8807398205309562   2.2298684765575536   23.99105448067899
2.9651899938111903   2.075009865167238   23.004597893747906
3.05211586160442   1.9306830195759201   22.046984837684178
3.1415899999999994   1.796186917856964   21.117863223456645
