0.01   140.79844088741496   140.79825761701127
0.010293154462191829   142.8406318115543   142.8404377470155
0.010594902878253955   144.85052847742057   144.85032680652589
0.010905497183778876   146.82421426109943   146.82401114778753
0.011225196699963396   148.75747304217325   148.75727428499428
0.011554268350120923   150.64574066192577   150.64554744350062
0.011892986882540897   152.48435465077432   152.48416304084765
0.012241635099881474   154.2685819429279   154.26838440198046
0.012600504095286909   155.99363341949743   155.99342580627598
0.012969893495426888   157.6546769764672   157.6544605517753
0.013350111710660605   159.2468383471532   159.24661972339544
0.013741476192534558   160.76498056457368   160.76476681858108
0.014144313698828986   162.20374618692045   162.20354045353838
0.01455896056637426   163.55777872885682   163.55757989896534
0.014985762991865008   164.82168339421338   164.82148719277615
0.01542507732090645   165.98992559225465   165.989727918445
0.015877270345534218   167.05700736467898   167.0568049094176
0.016342719610456153   168.01751266857906   168.0173028895726
0.016821813728271667   168.86600262017325   168.8657831075597
0.017314952703931925   169.59709718568496   169.59686526686212
0.017822548268711737   170.2055916930343   170.2053444434443
0.01834502422397195   170.6864318955218   170.68616724600827
0.018882816794999403   171.03469006363116   171.03440896355434
0.019436374995219892   171.24569719362034   171.24540388445928
0.02000616100108813   171.3150984954914   171.3147995985603
0.020592650537967844   171.23894134923768   171.23863934257605
0.021196333277324068   171.01367188621867   171.01336228221717
0.02181771324555934   170.63614414446317   170.6358156167024
0.022457309244835088   170.1038747796271   170.10351326630735
0.02311565528622961   169.4151556651496   169.41474999016768
0.023793301035594242   168.56877892995027   168.56832123328948
0.024490812272480036   167.56420057553905   167.5636864044081
0.025208771362518027   166.4021848441492   166.4016135825688
0.0259477777436476   165.08423200174164   165.08360692465232
0.02670844842659881   163.61238046318422   163.61170848201607
0.027491418510046592   161.99017291541094   161.98946150642277
0.028297341710866907   160.22259147011363   160.22184574265316
0.029126890909937666   158.31503829456312   158.31426093994398
0.029980758713939952   156.27395934941822   156.27315295243878
0.030859658033628758   154.1083399458239   154.10751416719862
0.031764322679055976   151.82773494299911   151.8269075428659
0.03269550797224261   149.44187501513227   149.44107072015353
0.033653991377811755   146.96235482364708   146.96159734431575
0.03464057315210884   144.40188667768496   144.4011934190835
0.03565607701135116   141.77285612007327   141.77223838976516
0.036701350819364466   139.0892443784502   139.08871128243777
0.03777726729548091   136.36892362118368   136.3684901158321
0.038884724743189276   133.62934820076424   133.62903566692614
0.04002464780014597   130.88638893037032   130.88622369189662
0.041197988210172884   128.1509251481633   128.15093047172974
0.04240572561788674   125.43113394856518   125.43132646138818
0.04364886838662332   122.73469303389304   122.73508311019947
0.04492845444033957   120.07575380757271   120.07634183723133
0.04624555213019635   117.47843311342154   117.47920375419001
0.04760126112654554   114.96573352490311   114.96665661713307
0.04899671333706607   112.55582035781745   112.55685210962228
0.05043307385181555   110.24956862675533   110.25065151648882
0.05191154191598653   108.04220407251034   108.04326749648538
0.053433351931179485   105.92890091295835   105.92986246774399
0.05499977448602865   103.9002287548747   103.90099948167983
0.05661211741704101   101.94352268208344   101.9440110284006
0.05827172690053434   100.04663073515172   100.04674298466605
0.05997998857658587   98.1943427912985   98.19398422201677
0.06173832870592997   96.36934118251996   96.36841718962387
0.0635482153607709   94.55496446572195   94.5533826500331
0.06541115965050462   92.73230497823035   92.72998650890835
0.06732871698337338   90.88242187391644   90.8793063356118
0.06930248836510605   88.98522490535507   88.981281221604
0.07133412173562886   87.01705875280092   87.01230608978112
0.07342531334496233   84.95603539989746   84.9505435653631
0.07557780916945323   82.78185367307572   82.77574414346162
0.07779340636952398   80.47757385488845   80.47101867610219
0.08007395479015682   78.03701383378045   78.03025878402339
0.08242135850536496   75.46270022184561   75.45607239814002
0.08483757740794096   72.77193733249432   72.76579279319728
0.08732462884580919   69.99437080412241   69.98904836104927
0.08988458930634863   67.16873763161283   67.16453591764987
0.09251959615009227   64.3395166536906   64.33667713948537
0.09523184939525078   61.552254317787614   61.55093737687109
0.09802361355455057   58.850419812022714   58.85069008494682
0.10089721952591899   56.27437805478013   56.27617299395244
0.10385506653859616   53.85956884418848   53.86267811894606
0.10689962415629803   51.63688891571345   51.64092071046536
0.11003343433910281   49.62702756546946   49.63144212270633
0.11325911356578279   47.836905895052396   47.84105684722672
0.11657935501835284   46.25588557412638   46.25906803294944
0.11999693083066039   44.850541774345146   44.8520537935483
0.12351469440289359   43.57086810728247   43.57012999011323
0.12713558278394044   42.35474005807015   42.35140529856679
0.13086261912358757   41.13890217793269   41.132943359327825
0.13469891519660646   39.86707998688829   39.85881487675332
0.13864767400083483   38.49721765622429   38.48729170582239
0.14271219243142114   37.00838677334352   36.99768737688194
0.14689586403346616   35.40292227461925   35.392488204366174
0.1512021818353596   33.70927951446646   33.700192435179346
0.15563474126517718   31.975853338692023   31.968961196841615
0.16019724315257297   30.26118425652252   30.256967910961308
0.1648934968186736   28.626109469083016   28.62461156708758
0.1697274232565544   27.12741864323356   27.12809323580015
0.17470305840495237   25.807752793234062   25.809523044843097
0.17982455651794954   24.679994196087563   24.68144527785958
0.18509619363343993   23.717895656391573   23.717624590774275
0.19052237114327647   22.863448744689123   22.8604557424203
0.19610761946807834   22.04979245276348   22.043738261158143
0.20185660183976684   21.21969928036411   21.210983465948374
0.20777411819498756   20.330305165660473   20.319973820682037
0.21386510918267082   19.361559871900013   19.35122660024258
0.22013466028907505   18.332488324387295   18.32363034485338
0.22658800608375756   17.29802254847953   17.291527830731926
0.23323053459001789   16.31875533723501   16.314626301737594
0.2400677917834628   15.436658774793429   15.433995455382014
0.24710548622244882   14.669720620736863   14.66713456119549
0.25434949381426813   14.006555060440387   14.002623260207061
0.2618058627210567   13.406553601879969   13.400375205645279
0.2694808184095226   12.820725296296608   12.812400237411815
0.27738076884870827   12.211788633934113   12.202437538009567
0.2855123098601282   11.570322257259898   11.561342486162376
0.29388223062474755   10.920072204728985   10.912555096876035
0.3024975193514008   10.300444316011003   10.294472748509044
0.31136536911138296   9.738102897354688   9.732899810919015
0.3204931838440838   9.239498316330472   9.233909551862284
0.32988858453867975   8.788447748028004   8.781634954168819
0.3395594155970457   8.354568131774005   8.346606584022853
0.34951375138319807   7.918145761002779   7.909825858645013
0.3597599029647371   7.479516858544499   7.47176116068146
0.37030642505191835   7.0546755354485775   7.047848764766971
0.3811621231401457   6.661862336796518   6.655542387681973
0.3923360608618501   6.304155183921306   6.297631060247301
0.4038375675538918   5.970754423607887   5.963703035342526
0.41567624604680364   5.648630177366933   5.641296809021804
0.42786198068238046   5.332590256289721   5.325507772939851
0.4404049455663077   5.028508679035604   5.021960470993371
0.4533156130627191   4.744153527551017   4.737923354122519
0.4666047625377753   4.479882887206126   4.47363509138018
0.4802834893595659   4.2301584278771065   4.223844956798496
0.49436321416184764   3.990086101751238   3.9839384984769173
0.5088556923793517   3.760309305068057   3.7545157774177262
0.5237730240626238   3.543651110651637   3.5381619395526287
0.5391276639805903   3.3404376835926373   3.3351061806991225
0.5549324320192869   3.148088805598748   3.1429198842295594
0.5712005238854289   2.9649236455277377   2.960030237616971
0.5879455221237613   2.7913466059998746   2.7867725962599015
0.6051814074573895   2.627844449261935   2.623538154954355
0.622922570460556   2.4735149079490144   2.469457345594333
0.6411838235736077   2.3273275874131283   2.323557187840464
0.6599804134701901   2.1891024086733806   2.1856413362368183
0.6793280337869897   2.058762882867127   2.055594389768768
0.6992428382266549   1.9357372475230883   1.9328563463467845
0.7197414540448374   1.8195764640432674   1.8169943841962233
0.7408409959326054   1.709982420717227   1.7076976470888372
0.7625590803058332   1.6066226827461938   1.6046315804924254
0.7849138400134885   1.5091692835254136   1.5074691075325009
0.8079239394770964   1.4173096250556112   1.4158981277435854
0.8316085902740278   1.3307458879295602   1.32962099841203
0.8559875671776167   1.2491944549863345   1.2483540208884067
0.8810812246675007   1.1723853489853546   1.1718269330182571
0.9069105139239728   1.1000617080450774   1.099782436851493
0.9334970003205227   1.031979759038437   1.0319763143265706
0.960862881429187   0.9679081493536316   0.9681767653703439
0.9890310055537336   0.9076268374280779   0.9081632082066292
1.0180248908061487   0.8509266130298321   0.8517258268402687
1.047868744742366   0.7976086570357991   0.7986651587335435
1.0785874845736239   0.7474841121488761   0.7487916889066373
1.1102067579703248   0.7003736648440632   0.7019254512507029
1.1427529644757777   0.6561070783168778   0.6578955901630545
1.1762532775476793   0.6145225709868106   0.6165397997448628
1.210735667245765   0.5754667160256252   0.5777041725698615
1.246228923584555   0.5387941741998833   0.5412429178319056
1.2827626805706884   0.5043673185431676   0.5070179948960519
1.3203674409449337   0.47205587266742316   0.47489875830590783
1.3590746016495152   0.441736562564141   0.4447616143784091
1.3989164800420282   0.41329278120648666   0.41648968703091505
1.4399263408778291   0.3866142397897092   0.3899723539088223
1.4821384240834183   0.3615966518560891   0.36510490149538877
1.525587973344019   0.338141483523385   0.3417884797905587
1.5703112655292182   0.3161556704442564   0.31992982566716927
1.6163456409812174   0.29555134239697456   0.2994409750189269
1.6637295346910133   0.2762455596694391   0.28023898748970055
1.7125025083885144   0.2581600608840077   0.26224568341531773
1.7627052835733923   0.24122101714078067   0.24538742870948618
1.814379775514258   0.22535876718204353   0.22959515683938517
1.8675691282445197   0.21050762821034855   0.21480390866043964
1.922317750584177   0.19660570940368616   0.20095243678438054
1.9786713532176083   0.18359470936939712   0.1879830146908875
2.0366769868582977   0.17141972301698452   0.17584125523002647
2.0963830815323896   0.1600290577093566   0.16447593663278098
2.1578394870138577   0.14937405828540085   0.1538388355971416
2.2210975144450407   0.13940892398458063   0.14388445515452622
2.286209979177315   0.13009053170754722   0.13456974536281002
2.3532312448676476   0.12137832963077373   0.12585425255259203
2.4222172688678643   0.11323419946293067   0.11770001480461233
2.4932256489445366   0.10562231858152797   0.11007141447453134
2.5663156713684585   0.09850902938122   0.10293503893819518
2.641548360413907   0.09186271549955385   0.09625954914056067
2.7189865293089923   0.08565368777695985   0.09001556551726095
2.798694832679631   0.07985411936912865   0.08417569608278343
2.8807398205309562   0.07443791608362002   0.07871435077743465
2.9651899938111903   0.06938057097699327   0.07360749314897627
3.05211586160442   0.06465907279683886   0.06883254913207729
3.1415899999999994   0.06025182051034901   0.06436832459540442
