0.01   8259.396728545007   8258.677165875437
0.010293154462191829   8355.3458410541   8354.578177885045
0.010594902878253955   8448.097472105068   8447.277378119059
0.010905497183778876   8537.384228698907   8536.506438660635
0.011225196699963396   8622.931693988286   8621.990316063608
0.011554268350120923   8704.454445384117   8703.44358205823
0.011892986882540897   8781.665510725108   8780.579352281828
0.012241635099881474   8854.276042227562   8853.108789444485
0.012600504095286909   8921.981895927793   8920.727068412582
0.012969893495426888   8984.474281092744   8983.124425198353
0.013350111710660605   9041.447831187183   9039.994528091325
0.013741476192534558   9092.593529817927   9091.02753254393
0.014144313698828986   9137.5971716997   9135.908594499464
0.01455896056637426   9176.151731220609   9174.330098538996
0.014985762991865008   9207.956192347257   9205.990332691772
0.01542507732090645   9232.703985297689   9230.5813928889
0.015877270345534218   9250.097016744736   9247.803712512534
0.016342719610456153   9259.852184899028   9257.372778741761
0.016821813728271667   9261.695712137644   9259.01329350869
0.017314952703931925   9255.365774142552   9252.46183364305
0.017822548268711737   9240.622135831432   9237.47668837174
0.01834502422397195   9217.248110577186   9213.839945386268
0.018882816794999403   9185.051572999502   9181.358725912783
0.019436374995219892   9143.868511407958   9139.868510144466
0.02000616100108813   9093.566485769861   9089.236512313466
0.020592650537967844   9034.058573260018   9029.375182984333
0.021196333277324068   8965.300314073333   8960.239349554746
0.02181771324555934   8887.282432355722   8881.819297327207
0.022457309244835088   8800.051092339425   8794.16226368665
0.02311565528622961   8703.729226057629   8697.395058463806
0.023793301035594242   8598.479668383654   8591.68482791884
0.024490812272480036   8484.510000310682   8477.243652966843
0.025208771362518027   8362.14048733249   8354.397274902856
0.0259477777436476   8231.755765906644   8223.536143771225
0.02670844842659881   8093.7657801074665   8085.075865010886
0.027491418510046592   7948.678584657457   7939.531700998931
0.028297341710866907   7797.127402652243   7787.546233537717
0.029126890909937666   7639.755603176602   7629.771653517218
0.029980758713939952   7477.240873399897   7466.89370243212
0.030859658033628758   7310.440942565323   7299.77754114389
0.031764322679055976   7140.242202233307   7129.3160808068005
0.03269550797224261   6967.4956774198445   6956.36583244164
0.033653991377811755   6793.146553066027   6781.876001568812
0.03464057315210884   6618.221171306406   6606.875518767158
0.03565607701135116   6443.673692945696   6432.320258155893
0.036701350819364466   6270.455627906845   6259.160280442445
0.03777726729548091   6099.694539676806   6088.513103601582
0.038884724743189276   5932.459060880143   5921.436138016383
0.04002464780014597   5769.69117136707   5758.860439429424
0.041197988210172884   5612.081686777291   5601.459497327733
0.04240572561788674   5460.132215584045   5449.713956384597
0.04364886838662332   5314.275974901242   5304.038062467917
0.04492845444033957   5175.065187647548   5164.9566253597
0.04624555213019635   5043.398013087911   5033.318857377833
0.04760126112654554   4920.129622834083   4909.932136732233
0.04899671333706607   4805.7941239256015   4795.290441868817
0.05043307385181555   4699.566537941922   4688.5525540951185
0.05191154191598653   4600.2309475253705   4588.494733594978
0.053433351931179485   4506.679082081183   4494.001468291996
0.05499977448602865   4417.941662242103   4404.097196152048
0.05661211741704101   4333.140554631618   4317.8984860757
0.05827172690053434   4251.31318802666   4234.449852462771
0.05997998857658587   4171.12876351691   4152.461961253359
0.06173832870592997   4091.2554002439074   4070.652576045315
0.0635482153607709   4010.1303580392623   3987.554160545225
0.06541115965050462   3926.019446597745   3901.566336234876
0.06732871698337338   3837.2383224406353   3811.1571280616845
0.06930248836510605   3742.0303216347643   3714.772432614924
0.07133412173562886   3638.916233560124   3611.132510412296
0.07342531334496233   3527.079790650059   3499.6313407186512
0.07557780916945323   3406.188774842891   3380.116179589686
0.07779340636952398   3276.889304794804   3253.3465067962334
0.08007395479015682   3140.3990355867263   3120.5871724518133
0.08242135850536496   2998.8265478429576   2983.8875176659817
0.08483757740794096   2854.603799023652   2845.5596205318793
0.08732462884580919   2710.4825714039657   2708.180309016505
0.08988458930634863   2569.1919566267898   2574.2372503344577
0.09251959615009227   2433.4970201972505   2446.1397791780855
0.09523184939525078   2306.085633528848   2326.139392837777
0.09802361355455057   2189.4471595179834   2216.2630095254044
0.10089721952591899   2085.4418888461214   2117.921478050719
0.10385506653859616   1995.3541331622816   2031.971470761955
0.10689962415629803   1919.0926199772393   1958.0939530446158
0.11003343433910281   1855.571430241711   1895.1164748748222
0.11325911356578279   1802.2660573415508   1840.6675641730706
0.11657935501835284   1755.9872098975845   1791.897700406193
0.11999693083066039   1712.9037385557554   1745.6132936095125
0.12351469440289359   1669.187891847017   1698.7228966884923
0.12713558278394044   1621.2967555808882   1648.4847399656646
0.13086261912358757   1566.5164778000048   1593.0259906059953
0.13469891519660646   1503.4501135178803   1531.5195579241279
0.13864767400083483   1432.2435089979383   1464.352549324607
0.14271219243142114   1354.6473709270529   1393.254608489458
0.14689586403346616   1273.642361468291   1320.6144035559016
0.1512021818353596   1193.0911460469752   1249.2977430291012
0.15563474126517718   1117.2882099464077   1182.3328610449103
0.16019724315257297   1050.2108037928588   1122.3115174461288
0.1648934968186736   994.2806857662673   1070.8056235587273
0.1697274232565544   949.5377588474383   1027.2793628999248
0.17470305840495237   913.9349081092831   990.0737820206571
0.17982455651794954   884.2476347651594   956.8649104405152
0.18509619363343993   856.697151134488   925.0960488372609
0.19052237114327647   827.2653049373329   892.3480256760948
0.19610761946807834   792.7117853035138   856.8884635009847
0.20185660183976684   752.1623313667827   818.5075424256454
0.20777411819498756   707.4727647848393   778.5216114891948
0.21386510918267082   661.9622536516495   739.083055452408
0.22013466028907505   619.2195683546217   702.0150864738798
0.22658800608375756   582.1676912978858   668.7627903289695
0.23323053459001789   552.0824778846986   639.7387940248556
0.2400677917834628   527.9255245155176   614.0373831743311
0.24710548622244882   507.0482563574072   590.3040068159789
0.25434949381426813   486.1975131293268   566.9950899641977
0.2618058627210567   462.88552814747715   543.0169396455419
0.2694808184095226   436.8512839153109   518.5593410131484
0.27738076884870827   409.79274394595103   494.36295342356635
0.2855123098601282   384.0575126781571   471.5187403748685
0.29388223062474755   361.6401687857286   450.4518978085339
0.3024975193514008   342.97631888259775   431.3623429978299
0.31136536911138296   326.72013359306607   413.49723707626714
0.3204931838440838   310.9530830417498   396.3254796030913
0.32988858453867975   294.3313603197182   379.34391035054404
0.3395594155970457   276.9291510327267   362.75894163475385
0.34951375138319807   260.0324355103078   346.8769555869725
0.3597599029647371   244.80709144464285   331.9719186835777
0.37030642505191835   231.4817419401923   318.0215118210132
0.3811621231401457   219.32171159187502   304.80540987278073
0.3923360608618501   207.34513589550477   292.11598060993333
0.4038375675538918   195.25858946002043   279.8507116452057
0.41567624604680364   183.55354397497308   268.1172423189339
0.42786198068238046   172.7923458609387   257.01942105399775
0.4404049455663077   163.03201154044578   246.52850586707586
0.4533156130627191   153.84067457905826   236.51786209981648
0.4666047625377753   144.8800492118916   226.92538460847808
0.4802834893595659   136.22871590565447   217.76326860541087
0.49436321416184764   128.1460065705105   209.05029710718213
0.5088556923793517   120.66287773706321   200.78243263574603
0.5237730240626238   113.59038466591969   192.89383807899736
0.5391276639805903   106.80952875471098   185.35198310971248
0.5549324320192869   100.38659999597306   178.168754929613
0.5712005238854289   94.38162583350474   171.3317935372085
0.5879455221237613   88.73422619423248   164.81535136164226
0.6051814074573895   83.37445161075397   158.59286367346252
0.622922570460556   78.31017338393121   152.65647457655834
0.6411838235736077   73.55411937356554   147.00051542291905
0.6599804134701901   69.07669549316552   141.5966884325527
0.6793280337869897   64.85453561229355   136.43725924835528
0.6992428382266549   60.8750516875552   131.51388643361832
0.7197414540448374   57.12590534730959   126.81333329273892
0.7408409959326054   53.59523607232764   122.32320481290614
0.7625590803058332   50.27165640596517   118.03188853041713
0.7849138400134885   47.14424574286208   113.92849993603232
0.8079239394770964   44.20254286405561   110.00283204448763
0.8316085902740278   41.43653420898819   106.24530448533721
0.8559875671776167   38.83649501679028   102.64671069838448
0.8810812246675007   36.39296052466851   99.19811792388775
0.9069105139239728   34.09695666919875   95.8911479133725
0.9334970003205227   31.93999480926836   92.71796232985241
0.960862881429187   29.91404731538969   89.67122467942988
0.9890310055537336   28.011524273194315   86.74406523726606
1.0180248908061487   26.225251257016847   83.93004871213303
1.047868744742366   24.54845052121176   81.22311425057318
1.0785874845736239   22.97475037974658   78.61715650480137
1.1102067579703248   21.498148123434202   76.10616815133305
1.1427529644757777   20.112964560626406   73.68455480615368
1.1762532775476793   18.81382799465023   71.3471135552775
1.210735667245765   17.595659470718225   69.0890055092411
1.246228923584555   16.453658587327837   66.90573063232928
1.2827626805706884   15.383289861573395   64.79310463284044
1.3203674409449337   14.380268087359456   62.747212163530065
1.3590746016495152   13.440538830414505   60.76426401060763
1.3989164800420282   12.560274394205734   58.84069425633951
1.4399263408778291   11.735865833831514   56.9732048878377
1.4821384240834183   10.963911410296383   55.15874858012653
1.525587973344019   10.24120557825248   53.39451270057517
1.5703112655292182   9.56472849429077   51.67790451682539
1.6163456409812174   8.931636025693027   50.00653752796596
1.6637295346910133   8.339250085466555   48.378260788125665
1.7125025083885144   7.785049363295968   46.79121678503443
1.7627052835733923   7.266661173395834   45.243718076492314
1.814379775514258   6.7818533398785315   43.734215099802256
1.8675691282445197   6.328526401284072   42.261287701968946
1.922317750584177   5.904706208604686   40.82363712153966
1.9786713532176083   5.508536899789281   39.42007837602149
2.0366769868582977   5.138274214202493   38.049535376018724
2.0963830815323896   4.792278277769899   36.71114337475006
2.1578394870138577   4.469007546379575   35.404269424141
2.2210975144450407   4.167014558438278   34.12834106416619
2.286209979177315   3.8849405765079292   32.88282918636103
2.3532312448676476   3.6215104095250386   31.66724437497407
2.4222172688678643   3.3755275180358204   30.481133373410675
2.4932256489445366   3.1458693883565068   29.324075671955587
2.5663156713684585   2.9314832894501985   28.195702243433573
2.641548360413907   2.731383661721976   27.095966571564908
2.7189865293089923   2.5446472472345496   26.025008188142564
2.798694832679631   2.370408040279852   24.98291022081235
2.8807398205309562   2.2078539071714536   23.969696546613225
2.9651899938111903   2.0562234197014835   22.985334672452105
3.05211586160442   1.9148028599748155   22.029738647247076
3.1415899999999994   1.7829233885015512   21.102771992662166
