0.01   12866.102739897455   12863.685208938912
0.010293154462191829   13005.686996048587   13003.060615151324
0.010594902878253955   13140.482688496924   13137.630547299397
0.010905497183778876   13270.110756063901   13267.013583476923
0.011225196699963396   13394.184646516876   13390.820138204885
0.011554268350120923   13512.316132007674   13508.658959339926
0.011892986882540897   13624.10379591181   13620.126559085327
0.012241635099881474   13729.134225718059   13724.808443214328
0.012600504095286909   13826.995847108508   13822.292076255677
0.012969893495426888   13917.274003211109   13912.161411136995
0.013350111710660605   13999.536167001392   13993.980905010922
0.013741476192534558   14073.352014790054   14067.316942481344
0.014144313698828986   14138.298896231581   14131.74367282939
0.01455896056637426   14193.946997695864   14186.828113111384
0.014985762991865008   14239.8664591363   14232.13732728457
0.01542507732090645   14275.642566702387   14267.253722475369
0.015877270345534218   14300.869619782452   14291.768441848259
0.016342719610456153   14315.14146784752   14305.271253942716
0.016821813728271667   14318.072217804209   14307.372334588921
0.017314952703931925   14309.300663388318   14297.706805364107
0.017822548268711737   14288.481926624927   14275.925521907373
0.01834502422397195   14255.296446740767   14241.704619530321
0.018882816794999403   14209.459546715176   14194.755683694835
0.019436374995219892   14150.725548122626   14134.829947822223
0.02000616100108813   14078.89132764655   14061.721921552391
0.020592650537967844   13993.797072012288   13975.270189952946
0.021196333277324068   13895.33317991295   13875.364569445304
0.02181771324555934   13783.465989679053   13761.972881327894
0.022457309244835088   13658.220993762696   13635.123396926529
0.02311565528622961   13519.674585992932   13494.896208750919
0.023793301035594242   13367.999829062326   13341.471485134925
0.024490812272480036   13203.475138254444   13175.1385532557
0.025208771362518027   13026.428296863676   12996.236743989619
0.0259477777436476   12837.262935151264   12805.182942916383
0.02670844842659881   12636.555101064543   12602.572292666437
0.027491418510046592   12424.946450344   12389.06660626519
0.028297341710866907   12203.11215954927   12165.360746020238
0.029126890909937666   11971.899765248887   11932.325569408493
0.029980758713939952   11732.297311671322   11690.97492667695
0.030859658033628758   11485.287689032839   11442.315532426472
0.031764322679055976   11231.9294144498   11187.428235510271
0.03269550797224261   10973.521563069375   10927.634168099245
0.033653991377811755   10711.353442473366   10664.242079939488
0.03464057315210884   10446.664952686799   10398.508065319324
0.03565607701135116   10180.853674071497   10131.840793599817
0.036701350819364466   9915.367087884588   9865.69460594948
0.03777726729548091   9651.537199332313   9601.405718545508
0.038884724743189276   9390.721145392868   9340.324200007577
0.04002464780014597   9134.446246998934   9083.950268725737
0.041197988210172884   8884.116916255318   8833.659909412483
0.04240572561788674   8640.94992630628   8590.641232414382
0.04364886838662332   8405.779091699073   8355.68742361513
0.04492845444033957   8179.21794406286   8129.368316439025
0.04624555213019635   7961.798186223408   7912.175242003159
0.04760126112654554   7754.228211209165   7704.742490996598
0.04899671333706607   7557.510685211528   7507.948261204005
0.05043307385181555   7372.562101404588   7322.591017682355
0.05191154191598653   7199.67332760365   7148.877330792746
0.053433351931179485   7037.231689896346   6985.202662581458
0.05499977448602865   6883.341471519329   6829.698443197571
0.05661211741704101   6736.305513412697   6680.69332345589
0.05827172690053434   6594.725924720464   6536.81350002146
0.05997998857658587   6457.3478697645805   6396.828525691528
0.06173832870592997   6322.722853218358   6259.358794551546
0.0635482153607709   6188.963771340896   6122.668200487623
0.06541115965050462   6054.231071556288   5985.08282480279
0.06732871698337338   5916.345703937706   5844.710789981665
0.06930248836510605   5773.042892917384   5699.632845305323
0.07133412173562886   5622.2038945084005   5548.118643780737
0.07342531334496233   5461.820711597542   5388.624844774005
0.07557780916945323   5290.4662620853305   5220.137937211614
0.07779340636952398   5107.849271774059   5042.722053146932
0.08007395479015682   4914.386703076713   4857.023934339063
0.08242135850536496   4711.880447192016   4664.846937248466
0.08483757740794096   4502.74350296232   4468.468455991375
0.08732462884580919   4290.414771941418   4271.032001913036
0.08988458930634863   4078.4753878218994   4075.6770169175666
0.09251959615009227   3870.655055977886   3885.4239884335752
0.09523184939525078   3670.510141691837   3703.073370681263
0.09802361355455057   3481.456589485644   3531.2463097964064
0.10089721952591899   3306.6633122770004   3372.120552096333
0.10385506653859616   3148.8214699231626   3227.4063631658696
0.10689962415629803   3009.4552283615567   3097.909593566817
0.11003343433910281   2889.13416927911   2983.6805751510856
0.11325911356578279   2786.2938318329147   2882.938939543731
0.11657935501835284   2698.172745707266   2793.0504075964955
0.11999693083066039   2620.3286257738287   2710.6430679341534
0.12351469440289359   2547.862551136745   2632.1206474031983
0.12713558278394044   2475.618031387249   2553.753026012608
0.13086261912358757   2398.9888654602682   2472.6555185556304
0.13469891519660646   2314.348427710579   2386.8613292289106
0.13864767400083483   2219.704518976413   2295.485548713985
0.14271219243142114   2115.156108932149   2199.0644230313974
0.14689586403346616   2002.7536965940553   2099.3341239490187
0.1512021818353596   1886.188019085804   1998.9166550411776
0.15563474126517718   1770.182104159793   1900.941174810963
0.16019724315257297   1659.9880193621277   1808.2120949645055
0.1648934968186736   1560.6183333563092   1723.3577184125238
0.1697274232565544   1475.6418122574244   1648.185411063832
0.17470305840495237   1405.7559970889815   1581.6155252952085
0.17982455651794954   1348.5521344670183   1522.6471632815073
0.18509619363343993   1299.7897182927156   1468.4712667968026
0.19052237114327647   1254.6900520288777   1416.5156690976266
0.19610761946807834   1208.437390599612   1364.74554639586
0.20185660183976684   1156.8650419195194   1311.4780230696365
0.20777411819498756   1098.2190082044   1256.3753059811136
0.21386510918267082   1034.3146804519033   1200.7490324633784
0.22013466028907505   969.3052147342264   1146.39846243325
0.22658800608375756   907.6037193483915   1094.8637063053088
0.23323053459001789   852.8837054943215   1047.475795292689
0.2400677917834628   806.9579296384566   1004.3204087693274
0.24710548622244882   768.9974082011604   964.5208761236784
0.25434949381426813   735.9052329760916   927.224744841196
0.2618058627210567   703.8270638903588   891.1754435843982
0.2694808184095226   669.5332292721603   855.4292978325092
0.27738076884870827   632.1641982885028   820.3241239314082
0.2855123098601282   593.5784143494888   786.0145633936318
0.29388223062474755   556.5677495800453   753.312274157653
0.3024975193514008   523.4737125240673   722.6076043534591
0.31136536911138296   495.1657761877947   694.0236746317444
0.3204931838440838   470.3179923673317   666.8060133511556
0.32988858453867975   446.63880708096906   640.8938702302487
0.3395594155970457   422.46115655155955   615.7225310112915
0.34951375138319807   397.57088618718876   591.4271358269064
0.3597599029647371   373.28059454896413   568.1965228576234
0.37030642505191835   351.03934973092566   546.1282828369172
0.3811621231401457   331.2179431150816   525.2451586800028
0.3923360608618501   313.11991737393794   505.3857347310668
0.4038375675538918   295.62685436847937   486.3832697332712
0.41567624604680364   278.25123448826315   468.09756331747803
0.42786198068238046   261.427802082025   450.59104373125234
0.4404049455663077   245.79479806808257   433.9507578118368
0.4533156130627191   231.488286596449   418.1104886697773
0.4666047625377753   218.08155464853303   402.9937235124348
0.4802834893595659   205.1711783791475   388.5267658656618
0.49436321416184764   192.75127032016366   374.65408793281716
0.5088556923793517   181.09307497091353   361.43147363033415
0.5237730240626238   170.25233506502093   348.8210582344315
0.5391276639805903   160.04880693508497   336.7651790744677
0.5549324320192869   150.32708752673855   325.219606573667
0.5712005238854289   141.1228885306677   314.16952754252253
0.5879455221237613   132.49765759305112   303.6082036208012
0.6051814074573895   124.39641396405892   293.5056522819886
0.622922570460556   116.73810138480906   283.82133018631373
0.6411838235736077   109.50979687271125   274.5363869024948
0.6599804134701901   102.72007057165278   265.6454468531105
0.6793280337869897   96.33561043717643   257.1162749131279
0.6992428382266549   90.3233214678139   248.92798790578266
0.7197414540448374   84.66687533145297   241.0671126201772
0.7408409959326054   79.34698836009657   233.5146749986099
0.7625590803058332   74.34512291127821   226.25273402390806
0.7849138400134885   69.6436427131889   219.2645429864693
0.8079239394770964   65.22577842528268   212.5344645136377
0.8316085902740278   61.075593769523856   206.04789256093832
0.8559875671776167   57.17795229014146   199.7911807430595
0.8810812246675007   53.518474327252044   193.75143931348998
0.9069105139239728   50.08345266674186   187.91573645589702
0.9334970003205227   46.85987835833756   182.27168433939173
0.960862881429187   43.835439151315946   176.80777494671057
0.9890310055537336   40.99848647112622   171.51332172147048
1.0180248908061487   38.33800357121728   166.3784050065449
1.047868744742366   35.8435749284222   161.39382198996964
1.0785874845736239   33.505356854937965   156.55104067680497
1.1102067579703248   31.31405083816496   151.84206138168378
1.1427529644757777   29.260879058284427   147.2591935998183
1.1762532775476793   27.337553662395024   142.79529140712694
1.210735667245765   25.53625114983465   138.44377915306777
1.246228923584555   23.849588865006933   134.19861750896945
1.2827626805706884   22.270602492451363   130.05427197936746
1.3203674409449337   20.792724525505978   126.0056836036485
1.3590746016495152   19.40976363290011   122.0482454099835
1.3989164800420282   18.115882450259264   118.17799227135338
1.4399263408778291   16.905578337817566   114.39165771932137
1.4821384240834183   15.773669787523128   110.68630842511034
1.525587973344019   14.715279440175452   107.05929533395737
1.5703112655292182   13.725817541684613   103.50823660277956
1.6163456409812174   12.800966201059554   100.0310012023938
1.6637295346910133   11.9366644185437   96.62569310569314
1.7125025083885144   11.129093753832581   93.29067752798657
1.7627052835733923   10.374663466606394   90.02515256709289
1.814379775514258   9.669998439701681   86.82889919155693
1.8675691282445197   9.011928272522555   83.70172698185033
1.922317750584177   8.397475637757628   80.64345410816264
1.9786713532176083   7.823845211260254   77.6539026181181
2.0366769868582977   7.288413184728752   74.73289390601094
2.0963830815323896   6.788717334355721   71.88024437126509
2.1578394870138577   6.322447352872293   69.09585438003089
2.2210975144450407   5.887434666720639   66.38018250567353
2.286209979177315   5.481645474364773   63.733789758970666
2.3532312448676476   5.103173479636032   61.15708056170841
2.4222172688678643   4.750232269259311   58.65030818645859
2.4932256489445366   4.4211481165696656   56.21358108887414
2.5663156713684585   4.114353191462836   53.846869399435974
2.641548360413907   3.8283791560512164   51.55001163544618
2.7189865293089923   3.5618519676598375   49.32288063103364
2.798694832679631   3.313487507897699   47.16566944883893
2.8807398205309562   3.082083610270004   45.07843648207467
2.9651899938111903   2.8665146087673707   43.061021095262184
3.05211586160442   2.6657267255662584   41.113060595404036
3.1415899999999994   2.478733716061189   39.23400692200415
