0.01   337.9761418375244   337.9759692462811
0.010293154462191829   341.3660287744061   341.3658477962935
0.010594902878253955   344.6004537545609   344.60026755792757
0.010905497183778876   347.66843971822345   347.66825484013134
0.011225196699963396   350.5587651398468   350.5585882404426
0.011554268350120923   353.2597280595471   353.2595591466878
0.011892986882540897   355.75965002590897   355.75948142855316
0.012241635099881474   358.04685274202023   358.04667034572907
0.012600504095286909   360.1088069385827   360.1086008622732
0.012969893495426888   361.93273525673567   361.93250491758823
0.013350111710660605   363.5061377843571   363.50589204362024
0.013741476192534558   364.81663511721797   364.8163879525393
0.014144313698828986   365.8519278823631   365.8516918173429
0.01455896056637426   366.60019111239325   366.59997661106064
0.014985762991865008   367.0499665177179   367.04978076029397
0.01542507732090645   367.1893237813994   367.1891645590205
0.015877270345534218   367.0067141063332   367.00656782637026
0.016342719610456153   366.4914245415687   366.49126669242776
0.016821813728271667   365.63332350764654   365.63312939923827
0.017314952703931925   364.4229308973417   364.42268726882793
0.017822548268711737   362.85189979064785   362.85160534160786
0.01834502422397195   360.9130485858784   360.9127098004575
0.018882816794999403   358.6002242233143   358.5998403817127
0.019436374995219892   355.908648590353   355.9082085401839
0.02000616100108813   352.83510099481003   352.8345838663776
0.020592650537967844   349.37828143512047   349.37766250374193
0.021196333277324068   345.5388072226455   345.538062558839
0.02181771324555934   341.31902464492845   341.31813142898784
0.022457309244835088   336.72367568732625   336.722615317406
0.02311565528622961   331.76091160265634   331.75967735041615
0.023793301035594242   326.44081247565276   326.43941018746426
0.024490812272480036   320.7753835984094   320.77382986967734
0.025208771362518027   314.78129362765094   314.779603868424
0.0259477777436476   308.47828546320864   308.4764673829446
0.02670844842659881   301.8871655568406   301.8852197309884
0.027491418510046592   295.0324385351473   295.030368888458
0.028297341710866907   287.94437704508164   287.9422090858183
0.029126890909937666   280.65365272238984   280.6514334193131
0.029980758713939952   273.1917045652332   273.1894990955246
0.030859658033628758   265.5975395177281   265.59542364292633
0.031764322679055976   257.9118171245286   257.90987307170616
0.03269550797224261   250.1728953246507   250.1712099544416
0.033653991377811755   242.42229909129384   242.42095459146537
0.03464057315210884   234.70602635019884   234.70508921195582
0.03565607701135116   227.06617896919093   227.0657003882701
0.036701350819364466   219.54298006945498   219.54300820797184
0.03777726729548091   212.18462299607205   212.18525574488032
0.038884724743189276   205.03688707220448   205.0382811461213
0.04002464780014597   198.13904265121485   198.14139847255245
0.041197988210172884   191.52156434103583   191.52495281064108
0.04240572561788674   185.20704175288031   185.21125184034673
0.04364886838662332   179.21394961406492   179.21851771042157
0.04492845444033957   173.5624079706429   173.56676936800164
0.04624555213019635   168.28653953626446   168.2904496375659
0.04760126112654554   163.4192948089324   163.42287893826605
0.04899671333706607   158.98375672950448   158.98742795936028
0.05043307385181555   154.95186645813806   154.95594361948082
0.05191154191598653   151.2734717214264   151.27800863129002
0.053433351931179485   147.90316123010254   147.9079679805508
0.05499977448602865   144.80030978922778   144.80495131057216
0.05661211741704101   141.92813606885196   141.93193879337505
0.05827172690053434   139.24807279842466   139.25018422520125
0.05997998857658587   136.7032309643568   136.70282442184794
0.06173832870592997   134.23453763183994   134.23086933202944
0.0635482153607709   131.7734840493417   131.76604090784218
0.06541115965050462   129.23897441321282   129.22765965625774
0.06732871698337338   126.55174293000049   126.53685747447467
0.06930248836510605   123.62670956828322   123.60888333211405
0.07133412173562886   120.38747144188109   120.36759591477976
0.07342531334496233   116.7836210613576   116.76257442101651
0.07557780916945323   112.78586053287292   112.76439156023045
0.07779340636952398   108.40197077752433   108.38080604662537
0.08007395479015682   103.66713498451455   103.64703975513572
0.08242135850536496   98.65287256943343   98.63475455572478
0.08483757740794096   93.45047111035151   93.43541572977077
0.08732462884580919   88.16839737630222   88.15771347289171
0.08988458930634863   82.91893022515735   82.9139557002068
0.09251959615009227   77.82299791378631   77.82457120487295
0.09523184939525078   73.00200730690545   73.01020891691442
0.09802361355455057   68.57557961715179   68.58957871367053
0.10089721952591899   64.63764057777975   64.65589690526042
0.10385506653859616   61.26074394506535   61.28118015095073
0.10689962415629803   58.466643325576854   58.48708280889184
0.11003343433910281   56.233413043988065   56.25188240137819
0.11325911356578279   54.48626465474047   54.50078547675057
0.11657935501835284   53.117893645082   53.12644523031615
0.11999693083066039   51.986833244402234   51.987779352329426
0.12351469440289359   50.93938090296004   50.931713433145745
0.12713558278394044   49.81522005746887   49.798824978770114
0.13086261912358757   48.471850611944696   48.447851957204456
0.13469891519660646   46.80471040194909   46.77545230039212
0.13864767400083483   44.7670355106174   44.735789427448616
0.14271219243142114   42.37915627316625   42.35000758242804
0.14689586403346616   39.72422189299394   39.70140569671861
0.1512021818353596   36.94214745888257   36.928832160618505
0.15563474126517718   34.216426642433326   34.213429691580956
0.16019724315257297   31.738491866795833   31.744328924390924
0.1648934968186736   29.649699685663634   29.66144213814873
0.1697274232565544   28.005733234364836   28.019825325750322
0.17470305840495237   26.77974833941042   26.792012183496702
0.17982455651794954   25.887253315328373   25.892991271106514
0.18509619363343993   25.19827955001267   25.193983635048376
0.19052237114327647   24.540238060966573   24.525457396004956
0.19610761946807834   23.738036602384526   23.715450964798826
0.20185660183976684   22.688500629537735   22.662692148239035
0.20777411819498756   21.395394807142317   21.371272151101113
0.21386510918267082   19.9447908123921   19.92714829152923
0.22013466028907505   18.47677805630226   18.46823192345997
0.22658800608375756   17.14611023305097   17.1454245770895
0.23323053459001789   16.06222053253734   16.065606605163026
0.2400677917834628   15.248106230719307   15.250376020676123
0.24710548622244882   14.644331802851044   14.640254751794357
0.25434949381426813   14.128272955871598   14.116105339623724
0.2618058627210567   13.563686650688059   13.5454503604303
0.2694808184095226   12.876135014050409   12.855695135148661
0.27738076884870827   12.076311856221347   12.058917979533662
0.2855123098601282   11.239754781933788   11.228286951017134
0.29388223062474755   10.473381774208312   10.46726060458223
0.3024975193514008   9.847299307895845   9.842642104325208
0.31136536911138296   9.355393694315289   9.348054047139305
0.3204931838440838   8.93499070741638   8.922735858243847
0.32988858453867975   8.50507615512501   8.48915735572571
0.3395594155970457   8.022089280657053   8.005937903234853
0.34951375138319807   7.508211054630782   7.494866940740158
0.3597599029647371   7.018731432418988   7.008694547386178
0.37030642505191835   6.597060126424956   6.58791984963647
0.3811621231401457   6.242867953705018   6.231942242001039
0.3923360608618501   5.917231198924035   5.903853379953918
0.4038375675538918   5.583510282841145   5.569283801671691
0.41567624604680364   5.239388493754935   5.226351960063682
0.42786198068238046   4.909541454011078   4.898177431342177
0.4404049455663077   4.615828876810606   4.604868406953868
0.4533156130627191   4.354059624739752   4.342069536982778
0.4666047625377753   4.1044065680207495   4.091607248535223
0.4802834893595659   3.8561142860355315   3.843695365493158
0.49436321416184764   3.616971777378454   3.6054181938239616
0.5088556923793517   3.3974878283666277   3.3862581546970714
0.5237730240626238   3.1963554696662038   3.1848234417947525
0.5391276639805903   3.0046892711212636   2.993047180256644
0.5549324320192869   2.819730426048598   2.8085435406068253
0.5712005238854289   2.6457383179677656   2.634994790822517
0.5879455221237613   2.4844903482973155   2.4738535522765073
0.6051814074573895   2.332718875403663   2.3221869957949073
0.622922570460556   2.1882741291092183   2.1780528447450416
0.6411838235736077   2.0522260277526208   2.0423896816665534
0.6599804134701901   1.9251515392158274   1.915545629725022
0.6793280337869897   1.8056408419630898   1.796269032260449
0.6992428382266549   1.6930129032374612   1.683926122741008
0.7197414540448374   1.5869503711972066   1.5781862809242795
0.7408409959326054   1.4871418295250447   1.4787267473878885
0.7625590803058332   1.3932825212168747   1.3852331801660034
0.7849138400134885   1.305075185489693   1.297400293958654
0.8079239394770964   1.222230754406534   1.2149323745256195
0.8316085902740278   1.1444658048529237   1.1375411161926634
0.8559875671776167   1.0714857261967747   1.064931704552617
0.8810812246675007   1.0030027848092864   0.9968176008697555
0.9069105139239728   0.9387463806742892   0.9329288937424904
0.9334970003205227   0.8784620575080975   0.8730113960429137
0.960862881429187   0.8219105302038002   0.8168257550239121
0.9890310055537336   0.7688667724462049   0.7641466114613723
1.0180248908061487   0.7191195097177858   0.7147620751597465
1.047868744742366   0.6724732065325961   0.6684751329421031
1.0785874845736239   0.6287449799561814   0.6251011372607994
1.1102067579703248   0.5877618809874218   0.5844655823502319
1.1427529644757777   0.5493604035420836   0.5464036063313955
1.1762532775476793   0.5133860343889294   0.5107595285569578
1.210735667245765   0.47969281929846974   0.4773864031722617
1.246228923584555   0.44814289902942217   0.44614553974737947
1.2827626805706884   0.4186055660699104   0.41690551367637096
1.3203674409449337   0.3909572244969863   0.38954213454997333
1.3590746016495152   0.36508150181824284   0.3639385762141661
1.3989164800420282   0.3408688630167498   0.339984977896071
1.4399263408778291   0.3182162330497559   0.31757805387873816
1.4821384240834183   0.2970266384582285   0.29662072308333937
1.525587973344019   0.2772088703800026   0.27702176059099615
1.5703112655292182   0.258677217728747   0.2586955160515134
1.6163456409812174   0.24135113762765978   0.24156157637461892
1.6637295346910133   0.22515490370194938   0.22554440978875737
1.7125025083885144   0.21001733343149356   0.2105730846027405
1.7627052835733923   0.19587153181987096   0.19658100479439827
1.814379775514258   0.18265464830140948   0.18350565950652645
1.8675691282445197   0.1703076458061072   0.17128838643041852
1.922317750584177   0.15877506835265315   0.15987416481415853
1.9786713532176083   0.1480048365106575   0.14921140019349657
2.0366769868582977   0.1379480706581632   0.13925169954032804
2.0963830815323896   0.12855890537642176   0.12994968148738897
2.1578394870138577   0.11979431281952764   0.12126279824230622
2.2210975144450407   0.11161393573793121   0.11315116723922024
2.286209979177315   0.10397992932367624   0.10557741242835295
2.3532312448676476   0.0968567935566859   0.09850653322056878
2.4222172688678643   0.09021122962909998   0.09190576566699143
2.4932256489445366   0.08401203845489484   0.08574441617418957
2.5663156713684585   0.07822999588071977   0.07999373441847724
2.641548360413907   0.07283773244989014   0.074626796060999
2.7189865293089923   0.06780962013288934   0.06961839203139607
2.798694832679631   0.06312166584062523   0.06494492410916215
2.8807398205309562   0.05875143339688037   0.06058431254358561
2.9651899938111903   0.05467796140781196   0.0565159066430161
3.05211586160442   0.050881626937752125   0.0527203842788451
3.1415899999999994   0.0473440589332176   0.04917966858452068
