0.01   203.62557312570294   203.62557430905426
0.010293154462191829   205.30341352065747   205.30341352765814
0.010594902878253955   206.871327246036   206.87132544747354
0.010905497183778876   208.32209360153684   208.32208973066744
0.011225196699963396   209.64855098158512   209.6485451483557
0.011554268350120923   210.84356592215133   210.84355863176725
0.011892986882540897   211.89994617366528   211.8999383573983
0.012241635099881474   212.8106377924203   212.81063081661452
0.012600504095286909   213.56870667729189   213.56870225756313
0.012969893495426888   214.1665664502423   214.16656576686313
0.013350111710660605   214.5963955484739   214.59639872462284
0.013741476192534558   214.85069933936816   214.85070542957374
0.014144313698828986   214.92232029428092   214.92232781725158
0.01455896056637426   214.804452368813   214.8044602801066
0.014985762991865008   214.4907836683241   214.49079146703068
0.01542507732090645   213.9754218812965   213.97542951371372
0.015877270345534218   213.25218208836966   213.25218932406938
0.016342719610456153   212.3152136162444   212.3152198067555
0.016821813728271667   211.15943100534048   211.15943507625389
0.017314952703931925   209.78054875657972   209.78054857604434
0.017822548268711737   208.17513717284623   208.17512878178536
0.01834502422397195   206.34072253193355   206.34070017334633
0.018882816794999403   204.275820262221   204.27577691692795
0.019436374995219892   201.97990544257183   201.97983475717328
0.02000616100108813   199.45353946588975   199.45343626307272
0.020592650537967844   196.69846643758922   196.6983266865364
0.021196333277324068   193.71815685164592   193.71797713202557
0.02181771324555934   190.51772188533343   190.51749894149498
0.022457309244835088   187.10342476452428   187.10315552972943
0.02311565528622961   183.48328071571237   183.48296270994388
0.023793301035594242   179.66811390233573   179.66774624113722
0.024490812272480036   175.66990910365143   175.6694925827865
0.025208771362518027   171.50166786140318   171.50120496617754
0.0259477777436476   167.17979179810249   167.17928795458545
0.02670844842659881   162.72262625872307   162.72209036358595
0.027491418510046592   158.1485583847093   158.14800239355307
0.028297341710866907   153.4783099197275   153.4777495355675
0.029126890909937666   148.73671206891174   148.73616829620866
0.029980758713939952   143.9478659074498   143.94736440601795
0.030859658033628758   139.13527047091873   139.1348395526259
0.031764322679055976   134.32640422608202   134.32606671021335
0.03269550797224261   129.54857920463272   129.5483497435487
0.033653991377811755   124.82641476841931   124.82630112353036
0.03464057315210884   120.18730692543026   120.18732755850444
0.03565607701135116   115.66237708746276   115.66258137857815
0.036701350819364466   111.2787205543775   111.27918548710936
0.03777726729548091   107.05875784219391   107.0595606922015
0.038884724743189276   103.01935049750107   103.02046669312223
0.04002464780014597   99.17366254423287   99.17495225437628
0.041197988210172884   95.5326332303906   95.5338650494701
0.04240572561788674   92.11597499226195   92.11696926602858
0.04364886838662332   88.95011467400732   88.95085581787286
0.04492845444033957   86.05747038783768   86.05808897885514
0.04624555213019635   83.44381393027813   83.44451517474708
0.04760126112654554   81.08679386528483   81.08774067106185
0.04899671333706607   78.96322036761094   78.96452564978314
0.05043307385181555   77.05174023268694   77.05343922292191
0.05191154191598653   75.33172761859842   75.33371352268328
0.053433351931179485   73.78421155681502   73.78623965716302
0.05499977448602865   72.3835530963544   72.3852959224109
0.05661211741704101   71.0964509528697   71.09755523100837
0.05827172690053434   69.8893029324854   69.88941594457049
0.05997998857658587   68.71781571058558   68.7167172877036
0.06173832870592997   67.5356229937358   67.53326610854292
0.0635482153607709   66.29152020602777   66.28801297956606
0.06541115965050462   64.93018603679272   64.9257734608405
0.06732871698337338   63.401838539078014   63.3968415812462
0.06930248836510605   61.66420739619096   61.65891812566559
0.07133412173562886   59.68884852870611   59.68349021509337
0.07342531334496233   57.470181559273506   57.464844586211825
0.07557780916945323   55.01800300480339   55.012722107854884
0.07779340636952398   52.3618446993711   52.356771121872264
0.08007395479015682   49.54614356467076   49.54158279711148
0.08242135850536496   46.63113065753976   46.62756005576676
0.08483757740794096   43.684237810403   43.682182950888006
0.08732462884580919   40.77669461948428   40.776595814663374
0.08988458930634863   37.98941807044285   37.99140855939276
0.09251959615009227   35.39506322548998   35.39895626047027
0.09523184939525078   33.063184311753474   33.06852682238346
0.09802361355455057   31.046734685497874   31.05291735514667
0.10089721952591899   29.372590030559124   29.379062874869334
0.10385506653859616   28.04469061580884   28.05097919618716
0.10689962415629803   27.035033259408806   27.040674556176654
0.11003343433910281   26.294613625492218   26.29911081349437
0.11325911356578279   25.754086499178516   25.75689446965567
0.11657935501835284   25.327277810084595   25.327926304250767
0.11999693083066039   24.919933163624844   24.91814118575616
0.12351469440289359   24.43533867573541   24.431127788806716
0.12713558278394044   23.790877611740527   23.78456882405204
0.13086261912358757   22.930090023703908   22.922385054707146
0.13469891519660646   21.83308086128876   21.825129013901506
0.13864767400083483   20.521831992293   20.51505953499221
0.14271219243142114   19.061409512260283   19.05702495530773
0.14689586403346616   17.554107290075528   17.5526430356444
0.1512021818353596   16.12016638312872   16.121410844460094
0.15563474126517718   14.866417847620708   14.869790969240137
0.16019724315257297   13.856998437005304   13.861854986183081
0.1648934968186736   13.107411683321141   13.112813073441027
0.1697274232565544   12.594875115597732   12.599341990941904
0.17470305840495237   12.262545790952826   12.264614828855095
0.17982455651794954   12.017597801866659   12.016682912731508
0.18509619363343993   11.746638340647293   11.743124520440066
0.19052237114327647   11.355463137317416   11.350140294858045
0.19610761946807834   10.803009243205578   10.797014801685837
0.20185660183976684   10.10423325959359   10.099262133434276
0.20777411819498756   9.324693845771094   9.322105256148943
0.21386510918267082   8.562297532014773   8.56235949927542
0.22013466028907505   7.909049407391322   7.911167986703826
0.22658800608375756   7.4152100642557075   7.417980501950075
0.23323053459001789   7.078849789274385   7.080707343400532
0.2400677917834628   6.84697191955918   6.84675686630841
0.24710548622244882   6.634151256382751   6.631727495916194
0.25434949381426813   6.365851330163571   6.36190032899427
0.2618058627210567   6.010735127688369   6.0066662833304525
0.2694808184095226   5.588202427473167   5.585538334127677
0.27738076884870827   5.160862052412671   5.160036658069593
0.2855123098601282   4.794729597488739   4.79516161631331
0.29388223062474755   4.518315833324148   4.51886691231963
0.3024975193514008   4.315140808357728   4.3144523691077925
0.31136536911138296   4.135821251261258   4.133621322033292
0.3204931838440838   3.931069708547189   3.9281087474154823
0.32988858453867975   3.6873862410478777   3.6847136574810606
0.3395594155970457   3.4292665825750546   3.427649782347159
0.34951375138319807   3.1955645975098848   3.1947994048669255
0.3597599029647371   3.008065638361679   3.007273805128204
0.37030642505191835   2.855347134595631   2.8537617900627827
0.3811621231401457   2.707912610005104   2.7055926643065136
0.3923360608618501   2.5471342294846138   2.5447727618970712
0.4038375675538918   2.3791715617228113   2.3773148289449737
0.41567624604680364   2.2243714733097724   2.222932366270846
0.42786198068238046   2.092863274266777   2.091304194094718
0.4404049455663077   1.9764150758873231   1.9744157025671973
0.4533156130627191   1.8605814925153603   1.8583717610736314
0.4666047625377753   1.7427286241340554   1.7407023584656542
0.4802834893595659   1.631261812507399   1.6294450813072587
0.49436321416184764   1.5321552148999589   1.530271107046507
0.5088556923793517   1.4413671928981744   1.4392787337122108
0.5237730240626238   1.3528160919748273   1.350675683639244
0.5391276639805903   1.2669586805569872   1.2649200540354852
0.5549324320192869   1.1875804591147465   1.185564291933845
0.5712005238854289   1.1147014794764047   1.1125943676059324
0.5879455221237613   1.0453918585782906   1.0432443120521968
0.6051814074573895   0.9790792071442066   0.9769664609693954
0.622922570460556   0.9172936382503911   0.9151996307333716
0.6411838235736077   0.8593843870630712   0.8572927748393696
0.6599804134701901   0.805005482957545   0.8029084033140632
0.6793280337869897   0.7539429130322408   0.7518365958745211
0.6992428382266549   0.7059960618029294   0.7038800292646975
0.7197414540448374   0.6609768188712148   0.6588531937513382
0.7408409959326054   0.6187087502764879   0.6165816610447227
0.7625590803058332   0.5790264466191195   0.5769014941023046
0.7849138400134885   0.541778400705901   0.5396614717722429
0.8079239394770964   0.5068259105998915   0.5047221427887484
0.8316085902740278   0.47403748055510375   0.47195129425366067
0.8559875671776167   0.44328824617122914   0.4412234301185614
0.8810812246675007   0.41445971823895406   0.4124195053831266
0.9069105139239728   0.38743952958036043   0.385426664275717
0.9334970003205227   0.3621211774993062   0.36013797751667687
0.960862881429187   0.33840312901500297   0.33645174786933
0.9890310055537336   0.3161883254260689   0.31427109060255054
1.0180248908061487   0.2953851894955447   0.29350453924985637
1.047868744742366   0.27590745670913014   0.27406585224744845
1.0785874845736239   0.2576738857722316   0.25587373978288497
1.1102067579703248   0.2406079835979864   0.23885160303278694
1.1427529644757777   0.22463774430072503   0.222927285528332
1.1762532775476793   0.20969546910556622   0.2080329067640129
1.210735667245765   0.19571760978264724   0.19410471817310965
1.246228923584555   0.18264436409263068   0.18108269821497622
1.2827626805706884   0.17041944255342478   0.16891032491364172
1.3203674409449337   0.15898987729669606   0.15753439081988055
1.3590746016495152   0.14830584017104925   0.1469048262168209
1.3989164800420282   0.13832046973128484   0.13697453032698487
1.4399263408778291   0.1289896889849416   0.12769918542247238
1.4821384240834183   0.12027200692171408   0.11903704437033588
1.525587973344019   0.1121284368387992   0.11094887775975669
1.5703112655292182   0.1045223705824619   0.10339785578865698
1.6163456409812174   0.09741944104470047   0.09634941041518182
1.6637295346910133   0.09078739204610958   0.08977110472222731
1.7125025083885144   0.08459595524898977   0.08363250917244505
1.7627052835733923   0.07881673563090535   0.07790508048719194
1.814379775514258   0.07342310943178876   0.07256203389463656
1.8675691282445197   0.06839011059196595   0.06757825844746031
1.922317750584177   0.06369432852976595   0.06293022620880341
1.9786713532176083   0.05931381598834704   0.058595897124277374
2.0366769868582977   0.05522800198462989   0.054554629230604695
2.0963830815323896   0.051417609598925024   0.05078709394278355
2.1578394870138577   0.04786457632542115   0.04727519167087572
2.2210975144450407   0.04455196580617599   0.04400194339470563
2.286209979177315   0.04146391221983057   0.04095144942234522
2.3532312448676476   0.038585565481323636   0.03810884537340187
2.4222172688678643   0.03590302867455548   0.03546023672176355
2.4932256489445366   0.033403299066642175   0.032992637138194975
2.5663156713684585   0.031074212609030753   0.03069391063531458
2.641548360413907   0.028904392996876197   0.028552719122585956
2.7189865293089923   0.026883219151105614   0.026558495516769545
2.798694832679631   0.025000769131698984   0.024701381621596467
2.8807398205309562   0.023247760956508753   0.022972160478289653
2.9651899938111903   0.021615512835026635   0.021362215852500394
3.05211586160442   0.02009590611154779   0.01986349470321501
3.1415899999999994   0.018681350353210155   0.018468471861613503
