0.01   17189.496667207968   17179.43420675934
0.010293154462191829   17399.473430903025   17388.445081834623
0.010594902878253955   17604.181380572725   17592.098937856008
0.010905497183778876   17803.119553994286   17789.887022981806
0.011225196699963396   17995.778134345335   17981.29156589895
0.011554268350120923   18181.638602355855   18165.785939862846
0.011892986882540897   18360.155964331603   18342.816000197527
0.012241635099881474   18530.77312095743   18511.815139435315
0.012600504095286909   18692.93087511488   18672.21476111648
0.012969893495426888   18846.052016934562   18823.427499792604
0.013350111710660605   18989.538380721955   18964.844101130522
0.013741476192534558   19122.793975175635   19095.857740042127
0.014144313698828986   19245.221973834214   19215.86050872183
0.01455896056637426   19356.20590243747   19324.222622114718
0.014985762991865008   19455.132900610915   19420.317808245334
0.01542507732090645   19541.402514084133   19503.532809112952
0.015877270345534218   19614.408737096757   19573.24762682748
0.016342719610456153   19673.54683086479   19628.842841008645
0.016821813728271667   19718.234803151863   19669.722926124457
0.017314952703931925   19747.91028464752   19695.311991501247
0.017822548268711737   19762.02246938857   19705.043724098592
0.01834502422397195   19760.05214170866   19698.384659729003
0.018882816794999403   19741.518536244905   19674.84168269063
0.019436374995219892   19705.9814675112   19633.962893084303
0.02000616100108813   19653.04620561887   19575.34349804983
0.020592650537967844   19582.368655162143   19498.6321910491
0.021196333277324068   19493.673675452457   19403.551395765833
0.02181771324555934   19386.768446507816   19289.911948539546
0.022457309244835088   19261.522426116564   19157.590541251142
0.02311565528622961   19117.88078559564   19006.543756517385
0.023793301035594242   18955.929595681122   18836.87689662916
0.024490812272480036   18775.84564377688   18648.79071238227
0.025208771362518027   18577.872131480162   18442.555825023494
0.0259477777436476   18362.41360687928   18218.619585252276
0.02670844842659881   18130.042540127906   17977.61305796345
0.027491418510046592   17881.387442346946   17720.22461377042
0.028297341710866907   17617.19159436885   17447.260047657393
0.029126890909937666   17338.483382022932   17159.818844177862
0.029980758713939952   17046.365883582985   16859.074701788737
0.030859658033628758   16741.967441594603   16546.22456646283
0.031764322679055976   16426.648314682814   16222.71270485478
0.03269550797224261   16101.918587830445   15890.140907741974
0.033653991377811755   15769.250606018555   15550.064775127812
0.03464057315210884   15430.283366485666   15204.191798697784
0.03565607701135116   15087.081109664428   14854.631920388232
0.036701350819364466   14741.652298497906   14503.427863503157
0.03777726729548091   14395.849052856562   14152.459812694202
0.038884724743189276   14051.227998064052   13803.327818299962
0.04002464780014597   13709.14520620393   13457.433357548709
0.041197988210172884   13370.852742423316   13116.062498754336
0.04240572561788674   13038.093077387279   12780.905552445935
0.04364886838662332   12713.354293689263   12454.279207735202
0.04492845444033957   12398.949427271404   12138.323744687948
0.04624555213019635   12096.783198284833   11834.776327621064
0.04760126112654554   11807.699471544203   11544.301568884774
0.04899671333706607   11532.16436992942   11267.192889969836
0.05043307385181555   11270.520087911389   11003.634831091496
0.05191154191598653   11022.22189179454   10752.964782952466
0.053433351931179485   10786.139967899358   10513.966057843607
0.05499977448602865   10561.172955824606   10285.464435987764
0.05661211741704101   10345.737808672357   10065.886162648374
0.05827172690053434   10137.942181988194   9853.40826417048
0.05997998857658587   9935.94472656559   9646.277433647172
0.06173832870592997   9737.529154603504   9442.476897599214
0.0635482153607709   9540.436972308233   9239.988233625654
0.06541115965050462   9342.244618368504   9036.741781974719
0.06732871698337338   9140.104767145847   8830.450736875076
0.06930248836510605   8931.283140991793   8618.983857877545
0.07133412173562886   8712.830771238909   8400.267148572024
0.07342531334496233   8482.019180811747   8172.470925387459
0.07557780916945323   8236.834576269915   7934.404042559659
0.07779340636952398   7975.952789689945   7685.451707273828
0.08007395479015682   7699.5900097703225   7426.478493831788
0.08242135850536496   7409.291530749995   7159.534419688555
0.08483757740794096   7108.107048529229   6887.335341377456
0.08732462884580919   6800.161179240895   6613.064643378542
0.08988458930634863   6490.399607680078   6340.657024523607
0.09251959615009227   6183.977156666253   6074.154675768035
0.09523184939525078   5886.100051050343   5817.081636865533
0.09802361355455057   5601.671466624051   5572.554834671911
0.10089721952591899   5335.350385016184   5343.436928291499
0.10385506653859616   5090.929221381325   5131.734890152237
0.10689962415629803   4871.399351434283   4938.369942528926
0.11003343433910281   4677.993484129291   4763.315427719265
0.11325911356578279   4509.956826727853   4605.473250860079
0.11657935501835284   4364.046044796805   4462.130704448985
0.11999693083066039   4235.109912858315   4329.4348075334
0.12351469440289359   4116.320427838035   4203.108068999178
0.12713558278394044   4000.4880554482556   4079.0375518017013
0.13086261912358757   3880.6427065154107   3953.5859741152817
0.13469891519660646   3751.1101086015865   3824.0758662260596
0.13864767400083483   3608.15972975144   3689.3817462206985
0.14271219243142114   3450.7502965568938   3550.370611392436
0.14689586403346616   3280.95090495003   3408.6280486609976
0.1512021818353596   3103.4021063242103   3266.539319040089
0.15563474126517718   2924.562390811634   3127.270587504332
0.16019724315257297   2751.7900009074992   2994.2418590929883
0.1648934968186736   2592.442661935795   2869.9776662215177
0.1697274232565544   2452.4508055514684   2756.0517542427856
0.17470305840495237   2334.5079913780287   2652.9259347635584
0.17982455651794954   2236.9072467780843   2558.948567084316
0.18509619363343993   2154.1368872915755   2471.106686276723
0.19052237114327647   2078.9700746118815   2386.9924440338436
0.19610761946807834   2004.188446252854   2304.3380836035876
0.20185660183976684   1923.43316980483   2222.1726176546977
0.20777411819498756   1832.7813239121106   2139.2876048207418
0.21386510918267082   1732.9675459661714   2056.455074493337
0.22013466028907505   1629.3363694324037   1975.5094079015107
0.22658800608375756   1528.9093380845486   1898.3645288379594
0.23323053459001789   1437.708005985391   1825.5593640116952
0.2400677917834628   1359.4691002681784   1757.9365056268218
0.24710548622244882   1294.3087010789336   1694.253060709775
0.25434949381426813   1238.3379200984714   1634.1317606680093
0.2618058627210567   1185.71788218992   1576.2677804811456
0.2694808184095226   1130.9175055669918   1519.7334347376989
0.27738076884870827   1071.280525090018   1464.6372766964148
0.2855123098601282   1008.4488276422368   1411.3929519688534
0.29388223062474755   946.8653394836242   1360.172423066057
0.3024975193514008   890.6698759745298   1311.416394749249
0.31136536911138296   842.0194520765945   1265.5579699468644
0.3204931838440838   799.8811148583724   1221.4096067663959
0.32988858453867975   760.6739283609353   1179.5673219695113
0.3395594155970457   721.1362017355126   1139.0408271435717
0.34951375138319807   680.2009444231011   1099.9641662536837
0.3597599029647371   639.3942130069773   1062.3667337428417
0.37030642505191835   601.3844866392476   1026.4924339296338
0.3811621231401457   567.4619981778684   992.2835837619356
0.3923360608618501   536.8506927424266   959.7122164019863
0.4038375675538918   507.684930052729   928.466154662536
0.41567624604680364   478.6685627395894   898.347592747806
0.42786198068238046   450.1630144997775   869.378699937934
0.4404049455663077   423.3926867743243   841.6631544074345
0.4533156130627191   398.92261554828366   815.1859666829451
0.4666047625377753   376.2243115617247   789.8381231325255
0.4802834893595659   354.412783557884   765.4788372919263
0.49436321416184764   333.28496813039004   742.0219446589575
0.5088556923793517   313.2848521477486   719.4930794328181
0.5237730240626238   294.7128310216917   697.9326751906912
0.5391276639805903   277.31299520273393   677.2159562057147
0.5549324320192869   260.7228511799108   657.2637039100242
0.5712005238854289   244.92754759277287   638.0233972525497
0.5879455221237613   230.09595105026608   619.525300298922
0.6051814074573895   216.19490008699194   601.7302118293676
0.622922570460556   203.04962344707025   584.5517049150217
0.6411838235736077   190.60462508842724   567.950075352477
0.6599804134701901   178.90031263651946   551.9362837047835
0.6793280337869897   167.89606264966193   536.46719690322
0.6992428382266549   157.52728610289128   521.4844670173259
0.7197414540448374   147.7605800867371   506.9779176561851
0.7408409959326054   138.56463450773714   492.918899622739
0.7625590803058332   129.9094669260985   479.27911830857056
0.7849138400134885   121.76636960498766   466.03228577927507
0.8079239394770964   114.107881572908   453.15399303798233
0.8316085902740278   106.90775878368129   440.6215931304569
0.8559875671776167   100.14092344401668   428.4140600358773
0.8810812246675007   93.78313336539632   416.5113374389795
0.9069105139239728   87.81109134561464   404.8944093059157
0.9334970003205227   82.20271596568053   393.54574765200164
0.960862881429187   76.93709459525344   382.44924651289296
0.9890310055537336   71.99442820782427   371.5901446845599
1.0180248908061487   67.35597834153366   360.95495417339083
1.047868744742366   63.00401615397323   350.53139367941793
1.0785874845736239   58.92178423498947   340.3085085550431
1.1102067579703248   55.09348445442557   330.27726011389467
1.1427529644757777   51.50418613726808   320.4297673408445
1.1762532775476793   48.13976820008342   310.75898196559297
1.210735667245765   44.9868804953529   301.25864502525116
1.246228923584555   42.032906607326176   291.92324508143565
1.2827626805706884   39.265928072553855   282.7479777813927
1.3203674409449337   36.67468985869435   273.7287255235992
1.3590746016495152   34.248558837434416   264.86321538374887
1.3989164800420282   31.97749006458906   256.151496103833
1.4399263408778291   29.852011461329024   247.5939274841742
1.4821384240834183   27.86319523904662   239.19097411172967
1.525587973344019   26.002629237854084   230.94318800610367
1.5703112655292182   24.262389579245088   222.85119154410398
1.6163456409812174   22.63501458713066   214.91566069291144
1.6637295346910133   21.113479731261048   207.13752434849053
1.7125025083885144   19.69117228214163   199.51983533271545
1.7627052835733923   18.36187014695376   192.06651015859003
1.814379775514258   17.11972165020618   184.7809570764334
1.8675691282445197   15.959225017914978   177.66607429902712
1.922317750584177   14.87520886854896   170.7242665202368
1.9786713532176083   13.8628136848515   163.95746234441884
2.0366769868582977   12.917474224503035   157.36713264993367
2.0963830815323896   12.034901417587129   150.9546218712147
2.1578394870138577   11.211064225577365   144.721738926081
2.2210975144450407   10.442179065973699   138.66986303631595
2.286209979177315   9.72469629713105   132.79977521289973
2.3532312448676476   9.055286500183513   127.11169626181749
2.4222172688678643   8.43082750968628   121.60532473014563
2.4932256489445366   7.848392156188483   116.27987456762617
2.5663156713684585   7.305236839424493   111.13411870731866
2.641548360413907   6.798794306801463   106.16658516324233
2.7189865293089923   6.326662325481057   101.3755704704616
2.798694832679631   5.886589211543497   96.75897887373408
2.8807398205309562   5.4764647440192435   92.31435155294723
2.9651899938111903   5.09431180450769   88.03890468603595
3.05211586160442   4.738278468030029   83.92956598958308
3.1415899999999994   4.406630524187319   79.9830096426878
