0.01   2542.5929840148397   2542.5332012680187
0.010293154462191829   2573.7641792532813   2573.7044262035292
0.010594902878253955   2604.157732513497   2604.0979065218794
0.010905497183778876   2633.6997381331807   2633.6399387317483
0.011225196699963396   2662.3150153991637   2662.2555708387254
0.011554268350120923   2689.92700008654   2689.868424084123
0.011892986882540897   2716.454560514914   2716.39721786643
0.012241635099881474   2741.814486825735   2741.7584498476704
0.012600504095286909   2765.923236193332   2765.8682791836595
0.012969893495426888   2788.6950413209374   2788.640855577897
0.013350111710660605   2810.0416071909303   2809.988079104849
0.013741476192534558   2829.875000208863   2829.822235383131
0.014144313698828986   2848.107018188793   2848.0552809043297
0.01455896056637426   2864.645947614449   2864.5953924730675
0.014985762991865008   2879.400438967009   2879.3510384185192
0.01542507732090645   2892.280975092878   2892.232523768488
0.015877270345534218   2903.197454575135   2903.149705425462
0.016342719610456153   2912.0601647487283   2912.012944787118
0.016821813728271667   2918.7827612195274   2918.735976641463
0.017314952703931925   2923.2817969539765   2923.235353372334
0.017822548268711737   2925.475524979221   2925.429117958513
0.01834502422397195   2925.2868702105648   2925.239952319969
0.018882816794999403   2922.644437370429   2922.596234852754
0.019436374995219892   2917.482743484869   2917.432395615918
0.02000616100108813   2909.7429839413116   2909.689622654925
0.020592650537967844   2899.3738539272713   2899.316609567311
0.021196333277324068   2886.3343143357547   2886.272307540373
0.02181771324555934   2870.595607673657   2870.5279324711573
0.022457309244835088   2852.138213253096   2852.0639416624304
0.02311565528622961   2830.9538246924635   2830.8720453166165
0.023793301035594242   2807.0549810784864   2806.9649863383243
0.024490812272480036   2780.4676575937115   2780.3690080928213
0.025208771362518027   2751.2276787352876   2751.1202041973156
0.0259477777436476   2719.3947742388586   2719.2787266852624
0.02670844842659881   2685.0535556775744   2684.929771137481
0.027491418510046592   2648.296954658531   2648.1668309858746
0.028297341710866907   2609.234936361589   2609.100442043852
0.029126890909937666   2568.019766616292   2567.8835628548586
0.029980758713939952   2524.8148071932746   2524.680225207281
0.030859658033628758   2479.7871784934478   2479.6581675238776
0.031764322679055976   2433.138322851467   2433.019602764409
0.03269550797224261   2385.091863653263   2384.989001211955
0.033653991377811755   2335.8658613617417   2335.7851667666896
0.03464057315210884   2285.7031161412415   2285.6513451340275
0.03565607701135116   2234.90950785949   2234.8933359169264
0.036701350819364466   2183.782684989855   2183.808608070991
0.03777726729548091   2132.597150580992   2132.671481577522
0.038884724743189276   2081.583615622904   2081.7126289031235
0.04002464780014597   2030.9430784064439   2031.133061642207
0.041197988210172884   1980.8611412856726   1981.1183435539751
0.04240572561788674   1931.596060906566   1931.9253331286964
0.04364886838662332   1883.516558411135   1883.919462633603
0.04492845444033957   1836.965441930331   1837.440443987062
0.04624555213019635   1792.2250588230365   1792.7676971334877
0.04760126112654554   1749.4206724540409   1750.022903004842
0.04899671333706607   1708.621598675943   1709.2718488259136
0.05043307385181555   1669.87877448119   1670.5623070489012
0.05191154191598653   1633.1116352159224   1633.8110447081385
0.053433351931179485   1598.1528584742894   1598.8484387728233
0.05499977448602865   1564.83933103705   1565.509321154188
0.05661211741704101   1532.9366195263372   1533.5583513829138
0.05827172690053434   1502.1644904948507   1502.7152226179685
0.05997998857658587   1472.2502362246157   1472.707515334562
0.06173832870592997   1442.8655052818197   1443.2091990881638
0.0635482153607709   1413.675650561988   1413.8887283596364
0.06541115965050462   1384.3215848462705   1384.3921819975965
0.06732871698337338   1354.3814703216574   1354.306605406574
0.06930248836510605   1323.4502081514172   1323.2368938626228
0.07133412173562886   1291.0908695676253   1290.762173658914
0.07342531334496233   1256.8991735668246   1256.4952947253266
0.07557780916945323   1220.576628967088   1220.1552347534234
0.07779340636952398   1181.926881766478   1181.5621723311356
0.08007395479015682   1140.9820354366743   1140.7657343399485
0.08242135850536496   1097.9712907125522   1098.0113542528488
0.08483757740794096   1053.3465299519355   1053.7517710174857
0.08732462884580919   1007.7187781663457   1008.5874047058854
0.08988458930634863   961.8210011338568   963.2394951305229
0.09251959615009227   916.417286738418   918.4574187537008
0.09523184939525078   872.2792853851951   874.9842989931609
0.09802361355455057   830.1336467534185   833.5139611890361
0.10089721952591899   790.6707007804954   794.7014541099536
0.10385506653859616   754.4524995202579   759.0702335408251
0.10689962415629803   721.9226199069349   727.0137077250712
0.11003343433910281   693.2638766668891   698.6808529358518
0.11325911356578279   668.3643594926823   673.9436293258519
0.11657935501835284   646.7434692423428   652.3228355562421
0.11999693083066039   627.6379216474189   633.0732459021809
0.12351469440289359   610.035840429436   615.2351431270431
0.12713558278394044   592.8717316910718   597.8123237141908
0.13086261912358757   575.1126260687953   579.8533370501624
0.13469891519660646   555.917679999979   560.5970537343328
0.13864767400083483   534.7340747786   539.5677523501184
0.14271219243142114   511.40739576635485   516.6769868596056
0.14689586403346616   486.2441772493527   492.23289477255537
0.1512021818353596   459.93229487317365   466.8758691078832
0.15563474126517718   433.42907224869566   441.4829077369026
0.16019724315257297   407.8247681821113   417.0351467473629
0.1648934968186736   384.20982150749103   394.4783583238739
0.1697274232565544   363.4633428588532   374.5489469676611
0.17470305840495237   345.9845169640009   357.5567820330195
0.17982455651794954   331.52031178176446   343.2257809857182
0.18509619363343993   319.25395624194266   330.7952987934403
0.19052237114327647   308.11438856790403   319.331554489006
0.19610761946807834   297.03192442230306   307.92707250664057
0.20185660183976684   285.0640300868278   295.8325044212757
0.20777411819498756   271.62933616286415   282.5844167494059
0.21386510918267082   256.83673348330467   268.3197761860458
0.22013466028907505   241.47832457359328   253.72312743762697
0.22658800608375756   226.5947051284386   239.65362342372273
0.23323053459001789   213.07834618197023   226.78581729586548
0.2400677917834628   201.48301150533297   215.54045435630766
0.24710548622244882   191.8260438255005   205.8458809468329
0.25434949381426813   183.53094979986568   197.25195278358544
0.2618058627210567   175.73247520170872   189.08048592409378
0.2694808184095226   167.610802439449   180.72861102175253
0.27738076884870827   158.7722776886714   171.95675887843123
0.2855123098601282   149.46028935782482   162.97380103311278
0.29388223062474755   140.33320974391003   154.24870540124434
0.3024975193514008   132.00468021272044   146.19771370128927
0.31136536911138296   124.794388426612   139.02460599411583
0.3204931838440838   118.54923521123463   132.55248587523178
0.32988858453867975   112.73848398595203   126.46751864812389
0.3395594155970457   106.87872819023002   120.43526128025093
0.34951375138319807   100.81180696286509   114.38445825434383
0.3597599029647371   94.76396117389342   108.46657091310014
0.37030642505191835   89.13061391888537   102.91421036663456
0.3811621231401457   84.1030505655638   97.81545410597423
0.3923360608618501   79.56620417524708   93.0897356923899
0.4038375675538918   75.24362837520272   88.5781042163355
0.41567624604680364   70.94315032832073   84.1788150484355
0.42786198068238046   66.71838533482531   79.92709370708293
0.4404049455663077   62.75080126529372   75.91250007483535
0.4533156130627191   59.12413258262457   72.15928754091026
0.4666047625377753   55.760050525104646   68.62318777674511
0.4802834893595659   52.52737829467165   65.2437186246656
0.49436321416184764   49.396058403478776   62.00358963952854
0.5088556923793517   46.43185684682103   58.929168032869065
0.5237730240626238   43.67931867473979   56.03329672580206
0.5391276639805903   41.10050934874957   53.29185777095639
0.5549324320192869   38.64169597627769   50.68296092729073
0.5712005238854289   36.300685873905586   48.20164729690375
0.5879455221237613   34.10250716015313   45.85309852420319
0.6051814074573895   32.04223812461987   43.631073278031685
0.622922570460556   30.09398356772796   41.521825594534825
0.6411838235736077   28.249514559534703   39.51968061363114
0.6599804134701901   26.51482917624502   37.62364278231351
0.6793280337869897   24.8838767552874   35.82762434618383
0.6992428382266549   23.34713533226049   34.12433477496832
0.7197414540448374   21.89962163723982   32.51004712009375
0.7408409959326054   20.536694701789475   30.980191486320123
0.7625590803058332   19.253912750475788   29.53033961579528
0.7849138400134885   18.04702257853891   28.156286898355763
0.8079239394770964   16.911955457265545   26.85404235369563
0.8316085902740278   15.844822752822843   25.619818937567178
0.8559875671776167   14.841908425756515   24.45002173887271
0.8810812246675007   13.899619632780476   23.34120025991855
0.9069105139239728   13.014503172601628   22.290054448656537
0.9334970003205227   12.18328608379244   21.29346456647843
0.960862881429187   11.402868686033576   20.34848267031585
0.9890310055537336   10.670316393543418   19.45232330735638
1.0180248908061487   9.982851847349561   18.602354690016536
1.047868744742366   9.337847358670746   17.79609032905474
1.0785874845736239   8.732819265544986   17.03116573931131
1.1102067579703248   8.165426197399023   16.305278057685683
1.1427529644757777   7.633455366725289   15.616241012123428
1.1762532775476793   7.134813959609992   14.962000186304373
1.210735667245765   6.6675234087124275   14.34062459476617
1.246228923584555   6.229713881148031   13.750298819611407
1.2827626805706884   5.819618977311334   13.189315673715676
1.3203674409449337   5.435570615815649   12.656068732193594
1.3590746016495152   5.075992869195167   12.149007126073782
1.3989164800420282   4.7393969648270655   11.666614363854361
1.4399263408778291   4.4243790348178145   11.207467307994431
1.4821384240834183   4.129615882434285   10.770235248759926
1.525587973344019   3.853860733916815   10.353673306715617
1.5703112655292182   3.5959391850949602   9.956616346234773
1.6163456409812174   3.354745336016624   9.577973357584426
1.6637295346910133   3.1292380774786075   9.216718186122508
1.7125025083885144   2.918437337368123   8.871849068254521
1.7627052835733923   2.7214209413986308   8.54240765197549
1.814379775514258   2.537321614136221   8.227500096108932
1.8675691282445197   2.3653239384384714   7.926292586323006
1.922317750584177   2.2046614641202753   7.638006918519477
1.9786713532176083   2.054613961982541   7.361916441567904
2.0366769868582977   1.9145048169746643   7.097342320331258
2.0963830815323896   1.7836983446881676   6.84363454495075
2.1578394870138577   1.6615971017579627   6.600139673667223
2.2210975144450407   1.5476403204129863   6.36624242675469
2.286209979177315   1.441301905734667   6.1413722066230605
2.3532312448676476   1.3420884024331898   5.9249997564371855
2.4222172688678643   1.2495370725995167   5.716634104942678
2.4932256489445366   1.1632140789798622   5.515819769866952
2.5663156713684585   1.0827127913526506   5.322134848760616
2.641548360413907   1.0076527159432827   5.1352051475254425
2.7189865293089923   0.9376778165448241   4.954700601701174
2.798694832679631   0.8724543700768049   4.7803136077975505
2.8807398205309562   0.8116696199205022   4.611756570441837
2.9651899938111903   0.7550305367836359   4.448760586109259
3.05211586160442   0.7022626464485486   4.291074219629018
3.1415899999999994   0.6531089213012721   4.138462365624089
