0.01   4982.094151272526   4981.887972495849
0.010293154462191829   5027.769084558386   5027.560749919193
0.010594902878253955   5071.1306111523545   5070.92057894936
0.010905497183778876   5112.022585865367   5111.810978608619
0.011225196699963396   5150.288830697007   5150.075452375004
0.011554268350120923   5185.768528175962   5185.55311529606
0.011892986882540897   5218.299493686648   5218.0818522044965
0.012241635099881474   5247.721820573026   5247.501829629236
0.012600504095286909   5273.872227215368   5273.6498139478645
0.012969893495426888   5296.580002177713   5296.355095567161
0.013350111710660605   5315.677842234093   5315.450369073026
0.013741476192534558   5331.002408930834   5330.772277398192
0.014144313698828986   5342.387243493177   5342.154234769361
0.01455896056637426   5349.669541096607   5349.433266890997
0.014985762991865008   5352.694789583295   5352.454693328622
0.01542507732090645   5351.310625941609   5351.065986358559
0.015877270345534218   5345.365794978414   5345.115731499114
0.016342719610456153   5334.72048081244   5334.463959758742
0.016821813728271667   5319.2464942868955   5318.982290948525
0.017314952703931925   5298.822323217703   5298.5488222845415
0.017822548268711737   5273.34020859324   5273.055360714439
0.01834502422397195   5242.7096683403015   5242.411013883915
0.018882816794999403   5206.857132830814   5206.541860912923
0.019436374995219892   5165.727190517456   5165.392201215372
0.02000616100108813   5119.285292073104   5118.927232257321
0.020592650537967844   5067.521408567892   5067.136794234775
0.021196333277324068   5010.456805547649   5010.042338533818
0.02181771324555934   4948.137494601439   4947.690146972783
0.022457309244835088   4880.634404010809   4880.151461205994
0.02311565528622961   4808.064293090533   4807.543660616494
0.023793301035594242   4730.5825132015425   4730.022925572216
0.024490812272480036   4648.36562350412   4647.766627658614
0.025208771362518027   4561.631291711783   4560.993580834408
0.0259477777436476   4470.665676327868   4469.991903521842
0.02670844842659881   4375.77467814854   4375.069432372033
0.027491418510046592   4277.282103708455   4276.551778654251
0.028297341710866907   4175.595750077038   4174.848831883637
0.029126890909937666   4071.163335600854   4070.41040764409
0.029980758713939952   3964.4246905626956   3963.678137366256
0.030859658033628758   3855.869385558768   3855.1433751229006
0.031764322679055976   3746.075922991308   3745.386586399473
0.03269550797224261   3635.5987401120597   3634.9638363285108
0.033653991377811755   3524.972499200403   3524.4109400299835
0.03464057315210884   3414.8155411315447   3414.3464097420856
0.03565607701135116   3305.7388077139503   3305.380882554803
0.036701350819364466   3198.2908519548128   3198.0624435668747
0.03777726729548091   3093.052142513373   3092.9699682698683
0.038884724743189276   2990.6575499514565   2990.7354574337946
0.04002464780014597   2891.664824012421   2891.914034409226
0.041197988210172884   2796.538811773247   2796.967115621367
0.04240572561788674   2705.6150116579897   2706.221637745146
0.04364886838662332   2619.154762133844   2619.9298794009196
0.04492845444033957   2537.376574334103   2538.3025075931373
0.04624555213019635   2460.5764394780126   2461.627245686272
0.04760126112654554   2389.123580004248   2390.264618735448
0.04899671333706607   2323.339487505072   2324.528439786103
0.05043307385181555   2263.205637242989   2264.39324735128
0.05191154191598653   2208.017518120459   2209.1479740945792
0.053433351931179485   2157.042337581656   2158.0536062814854
0.05499977448602865   2109.6285667902157   2110.452404113185
0.05661211741704101   2065.2153234612215   2065.776879579445
0.05827172690053434   2023.2873851382412   2023.5057482888571
0.05997998857658587   1983.1834921341363   1982.9795901949924
0.06173832870592997   1944.0555220348363   1943.3617951644226
0.0635482153607709   1905.0611070815237   1903.8244769407186
0.06541115965050462   1865.1469502970785   1863.344475220418
0.06732871698337338   1823.239042977439   1820.8836662053332
0.06930248836510605   1778.290914519638   1775.440508497447
0.07133412173562886   1729.2981241672721   1726.0640824149577
0.07342531334496233   1675.5469751059577   1672.091334626708
0.07557780916945323   1616.7675474329549   1613.2994927569807
0.07779340636952398   1553.023577419567   1549.786268005975
0.08007395479015682   1484.9114589470796   1482.1626128152648
0.08242135850536496   1413.319940260683   1411.3213666003744
0.08483757740794096   1339.5618574766515   1338.5745336882374
0.08732462884580919   1265.0558371767736   1265.3163272123209
0.08988458930634863   1191.3214842946395   1193.0121288439168
0.09251959615009227   1119.910475900444   1123.1436914677251
0.09523184939525078   1052.357428681369   1057.1627615392008
0.09802361355455057   990.1965465872585   996.4767014571395
0.10089721952591899   934.6993129172906   942.2378464256863
0.10385506653859616   886.6845994099273   895.1594442380572
0.10689962415629803   846.5578039659574   855.5642843767275
0.11003343433910281   813.853342417344   822.9408241615595
0.11325911356578279   787.6562909823036   796.3657340861888
0.11657935501835284   766.375814330054   774.3188382208814
0.11999693083066039   748.1630031363774   755.0578746337488
0.12351469440289359   730.9425274432881   736.6584331538432
0.12713558278394044   712.6525763758142   717.2748935202421
0.13086261912358757   691.4853200708051   695.3298519915162
0.13469891519660646   666.155889915485   669.7353612834871
0.13864767400083483   636.1939336422283   640.1603293138926
0.14271219243142114   601.9519110588315   607.0154569222315
0.14689586403346616   564.5647265925894   571.3933843278191
0.1512021818353596   525.850592760242   534.9451885188705
0.15563474126517718   488.1407172133148   499.6854359642761
0.16019724315257297   453.82911638730786   467.5862466588174
0.1648934968186736   424.74105843415134   440.12127381148184
0.1697274232565544   401.5627359861489   417.82975670146675
0.17470305840495237   383.817287380457   400.0669520406387
0.17982455651794954   370.2975876717928   385.8175191848976
0.18509619363343993   359.299426127603   373.6019911505099
0.19052237114327647   348.6595965052528   361.66576601852495
0.19610761946807834   336.1949513544592   348.31843158961044
0.20185660183976684   320.6504569668815   332.6345682204754
0.20777411819498756   302.16183595522017   314.85834249693335
0.21386510918267082   281.9401092530192   296.07437057190117
0.22013466028907505   261.74159696435385   277.56287618389547
0.22658800608375756   243.44815060923162   260.71383711147166
0.23323053459001789   228.3743507308766   246.4220921874431
0.2400677917834628   216.72375114975273   234.69243419405132
0.24710548622244882   207.68124915569103   224.89905325492447
0.25434949381426813   199.7158460547409   215.90662068708545
0.2618058627210567   191.154868106314   206.59754407477502
0.2694808184095226   181.13089222185474   196.47444246754844
0.27738076884870827   169.87538980409678   185.723004694462
0.2855123098601282   158.3416015543977   175.05408252203054
0.29388223062474755   147.78670147081627   165.22308239808348
0.3024975193514008   139.02273434584345   156.62237589080846
0.31136536911138296   131.91188181910707   149.14242661547956
0.3204931838440838   125.6620690425435   142.26807319993165
0.32988858453867975   119.33016655947534   135.4978432250286
0.3395594155970457   112.4314223548631   128.54535614186514
0.34951375138319807   105.2694299911649   121.66604913712682
0.3597599029647371   98.50171052584166   115.18214090857802
0.37030642505191835   92.59376559833674   109.26070962939585
0.3811621231401457   87.50847812189939   103.87656372504401
0.3923360608618501   82.78257074167473   98.79282059833743
0.4038375675538918   78.0088916531061   93.83083533610952
0.41567624604680364   73.18671614110039   88.9997238412567
0.42786198068238046   68.59854940107354   84.41948183629746
0.4404049455663077   64.47258922671224   80.16778367756811
0.4533156130627191   60.73987975411094   76.18668344969231
0.4666047625377753   57.18216777024619   72.39679775271212
0.4802834893595659   53.68782708080612   68.76359243148167
0.49436321416184764   50.3493870111082   65.30925403765599
0.5088556923793517   47.27020515817343   62.06263322707518
0.5237730240626238   44.42653093271817   59.00415007047138
0.5391276639805903   41.72229077560832   56.09749703366003
0.5549324320192869   39.13215398275922   53.335047796115916
0.5712005238854289   36.699060932175676   50.722092137546724
0.5879455221237613   34.434826085030885   48.254565680810614
0.6051814074573895   32.30329065703631   45.917725595237506
0.622922570460556   30.281891061702233   43.70009437596808
0.6411838235736077   28.38110403697487   41.60137886724976
0.6599804134701901   26.605553870426725   39.62031597315875
0.6793280337869897   24.930037276431335   37.73676308214094
0.6992428382266549   23.35502612519793   35.95477488450823
0.7197414540448374   21.875155866978382   34.26885756621571
0.7408409959326054   20.485021394746802   32.67336787893886
0.7625590803058332   19.179498723251932   31.16301742154182
0.7849138400134885   17.953732286537864   29.73284903846704
0.8079239394770964   16.80312266921864   28.378214865455746
0.8316085902740278   15.723314735476793   27.0947575410005
0.8559875671776167   14.710184825896867   25.878464447111003
0.8810812246675007   13.759829657602808   24.725663596865008
0.9069105139239728   12.868557936855042   23.632896187037
0.9334970003205227   12.032880220845243   22.596896410518237
0.960862881429187   11.249499015072809   21.614580803955306
0.9890310055537336   10.515299273287656   20.683038161350744
1.0180248908061487   9.827339288958255   19.799519337584677
1.047868744742366   9.182841895980708   18.961368285573894
1.0785874845736239   8.579186081104517   18.165978228226198
1.1102067579703248   8.013899134583939   17.4108952071231
1.1427529644757777   7.484649013595551   16.693819649248848
1.1762532775476793   6.989237028896646   16.012595892215618
1.210735667245765   6.5255908602960675   15.365202467491372
1.246228923584555   6.091757887038681   14.749742980261559
1.2827626805706884   5.685898065918313   14.164410103735177
1.3203674409449337   5.306277148602098   13.607446900708231
1.3590746016495152   4.951262784074774   13.0772031714278
1.3989164800420282   4.619319201682184   12.572137203440427
1.4399263408778291   4.309001872972518   12.0908079181617
1.4821384240834183   4.018952440751961   11.63186763595864
1.525587973344019   3.747893903989983   11.19405539723469
1.5703112655292182   3.4946260156375555   10.776171327781936
1.6163456409812174   3.258020895008842   10.377035284307608
1.6637295346910133   3.0370190147921377   9.995537114341502
1.7125025083885144   2.8306253183397634   9.630642948947772
1.7627052835733923   2.6379055199838044   9.281389477083364
1.814379775514258   2.4579826008702144   8.946878697270188
1.8675691282445197   2.290033491219129   8.626273103305357
1.922317750584177   2.1332859019919534   8.318784070233086
1.9786713532176083   1.9870152826050365   8.023647680832633
2.0366769868582977   1.8505421213457152   7.740146251939994
2.0963830815323896   1.723229315442595   7.467612376446589
2.1578394870138577   1.6044796540186972   7.205425242216615
2.2210975144450407   1.493733440545823   6.9530072563290695
2.286209979177315   1.3904662478078071   6.709820946283692
2.3532312448676476   1.2941867081047642   6.475363008963794
2.4222172688678643   1.204434173296986   6.24914903113319
2.4932256489445366   1.120777263735536   6.0307242418081275
2.5663156713684585   1.042812246227156   5.819667055305042
2.641548360413907   0.9701613281898642   5.615586759727717
2.7189865293089923   0.9024710520281227   5.4181213831248
2.798694832679631   0.8394107843173777   5.22693572420361
2.8807398205309562   0.7806713803594691   5.0417244561073336
2.9651899938111903   0.7259643145315543   4.862239145312371
3.05211586160442   0.675019924445451   4.688262045548999
3.1415899999999994   0.627585959658573   4.519588474507085
