0.01   15888.645252722663   15882.748872050033
0.010293154462191829   16087.325024589278   16080.870661245328
0.010594902878253955   16280.586929950921   16273.525009165784
0.010905497183778876   16467.911506454133   16460.187161316444
0.011225196699963396   16648.77250971372   16640.32550985608
0.011554268350120923   16822.628710744604   16813.393667769178
0.011892986882540897   16988.912276980995   16978.81917097093
0.012241635099881474   17147.049746698936   17136.024090904608
0.012600504095286909   17296.463190962895   17284.42597289726
0.012969893495426888   17436.543029474   17423.409249484368
0.013350111710660605   17566.666326379087   17552.344369955194
0.013741476192534558   17686.215102438615   17670.60694249749
0.014144313698828986   17794.56152913174   17777.56232272448
0.01455896056637426   17891.060853378018   17872.55823119925
0.014985762991865008   17975.07975701054   17954.95414948917
0.01542507732090645   18045.995155239958   18024.11979563405
0.015877270345534218   18103.16721469652   18079.40608624595
0.016342719610456153   18145.968269729598   18120.175926096905
0.016821813728271667   18173.79860887322   18145.820942899936
0.017314952703931925   18186.071088116707   18155.745073302172
0.017822548268711737   18182.21448588754   18149.368006565008
0.01834502422397195   18161.698960842834   18126.152028266933
0.018882816794999403   18124.037570305674   18085.60261861853
0.019436374995219892   18068.780516313444   18027.260093320172
0.02000616100108813   17995.53177252159   17950.719563071267
0.020592650537967844   17903.957923872887   17855.641039418842
0.021196333277324068   17793.80435822323   17741.76842282882
0.02181771324555934   17664.895599842155   17608.929143790847
0.022457309244835088   17517.12990190066   17457.026830662657
0.02311565528622961   17350.510111830936   17286.073712263824
0.023793301035594242   17165.18057592024   17096.22936371808
0.024490812272480036   16961.37161919643   16887.742035490734
0.025208771362518027   16739.407597586087   16660.95756844428
0.0259477777436476   16499.82492653606   16416.44746400013
0.02670844842659881   16243.294305917216   16154.924057567532
0.027491418510046592   15970.550246257048   15877.163742635974
0.028297341710866907   15682.520625947775   15584.144132292578
0.029126890909937666   15380.383590903273   15277.103903845464
0.029980758713939952   15065.355153748833   14957.317276511918
0.030859658033628758   14738.734239196303   14626.139562968256
0.031764322679055976   14402.191569030712   14285.304157700017
0.03269550797224261   14057.474340702545   13936.617651565792
0.033653991377811755   13706.274731182959   13581.82422519745
0.03464057315210884   13350.49457608554   13222.87518562047
0.03565607701135116   12992.220426240616   12861.903067903708
0.036701350819364466   12633.401913842385   12500.894131003919
0.03777726729548091   12276.019659012953   12141.846439437255
0.038884724743189276   11922.51303416286   11787.174696780605
0.04002464780014597   11575.206036707363   11439.167203903986
0.041197988210172884   11236.14559612056   11099.833120533855
0.04240572561788674   10906.88131284571   10770.6819606267
0.04364886838662332   10588.58240965814   10452.842250274354
0.04492845444033957   10282.255064139226   10147.280275361429
0.04624555213019635   9989.275398647922   9855.251148388134
0.04760126112654554   9711.998551928073   9578.812259273318
0.04899671333706607   9452.65043296796   9319.894652799292
0.05043307385181555   9212.752704199142   9079.773148337725
0.05191154191598653   8991.221201581404   8857.254995869576
0.053433351931179485   8786.233929845215   8650.458185038497
0.05499977448602865   8596.102120864021   8457.63685742413
0.05661211741704101   8419.122454031176   8277.029092497682
0.05827172690053434   8253.673732264431   8106.957569438055
0.05997998857658587   8097.94853202044   7945.605142717191
0.06173832870592997   7949.375534732437   7790.515209199217
0.0635482153607709   7805.368766384288   7639.246921826317
0.06541115965050462   7662.846674538263   7489.030356196625
0.06732871698337338   7518.349844610004   7336.858963647996
0.06930248836510605   7368.336047227901   7179.743560559069
0.07133412173562886   7208.754114863601   7014.43395725557
0.07342531334496233   7035.882918622397   6838.052165742208
0.07557780916945323   6846.664144290874   6648.576972393828
0.07779340636952398   6638.805363328419   6444.684990977026
0.08007395479015682   6411.702663537863   6226.497001368368
0.08242135850536496   6165.9732180076535   5995.08607214769
0.08483757740794096   5904.33202838278   5753.211746706176
0.08732462884580919   5630.573912675134   5504.386419763574
0.08988458930634863   5349.777694886128   5252.979655731102
0.09251959615009227   5067.404816113532   5003.458095111172
0.09523184939525078   4789.336896211905   4760.364919916792
0.09802361355455057   4521.672506213866   4528.05641142465
0.10089721952591899   4270.306680331556   4310.528183081666
0.10385506653859616   4040.524727016762   4111.123513097078
0.10689962415629803   3836.9071985629203   3932.518805363877
0.11003343433910281   3661.8820797789845   3775.4792624316333
0.11325911356578279   3516.1265024436148   3639.365366693841
0.11657935501835284   3397.184854719322   3521.7540530829074
0.11999693083066039   3300.778603578488   3419.1058631450956
0.12351469440289359   3220.304036202168   3326.3928949973897
0.12713558278394044   3148.178034504965   3238.5741594778124
0.13086261912358757   3076.2353235333976   3150.8368324596695
0.13469891519660646   2996.630016504309   3058.7019482126843
0.13864767400083483   2902.9934844922523   2959.2876779976946
0.14271219243142114   2791.366367326744   2851.5087674674533
0.14689586403346616   2661.2155302781134   2735.54702777666
0.1512021818353596   2515.4345014614933   2614.0927822687668
0.15563474126517718   2359.9257348793594   2491.038969478594
0.16019724315257297   2202.9332156817745   2370.512264453566
0.1648934968186736   2054.0489999755096   2257.1562114090884
0.1697274232565544   1922.2060974327997   2154.1633877262743
0.17470305840495237   1813.0740735825634   2063.640668987524
0.17982455651794954   1727.5976970528   1984.9614150797572
0.18509619363343993   1662.4372698876941   1915.1719573245532
0.19052237114327647   1611.4228710451048   1851.3580807650123
0.19610761946807834   1566.4779844976067   1790.5524475853672
0.20185660183976684   1518.4011008967943   1729.5451032951823
0.20777411819498756   1459.4207043379536   1666.0375008578455
0.21386510918267082   1386.674969011473   1599.6394179513504
0.22013466028907505   1303.1074509605726   1532.3785865550246
0.22658800608375756   1215.3969390577076   1466.6842221090294
0.23323053459001789   1131.66529414841   1404.4688393463175
0.2400677917834628   1059.3092029532213   1347.4715271457417
0.24710548622244882   1001.9045574117808   1295.0425464957273
0.25434949381426813   958.1273547441087   1247.5935320816707
0.2618058627210567   922.5963643316231   1202.3900296696484
0.2694808184095226   887.8430266026832   1158.6744112783053
0.27738076884870827   847.6154591543287   1115.867405966067
0.2855123098601282   800.3313858756802   1073.0029095776692
0.29388223062474755   749.0627064067307   1031.236853778445
0.3024975193514008   699.268033084665   991.5143364246192
0.31136536911138296   656.2078077712614   954.1530853656648
0.3204931838440838   621.6511977307501   919.0733965481447
0.32988858453867975   593.097382211291   886.0729734885605
0.3395594155970457   566.0268173044075   854.4901814930365
0.34951375138319807   536.6557372745403   823.4871809852597
0.3597599029647371   504.54223254599157   793.7510763623279
0.37030642505191835   472.49761757850433   765.1306741902557
0.3811621231401457   443.690766213982   737.9529212413505
0.3923360608618501   419.298829557973   712.0750884495083
0.4038375675538918   397.81201214500277   687.6789522517755
0.41567624604680364   376.63902231714695   664.1459119969002
0.42786198068238046   354.6263918058376   641.3469982218543
0.4404049455663077   332.78919744095964   619.5162101920412
0.4533156130627191   312.77923818821296   598.6841233690717
0.4666047625377753   295.0791361154227   578.903771318587
0.4802834893595659   278.68447731854127   560.0162421541522
0.49436321416184764   262.5056747123078   541.8049572681676
0.5088556923793517   246.59560274432852   524.2272013269887
0.5237730240626238   231.7174579518386   507.44291139263714
0.5391276639805903   218.15384509753218   491.4434695846614
0.5549324320192869   205.42790014679852   476.09615937777653
0.5712005238854289   193.1139686119222   461.2813335203657
0.5879455221237613   181.36511480092588   447.0370999030937
0.6051814074573895   170.44376137753966   433.4021889207771
0.622922570460556   160.24223894259765   420.3223666100583
0.6411838235736077   150.5279378658075   407.6888371038264
0.6599804134701901   141.3189271440751   395.5205455437446
0.6793280337869897   132.6837104563489   383.82665503443457
0.6992428382266549   124.55633573865418   372.55179293643937
0.7197414540448374   116.90216773269177   361.66778579876535
0.7408409959326054   109.69533974792186   351.1523085619891
0.7625590803058332   102.91128704936634   340.984507714335
0.7849138400134885   96.52668855366065   331.1449030620272
0.8079239394770964   90.51941068064387   321.6152973562635
0.8316085902740278   84.86845330935489   312.37869307676533
0.8559875671776167   79.55389972411872   303.41919316241155
0.8810812246675007   74.55695352754394   294.7208767874857
0.9069105139239728   69.85989897336056   286.2674323148941
0.9334970003205227   65.44591646341003   278.0436518124437
0.960862881429187   61.29903498271875   270.035481822191
0.9890310055537336   57.4040966883907   262.2299535497865
1.0180248908061487   53.74672239854028   254.61511870171663
1.047868744742366   50.31327800714812   247.17999036942362
1.0785874845736239   47.09083805209211   239.91450685239212
1.1102067579703248   44.06710854014186   232.80971381558123
1.1427529644757777   41.23042441071609   225.85761601911972
1.1762532775476793   38.56976078857513   219.0509348664149
1.210735667245765   36.074701918304044   212.38306513257032
1.246228923584555   33.73541047147249   205.84803856779686
1.2827626805706884   31.54259818939565   199.440489382644
1.3203674409449337   29.487497818328062   193.15562136449503
1.3590746016495152   27.56183752163476   186.98936918104494
1.3989164800420282   25.757820612154482   180.93927074162073
1.4399263408778291   24.06809485501782   175.00357431681246
1.4821384240834183   22.485726462471185   169.1807624486778
1.525587973344019   21.004178243957995   163.46953373428727
1.5703112655292182   19.617288755020446   157.86878567451888
1.6163456409812174   18.31925240574275   152.37759782987598
1.6637295346910133   17.104600492486362   146.9952159419072
1.7125025083885144   15.968181370232672   141.72158563609858
1.7627052835733923   14.905140835710469   136.5582026601937
1.814379775514258   13.91091076609293   131.50663499312546
1.8675691282445197   12.981194215582857   126.56823340588348
1.922317750584177   12.11195031770898   121.7441350383524
1.9786713532176083   11.299379954162099   117.0352674273185
2.0366769868582977   10.539912156640511   112.44235296135628
2.0963830815323896   9.830191176147153   107.96592516275821
2.1578394870138577   9.167062849317178   103.60683467274713
2.2210975144450407   8.547562946462943   99.36635063229802
2.286209979177315   7.968908406377989   95.24541353142187
2.3532312448676476   7.428486964603381   91.24459726254963
2.4222172688678643   6.923847178994971   87.3641304382371
2.4932256489445366   6.452689000411825   83.60391780079398
2.5663156713684585   6.012854861432603   79.96356159921135
2.641548360413907   5.602321501115096   76.44240554186476
2.7189865293089923   5.219194829942562   73.03982778992038
2.798694832679631   4.861700567456886   69.75511697307812
2.8807398205309562   4.528174651675219   66.58725666059065
2.9651899938111903   4.217056724867543   63.534948146510416
3.05211586160442   3.9268840261166646   60.596637771777445
3.1415899999999994   3.656285615166413   57.770543305867854
