0.01   11815.24527229669   11813.551249976623
0.010293154462191829   11944.97467295602   11943.149129625945
0.010594902878253955   12069.794734804604   12067.826001594902
0.010905497183778876   12189.322812732156   12187.19634943498
0.011225196699963396   12303.16617660811   12300.865546933068
0.011554268350120923   12410.91448668265   12408.423399607815
0.011892986882540897   12512.15607384457   12509.458697423852
0.012241635099881474   12606.478293200758   12603.559056228598
0.012600504095286909   12693.44861491641   12690.290236399125
0.012969893495426888   12772.629243893176   12769.211861438762
0.013350111710660605   12843.5891600852   12839.890363502713
0.013741476192534558   12905.892708502806   12901.88804949087
0.014144313698828986   12959.095900725837   12954.759625786433
0.01455896056637426   13002.766900837058   12998.072116779886
0.014985762991865008   13036.485057825448   13031.40349998581
0.01542507732090645   13059.823453069484   13054.323826652362
0.015877270345534218   13072.369141880807   13066.416735135334
0.016342719610456153   13073.733430837126   13067.29032126352
0.016821813728271667   13063.54248049022   13056.567750934553
0.017314952703931925   13041.440274424273   13033.890275375965
0.017822548268711737   13007.104675239816   12998.933367992708
0.01834502422397195   12960.249992551888   12951.409126239972
0.018882816794999403   12900.627079158465   12891.065908080245
0.019436374995219892   12828.029937482916   12817.695567684052
0.02000616100108813   12742.300811489711   12731.13877799961
0.020592650537967844   12643.348642198982   12631.303859548882
0.021196333277324068   12531.146407658296   12518.164049502144
0.02181771324555934   12405.720585801591   12391.746737054544
0.022457309244835088   12267.177651951864   12252.161646886483
0.02311565528622961   12115.738299557193   12099.637241475404
0.023793301035594242   11951.683829148966   11934.463490342061
0.024490812272480036   11775.359342555497   11756.994686716327
0.025208771362518027   11587.272126980668   11567.74996431728
0.0259477777436476   11388.02878101122   11367.348910494127
0.02670844842659881   11178.271147394144   11156.446023110724
0.027491418510046592   10958.774463491007   10935.832120135681
0.028297341710866907   10730.503629190714   10706.492401922676
0.029126890909937666   10494.437576053548   10469.42496662859
0.029980758713939952   10251.592686167338   10225.663745300508
0.030859658033628758   10003.244946898807   9976.50164014853
0.031764322679055976   9750.720096642888   9723.279440835715
0.03269550797224261   9495.28093520785   9467.272515077282
0.033653991377811755   9238.311944988023   9209.874481511322
0.03464057315210884   8981.331334640274   8952.6091471328
0.03565607701135116   8725.742866167822   8696.883717991783
0.036701350819364466   8472.917461111492   8444.066894954594
0.03777726729548091   8224.48192512658   8195.766507739858
0.038884724743189276   7981.982008849475   7953.50615086651
0.04002464780014597   7746.770093417174   7718.616755074597
0.041197988210172884   7519.865126934866   7492.084528745428
0.04240572561788674   7302.00794620375   7274.609619567956
0.04364886838662332   7093.826192263381   7066.782837639053
0.04492845444033957   6896.056166203561   6869.288807499574
0.04624555213019635   6709.908202831388   6683.238462893974
0.04760126112654554   6536.54478916407   6509.695289593545
0.04899671333706607   6376.739297478408   6349.348317324354
0.05043307385181555   6229.384451630411   6201.055216373338
0.05191154191598653   6092.702219419259   6063.023480666488
0.053433351931179485   5965.0744894730215   5933.621641857683
0.05499977448602865   5845.085072154301   5811.423231764316
0.05661211741704101   5731.458339194067   5695.144509826991
0.05827172690053434   5622.826462957112   5583.429080724593
0.05997998857658587   5517.243529419848   5474.409009321492
0.06173832870592997   5412.7329480302005   5366.203088817003
0.0635482153607709   5306.996815071373   5256.692746813442
0.06541115965050462   5197.415025644858   5143.5236577793985
0.06732871698337338   5081.453304398488   5024.456602438719
0.06930248836510605   4956.459753519771   4897.230971692513
0.07133412173562886   4820.152090091929   4759.951787832516
0.07342531334496233   4671.227292421649   4611.722649647391
0.07557780916945323   4509.104390765191   4452.313365467169
0.07779340636952398   4334.565788566783   4282.718562432256
0.08007395479015682   4149.2639406439985   4104.671451833474
0.08242135850536496   3956.0931537407228   3920.9576492997085
0.08483757740794096   3758.477943756039   3734.7676822687076
0.08732462884580919   3560.317146625888   3549.627489166014
0.08988458930634863   3365.515849028604   3368.9586228519834
0.09251959615009227   3178.11707887344   3196.122441949312
0.09523184939525078   3002.073599133753   3034.24447840821
0.09802361355455057   2841.1299529864245   2886.1656769083643
0.10089721952591899   2698.105972165045   2753.853198135573
0.10385506653859616   2574.991070008132   2638.4732551509865
0.10689962415629803   2471.866138941986   2539.6867360809492
0.11003343433910281   2387.3306661243882   2455.955999233127
0.11325911356578279   2318.0174801381786   2384.14162436873
0.11657935501835284   2259.557654341837   2320.434782433176
0.11999693083066039   2206.5959694007197   2260.6773149087153
0.12351469440289359   2153.654287565443   2200.758799591423
0.12713558278394044   2095.486290214542   2136.91080268184
0.13086261912358757   2027.8941946425773   2066.557195119108
0.13469891519660646   1948.4347487520658   1988.4316989013607
0.13864767400083483   1856.841126443259   1902.7804950488048
0.14271219243142114   1755.1712681743234   1811.6244897298673
0.14689586403346616   1647.3657930159306   1718.063108065893
0.1512021818353596   1538.84876424267   1625.7813449068346
0.15563474126517718   1435.904583330765   1538.6593186031837
0.16019724315257297   1344.5225013438558   1460.2629722588101
0.1648934968186736   1268.5164516689476   1392.6543725258377
0.1697274232565544   1208.3869540398691   1335.2930868724982
0.17470305840495237   1161.7322102293529   1286.2978701770032
0.17982455651794954   1124.4002152888015   1242.8794305244403
0.18509619363343993   1091.1637196426254   1201.8055399864568
0.19052237114327647   1056.0826194098058   1160.0180966722194
0.19610761946807834   1014.0691780087554   1115.2307137279238
0.20185660183976684   963.2902710693548   1067.146868498109
0.20777411819498756   905.7723343050495   1016.9747756518325
0.21386510918267082   845.890904424261   967.2183956717835
0.22013466028907505   788.7048777472213   920.0916407802091
0.22658800608375756   738.853666322134   877.3508047471017
0.23323053459001789   698.6779561281934   839.8063638985735
0.2400677917834628   667.2720735526868   806.2986185960243
0.24710548622244882   641.2565948224201   775.4986758691344
0.25434949381426813   615.9750052788405   745.5974638616508
0.2618058627210567   587.4861302374688   715.258425344444
0.2694808184095226   554.8477851184987   684.5431977797914
0.27738076884870827   519.979020603046   654.0543036977374
0.2855123098601282   486.1379993639076   625.1642031583594
0.29388223062474755   456.49929189376   598.2506366597212
0.3024975193514008   432.15785044322257   573.6506536323863
0.31136536911138296   411.5985952427362   550.6575647009633
0.3204931838440838   392.1492136041477   528.6522652113355
0.32988858453867975   371.5765941193278   507.09808342546495
0.3395594155970457   349.577147235311   486.09790164460765
0.34951375138319807   327.7813432369027   465.8855018051359
0.3597599029647371   307.9889647446057   446.831746409149
0.37030642505191835   290.862914166102   428.95677664134774
0.3811621231401457   275.5742672083791   412.0107965420683
0.3923360608618501   260.66737866728863   395.8107219225033
0.4038375675538918   245.48127690886383   380.154809237959
0.41567624604680364   230.55520693128994   365.13758079403556
0.42786198068238046   216.76146111990693   350.89582200071635
0.4404049455663077   204.3653984983706   337.4269020246666
0.4533156130627191   192.83683777240947   324.58022514019973
0.4666047625377753   181.60221096924363   312.2573916888956
0.4802834893595659   170.66428909258065   300.472134057295
0.49436321416184764   160.4001465987896   289.2375962055772
0.5088556923793517   150.94712653883704   278.56955676205234
0.5237730240626238   142.07022413954152   268.3864822147498
0.5391276639805903   133.55027158616386   258.6335617692352
0.5549324320192869   125.44696470139509   249.32114011991328
0.5712005238854289   117.87675080350107   240.44401016641623
0.5879455221237613   110.78511390681157   231.97047387624045
0.6051814074573895   104.0585966807922   223.8653790481906
0.622922570460556   97.69250619304741   216.10857480297926
0.6411838235736077   91.71755466925289   208.70316883177455
0.6599804134701901   86.1016945619248   201.61739397670783
0.6793280337869897   80.81005788608009   194.83568951495573
0.6992428382266549   75.8234441901937   188.3432233935829
0.7197414540448374   71.12659138783118   182.12392183466596
0.7408409959326054   66.70477311385083   176.16273171892558
0.7625590803058332   62.543802297117445   170.4455490596972
0.7849138400134885   58.630031972486286   164.95915301218156
0.8079239394770964   54.95035358500687   159.69114497199035
0.8316085902740278   51.492192296931066   154.6298908233713
0.8559875671776167   48.24331056623259   149.76407434555398
0.8810812246675007   45.191619358934744   145.0821937870391
0.9069105139239728   42.32563272759609   140.5734008785127
0.9334970003205227   39.63450523684167   136.22758596686722
0.960862881429187   37.10799784619311   132.03532574370703
0.9890310055537336   34.73644552551541   127.98783531094519
1.0180248908061487   32.510726519254455   124.07692418628194
1.047868744742366   30.422234281829045   120.29494880130373
1.0785874845736239   28.462892315965593   116.63449078620157
1.1102067579703248   26.62512822557968   113.08826745515722
1.1427529644757777   24.9017844218425   109.6495010932161
1.1762532775476793   23.2860936980179   106.31191351032874
1.210735667245765   21.771660349501538   103.06969368229375
1.246228923584555   20.352442022390587   99.91746800277436
1.2827626805706884   19.022732276837495   96.85027288420618
1.3203674409449337   17.777143053641367   93.86353019620735
1.3590746016495152   16.610577938797462   90.95303411270147
1.3989164800420282   15.51822283303261   88.11492549315818
1.4399263408778291   14.495541439712488   85.34566243506693
1.4821384240834183   13.538260626385915   82.64200133405568
1.525587973344019   12.642356212240555   80.00097939400665
1.5703112655292182   11.80403944618611   77.41989819583063
1.6163456409812174   11.019744147543028   74.89630820397336
1.6637295346910133   10.286114490241408   72.42804685546113
1.7125025083885144   9.599993435413799   70.01355286638858
1.7627052835733923   8.95841165073383   67.65158525746567
1.814379775514258   8.358577007469673   65.34101874383589
1.8675691282445197   7.797864643352124   63.08083476169722
1.922317750584177   7.273807535367288   60.87011375090982
1.9786713532176083   6.784087559631623   58.70802766855413
2.0366769868582977   6.326527016428081   56.59383271850339
2.0963830815323896   5.899080117721855   54.52696967913499
2.1578394870138577   5.499824163034955   52.507354963529366
2.2210975144450407   5.126954204823559   50.534993498087
2.286209979177315   4.778776680737532   48.60985790313837
2.3532312448676476   4.453702854127607   46.73188769878952
2.4222172688678643   4.150242617727666   44.90098863370167
2.4932256489445366   3.8669986420715077   43.11703213795183
2.5663156713684585   3.6026608560576516   41.37985588615251
2.641548360413907   3.3560022607908575   39.68947073739464
2.7189865293089923   3.125874859834284   38.04626717465062
2.798694832679631   2.9112025780057036   36.45055158948422
2.8807398205309562   2.7109766744477306   34.90248548514739
2.9651899938111903   2.524251751927413   33.40209434370375
3.05211586160442   2.3501419848644005   31.949276496833036
3.1415899999999994   2.187817555492659   30.5438119499613
