0.01   2351.249714678788   2351.1636601978007
0.010293154462191829   2375.070947403483   2374.98449264236
0.010594902878253955   2397.8726649886553   2397.7855955208956
0.010905497183778876   2419.5812212957208   2419.493204148068
0.011225196699963396   2440.1191559456415   2440.0300682306297
0.011554268350120923   2459.4086370246173   2459.3186194829473
0.011892986882540897   2477.3718607337555   2477.281290772502
0.012241635099881474   2493.928302662446   2493.837506336288
0.012600504095286909   2508.9967276344673   2508.9058307987766
0.012969893495426888   2522.4972076749796   2522.4061311532782
0.013350111710660605   2534.3489584652452   2534.2575224842653
0.013741476192534558   2544.469236596825   2544.3773296309223
0.014144313698828986   2552.777474575863   2552.685069921485
0.01455896056637426   2559.195332300268   2559.1024678048134
0.014985762991865008   2563.643692050898   2563.550352276524
0.01542507732090645   2566.04598536329   2565.9520612570445
0.015877270345534218   2566.3301166589877   2566.2354065640247
0.016342719610456153   2564.427137031236   2564.3313695031934
0.016821813728271667   2560.2716321043567   2560.1744914863875
0.017314952703931925   2553.8043465993655   2553.7054764892673
0.017822548268711737   2544.9727606933907   2544.8717623497555
0.01834502422397195   2533.7313638518067   2533.6277838025753
0.018882816794999403   2520.042509763256   2519.9358404526793
0.019436374995219892   2503.877265931939   2503.766952663841
0.02000616100108813   2485.219287405248   2485.1047634628594
0.020592650537967844   2464.0642737034295   2463.9449881597648
0.021196333277324068   2440.4175053072754   2440.2929282798705
0.02181771324555934   2414.298837121705   2414.1684846658713
0.022457309244835088   2385.7495665684264   2385.6130534930667
0.02311565528622961   2354.8219699455904   2354.6790176891604
0.023793301035594242   2321.5797054722552   2321.430168504573
0.024490812272480036   2286.1163365601465   2285.9604458196377
0.025208771362518027   2248.5437938138202   2248.382266786526
0.0259477777436476   2208.980211615319   2208.814219601935
0.02670844842659881   2167.5680821969236   2167.3991922437845
0.027491418510046592   2124.484835931578   2124.314937209978
0.028297341710866907   2079.910480510565   2079.741741464941
0.029126890909937666   2034.0319252524473   2033.8667826529916
0.029980758713939952   1987.083219310117   1986.924508868854
0.030859658033628758   1939.3075157754342   1939.158475080859
0.031764322679055976   1890.9370234414305   1890.801222569672
0.03269550797224261   1842.2256708318896   1842.1068322773428
0.033653991377811755   1793.450379107371   1793.3521959940758
0.03464057315210884   1744.868225737325   1744.7943283770255
0.03565607701135116   1696.7316508430827   1696.6855176168267
0.036701350819364466   1649.338319268419   1649.3230012371487
0.03777726729548091   1602.9714141439301   1602.9895063121542
0.038884724743189276   1557.8800255015576   1557.9336384858466
0.04002464780014597   1514.2465862715358   1514.336100477744
0.041197988210172884   1472.1999628658884   1472.3231615712864
0.04240572561788674   1431.8502238348885   1432.0025622954458
0.04364886838662332   1393.3324887564786   1393.50765677472
0.04492845444033957   1356.871386863095   1357.0622815587271
0.04624555213019635   1322.6821563831309   1322.8811095589706
0.04760126112654554   1290.9027279656973   1291.1014024268661
0.04899671333706607   1261.3134384598145   1261.501814367629
0.05043307385181555   1233.576991668845   1233.7430674445582
0.05191154191598653   1207.3865048618648   1207.5164205075307
0.053433351931179485   1182.4777024153782   1182.5557243956928
0.05499977448602865   1158.613967864566   1158.6225819573954
0.05661211741704101   1135.5413233329523   1135.4621141268892
0.05827172690053434   1112.9076298060836   1112.7238063468128
0.05997998857658587   1090.3597179824292   1090.0567671438305
0.06173832870592997   1067.4908017058274   1067.05947441406
0.0635482153607709   1043.8471047142193   1043.2862623570156
0.06541115965050462   1018.9939769678881   1018.3114487487057
0.06732871698337338   992.4837529190505   991.6989552014846
0.06930248836510605   963.941339555796   963.0845566024964
0.07133412173562886   933.1740808959194   932.2837768243406
0.07342531334496233   900.1187572414915   899.2397532263622
0.07557780916945323   864.9660155504591   864.1496425616837
0.07779340636952398   828.0571487565402   827.3592308665349
0.08007395479015682   789.9556877402478   789.4298656895072
0.08242135850536496   751.3075503982001   751.0019243939398
0.08483757740794096   712.8315556917552   712.787430966943
0.08732462884580919   675.2334053767521   675.4812260687912
0.08988458930634863   639.2236653413186   639.7743599264153
0.09251959615009227   605.4824555391084   606.3241397339924
0.09523184939525078   574.6391441494195   575.7361263815935
0.09802361355455057   547.149688445825   548.4392714576893
0.10089721952591899   523.3132372872756   524.7030939072565
0.10385506653859616   503.07800800680326   504.46572165723165
0.10689962415629803   486.12132030574395   487.4074013331169
0.11003343433910281   471.7668622226995   472.86051246631285
0.11325911356578279   459.1677928692926   459.9950104913662
0.11657935501835284   447.328440674169   447.85154341673604
0.11999693083066039   435.270158605811   435.49614807022726
0.12351469440289359   422.1004063469289   422.0862098171165
0.12713558278394044   407.1606373072732   407.0130649832502
0.13086261912358757   390.13324996112806   390.0000887851256
0.13469891519660646   371.10189408508603   371.1539807493743
0.13864767400083483   350.5549791162941   350.9574903880469
0.14271219243142114   329.27678860797556   330.16014967012256
0.14689586403346616   308.25822233240075   309.69355948192015
0.1512021818353596   288.58427557369305   290.56130086471137
0.15563474126517718   271.23856813164355   273.6492042375523
0.16019724315257297   256.7826137589811   259.45970374566963
0.1648934968186736   245.17071515034976   247.91753719499374
0.1697274232565544   235.83771860337367   238.47276977368475
0.17470305840495237   227.9382675579535   230.33599984394425
0.17982455651794954   220.5095049496167   222.62616269649027
0.18509619363343993   212.5513079663034   214.45957284855663
0.19052237114327647   203.28826698574966   205.1679654398767
0.19610761946807834   192.56226232077626   194.63992511219723
0.20185660183976684   180.89234125121166   183.36208246102538
0.20777411819498756   169.13162562754707   172.08896173336908
0.21386510918267082   158.1691587649569   161.59196096809922
0.22013466028907505   148.70252207741686   152.4402398146222
0.22658800608375756   140.99625009503706   144.84583370182247
0.23323053459001789   134.74293827959025   138.5036733356251
0.2400677917834628   129.2557831367101   132.82402873353536
0.24710548622244882   123.72985855518338   127.1383569772981
0.25434949381426813   117.58405291704415   120.98767548133742
0.2618058627210567   110.80666576909991   114.38222185511323
0.2694808184095226   103.84857365434694   107.70986838550924
0.27738076884870827   97.28836276118889   101.42043903469387
0.2855123098601282   91.59095367323123   95.86677775659764
0.29388223062474755   86.82021511178725   91.08047944388515
0.3024975193514008   82.61650181620193   86.75464737462369
0.31136536911138296   78.51078955854105   82.55054190274188
0.3204931838440838   74.19966449035195   78.24459337478534
0.32988858453867975   69.73311486583715   73.8889638415901
0.3395594155970457   65.43618172648651   69.71931009599251
0.34951375138319807   61.57574423374219   65.91655155501385
0.3597599029647371   58.181985522090486   62.48907989508055
0.37030642505191835   55.06185405598389   59.29207495518497
0.3811621231401457   51.984665942287535   56.175605928666485
0.3923360608618501   48.8984448956645   53.1135440866944
0.4038375675538918   45.93054834018065   50.18317066478263
0.41567624604680364   43.20807393933316   47.46286224533292
0.42786198068238046   40.730575896017186   44.94434520333435
0.4404049455663077   38.39032004521244   42.555822150522125
0.4533156130627191   36.11339618730884   40.2578571866993
0.4666047625377753   33.92594132866324   38.06396118913032
0.4802834893595659   31.886738032427363   36.00273285566464
0.49436321416184764   29.996244735431574   34.07125366245714
0.5088556923793517   28.20788016421804   32.24098679269006
0.5237730240626238   26.49714050954173   30.497842872690278
0.5391276639805903   24.88110878224164   28.849633683405937
0.5549324320192869   23.37092320267884   27.29780123307305
0.5712005238854289   21.95034829301021   25.831849239286804
0.5879455221237613   20.6039385218095   24.44318140544984
0.6051814074573895   19.334128477717833   23.13048495715589
0.622922570460556   18.142324445304478   21.89203381121039
0.6411838235736077   17.021210003519492   20.7220847083579
0.6599804134701901   15.96515131086965   19.616536156304083
0.6793280337869897   14.970893502266291   18.572304494208723
0.6992428382266549   14.035201053403897   17.586092855658755
0.7197414540448374   13.154972760826537   16.654765542185974
0.7408409959326054   12.327239334774228   15.775341875292721
0.7625590803058332   11.54916071467421   14.944990111397273
0.7849138400134885   10.818023146330834   14.161021438872902
0.8079239394770964   10.131235403320929   13.420883959922216
0.8316085902740278   9.486293652340587   12.722151275022181
0.8559875671776167   8.88077367569216   12.06251567317836
0.8810812246675007   8.312379521896824   11.439791580983153
0.9069105139239728   7.778941257033539   10.851910540813263
0.9334970003205227   7.278408555301334   10.296915616861332
0.960862881429187   6.808844583063277   9.772955999111582
0.9890310055537336   6.368420164969494   9.2782818053288
1.0180248908061487   5.955408709597265   8.811238553723037
1.047868744742366   5.568187072906659   8.370255563520974
1.0785874845736239   5.205226830380046   7.953844827777755
1.1102067579703248   4.865083750096387   7.5606027153593836
1.1427529644757777   4.546393523431397   7.189205550157622
1.1762532775476793   4.247867810421669   6.838405252885526
1.210735667245765   3.9682904451874252   6.507025197520739
1.246228923584555   3.706513797672303   6.193956274208839
1.2827626805706884   3.4614549565248938   5.898150191496706
1.3203674409449337   3.2320908818906746   5.6186018711463115
1.3590746016495152   3.0174569466251158   5.3543604431909655
1.3989164800420282   2.8166446644885483   5.104533169181422
1.4399263408778291   2.6287986620078185   4.868281809362007
1.4821384240834183   2.4531137945112107   4.64481920652209
1.525587973344019   2.28883240236893   4.433406087304781
1.5703112655292182   2.1352417017755725   4.233348062017274
1.6163456409812174   1.991671255227845   4.043987289750306
1.6637295346910133   1.8574905431171556   3.86469090708733
1.7125025083885144   1.7321068723578164   3.6948639329632527
1.7627052835733923   1.6149632733359738   3.5339496472106435
1.814379775514258   1.5055364764029022   3.3814269545410047
1.8675691282445197   1.4033349932556516   3.2368079411815183
1.922317750584177   1.3078972984863664   3.0996356093404454
1.9786713532176083   1.218790102205729   2.969481524907725
2.0366769868582977   1.1356065097396042   2.845931954929982
2.0963830815323896   1.0579644594875264   2.7285832632369664
2.1578394870138577   0.9855055997720908   2.617058477815882
2.2210975144450407   0.9178939111205128   2.51100665236018
2.286209979177315   0.8548143784675621   2.410100887606076
2.3532312448676476   0.7959717375518124   2.314036516677369
2.4222172688678643   0.7410892917058952   2.2225294398148003
2.4932256489445366   0.6899078248332787   2.135314317967735
2.5663156713684585   0.6421849056690005   2.052139645096112
2.641548360413907   0.5976936676647776   1.9727681144899258
2.7189865293089923   0.5562215459561145   1.8969784952200182
2.798694832679631   0.5175694170548395   1.8245645021661114
2.8807398205309562   0.4815507937403176   1.755333689118426
2.9651899938111903   0.4479910645534915   1.6891064321544726
3.05211586160442   0.4167267757094548   1.625714995296972
3.1415899999999994   0.387604740733327   1.565000006499016
