0.01   13851.059947213544   13840.245000990331
0.010293154462191829   14061.473770935516   14049.569595003353
0.010594902878253955   14269.345928903364   14256.247484401274
0.010905497183778876   14474.278726438431   14459.873493899753
0.011225196699963396   14675.860488691482   14660.027893922283
0.011554268350120923   14873.649529422997   14856.257947914439
0.011892986882540897   15067.187195520348   15048.092789373684
0.012241635099881474   15256.005090690025   15235.051679446937
0.012600504095286909   15439.611948356278   15416.630763646326
0.012969893495426888   15617.492178440141   15592.301668609689
0.013350111710660605   15789.1225113578   15761.528437258794
0.013741476192534558   15953.96772419736   15923.762520808743
0.014144313698828986   16111.4628154114   16078.422635941537
0.01455896056637426   16261.033778579516   16224.918006338252
0.014985762991865008   16402.104584237204   16362.65612318639
0.01542507732090645   16534.080047644373   16491.023972537612
0.015877270345534218   16656.351368838677   16609.394044354132
0.016342719610456153   16768.31491125815   16717.14479053603
0.016821813728271667   16869.36665852408   16813.653946993847
0.017314952703931925   16958.89008377389   16898.284289163264
0.017822548268711737   17036.27908120086   16970.409859496813
0.01834502422397195   17100.94400718945   17029.42251376393
0.018882816794999403   17152.302120151297   17074.719146639494
0.019436374995219892   17189.78721278567   17105.713201061357
0.02000616100108813   17212.862041722696   17121.849688227052
0.020592650537967844   17221.02321751414   17122.610495978286
0.021196333277324068   17213.805901963027   17107.51946472844
0.02181771324555934   17190.786560967696   17076.145415379757
0.022457309244835088   17151.59124306815   17028.11106123643
0.02311565528622961   17095.925662025602   16963.125214846823
0.023793301035594242   17023.560344091376   16880.966828876084
0.024490812272480036   16934.321852089393   16781.475659974556
0.025208771362518027   16828.145187372353   16664.611950325758
0.0259477777436476   16705.09218567466   16530.47699270952
0.02670844842659881   16565.287383617742   16379.239341027396
0.027491418510046592   16408.945468641657   16211.165346303133
0.028297341710866907   16236.486198388311   16026.747994816978
0.029126890909937666   16048.422244555015   15826.579829171787
0.029980758713939952   15845.320309784502   15611.308365063163
0.030859658033628758   15627.970677198322   15381.817658245367
0.031764322679055976   15397.367142458852   15139.205384957058
0.03269550797224261   15154.523710254449   14884.585095231538
0.033653991377811755   14900.548363002863   14619.166352155611
0.03464057315210884   14636.82304546177   14344.449646336157
0.03565607701135116   14364.753051953548   14061.95264795892
0.036701350819364466   14085.731619578586   13773.167751442163
0.03777726729548091   13801.509810375019   13479.91653093512
0.038884724743189276   13514.031695114507   13184.18924919653
0.04002464780014597   13225.125526348173   12887.847765450799
0.041197988210172884   12936.445159266563   12592.572847248592
0.04240572561788674   12649.41304129926   12299.81394606423
0.04364886838662332   12365.325206673131   12010.885227851475
0.04492845444033957   12085.464422196124   11727.06005274306
0.04624555213019635   11811.797345302657   11450.135584563594
0.04760126112654554   11546.506977219002   11182.054408198184
0.04899671333706607   11291.550017269883   10924.54391783269
0.05043307385181555   11048.000668648321   10678.458824376916
0.05191154191598653   10816.059308426287   10443.79215565049
0.053433351931179485   10595.841401143667   10220.467419794526
0.05499977448602865   10386.985907545532   10007.96907118667
0.05661211741704101   10188.63263983621   9805.32191460256
0.05827172690053434   9999.896344347124   9611.543602020382
0.05997998857658587   9819.3445284352   9425.188038139397
0.06173832870592997   9645.263475227304   9244.58079131
0.0635482153607709   9475.833013985864   9068.006758714911
0.06541115965050462   9308.744041796746   8893.43639503596
0.06732871698337338   9141.673415382504   8718.879059774801
0.06930248836510605   8971.86462813711   8542.168166606338
0.07133412173562886   8796.435446067533   8361.13555483477
0.07342531334496233   8612.430884868689   8173.646015148878
0.07557780916945323   8416.878355644609   7977.636428020542
0.07779340636952398   8207.303977898242   7771.6624820734705
0.08007395479015682   7981.839569931939   7555.012155704604
0.08242135850536496   7739.714740867808   7327.767848758783
0.08483757740794096   7481.402358429455   7090.878221819664
0.08732462884580919   7208.818046442184   6846.241050371899
0.08988458930634863   6925.088916554992   6596.54689259767
0.09251959615009227   6634.474701478232   6345.347012614504
0.09523184939525078   6341.822046711614   6096.406756940593
0.09802361355455057   6052.585398572925   5853.344446921159
0.10089721952591899   5771.959577878202   5619.430793380532
0.10385506653859616   5505.293315961254   5397.7901904462815
0.10689962415629803   5257.252182968148   5190.973342390003
0.11003343433910281   5031.845675229607   5000.801394755151
0.11325911356578279   4831.565577198941   4827.9446502428855
0.11657935501835284   4657.220907067965   4671.803394395465
0.11999693083066039   4507.10227446685   4530.66997711084
0.12351469440289359   4377.554701356061   4401.877298429836
0.12713558278394044   4262.659891606842   4281.401802303435
0.13086261912358757   4155.43143229284   4165.1732763959335
0.13469891519660646   4048.3470795861335   4049.44140225255
0.13864767400083483   3934.2926979745107   3931.0027356784676
0.14271219243142114   3807.5777884652575   3807.863884158353
0.14689586403346616   3664.7750204157314   3679.317570630934
0.1512021818353596   3505.5295287123076   3545.9115749095495
0.15563474126517718   3332.8268455018265   3409.892816575901
0.16019724315257297   3152.4647016280883   3274.3760806127557
0.1648934968186736   2972.200359821278   3142.672275512511
0.1697274232565544   2800.6419648823753   3017.7219253015705
0.17470305840495237   2645.812478079575   2901.6447267493186
0.17982455651794954   2513.2409808307902   2795.6586675852245
0.18509619363343993   2404.2078818419304   2699.557772718238
0.19052237114327647   2315.3647137096295   2610.922072386846
0.19610761946807834   2239.982697930265   2527.2587000547446
0.20185660183976684   2169.7194683244943   2446.0181031034913
0.20777411819498756   2096.033988042868   2365.0442498371617
0.21386510918267082   2011.9808530111459   2283.9757538388826
0.22013466028907505   1914.89468679901   2202.119465885116
0.22658800608375756   1807.9228557517852   2120.772065155494
0.23323053459001789   1698.4241542691734   2042.089898640143
0.2400677917834628   1594.8014197720674   1967.0567343181333
0.24710548622244882   1503.9920478730714   1896.5837796225521
0.25434949381426813   1429.2927890284473   1830.7777288872167
0.2618058627210567   1368.8031207157278   1769.0335406963216
0.2694808184095226   1316.2985556441506   1709.8022801685881
0.27738076884870827   1263.9829806490307   1652.1940685686661
0.2855123098601282   1205.7521289559563   1595.93593964779
0.29388223062474755   1140.3289225870556   1541.1559173032404
0.3024975193514008   1071.769983750917   1487.698355145821
0.31136536911138296   1006.4317193751691   1437.0067112173538
0.3204931838440838   949.4331863592329   1388.0994610250696
0.32988858453867975   902.1931582487246   1342.3173118098312
0.3395594155970457   861.3941437319984   1298.4775505300565
0.34951375138319807   821.6193044809547   1256.2700021507308
0.3597599029647371   779.0739720344029   1215.4023978944097
0.37030642505191835   733.8722676462431   1175.7096745657072
0.3811621231401457   689.638107512396   1137.6322297478782
0.3923360608618501   650.0689197014731   1101.1254175606998
0.4038375675538918   615.9518095719827   1066.6255558299367
0.41567624604680364   585.0159905170314   1033.564029064953
0.42786198068238046   554.147539771402   1001.5292273642165
0.4404049455663077   522.3483520126066   970.5457855740905
0.4533156130627191   491.27669465678105   940.8332212389156
0.4666047625377753   462.98838835609905   912.3559215959524
0.4802834893595659   437.70658060207904   885.1948066135407
0.49436321416184764   413.87544294342115   859.1051189169193
0.5088556923793517   390.2313313491229   833.785443752399
0.5237730240626238   367.1256724515   809.2980872194338
0.5391276639805903   345.66855351309255   785.874814091827
0.5549324320192869   326.0185288285813   763.363156833623
0.5712005238854289   307.3827658267444   741.6762036008108
0.5879455221237613   289.27933243688426   720.6309459919461
0.6051814074573895   272.07299758565074   700.3254687864493
0.622922570460556   256.09899116393956   680.804879975133
0.6411838235736077   241.0891437784391   661.9347603647665
0.6599804134701901   226.72858303470306   643.626290288331
0.6793280337869897   213.11688689635324   625.8998287001015
0.6992428382266549   200.37596423349524   608.7701947843094
0.7197414540448374   188.3713926684885   592.1206212828324
0.7408409959326054   177.0206320087559   575.9532171904693
0.7625590803058332   166.29274691343002   560.246988620973
0.7849138400134885   156.16565205070705   544.9717086161753
0.8079239394770964   146.616494630052   530.0993735729393
0.8316085902740278   137.62169234873832   515.604080437389
0.8559875671776167   129.1537711105627   501.46209363549616
0.8810812246675007   121.18308593422694   487.6516810683885
0.9069105139239728   113.68151598559245   474.15282493649795
0.9334970003205227   106.62249766442879   460.9471221649577
0.960862881429187   99.98093815760828   448.0176983080065
0.9890310055537336   93.7331339234403   435.34912767842656
1.0180248908061487   87.85669391239941   422.92735912945545
1.047868744742366   82.33062379815017   410.73991433953535
1.0785874845736239   77.13550875989135   398.7763157984923
1.1102067579703248   72.2529733968028   387.02728633586247
1.1427529644757777   67.66554340759194   375.48453246971985
1.1762532775476793   63.3566109540994   364.1406940776789
1.210735667245765   59.31040058124648   352.98929589855686
1.246228923584555   55.51193575625868   342.0247005636251
1.2827626805706884   51.94699987901853   331.2422309965465
1.3203674409449337   48.60203604637715   320.64006625478027
1.3590746016495152   45.464161157664975   310.21823937021475
1.3989164800420282   42.52119403100555   299.97699632200005
1.4399263408778291   39.76162204126457   289.91674093689056
1.4821384240834183   37.1745679296103   280.0380131961971
1.525587973344019   34.7497580098224   270.3414678346808
1.5703112655292182   32.477491745224185   260.8278576412988
1.6163456409812174   30.348616550376658   251.4992209115234
1.6637295346910133   28.354503717562945   242.36024964691228
1.7125025083885144   26.487012093887838   233.41547912333837
1.7627052835733923   24.738461667843232   224.66885284841035
1.814379775514258   23.101609797152744   216.12373910354935
1.8675691282445197   21.569628485910993   207.78294864634697
1.922317750584177   20.13608267789442   199.64875344117274
1.9786713532176083   18.79490857000712   191.72301741643844
2.0366769868582977   17.54038642172724   184.00811293228796
2.0963830815323896   16.36712810901009   176.5062992870019
2.1578394870138577   15.270064396658967   169.21912392366326
2.2210975144450407   14.244427320707159   162.14745749585808
2.286209979177315   13.285733402713527   155.29153589288023
2.3532312448676476   12.389767717351083   148.6510022232351
2.4222172688678643   11.552568826615255   142.2249512430149
2.4932256489445366   10.770419401642311   136.0122438831839
2.5663156713684585   10.039835005550954   130.01171692265015
2.641548360413907   9.357541193848688   124.22169620457055
2.7189865293089923   8.720460763239322   118.63998616759504
2.798694832679631   8.125702750967116   113.26391988542103
2.8807398205309562   7.570551977019184   108.09040738321849
2.9651899938111903   7.052459108014281   103.11598206899505
3.05211586160442   6.569027574934463   98.33664782402312
3.1415899999999994   6.117984699531126   93.74679482987
