0.01   1277.5074928829256   1277.4639164869607
0.010293154462191829   1290.8434327336531   1290.799385935368
0.010594902878253955   1303.61232607192   1303.5677949241801
0.010905497183778876   1315.7717538704906   1315.7267142417306
0.011225196699963396   1327.2768707578757   1327.231328202943
0.011554268350120923   1338.0825990864075   1338.0365946895483
0.011892986882540897   1348.1438117298192   1348.0974174244973
0.012241635099881474   1357.4138097817222   1357.367087579785
0.012600504095286909   1365.8455958076033   1365.7985791264343
0.012969893495426888   1373.3929041789495   1373.3455972588038
0.013350111710660605   1380.0085054593249   1379.9608978121569
0.013741476192534558   1385.6436580683585   1385.5957452104572
0.014144313698828986   1390.2508912222236   1390.202676414905
0.01455896056637426   1393.783951573845   1393.7354436683383
0.014985762991865008   1396.1960381302872   1396.1472405643128
0.01542507732090645   1397.4419510648042   1397.3928586152224
0.015877270345534218   1397.479129870986   1397.4297286261974
0.016342719610456153   1396.266385301577   1396.216649930242
0.016821813728271667   1393.7643049588696   1393.7141961789798
0.017314952703931925   1389.9372073804652   1389.886672314762
0.017822548268711737   1384.753279201612   1384.7022410554657
0.01834502422397195   1378.1842904647265   1378.132614817559
0.018882816794999403   1370.2067205718845   1370.1542106187892
0.019436374995219892   1360.8024029649932   1360.7488071043124
0.02000616100108813   1349.9601863011749   1349.9052603049333
0.020592650537967844   1337.6757003027935   1337.6192492525615
0.021196333277324068   1323.9505910262878   1323.892470364426
0.02181771324555934   1308.7953036558354   1308.7354032306798
0.022457309244835088   1292.2321052355358   1292.1703155318678
0.02311565528622961   1274.2899581554193   1274.2261676389376
0.023793301035594242   1255.0052285445588   1254.939338085877
0.024490812272480036   1234.4317907381908   1234.363812091959
0.025208771362518027   1212.6338293735798   1212.563925073308
0.0259477777436476   1189.679842257659   1189.6083154243317
0.02670844842659881   1165.6537515095865   1165.5810288020048
0.027491418510046592   1140.6591282405266   1140.585739423346
0.028297341710866907   1114.8011519407337   1114.7277164336094
0.029126890909937666   1088.190419786354   1088.1176474218341
0.029980758713939952   1060.9664042356767   1060.8951521931622
0.030859658033628758   1033.2728054254173   1033.2040786009293
0.031764322679055976   1005.2470167482502   1005.1819422252025
0.03269550797224261   977.041879274945   976.981665547645
0.033653991377811755   948.8233693979906   948.7692684738433
0.03464057315210884   920.7444797229049   920.6977696870028
0.03565607701135116   892.9577198692691   892.9196342154571
0.036701350819364466   865.6469461624464   865.6184772999211
0.03777726729548091   838.9849185277964   838.96680054996
0.038884724743189276   813.1217415100054   813.1144773533841
0.04002464780014597   788.1694924732112   788.1733419746953
0.041197988210172884   764.2110192974781   764.2260016975268
0.04240572561788674   741.3161815426074   741.3421080759007
0.04364886838662332   719.5760427059627   719.6122471783578
0.04492845444033957   699.1436354472886   699.1883407800785
0.04624555213019635   680.1629182112001   680.2132724558232
0.04760126112654554   662.725543303001   662.777800848258
0.04899671333706607   646.7149040227554   646.7648614645815
0.05043307385181555   631.9557506483759   631.9988955366357
0.05191154191598653   618.2887193068973   618.3202369101497
0.053433351931179485   605.5684660068623   605.5832402004665
0.05499977448602865   593.6615865916979   593.6542082159284
0.05661211741704101   582.4203288312655   582.3852185514711
0.05827172690053434   571.6348912630682   571.5666410825105
0.05997998857658587   561.0941341436635   560.987623456688
0.06173832870592997   550.5461839802896   550.3972817026548
0.0635482153607709   539.7074818234346   539.5136759498903
0.06541115965050462   528.2952061229544   528.0560620481125
0.06732871698337338   516.0005593930372   515.718801133294
0.06930248836510605   502.5512110627709   502.23281216358055
0.07133412173562886   487.75892407113895   487.4132033062058
0.07342531334496233   471.50721261916027   471.1466285902359
0.07557780916945323   453.82489454929004   453.46525197478064
0.07779340636952398   434.83576589993106   434.49541242105073
0.08007395479015682   414.81393162821075   414.5111028517255
0.08242135850536496   394.1003670420306   393.8518994523934
0.08483757740794096   373.10798842596887   372.9289500426585
0.08732462884580919   352.26289648458766   352.1653423778076
0.08988458930634863   332.01261301955594   332.00345780724916
0.09251959615009227   312.8115891614023   312.89133525920744
0.09523184939525078   295.0921579988776   295.2545000956512
0.09802361355455057   279.2091371268094   279.43881050991575
0.10089721952591899   265.4429149145588   265.71446475027943
0.10385506653859616   253.87645812844755   254.15877014620284
0.10689962415629803   244.4465687112451   244.705595754466
0.11003343433910281   236.86017089018105   237.06104699277597
0.11325911356578279   230.7056182424142   230.81566961061904
0.11657935501835284   225.4330245241428   225.42870818691983
0.11999693083066039   220.44890696408055   220.31902000773763
0.12351469440289359   215.14952455857363   214.8980195677863
0.12713558278394044   208.99963915422   208.64767407573598
0.13086261912358757   201.62119080804098   201.20743174214618
0.13469891519660646   192.85393652558525   192.43103316914656
0.13864767400083483   182.80113465998545   182.42625819799937
0.14271219243142114   171.8010689500931   171.52702555541364
0.14689586403346616   160.39119458769272   160.25792885717
0.1512021818353596   149.24957551777283   149.27486130270736
0.15563474126517718   139.0880065593441   139.2584661410261
0.16019724315257297   130.4550844805313   130.7292576383158
0.1648934968186736   123.57026108040458   123.88607078117231
0.1697274232565544   118.31115084520303   118.5999964023081
0.17470305840495237   114.31336937997848   114.5156108523661
0.17982455651794954   111.05488841539123   111.13041809684493
0.18509619363343993   107.88688858609963   107.82901873228339
0.19052237114327647   104.15536179595847   104.00054281575117
0.19610761946807834   99.46660601544106   99.28717217152757
0.20185660183976684   93.85567006648341   93.73300190121104
0.20777411819498756   87.70289205253601   87.69988643631612
0.21386510918267082   81.55220352954237   81.70101987746678
0.22013466028907505   75.98480172376162   76.26658719551332
0.22658800608375756   71.4116810116476   71.7700917968269
0.23323053459001789   67.8991553231195   68.25403060956266
0.2400677917834628   65.18631872251254   65.4744678506545
0.24710548622244882   62.79146541077852   62.98702633302475
0.25434949381426813   60.19053080366018   60.320959096810164
0.2618058627210567   57.10359546006786   57.23796808567858
0.2694808184095226   53.6082027133202   53.81385582618936
0.27738076884870827   50.02140117798533   50.33642332445543
0.2855123098601282   46.747650236108626   47.156011304377294
0.29388223062474755   44.04890425433336   44.499040494705596
0.3024975193514008   41.8792624541164   42.3058177638927
0.31136536911138296   39.972638950927596   40.35074402150951
0.3204931838440838   38.01897920397432   38.36852806125297
0.32988858453867975   35.86199492831183   36.233161092061856
0.3395594155970457   33.60620866334059   34.035497557159374
0.34951375138319807   31.478488395412487   31.96583703296953
0.3597599029647371   29.63571341311897   30.14790697798425
0.37030642505191835   28.06094376865526   28.559757704710766
0.3811621231401457   26.59321820059841   27.070697075909205
0.3923360608618501   25.093326539077502   25.574263218413833
0.4038375675538918   23.564577266935782   24.073103798782274
0.41567624604680364   22.11044594240209   22.648388218009533
0.42786198068238046   20.811140928738098   21.358968422628944
0.4404049455663077   19.64011575201462   20.180595037230486
0.4533156130627191   18.517791684627486   19.053772587620628
0.4666047625377753   17.405991333702243   17.951723781706658
0.4802834893595659   16.341453453043414   16.900981441545973
0.49436321416184764   15.36316089033542   15.927481597011111
0.5088556923793517   14.461168416335813   15.022460943165509
0.5237730240626238   13.599415843844834   14.160059611789274
0.5391276639805903   12.769982748642555   13.33547584116264
0.5549324320192869   11.990800775339991   12.559695833518408
0.5712005238854289   11.266701789622884   11.834260784656157
0.5879455221237613   10.58350507228374   11.149457678805115
0.6051814074573895   9.933420301449557   10.499717393913473
0.622922570460556   9.322107347471743   9.887958197911432
0.6411838235736077   8.748617038493165   9.312698935463704
0.6599804134701901   8.20856275399527   8.77039717119733
0.6793280337869897   7.700046478113182   8.259215142741496
0.6992428382266549   7.221397702302624   7.777494278097108
0.7197414540448374   6.771019408988975   7.323650443690603
0.7408409959326054   6.347386120484386   6.896171973341956
0.7625590803058332   5.949041882625548   6.493617608570015
0.7849138400134885   5.574598197237122   6.1146143690544275
0.8079239394770964   5.222730984253677   5.757854594299236
0.8316085902740278   4.892165094363086   5.422082524708275
0.8559875671776167   4.581679119485258   5.106097582524022
0.8810812246675007   4.290116402831793   4.80876305079235
0.9069105139239728   4.016382320160149   4.529003432517285
0.9334970003205227   3.759441279111586   4.265801568057633
0.960862881429187   3.5183138409801162   4.0181958495039805
0.9890310055537336   3.2920739614981334   3.7852775324996477
1.0180248908061487   3.0798464793605977   3.5661886479783993
1.047868744742366   2.8808055798082197   3.360123337876954
1.0785874845736239   2.6941715098208845   3.1663222970134233
1.1102067579703248   2.5192075683578987   2.984067835918413
1.1427529644757777   2.355217953239878   2.8126818720122495
1.1762532775476793   2.2015457054112524   2.651524013772503
1.210735667245765   2.057570740628801   2.499989710673101
1.246228923584555   1.9227079660365634   2.3575084693805324
1.2827626805706884   1.7964053952781107   2.223542206284324
1.3203674409449337   1.6781420840461985   2.097583888964722
1.3590746016495152   1.5674269006211827   1.9791556161324337
1.3989164800420282   1.4637971228453186   1.8678069563606112
1.4399263408778291   1.3668169152413325   1.763113508711829
1.4821384240834183   1.2760758786913469   1.6646755243212439
1.525587973344019   1.191187670067266   1.572116587677922
1.5703112655292182   1.1117886890421753   1.4850823563763282
1.6163456409812174   1.0375367872593904   1.4032393525744975
1.6637295346910133   0.9681099930150867   1.3262738036577544
1.7125025083885144   0.9032055318744604   1.2538905672065466
1.7627052835733923   0.8425387858995165   1.185812094111318
1.814379775514258   0.7858422690404976   1.1217774376670746
1.8675691282445197   0.7328646555703322   1.0615413118536023
1.922317750584177   0.6833698591656602   1.0048731970541434
1.9786713532176083   0.6371361600038243   0.9515564882092711
2.0366769868582977   0.5939553051705992   0.9013869295380373
2.0963830815323896   0.553631661401433   0.8541711041152577
2.1578394870138577   0.5159816515764639   0.8097274856924809
2.2210975144450407   0.4808330702945299   0.7678859526641796
2.286209979177315   0.4480244113914396   0.7284870720005227
2.3532312448676476   0.41740423286802447   0.6913814271998093
2.4222172688678643   0.38883055731756205   0.6564289876900584
2.4932256489445366   0.36217030856532634   0.6234984856791298
2.5663156713684585   0.3372989084001601   0.5924651994325947
2.641548360413907   0.3140997914265277   0.5632100161091332
2.7189865293089923   0.2924637097239088   0.535621631837471
2.798694832679631   0.2722882804987237   0.5095962158940608
2.8807398205309562   0.2534775770375717   0.4850368792853348
2.9651899938111903   0.23594174224452164   0.4618531830243732
3.05211586160442   0.2195966236557911   0.43996068300684815
3.1415899999999994   0.20436340847651244   0.4192805713319881
