0.01   1260.7574960348938   1260.710675634375
0.010293154462191829   1276.6502666278507   1276.6034194528477
0.010594902878253955   1292.1911609856618   1292.1444149383424
0.010905497183778876   1307.3467636164878   1307.3000208939363
0.011225196699963396   1322.082631721417   1322.0356526750709
0.011554268350120923   1336.3623684283775   1336.3150208363086
0.011892986882540897   1350.1489562126737   1350.101263142883
0.012241635099881474   1363.4049448135775   1363.3570776245501
0.012600504095286909   1376.0909442036054   1376.0430840752156
0.012969893495426888   1388.166390720083   1388.118641674649
0.013350111710660605   1399.5907012366144   1399.543086125027
0.013741476192534558   1410.3228589591413   1410.275356920256
0.014144313698828986   1420.3210096949724   1420.2736328192486
0.01455896056637426   1429.5435933342508   1429.4963965224767
0.014985762991865008   1437.9493451330611   1437.9024185402252
0.01542507732090645   1445.4956218093973   1445.4490304338217
0.015877270345534218   1452.1397746101154   1452.0935310190807
0.016342719610456153   1457.8402641203518   1457.794328050324
0.016821813728271667   1462.5561838415836   1462.5104969755557
0.017314952703931925   1466.247190893796   1466.2017267025753
0.017822548268711737   1468.874670283786   1468.8294382782176
0.01834502422397195   1470.4018980863846   1470.3569289605855
0.018882816794999403   1470.7936649681983   1470.7489357233364
0.019436374995219892   1470.017068271571   1469.9724791875537
0.02000616100108813   1468.042034135542   1467.9974113230485
0.020592650537967844   1464.8422121087533   1464.7973564273134
0.021196333277324068   1460.395227668053   1460.3499649731807
0.02181771324555934   1454.682240866673   1454.636425025084
0.022457309244835088   1447.689111793216   1447.6426229707524
0.02311565528622961   1439.4089914039903   1439.3617286165634
0.023793301035594242   1429.839734004554   1429.7916138314652
0.024490812272480036   1418.9836868399443   1418.9346456988364
0.025208771362518027   1406.8534289362258   1406.8034515704212
0.0259477777436476   1393.4700942812349   1393.419233890611
0.02670844842659881   1378.8587470877508   1378.8071235175967
0.027491418510046592   1363.0528633754561   1363.000704272092
0.028297341710866907   1346.100712408937   1346.0484549522118
0.029126890909937666   1328.05492347716   1328.0032179299553
0.029980758713939952   1308.9723077757355   1308.9219955194355
0.030859658033628758   1288.929092020728   1288.8811243846076
0.031764322679055976   1268.0115281734363   1267.9669180645428
0.03269550797224261   1246.305525435669   1246.2653367027121
0.033653991377811755   1223.905024324222   1223.8704149711552
0.03464057315210884   1200.9176356220994   1200.8899376349434
0.03565607701135116   1177.4488514508093   1177.4295588374832
0.036701350819364466   1153.6058653464154   1153.5965796955136
0.03777726729548091   1129.5285718233768   1129.5307783058963
0.038884724743189276   1105.3630126387548   1105.3780016974965
0.04002464780014597   1081.2444644384607   1081.273344643153
0.041197988210172884   1057.271888491548   1057.315668488425
0.04240572561788674   1033.5032810438065   1033.5629630333842
0.04364886838662332   1009.9899510419979   1010.0665329656415
0.04492845444033957   986.8042535615521   986.898503605586
0.04624555213019635   964.1239409931513   964.2354366968648
0.04760126112654554   942.141224875913   942.2682015654896
0.04899671333706607   921.0246558286323   921.1641566216897
0.05043307385181555   900.813426165389   900.9616867678866
0.05191154191598653   881.4360837866001   881.5888541381016
0.053433351931179485   862.8217383527875   862.9743337291821
0.05499977448602865   844.8886130985494   845.0360166948756
0.05661211741704101   827.5281091145278   827.6651384247781
0.05827172690053434   810.6353697980961   810.7567154880642
0.05997998857658587   794.098277797438   794.198684948764
0.06173832870592997   777.7811762934537   777.8558000226413
0.0635482153607709   761.5543987241206   761.5988625454783
0.06541115965050462   745.2808645806849   745.2917444761138
0.06732871698337338   728.8148214002837   728.7901720091371
0.06930248836510605   712.0160469184461   711.9556075618674
0.07133412173562886   694.7153607271315   694.621886172125
0.07342531334496233   676.7489204933983   676.6284805861499
0.07557780916945323   657.9794821808802   657.8421046545241
0.07779340636952398   638.2982590942056   638.1584105866353
0.08007395479015682   617.6641980901063   617.5400156782296
0.08242135850536496   596.135258396397   596.0475774837093
0.08483757740794096   573.8417845420719   573.8131287483154
0.08732462884580919   551.0427218129811   551.096107342596
0.08988458930634863   528.0329715274248   528.1897084019537
0.09251959615009227   505.1611618210917   505.437154539915
0.09523184939525078   482.7616461094516   483.1669827265772
0.09802361355455057   461.1517869768369   461.69064716016226
0.10089721952591899   440.6141936367341   441.2831739274473
0.10385506653859616   421.39380890691564   422.1808102903661
0.10689962415629803   403.6885519465985   404.57281420466023
0.11003343433910281   387.638865596536   388.59185579364873
0.11325911356578279   373.2485956365877   374.23390886527983
0.11657935501835284   360.42628512448994   361.4025158449068
0.11999693083066039   348.87717526114034   349.808454478515
0.12351469440289359   338.22237186781297   339.082677886607
0.12713558278394044   327.9831467736162   328.76113270330603
0.13086261912358757   317.70631629747464   318.40917084415247
0.13469891519660646   306.9977092638743   307.6535733075689
0.13864767400083483   295.5935133971634   296.2483241640571
0.14271219243142114   283.3815700066652   284.09427711232877
0.14689586403346616   270.4276478616948   271.26383189241193
0.1512021818353596   256.98170050636526   258.0045631387978
0.15563474126517718   243.4108644006508   244.66911115813676
0.16019724315257297   230.13994919894085   231.6575126914083
0.1648934968186736   217.5884452779041   219.3612007438818
0.1697274232565544   206.1301037415401   208.12422135772033
0.17470305840495237   196.02271944223955   198.17637260662107
0.17982455651794954   187.31045790423613   189.54564750191565
0.18509619363343993   179.75514947406302   182.00054437954222
0.19052237114327647   172.90588127285696   175.1171748766223
0.19610761946807834   166.2885729813081   168.45807361033778
0.20185660183976684   159.5289988301742   161.68491245066411
0.20777411819498756   152.36994834573642   154.57340866480354
0.21386510918267082   144.72226785704592   147.0594555150794
0.22013466028907505   136.7667199483873   139.3082504377427
0.22658800608375756   128.9087693910628   131.6851331388421
0.23323053459001789   121.55277683470867   124.5469731772799
0.2400677917834628   114.94393650775575   118.10022281359245
0.24710548622244882   109.15470972795431   112.38973340918139
0.25434949381426813   104.06160150819552   107.30610434260934
0.2618058627210567   99.36878948534837   102.58408770574667
0.2694808184095226   94.74557641128146   97.94348352621827
0.27738076884870827   89.98478354751221   93.21092739338154
0.2855123098601282   85.06331445635523   88.38174852515743
0.29388223062474755   80.17049356677815   83.61277558149736
0.3024975193514008   75.56439747147533   79.11843632824785
0.31136536911138296   71.38747930828774   75.0052316851378
0.3204931838440838   67.64584345519894   71.26772087086069
0.32988858453867975   64.20916116722304   67.80233929911198
0.3395594155970457   60.88145684611164   64.44959857237012
0.34951375138319807   57.56099286787186   61.137009734068116
0.3597599029647371   54.27472093391175   57.886505054034046
0.37030642505191835   51.131209590677614   54.783604999470775
0.3811621231401457   48.23152120779721   51.897075635870685
0.3923360608618501   45.57081819683178   49.21653935294742
0.4038375675538918   43.07047602254389   46.6854539805652
0.41567624604680364   40.65632208836475   44.2500964272305
0.42786198068238046   38.30999588701326   41.898478961049065
0.4404049455663077   36.07325251943699   39.658755530638025
0.4533156130627191   33.98532344464049   37.55447485242487
0.4666047625377753   32.036566958560435   35.57583654362591
0.4802834893595659   30.190707284349383   33.69836173138824
0.49436321416184764   28.423690866154168   31.905376028735684
0.5088556923793517   26.743180575414467   30.20095302160947
0.5237730240626238   25.162652284261434   28.591235017714492
0.5391276639805903   23.678178886455196   27.0715363798271
0.5549324320192869   22.273451335559237   25.63101521019994
0.5712005238854289   20.94061333901483   24.26371450655072
0.5879455221237613   19.681914794582312   22.969441929170134
0.6051814074573895   18.497338207467998   21.746402344892697
0.622922570460556   17.37996594013083   20.58914260599451
0.6411838235736077   16.324113173319844   19.493241848718743
0.6599804134701901   15.328333202132045   18.456686314128742
0.6793280337869897   14.390694307737851   17.477016107283045
0.6992428382266549   13.507012380266849   16.550470989416404
0.7197414540448374   12.674331414283884   15.674421770117792
0.7408409959326054   11.890334456772775   14.846268794785768
0.7625590803058332   11.152333341716117   14.063544169679828
0.7849138400134885   10.457705826448255   13.323835767537636
0.8079239394770964   9.804093303314517   12.624846286695504
0.8316085902740278   9.189257026823947   11.964390413088765
0.8559875671776167   8.611066127935564   11.34039056500353
0.8810812246675007   8.067493511074064   10.750872626456097
0.9069105139239728   7.5566118225547685   10.193961746834178
0.9334970003205227   7.076589496567957   9.66787821717296
0.960862881429187   6.625685576226214   9.17093310463243
0.9890310055537336   6.202242768679409   8.701523483145543
1.0180248908061487   5.804688634366837   8.258129761584426
1.047868744742366   5.431533141023175   7.839312240751808
1.0785874845736239   5.081364912557791   7.443707434518209
1.1102067579703248   4.752847606956407   7.070024507743272
1.1427529644757777   4.444716421925991   6.7170418327415105
1.1762532775476793   4.155774736905018   6.383603130729955
1.210735667245765   3.8848910147817537   6.068606448006373
1.246228923584555   3.6309956033093678   5.771004538802364
1.2827626805706884   3.3930775901202526   5.489809400252892
1.3203674409449337   3.1701819261320083   5.224089257471131
1.3590746016495152   2.961406667349755   4.9729654791882485
1.3989164800420282   2.7659003280920382   4.735609648582233
1.4399263408778291   2.58285934229874   4.511240772327531
1.4821384240834183   2.4115252760628785   4.299117305640847
1.525587973344019   2.2511820718403395   4.098527535807941
1.5703112655292182   2.1011547839906752   3.908800937660303
1.6163456409812174   1.9608075664546887   3.7293079491646637
1.6637295346910133   1.8295415861698772   3.559457388134249
1.7125025083885144   1.7067930345672067   3.398694035444308
1.7627052835733923   1.5920312335167537   3.2464963738969033
1.814379775514258   1.4847568316037292   3.1023733907675037
1.8675691282445197   1.3845000839000945   2.965853485377711
1.922317750584177   1.2908192238157932   2.836489053462753
1.9786713532176083   1.203298915024277   2.7138611547127414
2.0366769868582977   1.121548777159675   2.5975776103703696
2.0963830815323896   1.0452019856095207   2.4872711666154905
2.1578394870138577   0.9739139423218617   2.382597791975191
2.2210975144450407   0.907361012616028   2.283235003844846
2.286209979177315   0.8452391557542893   2.188871848855243
2.3532312448676476   0.7872627179847116   2.099202558122227
2.4222172688678643   0.7331636990154662   2.0139410974815575
2.4932256489445366   0.682690750557606   1.9328213111079477
2.5663156713684585   0.6356081931394914   1.855595399872321
2.641548360413907   0.5916950871277209   1.7820325269915713
2.7189865293089923   0.5507443552474507   1.7119175394970823
2.798694832679631   0.5125620194120439   1.6450494857755753
2.8807398205309562   0.47696672837846055   1.5812389738370138
2.9651899938111903   0.4437886654528204   1.5203086599114872
3.05211586160442   0.412868687718789   1.4620931466353628
3.1415899999999994   0.38405769429283076   1.4064381025040853
