0.01   1480.0990522158888   1480.0466149357317
0.010293154462191829   1494.7027951382863   1494.6496222258213
0.010594902878253955   1508.6833357769424   1508.6295787217512
0.010905497183778876   1521.9958216210298   1521.9416134889866
0.011225196699963396   1534.594139067205   1534.5395543011957
0.011554268350120923   1546.4322349224592   1546.3772877585145
0.011892986882540897   1557.462629632435   1557.4073043007438
0.012241635099881474   1567.6359999121653   1567.5802925367636
0.012600504095286909   1576.9034426935623   1576.8473646217344
0.012969893495426888   1585.2162536593414   1585.159831620056
0.013350111710660605   1592.52393397084   1592.4672092725448
0.013741476192534558   1598.7763864839274   1598.7194148808237
0.014144313698828986   1603.9248846494415   1603.8677354326046
0.01455896056637426   1607.9197601160952   1607.8624933546284
0.014985762991865008   1610.7106891015162   1610.6533327324958
0.01542507732090645   1612.2495857496594   1612.1921343030103
0.015877270345534218   1612.4900521790107   1612.432473416666
0.016342719610456153   1611.3853326417088   1611.3275903387632
0.016821813728271667   1608.8913718093859   1608.833430829289
0.017314952703931925   1604.967767432343   1604.9095920834602
0.017822548268711737   1599.5761645193381   1599.5176906289994
0.01834502422397195   1592.6812112011005   1592.6223259275523
0.018882816794999403   1584.2525280694094   1584.193071067015
0.019436374995219892   1574.264674276322   1574.204447770932
0.02000616100108813   1562.6968638556607   1562.6356544375276
0.020592650537967844   1549.5342950853064   1549.471878872929
0.021196333277324068   1534.76885093135   1534.7049939084839
0.02181771324555934   1518.4011074406233   1518.3355484501317
0.022457309244835088   1500.439635956959   1500.3720795875204
0.02311565528622961   1480.900120355542   1480.8302420045306
0.023793301035594242   1459.8090791276945   1459.7365749423952
0.024490812272480036   1437.2066150379574   1437.1312850215022
0.025208771362518027   1413.140109505408   1413.061863037726
0.0259477777436476   1387.6655215001722   1387.5843777644084
0.02670844842659881   1360.859234504597   1360.775349004543
0.027491418510046592   1332.808089053589   1332.721757048557
0.028297341710866907   1303.6029731559597   1303.5146191277947
0.029126890909937666   1273.3528206496467   1273.2630495161382
0.029980758713939952   1242.1875587204306   1242.0972209808624
0.030859658033628758   1210.2369841313068   1210.1471511410316
0.031764322679055976   1177.6360837092072   1177.5480175607058
0.03269550797224261   1144.5517140323839   1144.4668452070923
0.033653991377811755   1111.1525246941492   1111.0724212786324
0.03464057315210884   1077.5977277162256   1077.5240626474863
0.03565607701135116   1044.0631813476714   1043.9977093148432
0.036701350819364466   1010.7373825192551   1010.681919075452
0.03777726729548091   977.791289940489   977.7476856958132
0.038884724743189276   945.3922889507744   945.362321377411
0.04002464780014597   913.7387145023349   913.7237916191787
0.041197988210172884   883.0136459307779   883.014785765228
0.04240572561788674   853.3731909132745   853.3910641245064
0.04364886838662332   824.9335744755547   824.9684346533373
0.04492845444033957   797.7796557375757   797.8313119818499
0.04624555213019635   771.9805912367086   772.0484736284324
0.04760126112654554   747.6199135906761   747.7027328376524
0.04899671333706607   724.8352141061509   724.9300720861502
0.05043307385181555   703.7542686759417   703.8567161543268
0.05191154191598653   684.4523245275664   684.5566445483109
0.053433351931179485   666.7814192165375   666.8813652258449
0.05499977448602865   650.5279400639558   650.6169905791504
0.05661211741704101   635.4992829401775   635.5706121411185
0.05827172690053434   621.5251344147002   621.5714482989426
0.05997998857658587   608.4516504358138   608.4651443108634
0.06173832870592997   596.1110760160606   596.0836934585068
0.0635482153607709   584.2651088950411   584.189295427398
0.06541115965050462   572.6741569547979   572.5430645501484
0.06732871698337338   561.0545548964177   560.8629812843885
0.06930248836510605   549.0856601026036   548.8309408344876
0.07133412173562886   536.4551547057969   536.1377756556823
0.07342531334496233   522.8344655422685   522.4596042993447
0.07557780916945323   507.9419098265233   507.5195759879139
0.07779340636952398   491.6084439704909   491.1538516077842
0.08007395479015682   473.75011823038625   473.283112259096
0.08242135850536496   454.44177019659264   453.98539685819117
0.08483757740794096   433.85846235022956   433.437573722715
0.08732462884580919   412.32350893600614   411.96319977459865
0.08988458930634863   390.2216438305425   389.9457038145401
0.09251959615009227   367.9989534587092   367.8275026071894
0.09523184939525078   346.1076555568673   346.0556626693983
0.09802361355455057   325.0209320687435   325.09639133818143
0.10089721952591899   305.2110081073283   305.4118706918845
0.10385506653859616   287.1224575390632   287.4350496989039
0.10689962415629803   271.0949921188571   271.49499160305487
0.11003343433910281   257.37443330352625   257.8275759495183
0.11325911356578279   245.9853276269341   246.44803768954228
0.11657935501835284   236.79487466166972   237.2159569518337
0.11999693083066039   229.4453192674232   229.77750371624347
0.12351469440289359   223.46974213035284   223.67394202024252
0.12713558278394044   218.2796558307433   218.32754088206462
0.13086261912358757   213.25510711147348   213.13573249587813
0.13469891519660646   207.78241168007406   207.5081416065077
0.13864767400083483   201.34168820261675   200.94814287231034
0.14271219243142114   193.5968644070198   193.13960404774832
0.14689586403346616   184.44767902161152   183.9972119065445
0.1512021818353596   174.05727023989272   173.6927601967521
0.15563474126517718   162.8210257703   162.6114990455528
0.16019724315257297   151.33201521570717   151.32445790648794
0.1648934968186736   140.309139732664   140.5196195274554
0.1697274232565544   130.45803233478455   130.85938057661164
0.17470305840495237   122.25384399772298   122.77859775632757
0.17982455651794954   115.81406977407005   116.38104019338073
0.18509619363343993   110.94445030046306   111.46285903980294
0.19052237114327647   107.24798587529999   107.64099357489931
0.19610761946807834   104.1718930524016   104.39852927901377
0.20185660183976684   101.0382913447215   101.10372634279834
0.20777411819498756   97.22678444432614   97.1898779506996
0.21386510918267082   92.44799567523728   92.40396111972801
0.22013466028907505   86.8343034481034   86.88448714532808
0.22658800608375756   80.79511935444177   81.01750084425106
0.23323053459001789   74.8900732472127   75.30780628145021
0.2400677917834628   69.67792460545837   70.25763568782628
0.24710548622244882   65.48858162605622   66.1401531673603
0.25434949381426813   62.306589336644855   62.93857905296847
0.2618058627210567   59.823755226895614   60.35813671222558
0.2694808184095226   57.538156120137494   57.95680238314423
0.27738076884870827   54.97186380262528   55.32482776523531
0.2855123098601282   51.9380309836557   52.310606368827344
0.29388223062474755   48.566944129576235   49.03901489072244
0.3024975193514008   45.1913480046638   45.793390226585124
0.31136536911138296   42.19400247949208   42.89670762903802
0.3204931838440838   39.761102821219   40.48601038237522
0.32988858453867975   37.791305063317736   38.47498820076499
0.3395594155970457   36.01232996130036   36.632404045470075
0.34951375138319807   34.14381790510148   34.73363861195294
0.3597599029647371   32.0921867582962   32.70966575764028
0.37030642505191835   29.995217109445218   30.681052653589962
0.3811621231401457   28.059607817107114   28.802222918228427
0.3923360608618501   26.403322038570487   27.155683755412564
0.4038375675538918   24.97394646401637   25.699847799370946
0.41567624604680364   23.613500968974467   24.312657485305525
0.42786198068238046   22.217191693119762   22.91860385220109
0.4404049455663077   20.814190361616646   21.543497026037883
0.4533156130627191   19.502570375208915   20.25615438744954
0.4666047625377753   18.33685373400556   19.090321679965086
0.4802834893595659   17.276823047363308   18.015067826301774
0.49436321416184764   16.250999751508356   16.982147394704228
0.5088556923793517   15.24160392338551   15.979893984089252
0.5237730240626238   14.286209815778385   15.033179941386265
0.5391276639805903   13.412301261431386   14.157054528645736
0.5549324320192869   12.602302953469017   13.338185276634828
0.5712005238854289   11.826665066428738   12.558437924515568
0.5879455221237613   11.084787992414965   11.817133587077183
0.6051814074573895   10.392014295643179   11.122019450414886
0.622922570460556   9.747999500009765   10.471543657876573
0.6411838235736077   9.13951551344224   9.857083067481103
0.6599804134701901   8.562805224053127   9.276253729678071
0.6793280337869897   8.02215987169176   8.730270587588624
0.6992428382266549   7.516558228936914   8.217609908471903
0.7197414540448374   7.040947187348653   7.734798370356969
0.7408409959326054   6.593512608862679   7.280090474023714
0.7625590803058332   6.172854852688368   6.851998941911737
0.7849138400134885   5.777614159415128   6.449097699670368
0.8079239394770964   5.406472870119037   6.070021243182273
0.8316085902740278   5.058157162227207   5.7134637808383655
0.8559875671776167   4.731438267340509   5.378178140161162
0.8810812246675007   4.425104899218479   5.062959355139233
0.9069105139239728   4.137932499750426   4.766625976451944
0.9334970003205227   3.8687572937813393   4.4880573709738725
0.960862881429187   3.616484700273654   4.226196904873537
0.9890310055537336   3.3800852596034017   3.980048569516484
1.0180248908061487   3.1585908013142623   3.748673758186364
1.047868744742366   2.951090838728622   3.531188190056903
1.0785874845736239   2.7567326889364234   3.3267617770274507
1.1102067579703248   2.5747246789765743   3.1346210986522265
1.1427529644757777   2.40432166128579   2.954037799732034
1.1762532775476793   2.244820130555811   2.7843243592135214
1.210735667245765   2.0955561649502155   2.6248320790595754
1.246228923584555   1.9559034477488006   2.4749491436581317
1.2827626805706884   1.825271368011535   2.3340987502773527
1.3203674409449337   1.703102636306618   2.201736954442213
1.3590746016495152   1.5888699618008213   2.077349912140955
1.3989164800420282   1.4820766788396167   1.9604536301475588
1.4399263408778291   1.3822557647458336   1.850592780294577
1.4821384240834183   1.2889681779682576   1.7473391145366695
1.525587973344019   1.2018012815585872   1.6502899552996757
1.5703112655292182   1.1203673481703271   1.5590667588151343
1.6163456409812174   1.0443021845703446   1.47331382989256
1.6637295346910133   0.9732639606369384   1.392697367923438
1.7125025083885144   0.9069317281888138   1.3169038488904377
1.7627052835733923   0.8450041325420687   1.2456386906692574
1.814379775514258   0.787198285913333   1.178625164242372
1.8675691282445197   0.7332487004251113   1.1156033610728326
1.922317750584177   0.682906277845397   1.0563292142416756
1.9786713532176083   0.6359373438200056   1.0005731068668853
2.0366769868582977   0.592122686096848   0.9481161387250124
2.0963830815323896   0.5512567568118986   0.8987518946583577
2.1578394870138577   0.5131468984236814   0.8522873629082139
2.2210975144450407   0.4776125749395495   0.8085420542367215
2.286209979177315   0.4444846457904539   0.7673471707389645
2.3532312448676476   0.4136046804040941   0.7285448304706331
2.4222172688678643   0.3848243000751107   0.6919872962666643
2.4932256489445366   0.35800447016972925   0.6575358744684526
2.5663156713684585   0.33301500466040157   0.6250605859555413
2.641548360413907   0.3097340976113885   0.5944398925812461
2.7189865293089923   0.2880478049152319   0.5655601329798546
2.798694832679631   0.26784955561074186   0.5383149932171697
2.8807398205309562   0.24903969216564195   0.5126050139940278
2.9651899938111903   0.23152504837655682   0.4883369298876221
3.05211586160442   0.21521867340739995   0.4654205827666464
3.1415899999999994   0.20003936912703518   0.4437698197481405
