0.01   6044.857021639538   6044.5982512867495
0.010293154462191829   6120.194536986723   6119.921066714924
0.010594902878253955   6193.4784498833305   6193.188829971552
0.010905497183778876   6264.516245057783   6264.208733129726
0.011225196699963396   6333.103288607062   6332.776081528916
0.011554268350120923   6399.028236886261   6398.679587661178
0.011892986882540897   6462.078052921653   6461.706278672857
0.012241635099881474   6522.0325501546085   6521.635906895753
0.012600504095286909   6578.661222945608   6578.23769608849
0.012969893495426888   6631.732961704364   6631.280246037404
0.013350111710660605   6681.0157498290055   6680.531240136809
0.013741476192534558   6726.266841146151   6725.747575140866
0.014144313698828986   6767.241657460241   6766.684297550184
0.01455896056637426   6803.699489989999   6803.100329890259
0.014985762991865008   6835.3961628772595   6834.7511317100925
0.01542507732090645   6862.082762416347   6861.38743103715
0.015877270345534218   6883.517577448776   6882.767176497334
0.016342719610456153   6899.4657402511275   6898.655089362012
0.016821813728271667   6909.690964963465   6908.814060367903
0.017314952703931925   6913.966042446775   6913.015960114831
0.017822548268711737   6912.078063008528   6911.046997997498
0.01834502422397195   6903.824904610718   6902.704173418073
0.018882816794999403   6889.016916724136   6887.796970152355
0.019436374995219892   6867.4842777178255   6866.154775665019
0.02000616100108813   6839.079585329677   6837.62949702545
0.020592650537967844   6803.680915313535   6802.098659764424
0.021196333277324068   6761.192090784252   6759.465657781436
0.02181771324555934   6711.544695989725   6709.661793912847
0.022457309244835088   6654.713273721774   6652.661886709401
0.02311565528622961   6590.71351100862   6588.482372822419
0.023793301035594242   6519.590897159825   6517.1696094829485
0.024490812272480036   6441.436981508177   6438.816598588408
0.025208771362518027   6356.418734322273   6353.593207181664
0.0259477777436476   6264.738251888406   6261.704645259346
0.02670844842659881   6166.629153727833   6163.387698231676
0.027491418510046592   6062.418769103621   6058.974229754126
0.028297341710866907   5952.49872046711   5948.861119873994
0.029126890909937666   5837.2746153470425   5833.458877721261
0.029980758713939952   5717.218477875594   5713.244553960777
0.030859658033628758   5592.931364627318   5588.824940295189
0.031764322679055976   5465.020375114873   5460.812367801953
0.03269550797224261   5334.091273879831   5329.817209529419
0.033653991377811755   5200.86408244586   5196.564140850548
0.03464057315210884   5066.092880685917   5061.811491475266
0.03565607701135116   4930.485952464891   4926.27094651091
0.036701350819364466   4794.826096564631   4790.7259717338875
0.03777726729548091   4660.053364585237   4656.11330327324
0.038884724743189276   4527.040477635827   4523.30197231387
0.04002464780014597   4396.556506774754   4393.057344029697
0.041197988210172884   4269.198038989739   4265.971586803954
0.04240572561788674   4145.453545668628   4142.528714401237
0.04364886838662332   4025.754106860404   4023.1555120036483
0.04492845444033957   3910.7579276341767   3908.493214356585
0.04624555213019635   3801.4486235309037   3799.4916220526493
0.04760126112654554   3698.7212829514624   3697.014528876837
0.04899671333706607   3603.1267527591335   3601.5868317757145
0.05043307385181555   3514.358985635244   3512.8851274401386
0.05191154191598653   3431.970959747406   3430.4476887307424
0.053433351931179485   3355.513122712754   3353.810924760249
0.05499977448602865   3284.4323730750652   3282.407439503646
0.05661211741704101   3218.1891029663107   3215.6839042906936
0.05827172690053434   3156.1191607833925   3152.968956133093
0.05997998857658587   3097.306685587005   3093.3504992242347
0.06173832870592997   3040.8417528903765   3035.9255403146067
0.0635482153607709   2985.596445315453   2979.5927347907955
0.06541115965050462   2930.358511757544   2923.1776009280807
0.06732871698337338   2873.8167152145215   2865.4276141924743
0.06930248836510605   2814.4718966116375   2804.93435747827
0.07133412173562886   2750.9080135223035   2740.3838007795666
0.07342531334496233   2681.777536010576   2670.561545432159
0.07557780916945323   2605.994282757607   2594.513517028006
0.07779340636952398   2523.0166930650225   2511.834273463173
0.08007395479015682   2432.7434884457093   2422.5294694305453
0.08242135850536496   2335.8339404517733   2327.30813497062
0.08483757740794096   2233.400345857537   2227.3023406001344
0.08732462884580919   2127.147172790284   2124.2229865119716
0.08988458930634863   2019.033923443518   2019.9586862879878
0.09251959615009227   1911.2320375860586   1916.5238155672148
0.09523184939525078   1806.098451149313   1816.0693356936852
0.09802361355455057   1705.8792001087174   1720.629587667891
0.10089721952591899   1612.7851400350346   1632.1288826057832
0.10385506653859616   1528.7605715069908   1552.2179741543453
0.10689962415629803   1455.156407468975   1481.9376465983187
0.11003343433910281   1392.715264328543   1421.7753645705864
0.11325911356578279   1341.0769330257328   1371.2496159586317
0.11657935501835284   1299.098463521842   1329.1899182461684
0.11999693083066039   1264.6917687915404   1293.5973433466079
0.12351469440289359   1235.1773442211913   1262.0705109580733
0.12713558278394044   1207.5312641026012   1232.0062050516271
0.13086261912358757   1178.6127625785152   1200.779387023832
0.13469891519660646   1145.609326932048   1166.1035515287879
0.13864767400083483   1106.40428651017   1126.407437533478
0.14271219243142114   1060.009557007727   1081.223276417437
0.14689586403346616   1006.7988484809077   1031.0120929217635
0.1512021818353596   948.4258959594648   977.2318915469042
0.15563474126517718   887.6297570416559   922.1881608935363
0.16019724315257297   827.9046011185745   868.6538639177639
0.1648934968186736   772.9479082915523   819.4016329838333
0.1697274232565544   725.7399880064364   776.4318844764429
0.17470305840495237   687.692039752015   740.5900992494522
0.17982455651794954   658.4053038994106   711.3914543148819
0.18509619363343993   636.0509094283292   687.1272332320086
0.19052237114327647   617.8537002409538   665.7145000637349
0.19610761946807834   600.3770659194194   644.8592794857218
0.20185660183976684   580.119420541406   622.1818821661686
0.20777411819498756   554.7882857051113   596.3511030701429
0.21386510918267082   524.3143395502703   567.7694346809321
0.22013466028907505   490.62500989550625   537.7368658411182
0.22658800608375756   456.72353814007886   508.15846633271093
0.23323053459001789   425.8305230895524   481.0231088310789
0.2400677917834628   400.31385982680956   457.5008900176454
0.24710548622244882   380.74033436811806   437.80256145780436
0.25434949381426813   365.7184417478941   420.7860640839008
0.2618058627210567   352.6083725043658   404.9998216814047
0.2694808184095226   338.45101252392766   388.8738477629852
0.27738076884870827   321.49134652438937   371.57879334042104
0.2855123098601282   302.032666467108   353.6388273226775
0.29388223062474755   281.88925928696926   335.875129995435
0.3024975193514008   263.41821561655115   319.3411623858633
0.31136536911138296   248.23396763137367   304.7420627308136
0.3204931838440838   236.19382959362625   291.628879736713
0.32988858453867975   225.7462288536549   279.5029956165061
0.3395594155970457   215.01368856822378   267.59459180707546
0.34951375138319807   202.98431041132346   255.4697277508325
0.3597599029647371   190.21004496547533   243.54802263190837
0.37030642505191835   178.104084758774   232.26207915699777
0.3811621231401457   167.70116806778046   221.88345756869106
0.3923360608618501   158.94648038234803   212.27204954922428
0.4038375675538918   150.84172369674866   203.16736520062418
0.41567624604680364   142.46209445456972   194.26973903866997
0.42786198068238046   133.78428474556773   185.60991711129319
0.4404049455663077   125.49472280489516   177.38707283072003
0.4533156130627191   118.15517011847605   169.68196581619512
0.4666047625377753   111.62111415746004   162.42764819224354
0.4802834893595659   105.34420563378028   155.506198163715
0.49436321416184764   99.04563882787843   148.83205825268735
0.5088556923793517   92.9777715787569   142.46101526243456
0.5237730240626238   87.43744957312808   136.44880678499948
0.5391276639805903   82.36823612945699   130.75402077406497
0.5549324320192869   77.50674484976132   125.31793732051426
0.5712005238854289   72.78872544191496   120.1154483157314
0.5879455221237613   68.35664717608357   115.17223291261338
0.6051814074573895   64.2608285541772   110.48721894477738
0.622922570460556   60.3944861378442   106.02441419224232
0.6411838235736077   56.69653001076408   101.76076886613386
0.6599804134701901   53.21921667561031   97.70291760826466
0.6793280337869897   49.964342956567975   93.85440437207288
0.6992428382266549   46.8965440945919   90.18637358384836
0.7197414540448374   44.00485088135021   86.68884784705949
0.7408409959326054   41.28064800615439   83.35392598830352
0.7625590803058332   38.71558989921354   80.17406306943155
0.7849138400134885   36.301607935926384   77.14205660135171
0.8079239394770964   34.030915551174196   74.2510331001761
0.8316085902740278   31.89599066877282   71.4943767636227
0.8559875671776167   29.889336673293016   68.86501594033896
0.8810812246675007   28.003634388305382   66.3557531984312
0.9069105139239728   26.231952683767528   63.95984138946299
0.9334970003205227   24.567733920225514   61.6709641382201
0.960862881429187   23.004775339334007   59.483205471720964
0.9890310055537336   21.53721128747255   57.391021789898346
1.0180248908061487   20.159496240849506   55.38921598353412
1.047868744742366   18.866394730424418   53.47286206974877
1.0785874845736239   17.65298709516763   51.637091024865555
1.1102067579703248   16.51462710157728   49.87727820657954
1.1427529644757777   15.44691853900473   48.18910668891998
1.1762532775476793   14.445703356217123   46.56854503602738
1.210735667245765   13.507050244287226   45.011826849043786
1.246228923584555   12.627243654720782   43.51543195771786
1.2827626805706884   11.80277322596745   42.076068455591106
1.3203674409449337   11.030320835583629   40.69055539448633
1.3590746016495152   10.306748909972523   39.35571699705154
1.3989164800420282   9.629097329633337   38.0685764186144
1.4399263408778291   8.994574978122577   36.82636814780318
1.4821384240834183   8.400550863237726   35.6265230916826
1.525587973344019   7.844545648063108   34.46665489687698
1.5703112655292182   7.324223577082449   33.34454738926239
1.6163456409812174   6.837384769083766   32.25814207861156
1.6637295346910133   6.381957642861413   31.20550964847779
1.7125025083885144   5.955992044258469   30.18484431899182
1.7627052835733923   5.557652883456565   29.194473469886077
1.814379775514258   5.185213813235071   28.2328496625266
1.8675691282445197   4.83705121052082   27.298542567615563
1.922317750584177   4.511638459235291   26.39023147614712
1.9786713532176083   4.207540521698709   25.50669833583529
2.0366769868582977   3.923408580526453   24.646825154344075
2.0963830815323896   3.6579740957712485   23.80960932325907
2.1578394870138577   3.4100453178363765   22.994139084764313
2.2210975144450407   3.1785034792069324   22.199576575006812
2.286209979177315   2.9622985509485593   21.425153083199813
2.3532312448676476   2.760445227527259   20.670164603991907
2.4222172688678643   2.5720191308064897   19.93396761824109
2.4932256489445366   2.3961532232901024   19.215975193521707
2.5663156713684585   2.2320350620427174   18.5157353241666
2.641548360413907   2.0789044423015732   17.83305284928789
2.7189865293089923   1.9360485456691645   17.167770282532423
2.798694832679631   1.802798848240621   16.519725287321222
2.8807398205309562   1.6785285290368865   15.888750506529997
2.9651899938111903   1.5626500171473665   15.274673420035368
3.05211586160442   1.4546126711765628   14.677316229933508
3.1415899999999994   1.3539004913045611   14.096492935766587
