0.01   9824.9818766305   9823.62188536565
0.010293154462191829   9941.260629029588   9939.786924579843
0.010594902878253955   10054.125137191346   10052.527230398562
0.010905497183778876   10163.275125994294   10161.541579664181
0.011225196699963396   10268.406494642122   10266.524913222898
0.011554268350120923   10369.203330265665   10367.160262071191
0.011892986882540897   10465.34253954741   10463.123424459387
0.012241635099881474   10556.500400174808   10554.089581943912
0.012600504095286909   10642.344458200301   10639.725047700247
0.012969893495426888   10722.526500402892   10719.68010897773
0.013350111710660605   10796.699017234145   10793.605757053285
0.013741476192534558   10864.51644774862   10861.154935651324
0.014144313698828986   10925.625040475394   10921.972190356793
0.01455896056637426   10979.672534557483   10975.70352024039
0.014985762991865008   11026.31511681538   11022.003443262913
0.01542507732090645   11065.208703742643   11060.525791021379
0.015877270345534218   11096.007867719236   11090.922512396106
0.016342719610456153   11118.380766256743   11112.85924065241
0.016821813728271667   11132.009841705294   11126.015966235027
0.017314952703931925   11136.586287698434   11130.08121253794
0.017822548268711737   11131.819789200155   11124.762121720283
0.01834502422397195   11117.44359171577   11109.78965470546
0.018882816794999403   11093.217447461177   11084.921250612602
0.019436374995219892   11058.929795201939   11049.943090834155
0.02000616100108813   11014.399393761638   11004.672066636986
0.020592650537967844   10959.484338224254   10948.965174732568
0.021196333277324068   10894.096293491255   10882.734365464861
0.02181771324555934   10818.18568879681   10805.930977814225
0.022457309244835088   10731.743841443555   10718.547850954854
0.02311565528622961   10634.844037432618   10620.661695216271
0.023793301035594242   10527.623040368127   10512.413960087819
0.024490812272480036   10410.2544469126   10393.983303623418
0.025208771362518027   10282.993406832129   10265.632046926887
0.0259477777436476   10146.21347506957   10127.744418248556
0.02670844842659881   10000.324625140329   9980.741301403843
0.027491418510046592   9845.782132176439   9825.08891032124
0.028297341710866907   9683.20015025989   9661.413745588878
0.029126890909937666   9513.25762373249   9490.40716125324
0.029980758713939952   9336.638180924794   9312.764424533867
0.030859658033628758   9154.150210523525   9129.306239710084
0.031764322679055976   8966.748194086585   8941.000220666607
0.03269550797224261   8775.36273716306   8748.78875543979
0.033653991377811755   8580.930787858639   8553.618617531529
0.03464057315210884   8384.539505728098   8356.583367361998
0.03565607701135116   8187.26056404883   8158.759166458355
0.036701350819364466   7990.101103129945   7961.155850674383
0.03777726729548091   7794.198795101922   7764.903000544367
0.038884724743189276   7600.777040184779   7571.207222200485
0.04002464780014597   7410.9513534604275   7381.167658802546
0.041197988210172884   7225.643059194633   7195.689190145527
0.04240572561788674   7045.440270828641   7015.341968730373
0.04364886838662332   6870.82278878726   6840.5887194302795
0.04492845444033957   6702.2540395000715   6671.872945927491
0.04624555213019635   6540.589803588943   6509.986768065112
0.04760126112654554   6386.867064118528   6355.881177381526
0.04899671333706607   6241.998148513598   6210.389854380388
0.05043307385181555   6105.88838141423   6073.378489372541
0.05191154191598653   5977.212525237804   5943.529908537188
0.053433351931179485   5854.662490695774   5819.5471976381505
0.05499977448602865   5737.073341443544   5700.27956953524
0.05661211741704101   5623.426983135337   5584.727266800546
0.05827172690053434   5512.759916892111   5471.948108212817
0.05997998857658587   5403.827377280094   5360.756868121334
0.06173832870592997   5295.211907983645   5249.822951265007
0.0635482153607709   5185.486266354358   5137.826022430899
0.06541115965050462   5072.93397820724   5023.2314050172345
0.06732871698337338   4955.897512452673   4904.5765429657085
0.06930248836510605   4832.703863864124   4780.458507406322
0.07133412173562886   4701.779023699269   4649.605146922393
0.07342531334496233   4562.057722388011   4511.22368098844
0.07557780916945323   4413.044444955647   4365.053507307098
0.07779340636952398   4255.036739620017   4211.559531513483
0.08007395479015682   4089.348520857106   4052.146798090531
0.08242135850536496   3917.932255420658   3888.7218291117892
0.08483757740794096   3743.4501425417684   3723.747082820231
0.08732462884580919   3568.8066981585102   3559.812758929859
0.08988458930634863   3397.028004710718   3399.541584926169
0.09251959615009227   3231.069362282735   3245.3900516688536
0.09523184939525078   3073.681454651052   3099.569956233866
0.09802361355455057   2927.488430365086   2964.0862976642125
0.10089721952591899   2794.594088771371   2840.4721216596076
0.10385506653859616   2676.3992235931087   2729.4816159404145
0.10689962415629803   2573.415094279598   2631.1656575661764
0.11003343433910281   2484.5889963401464   2544.369340390573
0.11325911356578279   2407.752808614331   2467.1004599786
0.11657935501835284   2339.428590462348   2396.3948569171444
0.11999693083066039   2275.5698324648506   2329.03804044167
0.12351469440289359   2211.965792236685   2261.8600127572713
0.12713558278394044   2144.773277705559   2192.1469655388246
0.13086261912358757   2071.02957246489   2118.0265584483955
0.13469891519660646   1989.0075441990034   2038.6487562657476
0.13864767400083483   1898.7261687852617   1954.358263646788
0.14271219243142114   1801.8862083269764   1866.6974998797646
0.14689586403346616   1701.5395372805324   1778.0180619759751
0.1512021818353596   1601.606889578262   1690.9828724353974
0.15563474126517718   1506.4032268868123   1608.4892854169984
0.16019724315257297   1420.0516397348745   1532.8378402534709
0.1648934968186736   1345.5342412800915   1465.5347971912377
0.1697274232565544   1283.6519098598287   1406.765065840157
0.17470305840495237   1232.5853840152017   1354.8451412744214
0.17982455651794954   1188.6960732323003   1307.401481593565
0.18509619363343993   1147.8304463936147   1262.020602472816
0.19052237114327647   1105.9814960092813   1216.5649928293556
0.19610761946807834   1059.7458901145517   1169.4347458896452
0.20185660183976684   1007.5598820617639   1120.187200539008
0.20777411819498756   950.8002352016118   1069.8145566071237
0.21386510918267082   893.042718284506   1020.36001494272
0.22013466028907505   838.1783535312528   973.4958530582088
0.22658800608375756   789.2881800049032   930.4095255618033
0.23323053459001789   747.9666571165444   891.3571731702665
0.2400677917834628   713.5850047659361   856.0990677816364
0.24710548622244882   683.3973880465827   823.0146157412466
0.25434949381426813   654.0714357196913   790.9060074958776
0.2618058627210567   622.8580171257787   758.9244764890749
0.2694808184095226   588.9333870502205   726.9034262599466
0.27738076884870827   553.8988509825637   695.6190002873609
0.2855123098601282   520.3038594757529   665.8112301344813
0.29388223062474755   490.1779425442509   637.851444451514
0.3024975193514008   464.27142966743907   611.9543242580646
0.31136536911138296   441.4603122382053   587.5336671654476
0.3204931838440838   419.66181613208556   564.1422798260311
0.32988858453867975   397.39329045565717   541.3350637960158
0.3395594155970457   374.48677710975124   519.2796949610403
0.34951375138319807   352.10104413968253   498.07824948918415
0.3597599029647371   331.5803450246629   478.01080702453885
0.37030642505191835   313.2605604789654   459.06812160348613
0.3811621231401457   296.48647614179526   441.04584111317473
0.3923360608618501   280.2459259567928   423.81970754744134
0.4038375675538918   264.090806461047   407.21160761505575
0.41567624604680364   248.42695741789882   391.3029767166606
0.42786198068238046   233.86325013378803   376.1919507110235
0.4404049455663077   220.5165557991455   361.8347464338072
0.4533156130627191   207.99199370500267   348.12605672177364
0.4666047625377753   195.9026678008654   335.00033007008886
0.4802834893595659   184.25641237694504   322.43561563296254
0.49436321416184764   173.31234363925458   310.4596363971656
0.5088556923793517   163.12740087987666   299.05163195864424
0.5237730240626238   153.5261558500995   288.1517543643798
0.5391276639805903   144.3618043696673   277.7238720038234
0.5549324320192869   135.67298688324055   267.76078262243806
0.5712005238854289   127.52309002418222   258.24861445077323
0.5879455221237613   119.85951381739423   249.16233573411097
0.6051814074573895   112.60315878983415   240.46576809186362
0.622922570460556   105.74479444113628   232.1434986741455
0.6411838235736077   99.29613773265584   224.18660167295457
0.6599804134701901   93.22359532719757   216.57089906366048
0.6793280337869897   87.50053489594548   209.27890305224412
0.6992428382266549   82.1086895249428   202.29245878381346
0.7197414540448374   77.0307085435432   195.59487372774228
0.7408409959326054   72.24999846849026   189.1705079182723
0.7625590803058332   67.75070025143773   183.00469501438815
0.7849138400134885   63.51766868004434   177.08367563552164
0.8079239394770964   59.53645130527832   171.3945357606039
0.8316085902740278   55.79326678975135   165.9251482296385
0.8559875671776167   52.27491737181624   160.66365907952078
0.8810812246675007   48.968700583063544   155.59787973037862
0.9069105139239728   45.8625514885207   150.71629755000262
0.9334970003205227   42.94503878757008   146.00819073669797
0.960862881429187   40.20533524952849   141.46357264832136
0.9890310055537336   37.63318927079548   137.0731407415794
1.0180248908061487   35.21889752908134   132.82822969603708
1.047868744742366   32.95327941143382   128.72075261310835
1.0785874845736239   30.827665521266663   124.74283988595077
1.1102067579703248   28.833868521062346   120.88686094383068
1.1427529644757777   26.964144149253077   117.14573681737092
1.1762532775476793   25.211169385952278   113.51291801533657
1.210735667245765   23.56802211230689   109.9823504710246
1.246228923584555   22.02816155902686   106.54844417072215
1.2827626805706884   20.585409528168228   103.20604419179173
1.3203674409449337   19.233931196652392   99.95041116665685
1.3590746016495152   17.968212205204175   96.77723381510947
1.3989164800420282   16.783048386778965   93.68257204740001
1.4399263408778291   15.673532904564171   90.66281597147184
1.4821384240834183   14.635040668560626   87.7146661383815
1.525587973344019   13.663213457972708   84.83511501984042
1.5703112655292182   12.753945732700318   82.02142953538122
1.6163456409812174   11.903371106905457   79.27113521222927
1.6637295346910133   11.107848857972998   76.58219991183653
1.7125025083885144   10.363951072484126   73.95325289874187
1.7627052835733923   9.66845248055324   71.38311110442463
1.814379775514258   9.018319500513961   68.87069601431301
1.8675691282445197   8.410699597338008   66.41502566138382
1.922317750584177   7.842911175628486   64.01520686748741
1.9786713532176083   7.312433984476269   61.67042772011594
2.0366769868582977   6.816899937944021   59.37996622677214
2.0963830815323896   6.354083056293   57.14350149352868
2.1578394870138577   5.921891826413914   54.96103414294285
2.2210975144450407   5.518363066506893   52.83253142691064
2.286209979177315   5.1416545158607345   50.75791253490218
2.3532312448676476   4.790037760349344   48.73704868443358
2.4222172688678643   4.461891544108088   46.769763346484
2.4932256489445366   4.155695448326007   44.85583260412778
2.5663156713684585   3.870024376670697   42.995067723798556
2.641548360413907   3.6035450651527863   41.1877243514896
2.7189865293089923   3.3550082933253917   39.43410459260314
2.798694832679631   3.123242720980829   37.734342134901716
2.8807398205309562   2.907150314198474   36.088412673300304
2.9651899938111903   2.705702019883461   34.496144830718194
3.05211586160442   2.5179336743677196   32.95723098047814
3.1415899999999994   2.342942122906079   31.471237435299155
