0.01   12494.01421798396   12489.15743370192
0.010293154462191829   12668.736423475679   12663.398420069187
0.010594902878253955   12840.426577201048   12834.561379722514
0.010905497183778876   13008.716623095306   13002.274868197745
0.011225196699963396   13173.219946978292   13166.148363393811
0.011554268350120923   13333.525971396019   13325.76659289665
0.011892986882540897   13489.215795805534   13480.705875883425
0.012241635099881474   13639.860871351195   13630.532762407609
0.012600504095286909   13785.007249819233   13774.787752392474
0.012969893495426888   13924.189779505788   13912.999957084212
0.013350111710660605   14056.939755087553   14044.694989342823
0.013741476192534558   14182.770548797318   14169.379981976139
0.014144313698828986   14301.176837959696   14286.542765851587
0.01455896056637426   14411.653671528664   14395.671699361781
0.014985762991865008   14513.693061718352   14496.251867647392
0.01542507732090645   14606.767532196363   14587.747283489536
0.015877270345534218   14690.351150716824   14669.623412358149
0.016342719610456153   14763.927064816507   14741.355164136285
0.016821813728271667   14826.972966892406   14802.411091819748
0.017314952703931925   14878.96697144777   14852.259615363906
0.017822548268711737   14919.405501309542   14890.388191210699
0.01834502422397195   14947.801395213235   14916.300903923851
0.018882816794999403   14963.677413949896   14929.510926318097
0.019436374995219892   14966.582730284606   14929.558721350562
0.02000616100108813   14956.099340531702   14916.018771090736
0.020592650537967844   14931.846909398933   14888.502993760547
0.021196333277324068   14893.485832767261   14846.664669015378
0.02181771324555934   14840.720030339122   14790.202485156413
0.022457309244835088   14773.314044080524   14718.879804208713
0.02311565528622961   14691.109303802086   14632.542940824416
0.023793301035594242   14594.0021824237   14531.095737729423
0.024490812272480036   14481.953171179035   14414.508827893815
0.025208771362518027   14355.052448855644   14282.888346519032
0.0259477777436476   14213.477340416726   14136.431084838006
0.02670844842659881   14057.460368668351   13975.39089687682
0.027491418510046592   13887.369241318776   13800.16565066915
0.028297341710866907   13703.737656718124   13611.330442325263
0.029126890909937666   13507.148367414271   13409.510065704022
0.029980758713939952   13298.264479304915   13195.41097737119
0.030859658033628758   13078.003420975689   12970.002239429015
0.031764322679055976   12847.364279913281   12734.334902762388
0.03269550797224261   12607.353568009967   12489.464346571467
0.033653991377811755   12359.169521904465   12236.640609988262
0.03464057315210884   12104.191462103752   11977.296728409521
0.03565607701135116   11843.75646323208   11712.81755414011
0.036701350819364466   11579.249817070131   11444.627594554908
0.03777726729548091   11312.369222331174   11174.449354714483
0.038884724743189276   11044.784476495448   10903.969324237656
0.04002464780014597   10778.0415147962   10634.744045509015
0.041197988210172884   10513.587885049325   10368.222681961168
0.04240572561788674   10252.765391046365   10105.741352064824
0.04364886838662332   9996.79052956876   9848.507166503465
0.04492845444033957   9747.002713404949   9597.811605825607
0.04624555213019635   9505.229574142653   9355.343488887387
0.04760126112654554   9273.20661027762   9122.69417221269
0.04899671333706607   9052.34478509303   8901.140412271443
0.05043307385181555   8843.018769236745   8690.932183156761
0.05191154191598653   8645.209411606826   8491.93542140835
0.053433351931179485   8458.79854891719   8303.927702372946
0.05499977448602865   8283.098034795166   8126.1374094754565
0.05661211741704101   8117.239613899904   7957.624691022725
0.05827172690053434   7960.225652014146   7797.344713742785
0.05997998857658587   7810.503678631422   7643.76393230554
0.06173832870592997   7666.4856306600395   7495.331161332916
0.0635482153607709   7526.290944740892   7350.283344787947
0.06541115965050462   7387.770787361247   7206.666127500679
0.06732871698337338   7248.696606609247   7062.501268153246
0.06930248836510605   7106.396287409139   6915.521530441744
0.07133412173562886   6958.245770455806   6763.560101612707
0.07342531334496233   6801.485370746547   6604.534443826715
0.07557780916945323   6633.570487038836   6436.614625064442
0.07779340636952398   6452.582483605561   6258.594122404627
0.08007395479015682   6257.2343322486195   6069.812439727321
0.08242135850536496   6047.540942425817   5870.712304566533
0.08483757740794096   5824.470844602043   5662.509227005339
0.08732462884580919   5590.453632939923   5447.694984762851
0.08988458930634863   5348.696070431655   5229.194672312664
0.09251959615009227   5103.279262277627   5010.234846739285
0.09523184939525078   4858.732978186084   4794.32576984174
0.09802361355455057   4619.737755907667   4585.095437706972
0.10089721952591899   4390.906685804182   4385.779030164064
0.10385506653859616   4176.697677420214   4199.21309614714
0.10689962415629803   3980.8867512396105   4027.6629954088103
0.11003343433910281   3806.4569901840023   3872.7547642784275
0.11325911356578279   3654.6554094344046   3734.5459798629245
0.11657935501835284   3525.2170568013285   3612.0259467789997
0.11999693083066039   3415.5611600090733   3502.874923377918
0.12351469440289359   3321.485326351727   3403.907280912807
0.12713558278394044   3237.3719777264105   3311.2424772325985
0.13086261912358757   3156.7971560818964   3220.8104328765876
0.13469891519660646   3073.3669443914096   3128.9209172294914
0.13864767400083483   2981.3426776684746   3032.6162694766076
0.14271219243142114   2876.5853148294655   2930.08933768444
0.14689586403346616   2757.356810385495   2821.415025135946
0.1512021818353596   2624.686996040046   2707.874439841672
0.15563474126517718   2482.3151973439694   2591.5793232075025
0.16019724315257297   2336.1451437009346   2476.290431453966
0.1648934968186736   2193.405715025726   2365.4621804550475
0.1697274232565544   2061.534807182181   2262.181651561662
0.17470305840495237   1946.5933824683766   2169.031562256699
0.17982455651794954   1851.5760107465587   2086.279811641012
0.18509619363343993   1775.5354349574084   2012.2058356876787
0.19052237114327647   1714.1252613451798   1944.8470123966247
0.19610761946807834   1660.9444428444394   1881.266902884627
0.20185660183976684   1608.665330068494   1818.7877773357823
0.20777411819498756   1550.2515675951888   1755.1945248587353
0.21386510918267082   1481.1767889827197   1689.4398666889176
0.22013466028907505   1401.5832520268768   1622.4951788647072
0.22658800608375756   1316.0993232807136   1556.14669500195
0.23323053459001789   1231.5620380029573   1492.2964366207732
0.2400677917834628   1154.7434370510555   1432.5119375311724
0.24710548622244882   1090.3632956616043   1377.6118398642188
0.25434949381426813   1039.2025443470372   1327.1662174839162
0.2618058627210567   997.7654488568312   1279.9000606165964
0.2694808184095226   959.9286576050978   1234.8086416909578
0.27738076884870827   919.4013647928251   1190.1994635600636
0.2855123098601282   872.685921893044   1145.9894962508163
0.29388223062474755   821.0161897351492   1102.6174974010705
0.3024975193514008   768.8669674178793   1061.0027859321012
0.31136536911138296   721.4314275967475   1021.5980854858665
0.3204931838440838   681.8797573831034   984.2875214027177
0.32988858453867975   649.4470958755003   949.38332948114
0.3395594155970457   620.2145665798818   915.9963478551704
0.34951375138319807   589.9939775586639   883.6938564561965
0.3597599029647371   556.9456778572458   852.1724243922523
0.37030642505191835   522.7309522293402   821.8267219038974
0.3811621231401457   490.76129734887303   792.8717425854467
0.3923360608618501   463.1530920909276   765.3070032445895
0.4038375675538918   439.3331323217633   739.3213625233702
0.41567624604680364   416.79723785555774   714.3592211942101
0.42786198068238046   393.55032914063383   690.1439519125541
0.4404049455663077   369.8735740728761   666.8138132404417
0.4533156130627191   347.5523584143514   644.5256047106669
0.4666047625377753   327.72649284816924   623.3329425124684
0.4802834893595659   309.7964188009036   603.1465340617422
0.49436321416184764   292.3811547925808   583.7073340482611
0.5088556923793517   275.0085227424879   564.9122483503596
0.5237730240626238   258.4313162023701   546.8879784952765
0.5391276639805903   243.30524287529732   529.6766436367991
0.5549324320192869   229.33303569935262   513.2163304027047
0.5712005238854289   215.85636462415778   497.33113468931225
0.5879455221237613   202.82669157626927   482.0176749432036
0.6051814074573895   190.63560179711413   467.3301620475259
0.622922570460556   179.33287990716707   453.268566517344
0.6411838235736077   168.6088364791096   439.69487753671655
0.6599804134701901   158.35853064757774   426.59016693135396
0.6793280337869897   148.7319501611171   413.9841412801037
0.6992428382266549   139.72539970091992   401.83443834188404
0.7197414540448374   131.2283927260072   390.10694837330595
0.7408409959326054   123.19549918224341   378.7738145148208
0.7625590803058332   115.61199594904963   367.81335010898744
0.7849138400134885   108.46242457341701   357.2053072381278
0.8079239394770964   101.73055096903448   346.93074314985364
0.8316085902740278   95.39893869653943   336.9716201299269
0.8559875671776167   89.44595836909393   327.3090563829466
0.8810812246675007   83.84941874898075   317.92471346572427
0.9069105139239728   78.58843670294594   308.8015960029662
0.9334970003205227   73.64336155585893   299.9239699881206
0.960862881429187   68.99569953719605   291.2772855784841
0.9890310055537336   64.6280431284698   282.8481061205008
1.0180248908061487   60.52400818864668   274.6240419223398
1.047868744742366   56.66840286707991   266.59362717772547
1.0785874845736239   53.04724863877827   258.74623018402525
1.1102067579703248   49.64729996659061   251.072108499997
1.1427529644757777   46.45597364630966   243.56237056935004
1.1762532775476793   43.4613227771138   236.2089294143007
1.210735667245765   40.65201116405326   229.00445916335372
1.246228923584555   38.01728820162798   221.94235405564146
1.2827626805706884   35.54695474290548   215.01680910060347
1.3203674409449337   33.23127640360712   208.22361782054102
1.3590746016495152   31.06101910723402   201.55951208244045
1.3989164800420282   29.02746653740594   195.02160906770575
1.4399263408778291   27.1223938016096   188.60738353570358
1.4821384240834183   25.338041981119083   182.31464444925473
1.525587973344019   23.667093838283055   176.14151210768256
1.5703112655292182   22.102650669701184   170.08640090849218
1.6163456409812174   20.63821459266563   164.14878537595516
1.6637295346910133   19.267670496947083   158.32986921948037
1.7125025083885144   17.985256260314884   152.63093501293392
1.7627052835733923   16.785542898410533   147.05311996221468
1.814379775514258   15.663416886639505   141.5974144080897
1.8675691282445197   14.614063300517058   136.26466073322766
1.922317750584177   13.632949745564476   131.05555267518696
1.9786713532176083   12.715810461974563   125.97072481114331
2.0366769868582977   11.858626579492585   121.01158147768291
2.0963830815323896   11.057616360023172   116.17976389700384
2.1578394870138577   10.309225957044394   111.47653317583422
2.2210975144450407   9.610116531143568   106.90277958341758
2.286209979177315   8.957151982477603   102.45904108592106
2.3532312448676476   8.347387328644233   98.14552215927534
2.4222172688678643   7.778057703941417   93.96211338784242
2.4932256489445366   7.246570451364963   89.90867685550191
2.5663156713684585   6.750498096921341   85.98540927394998
2.641548360413907   6.287562325765468   82.19219062462525
2.7189865293089923   5.855624397059222   78.5284987817444
2.798694832679631   5.452677172192919   74.99344280133181
2.8807398205309562   5.0768375516715345   71.58579547090062
2.9651899938111903   4.726339303425624   68.30402496382624
3.05211586160442   4.399525248110489   65.1462708568335
3.1415899999999994   4.0948285985033   62.10969516053142
