0.01   7834.323279147679   7833.510870577169
0.010293154462191829   7939.894683950903   7939.014213545278
0.010594902878253955   8043.02557262272   8042.070734694212
0.010905497183778876   8143.458723257304   8142.422581639739
0.011225196699963396   8240.920816699563   8239.795994789476
0.011554268350120923   8335.132225887903   8333.910954590587
0.011892986882540897   8425.809401380384   8424.48350072187
0.012241635099881474   8512.653886412169   8511.21432748486
0.012600504095286909   8595.355869857514   8593.792432055037
0.012969893495426888   8673.604408990295   8671.905667896295
0.013350111710660605   8747.083097342922   8745.236562365908
0.013741476192534558   8815.461954890083   8813.454432281307
0.014144313698828986   8878.411106103425   8876.228793510816
0.01455896056637426   8935.60323935118   8933.23170188903
0.014985762991865008   8986.700988430224   8984.12443257495
0.01542507732090645   9031.36460366125   9028.565455529497
0.015877270345534218   9069.263064599947   9066.222022096223
0.016342719610456153   9100.06935161449   9096.765374623763
0.016821813728271667   9123.455317245849   9119.865547462072
0.017314952703931925   9139.106231626589   9135.206093049968
0.017822548268711737   9146.72379390131   9142.487069106537
0.01834502422397195   9146.02120317122   9141.419644265392
0.018882816794999403   9136.729968022504   9131.733231044149
0.019436374995219892   9118.606391129995   9113.182269382112
0.02000616100108813   9091.4361217468   9085.550735270072
0.020592650537967844   9055.037772065787   9048.655742411556
0.021196333277324068   9009.262034048965   9002.3468110219
0.02181771324555934   8953.99767558029   8946.512128783179
0.022457309244835088   8889.194530451929   8881.102673632688
0.02311565528622961   8814.848474071316   8806.116324472561
0.023793301035594242   8730.993935073151   8721.589893637409
0.024490812272480036   8637.743135153865   8627.639550762164
0.025208771362518027   8535.29551257673   8524.47048810317
0.0259477777436476   8423.888308776784   8412.325929225535
0.02670844842659881   8303.815518576888   8291.506592628679
0.027491418510046592   8175.509334367929   8162.454443216306
0.028297341710866907   8039.455362871765   8025.665402093219
0.029126890909937666   7896.162137144136   7881.657876487526
0.029980758713939952   7746.277117162057   7731.090098908389
0.030859658033628758   7590.574734153752   7574.747913216994
0.031764322679055976   7429.821774875001   7413.40847953587
0.03269550797224261   7264.820588571931   7247.883771245237
0.033653991377811755   7096.537661698174   7079.150097974279
0.03464057315210884   6925.932829884727   6908.175945048392
0.03565607701135116   6753.924668968989   6735.886642154963
0.036701350819364466   6581.624383357976   6563.392445739724
0.03777726729548091   6410.257956127148   6391.912561160661
0.038884724743189276   6240.946359614869   6222.56087836848
0.04002464780014597   6074.653400410397   6056.294069093866
0.041197988210172884   5912.1105479377375   5893.836482369356
0.04240572561788674   5753.945539598554   5735.808970723942
0.04364886838662332   5600.7599940371365   5582.803280164204
0.04492845444033957   5453.637624774577   5435.855315992033
0.04624555213019635   5313.895063725807   5296.213615738473
0.04760126112654554   5182.696185458085   5164.980178877373
0.04899671333706607   5060.437831490972   5042.506734554521
0.05043307385181555   4946.564224094895   4928.212066804987
0.05191154191598653   4840.493647412483   4821.491884286572
0.053433351931179485   4741.583905968875   4721.6819017043845
0.05499977448602865   4649.0863037245335   4628.011459158672
0.05661211741704101   4562.275123663521   4539.73532233948
0.05827172690053434   4480.1259360036565   4455.831220564616
0.05997998857658587   4401.4037653497335   4375.0834595038095
0.06173832870592997   4324.840431425313   4296.256571973639
0.0635482153607709   4248.842460836086   4217.837573826019
0.06541115965050462   4171.801686085801   4138.313491239225
0.06732871698337338   4091.8616049333255   4055.9825790133323
0.06930248836510605   4007.060721981263   3969.0766535454313
0.07133412173562886   3915.560762916921   3875.9908959472436
0.07342531334496233   3815.6702808452937   3775.3121924340435
0.07557780916945323   3706.214408754432   3666.1173085420087
0.07779340636952398   3586.722627244716   3548.148435211325
0.08007395479015682   3457.4700696948817   3421.8573493821873
0.08242135850536496   3319.6492279110016   3288.5750868628124
0.08483757740794096   3175.1472655443154   3150.1600438785167
0.08732462884580919   3026.456257713034   3008.9173691434603
0.08988458930634863   2876.441226694153   2867.4859796421815
0.09251959615009227   2728.115079242851   2728.5905453534697
0.09523184939525078   2584.7244071549476   2594.9879444620933
0.09802361355455057   2449.225475925568   2469.14146627089
0.10089721952591899   2324.5561697363687   2353.4250166918514
0.10385506653859616   2213.0515384187   2249.6236094395927
0.10689962415629803   2116.245175502182   2158.6001834626018
0.11003343433910281   2034.5504864579345   2080.3593863688047
0.11325911356578279   1967.0419812456303   2013.8997462852426
0.11657935501835284   1911.4642135392726   1957.1111506105178
0.11999693083066039   1864.5958534997453   1907.1191273552772
0.12351469440289359   1822.3855633717014   1860.562534673513
0.12713558278394044   1780.5612190291788   1814.1041811999344
0.13086261912358757   1734.9449042764807   1764.6743018096129
0.13469891519660646   1682.0625307473563   1709.8609517776483
0.13864767400083483   1619.7485084618074   1648.4106263795675
0.14271219243142114   1547.5327917759348   1580.354518096569
0.14689586403346616   1466.833431129429   1506.994517602906
0.1512021818353596   1380.7318820492917   1431.0668009040796
0.15563474126517718   1293.565856617815   1355.694675665813
0.16019724315257297   1210.3618758196176   1284.0909434978266
0.1648934968186736   1135.9112639627808   1219.410577062419
0.1697274232565544   1073.5195342134612   1163.6520928422585
0.17470305840495237   1024.0054351332374   1116.4539499838706
0.17982455651794954   985.7084435361731   1076.680679364925
0.18509619363343993   955.2804149285363   1041.9058426125287
0.19052237114327647   928.3498471578379   1009.2816495014644
0.19610761946807834   899.9926919208104   975.927234449205
0.20185660183976684   865.9152469967713   939.715187381004
0.20777411819498756   824.2889950156132   899.9994125366537
0.21386510918267082   776.5348578074379   858.008481010151
0.22013466028907505   726.3213784852413   815.7755161580372
0.22658800608375756   678.1385586803486   775.7199968909658
0.23323053459001789   636.0743393184804   739.5535987573027
0.2400677917834628   602.3390888394941   708.1794454362872
0.24710548622244882   576.3374487532551   680.4807478428439
0.25434949381426813   555.0943334320266   655.3250512908814
0.2618058627210567   534.4637207250303   630.8511895697382
0.2694808184095226   510.8582151284725   605.6951022451116
0.27738076884870827   483.19379881485804   579.7183919363285
0.2855123098601282   453.16118444446505   553.6571082349487
0.29388223062474755   423.8735771658836   528.8167739673248
0.3024975193514008   398.3410804829305   505.86257791514385
0.31136536911138296   377.72083991928497   485.1644872039264
0.3204931838440838   360.6537558902488   465.91245060396625
0.32988858453867975   344.51156923973105   447.5671432325783
0.3395594155970457   327.0692086032602   429.35149976359133
0.34951375138319807   307.96952536336227   411.3061438605863
0.3597599029647371   288.82071102332486   393.9768302422446
0.37030642505191835   271.54302890693674   377.7007451379017
0.3811621231401457   256.87682209868973   362.52145436126017
0.3923360608618501   243.97260910404972   348.17126388326585
0.4038375675538918   231.27257568652985   334.38970709146827
0.41567624604680364   218.034432715911   320.9656046850705
0.42786198068238046   204.84844512182136   308.06319431817957
0.4404049455663077   192.73613639895862   295.8706386565702
0.4533156130627191   182.02880394624881   284.34156648742515
0.4666047625377753   172.11736278209005   273.3521294016223
0.4802834893595659   162.3209515075922   262.8253249159608
0.49436321416184764   152.64562226220724   252.69264301262018
0.5088556923793517   143.58266874715457   243.0533157088452
0.5237730240626238   135.32490206557372   233.9154052097742
0.5391276639805903   127.57758256541014   225.18358909048317
0.5549324320192869   120.06022782721686   216.82787320200407
0.5712005238854289   112.86823900742273   208.8286574512502
0.5879455221237613   106.1807085376635   201.21100788350293
0.6051814074573895   99.9336674834255   193.95354003950268
0.622922570460556   93.97377807957136   186.9982774060603
0.6411838235736077   88.30746693943122   180.34320799183843
0.6599804134701901   83.00139491332806   173.9952976910481
0.6793280337869897   78.0148752850001   167.92975510774494
0.6992428382266549   73.30335951799867   162.12626453080733
0.7197414540448374   68.85406984923156   156.5712721265502
0.7408409959326054   64.65581110992024   151.25227635891673
0.7625590803058332   60.697479893779985   146.15748059081395
0.7849138400134885   56.968113483025526   141.2757494518844
0.8079239394770964   53.45693242496808   136.5965681299
0.8316085902740278   50.15315779528443   132.10976027047303
0.8559875671776167   47.04530080520357   127.80456334258557
0.8810812246675007   44.12215479389688   123.67056096076136
0.9069105139239728   41.37313724175944   119.69802567327073
0.9334970003205227   38.788255523943   115.87786984459674
0.960862881429187   36.358074464759035   112.20160041828778
0.9890310055537336   34.07368568407287   108.66127731448853
1.0180248908061487   31.92667928109482   105.24947268937625
1.047868744742366   29.90917929829567   101.95898866381829
1.0785874845736239   28.01384931468301   98.78265423289261
1.1102067579703248   26.23374239201342   95.71375230718687
1.1427529644757777   24.562270173796232   92.74603876109504
1.1762532775476793   22.99318723120948   89.87371010627339
1.210735667245765   21.520575870160567   87.09137382279121
1.246228923584555   20.13883140423697   84.39402109581567
1.2827626805706884   18.84264659154892   81.77699117262674
1.3203674409449337   17.626981158472606   79.2358065150261
1.3590746016495152   16.48705826836729   76.76620928706986
1.3989164800420282   15.418367219057993   74.3642665477863
1.4399263408778291   14.416650224233702   72.02635299650821
1.4821384240834183   13.477889385966517   69.74913199055072
1.525587973344019   12.598294255342706   67.52953793903107
1.5703112655292182   11.774289960564271   65.36475992653321
1.6163456409812174   11.002506142715674   63.25227164007792
1.6637295346910133   10.279767018362751   61.18997961998225
1.7125025083885144   9.603079936544606   59.17603137813937
1.7627052835733923   8.969625208166399   57.20873328937268
1.814379775514258   8.376746839573652   55.2865408520272
1.8675691282445197   7.821943708635183   53.4080494162457
1.922317750584177   7.302861166062914   51.57198531654728
1.9786713532176083   6.817283031286775   49.77719879146226
2.0366769868582977   6.363122690066852   48.02279431765069
2.0963830815323896   5.938415265296631   46.30821246850302
2.1578394870138577   5.541313358294617   44.63296343068152
2.2210975144450407   5.170080674273939   42.99659292719464
2.286209979177315   4.823085695340229   41.39867837177869
2.3532312448676476   4.498795687987911   39.83882514927916
2.4222172688678643   4.195771029251479   38.31666302207535
2.4932256489445366   3.912660015783538   36.83187099000474
2.5663156713684585   3.648196035493433   35.384544629990735
2.641548360413907   3.4011913853375866   33.97502177245738
2.7189865293089923   3.1705306358054846   32.60354687488784
2.798694832679631   2.9551664631529984   31.27026743249441
2.8807398205309562   2.7541157490692947   29.97523894861199
2.9651899938111903   2.5664558831799473   28.718429956498955
3.05211586160442   2.3913212594454594   27.49972706628104
3.1415899999999994   2.2278982724458456   26.318893732892022
