0.01   4061.807992206098   4061.710894038938
0.010293154462191829   4110.800885321083   4110.702251716141
0.010594902878253955   4158.492092784517   4158.392185170502
0.010905497183778876   4204.760518394643   4204.659409895061
0.011225196699963396   4249.483315767426   4249.380859940921
0.011554268350120923   4292.535063025254   4292.430938180658
0.011892986882540897   4333.783432186066   4333.677359446413
0.012241635099881474   4373.093884054265   4372.9856889222865
0.012600504095286909   4410.33135596672   4410.220964849603
0.012969893495426888   4445.355455550709   4445.242756912174
0.013350111710660605   4478.02164091646   4477.906362608082
0.013741476192534558   4508.186309321601   4508.068010987391
0.014144313698828986   4535.704977222498   4535.583074514765
0.01455896056637426   4560.428538783958   4560.302374417427
0.014985762991865008   4582.209650794871   4582.078507735559
0.01542507732090645   4600.903924908256   4600.7670187242775
0.015877270345534218   4616.364459946278   4616.220845188503
0.016342719610456153   4628.445611905032   4628.294129808898
0.016821813728271667   4637.007741846111   4636.847022492613
0.017314952703931925   4641.915473915654   4641.743889221003
0.017822548268711737   4643.036607656342   4642.85218781287
0.01834502422397195   4640.247418328011   4640.047853003529
0.018882816794999403   4633.433859608304   4633.21652122171
0.019436374995219892   4622.49113415674   4622.253151751898
0.02000616100108813   4607.32578765972   4607.064088055483
0.020592650537967844   4587.857452080634   4587.568783317118
0.021196333277324068   4564.023509605849   4563.7044776210505
0.02181771324555934   4535.78047526907   4535.427584555692
0.022457309244835088   4503.10045732364   4502.7101418324455
0.02311565528622961   4465.976155686319   4465.544941053098
0.023793301035594242   4424.433855856726   4423.9588749367795
0.024490812272480036   4378.520025391156   4377.999140280039
0.025208771362518027   4328.299197101444   4327.7310267932535
0.0259477777436476   4273.880554582605   4273.264912068463
0.02670844842659881   4215.409730277246   4214.747924068417
0.027491418510046592   4153.045751302087   4152.340521172278
0.028297341710866907   4086.9818982700617   4086.2375869519306
0.029126890909937666   4017.4741695862754   4016.6972216453883
0.029980758713939952   3944.7910799149377   3943.9899546645624
0.030859658033628758   3869.2127649379427   3868.3977814078926
0.031764322679055976   3791.096673876097   3790.2801683582297
0.03269550797224261   3710.831839702215   3710.0281009354635
0.033653991377811755   3628.795624938564   3628.020622028944
0.03464057315210884   3545.397531309574   3544.6686398129714
0.03565607701135116   3461.0993182992906   3460.4350546130286
0.036701350819364466   3376.340191156856   3375.759965354744
0.03777726729548091   3291.55343100566   3291.076911508178
0.038884724743189276   3207.2689430129753   3206.9137408338083
0.04002464780014597   3124.012402056577   3123.793474340506
0.041197988210172884   3042.256323998915   3042.1861789356744
0.04240572561788674   2962.359974919617   2962.44857095482
0.04364886838662332   2884.575988531305   2884.8306463286062
0.04492845444033957   2809.124033445082   2809.5497058564097
0.04624555213019635   2736.276494685635   2736.8731393520407
0.04760126112654554   2666.5407664319237   2667.2942024473427
0.04899671333706607   2600.4236030226625   2601.305048712449
0.05043307385181555   2538.31330306322   2539.2815016079803
0.05191154191598653   2480.0229681863416   2481.030114576395
0.053433351931179485   2425.1114141931384   2426.106018084437
0.05499977448602865   2373.1674482321905   2374.0946678658147
0.05661211741704101   2323.7830167506745   2324.5857147189513
0.05827172690053434   2276.565964117167   2277.1853091293287
0.05997998857658587   2231.109959148691   2231.4868999076225
0.06173832870592997   2186.8543032032185   2186.935304502551
0.0635482153607709   2143.227864555744   2142.966501939512
0.06541115965050462   2099.5947976616617   2098.95907849534
0.06732871698337338   2055.235142364483   2054.2163007549484
0.06930248836510605   2009.4434953682835   2008.0598522173866
0.07133412173562886   1961.4332983921006   1959.7450375500946
0.07342531334496233   1910.4828611983792   1908.5938328845066
0.07557780916945323   1856.021394306993   1854.0867648336616
0.07779340636952398   1797.6386746227454   1795.8637986622616
0.08007395479015682   1735.3190371444573   1733.9592457030967
0.08242135850536496   1669.334385789458   1668.6855289434818
0.08483757740794096   1600.3748903203436   1600.7362932995222
0.08732462884580919   1529.369724709908   1531.0218372917202
0.08988458930634863   1457.5050561042215   1460.7032109662043
0.09251959615009227   1386.0237816491742   1390.984394462115
0.09523184939525078   1316.2199291035083   1323.087077864002
0.09802361355455057   1249.3527923339418   1258.180855691398
0.10089721952591899   1186.6287015362136   1197.3716856513413
0.10385506653859616   1129.067559582078   1141.5722212687463
0.10689962415629803   1077.5255567853126   1091.5195900453214
0.11003343433910281   1032.399521095931   1047.5107451771842
0.11325911356578279   993.6677483799468   1009.4432772251448
0.11657935501835284   960.636088269649   976.6175262295782
0.11999693083066039   932.1848721758082   947.9570909793368
0.12351469440289359   906.7085955930063   921.9611505997144
0.12713558278394044   882.4660516560273   897.0482319551178
0.13086261912358757   857.6885070302741   871.6600480175309
0.13469891519660646   830.8290694240285   844.4509085825897
0.13864767400083483   800.7663488420492   814.5178431853212
0.14271219243142114   766.983637487039   781.5401376708301
0.14689586403346616   729.7379651617699   745.7855916981198
0.1512021818353596   689.9805466189258   708.138862038745
0.15563474126517718   649.1959175058787   669.926610846796
0.16019724315257297   609.1984168817326   632.6816955576516
0.1648934968186736   571.9148869480775   597.9801513293485
0.1697274232565544   539.0173402285645   567.0922546266678
0.17470305840495237   511.4316390683953   540.7080222970645
0.17982455651794954   489.0180537896206   518.5867629842407
0.18509619363343993   470.6683669154319   499.6981775656904
0.19052237114327647   454.7369871585199   482.70066008235744
0.19610761946807834   439.41302511330304   466.1946592880481
0.20185660183976684   422.9329552303969   448.8975305813802
0.20777411819498756   404.01540386733666   429.8967659655763
0.21386510918267082   382.49347043207575   409.16166693437
0.22013466028907505   359.4257087186904   387.6031423701409
0.22658800608375756   336.4800199954769   366.4682925949618
0.23323053459001789   315.2919861552504   346.86946971930803
0.2400677917834628   297.0743755563044   329.5884693924854
0.24710548622244882   282.17743026277685   314.66899141708825
0.25434949381426813   269.9080013600385   301.6736707818356
0.2618058627210567   258.86385522445715   289.55260805319796
0.2694808184095226   247.55556303635566   277.3921941135667
0.27738076884870827   235.0092526015418   264.7224881883362
0.2855123098601282   221.32575000227448   251.56795449941907
0.29388223062474755   207.4782173540462   238.61409619298954
0.3024975193514008   194.60155009428848   226.49474660932432
0.31136536911138296   183.48862039746652   215.59554702073234
0.3204931838440838   174.14074497170046   205.8172129320655
0.32988858453867975   165.77044116730366   196.7319665397386
0.3395594155970457   157.45455675956256   187.87406994233305
0.34951375138319807   148.6933036241406   178.9752949384893
0.3597599029647371   139.69393538771052   170.22545850717427
0.37030642505191835   131.13851775161262   161.92081956478097
0.3811621231401457   123.52001680000772   154.2393093747031
0.3923360608618501   116.80944415334756   147.12450221799634
0.4038375675538918   110.56454666908718   140.39738135090664
0.41567624604680364   104.3439014506884   133.86513682543583
0.42786198068238046   98.11044471543104   127.52926673689392
0.4404049455663077   92.16508156119194   121.50844123635036
0.4533156130627191   86.7495540939375   115.85139593941973
0.4666047625377753   81.81235397780189   110.53201554187908
0.4802834893595659   77.110198242368   105.46466246979277
0.49436321416184764   72.51699970664365   100.5999480175457
0.5088556923793517   68.11965656811961   95.96357987474511
0.5237730240626238   64.0412099812604   91.58501374575795
0.5391276639805903   60.257772559247734   87.44020948966244
0.5549324320192869   56.66177819013629   83.49520083674246
0.5712005238854289   53.21693103793828   79.73376197951741
0.5879455221237613   49.97176270631492   76.16331213338468
0.6051814074573895   46.94340163289749   72.78116192761277
0.622922570460556   44.08869737850288   69.56714169186853
0.6411838235736077   41.379303382765954   66.5082503125271
0.6599804134701901   38.82716733151037   63.60454077913825
0.6793280337869897   36.43320447267417   60.8481543755911
0.6992428382266549   34.180568337895394   58.22967300612053
0.7197414540448374   32.05781632035687   55.741707624468475
0.7408409959326054   30.058432116355277   53.377520716508144
0.7625590803058332   28.17629441509749   51.13073808846254
0.7849138400134885   26.405477809391137   48.99531858208374
0.8079239394770964   24.740257767327467   46.965537182409555
0.8316085902740278   23.17511408672113   45.03596892326029
0.8559875671776167   21.704714980068513   43.20145592826561
0.8810812246675007   20.323736508303273   41.456908468110576
0.9069105139239728   19.026990713642025   39.7973976685698
0.9334970003205227   17.80957295973455   38.21828713600188
0.960862881429187   16.666849839667698   36.71521664750029
0.9890310055537336   15.594445021311351   35.28408447209414
1.0180248908061487   14.588225784121974   33.92103089544713
1.047868744742366   13.644290216120126   32.62242286161428
1.0785874845736239   12.75896292878521   31.384794416902334
1.1102067579703248   11.92880394417213   30.204705932190404
1.1427529644757777   11.150567006219418   29.07889254507194
1.1762532775476793   10.421181420228027   28.004299850921768
1.210735667245765   9.73774376980298   26.978068939423615
1.246228923584555   9.097509930853422   25.99752259280561
1.2827626805706884   8.497887379461158   25.060152548750857
1.3203674409449337   7.936427730657464   24.16360640793641
1.3590746016495152   7.4108161614773005   23.30559601939741
1.3989164800420282   6.918863806587463   22.483855283552547
1.4399263408778291   6.45850724405197   21.696262479881675
1.4821384240834183   6.027802395419917   20.940841063442605
1.525587973344019   5.624918164329205   20.215748960038578
1.5703112655292182   5.248130374113765   19.519268748688113
1.6163456409812174   4.8958159932996885   18.849798650845436
1.6637295346910133   4.566447637390386   18.205839801563755
1.7125025083885144   4.2585883308801575   17.58594225076922
1.7627052835733923   3.9708865366624257   16.98872359670814
1.814379775514258   3.70207143147567   16.41289848785462
1.8675691282445197   3.450948410941402   15.857272318201428
1.922317750584177   3.2163948202888455   15.320734850224794
1.9786713532176083   2.9973559013532904   14.802254352579656
2.0366769868582977   2.7928409465972712   14.30087220426348
2.0963830815323896   2.6019194063946744   13.815688742866302
2.1578394870138577   2.423716811417357   13.345832905215188
2.2210975144450407   2.2574124488215044   12.890490103390306
2.286209979177315   2.102236486774855   12.448907977302316
2.3532312448676476   1.95746697841112   12.020392244338208
2.4222172688678643   1.8224270303904402   11.604302855395828
2.4932256489445366   1.6964821278862454   11.2000504264833
2.5663156713684585   1.5790376194244444   10.807093874877808
2.641548360413907   1.4695369726904268   10.424993961246747
2.7189865293089923   1.3674596460146182   10.053432057893618
2.798694832679631   1.2723178465954852   9.692115183843084
2.8807398205309562   1.1836544990193043   9.340766330781822
2.9651899938111903   1.101041422345379   8.999123415362906
3.05211586160442   1.0240776063281307   8.666938282014595
3.1415899999999994   0.9523875821056658   8.343975753441613
