0.01   380.83672887444567   380.83668802160594
0.010293154462191829   383.53849006150114   383.53846142730174
0.010594902878253955   386.03113225005285   386.03110770002405
0.010905497183778876   388.3030557341222   388.3030275215653
0.011225196699963396   390.34197327369816   390.3419384552954
0.011554268350120923   392.13572436551004   392.13568546850223
0.011892986882540897   393.6723141866807   393.6722786124309
0.012241635099881474   394.93906084590026   394.9390354314838
0.012600504095286909   395.92320318893525   395.92319156197635
0.012969893495426888   396.612462043385   396.6124645551993
0.013350111710660605   396.9947279317461   396.9947417654697
0.013741476192534558   397.0579240178994   397.05794339734973
0.014144313698828986   396.79066452747736   396.7906807559275
0.01455896056637426   396.1821661894439   396.1821685996223
0.014985762991865008   395.221271724865   395.22125277919946
0.01542507732090645   393.8974138573213   393.89737090780403
0.015877270345534218   392.20115937934565   392.2010945352506
0.016342719610456153   390.12379595462824   390.12371310022775
0.016821813728271667   387.6573668449246   387.6572682499068
0.017314952703931925   384.79537435076486   384.79526051245074
0.017822548268711737   381.53278767081304   381.53265621737376
0.01834502422397195   377.865756236079   377.8655974813853
0.018882816794999403   373.79211006794264   373.79190621889546
0.019436374995219892   369.3115883187378   369.31131427628907
0.02000616100108813   364.4260745058218   364.42570428541825
0.020592650537967844   359.1396230325578   359.1391350904523
0.021196333277324068   353.4583529528916   353.4577303389854
0.02181771324555934   347.3910429008052   347.3902724664837
0.022457309244835088   340.9501592081505   340.94922947613674
0.02311565528622961   334.1503668711795   334.14926774127906
0.023793301035594242   327.00844397739684   327.0071673356847
0.024490812272480036   319.54609823245767   319.54464397088526
0.025208771362518027   311.78841139903597   311.7867906464192
0.0259477777436476   303.76152307064547   303.75975721249193
0.02670844842659881   295.4952679508453   295.4933880586218
0.027491418510046592   287.025722368611   287.0237690946433
0.028297341710866907   278.38915272609927   278.38717496410334
0.029126890909937666   269.62214083604596   269.6201943088585
0.029980758713939952   260.769153839431   260.7673004740477
0.030859658033628758   251.87629801495237   251.87460474848686
0.031764322679055976   242.98643711034975   242.9849743313589
0.03269550797224261   234.1451750323302   234.14401741149163
0.033653991377811755   225.40311226326995   225.40234062576016
0.03464057315210884   216.80575069209755   216.80545035477698
0.03565607701135116   208.39536378158567   208.39562103016837
0.036701350819364466   200.22270867625826   200.22359988968125
0.03777726729548091   192.33551713614577   192.3371063569311
0.038884724743189276   184.77333123552216   184.77567147439666
0.04002464780014597   177.56698890663642   177.57011345158205
0.041197988210172884   170.73947989299754   170.74339378845016
0.04240572561788674   164.30844195270825   164.31312626836953
0.04364886838662332   158.29163605894763   158.29704331450048
0.04492845444033957   152.72068523262524   152.72670881894376
0.04624555213019635   147.62588026694047   147.63235503059724
0.04760126112654554   143.027965690496   143.034677557078
0.04899671333706607   138.89773504378402   138.90443892445663
0.05043307385181555   135.18180907554486   135.1882378566512
0.05191154191598653   131.8323580443701   131.83822231760138
0.053433351931179485   128.8061999246005   128.81118268243202
0.05499977448602865   126.06423131891796   126.06798501679206
0.05661211741704101   123.56647601352846   123.56862845039984
0.05827172690053434   121.25290889790996   121.25309236399558
0.05997998857658587   119.06030249399146   119.05816414252462
0.06173832870592997   116.91588697813982   116.91112244793489
0.0635482153607709   114.73130674305327   114.72371011836158
0.06541115965050462   112.42002718018102   112.40951298325184
0.06732871698337338   109.88912755907074   109.87580133969429
0.06930248836510605   107.05324046265193   107.03741568867345
0.07133412173562886   103.85013600700943   103.83234541109255
0.07342531334496233   100.23917975159624   100.22016236792587
0.07557780916945323   96.22180839900575   96.20247327111701
0.07779340636952398   91.83163011058696   91.81300841226631
0.08007395479015682   87.13019556817854   87.11340545629506
0.08242135850536496   82.19834904617436   82.1845319081784
0.08483757740794096   77.14380972885064   77.1339726553339
0.08732462884580919   72.08279633282264   72.07773219493026
0.08988458930634863   67.14063724062692   67.14088300031841
0.09251959615009227   62.44461340228182   62.45035068483268
0.09523184939525078   58.12339969736858   58.13435451080184
0.09802361355455057   54.2788544979673   54.29425608968486
0.10089721952591899   50.991939106135824   51.010428129879685
0.10385506653859616   48.29357618774308   48.31342219301962
0.10689962415629803   46.17274234166213   46.19199032136095
0.11003343433910281   44.56777706495167   44.58435777210501
0.11325911356578279   43.38585971281289   43.39770597846134
0.11657935501835284   42.49786087691938   42.50330672925576
0.11999693083066039   41.75778745640882   41.75575998190922
0.12351469440289359   41.00490246972373   40.99512397202494
0.12713558278394044   40.08610000240795   40.06929470891857
0.13086261912358757   38.87685074956856   38.854801907850714
0.13469891519660646   37.3022902787762   37.27769328339563
0.13864767400083483   35.35134323016126   35.32744309462662
0.14271219243142114   33.079631918358466   33.05977173308904
0.14689586403346616   30.609591966636977   30.596606372431552
0.1512021818353596   28.119441660116372   28.11496661955746
0.15563474126517718   25.807077121244607   25.811052683061614
0.16019724315257297   23.829501250220392   23.840131220989957
0.1648934968186736   22.265741965243325   22.279879300923053
0.1697274232565544   21.11908786286402   21.13295501675666
0.17470305840495237   20.336206231421116   20.34603429869097
0.17982455651794954   19.811056361461898   19.813682798306797
0.18509619363343993   19.382777443838236   19.376675045075025
0.19052237114327647   18.870814501084727   18.856802189395374
0.19610761946807834   18.144055530230442   18.125372727598638
0.20185660183976684   17.165093044654324   17.146327506611385
0.20777411819498756   15.981488162933301   15.966767965315672
0.21386510918267082   14.711694722958683   14.70403206039381
0.22013466028907505   13.512192435561156   13.511896909488614
0.22658800608375756   12.51268626838186   12.517386305578086
0.23323053459001789   11.769563284720148   11.775186394984171
0.2400677917834628   11.258528832299447   11.260596489229595
0.24710548622244882   10.880416528914706   10.876205811163691
0.25434949381426813   10.500875510048337   10.49049120869161
0.2618058627210567   10.02163231888737   10.00786569055341
0.2694808184095226   9.41541173082933   9.40249334503901
0.27738076884870827   8.729675445786116   8.72102910778132
0.2855123098601282   8.066335190099716   8.0627025811697
0.29388223062474755   7.513444822173862   7.512652852387742
0.3024975193514008   7.0953626766720435   7.093696882017935
0.31136536911138296   6.7730336087494685   6.767730386581451
0.3204931838440838   6.468429760341492   6.459312000801846
0.32988858453867975   6.119052518445901   6.1084464706737105
0.3395594155970457   5.721253833561726   5.712058086535072
0.34951375138319807   5.318675905750867   5.312312488537191
0.3597599029647371   4.96424335140779   4.959694202517162
0.37030642505191835   4.677574319888892   4.672326594257745
0.3811621231401457   4.43295841270932   4.425532804471089
0.3923360608618501   4.1893243300140055   4.180419581528997
0.4038375675538918   3.928965361616774   3.9203571818601617
0.41567624604680364   3.6672277242277973   3.6599865978369617
0.42786198068238046   3.4309233897787967   3.4244718506465883
0.4404049455663077   3.227464026064387   3.220472411956912
0.4533156130627191   3.0413792770569166   3.0333544649410804
0.4666047625377753   2.8558323054106602   2.8475561908855322
0.4802834893595659   2.671644357182285   2.663950610751861
0.49436321416184764   2.500506160077486   2.493223088534014
0.5088556923793517   2.3469837246041005   2.3394697732260044
0.5237730240626238   2.203880605767199   2.195981013338298
0.5391276639805903   2.064890443275087   2.0570385362312993
0.5549324320192869   1.932274407687411   1.9247245086802893
0.5712005238854289   1.8099910328003948   1.8024906341482176
0.5879455221237613   1.696596069636914   1.688975345269626
0.6051814074573895   1.5886929320943153   1.5811197482181159
0.622922570460556   1.4866219589590517   1.4792009723561181
0.6411838235736077   1.3915135634953981   1.3841735047250254
0.6599804134701901   1.3023539742305985   1.295089041481986
0.6793280337869897   1.2186149938494755   1.2114404746842908
0.6992428382266549   1.1400000396508332   1.1329301768305087
0.7197414540448374   1.0662256073972054   1.0592735158371847
0.7408409959326054   0.9970209086622303   0.9901985288288948
0.7625590803058332   0.9321275847267347   0.9254456583271419
0.7849138400134885   0.8712993971050866   0.8647674617823574
0.8079239394770964   0.814301283015537   0.8079277510122324
0.8316085902740278   0.7609046727914482   0.7546974038781794
0.8559875671776167   0.7108910624731941   0.7048575191636706
0.8810812246675007   0.6640545535992531   0.6582016432811764
0.9069105139239728   0.6202011924254772   0.6145351454881618
0.9334970003205227   0.5791483167920587   0.5736745982135638
0.960862881429187   0.5407239360713778   0.5354471855571776
0.9890310055537336   0.5047661737499469   0.4996901684967472
1.0180248908061487   0.47112315158624324   0.46625076691383427
1.047868744742366   0.43965222137160426   0.4349854197977269
1.0785874845736239   0.41021902514157454   0.40575888152692025
1.1102067579703248   0.38269704134687577   0.37844377851762423
1.1427529644757777   0.3569671649838878   0.352920196997319
1.1762532775476793   0.3329173073700057   0.3290752885529307
1.210735667245765   0.3104420119521601   0.30680288730842636
1.246228923584555   0.2894419921491439   0.28600295560139644
1.2827626805706884   0.2698237933429692   0.2665812548384485
1.3203674409449337   0.2514996086022822   0.2484492999927724
1.3590746016495152   0.2343869662838442   0.23152404675652266
1.3989164800420282   0.21840842452708845   0.2157275766093962
1.4399263408778291   0.2034912818470928   0.2009867985598211
1.4821384240834183   0.18956730305235345   0.18723316658069925
1.525587973344019   0.17657245620289666   0.17440238409535394
1.5703112655292182   0.1644466648916617   0.16243413373467522
1.6163456409812174   0.15313358389206103   0.1512718998420367
1.6637295346910133   0.14258038011409044   0.14086274675567456
1.7125025083885144   0.1327375246151741   0.1311571020230614
1.7627052835733923   0.12355859609990749   0.12210855195349242
1.814379775514258   0.11500009533547402   0.1136736488654092
1.8675691282445197   0.1070212693618564   0.10581172015908122
1.922317750584177   0.09958394509262733   0.09848468057843465
1.9786713532176083   0.09265237515675759   0.09165690139295689
2.0366769868582977   0.08619309104025014   0.08529506380323612
2.0963830815323896   0.08017476419469827   0.07936801427923222
2.1578394870138577   0.07456807511944102   0.07384662855753958
2.2210975144450407   0.06934558999665182   0.06870368381011746
2.286209979177315   0.06448164015762013   0.06391374053446029
2.3532312448676476   0.05995219613699163   0.05945303739668195
2.4222172688678643   0.05573478567294966   0.05529937545173504
2.4932256489445366   0.051808404426972786   0.05143201501979639
2.5663156713684585   0.04815342331490732   0.047831582894088134
2.641548360413907   0.04475150143956588   0.0444799851974659
2.7189865293089923   0.041585504310692994   0.04136032556105219
2.798694832679631   0.03863943001202971   0.03845683053103277
2.8807398205309562   0.035898359307002005   0.03575479408474532
2.9651899938111903   0.03334836799678916   0.033240495152617865
3.05211586160442   0.03097644787042412   0.030901122582184845
3.1415899999999994   0.02877044882914179   0.028724716909297315
