0.01   3617.0710645335184   3616.9532416985658
0.010293154462191829   3662.3015909834503   3662.181621450268
0.010594902878253955   3706.39959475943   3706.277389385235
0.010905497183778876   3749.25628371282   3749.131738205313
0.011225196699963396   3790.7611383486596   3790.63412937088
0.011554268350120923   3830.8014731716553   3830.6718539913177
0.011892986882540897   3869.2588742887706   3869.1264557372224
0.012241635099881474   3906.0128355733327   3905.877379595187
0.012600504095286909   3940.942344728364   3940.8035628026482
0.012969893495426888   3973.9222079070255   3973.779747030708
0.013350111710660605   4004.823556904928   4004.676986060201
0.013741476192534558   4033.5182002927068   4033.3670092693037
0.014144313698828986   4059.8774745556425   4059.7210835180954
0.01455896056637426   4083.7688823824806   4083.6066725574083
0.014985762991865008   4105.061238334383   4104.892559707507
0.01542507732090645   4123.626029740654   4123.45018979352
0.015877270345534218   4139.333713613798   4139.149814751159
0.016342719610456153   4152.055994241921   4151.862825526835
0.016821813728271667   4161.66966743257   4161.465704876514
0.017314952703931925   4168.055859605197   4167.839320044979
0.017822548268711737   4171.099090894035   4170.8680415682065
0.01834502422397195   4170.691053798327   4170.4434352096405
0.018882816794999403   4166.731992655494   4166.465616905602
0.019436374995219892   4159.132269574778   4158.8447322293
0.02000616100108813   4147.812720445346   4147.501371230915
0.020592650537967844   4132.705156169348   4132.367121642057
0.021196333277324068   4113.757342900257   4113.389686547209
0.02181771324555934   4090.935403456374   4090.5353421320533
0.022457309244835088   4064.2186402186862   4063.7835778134336
0.02311565528622961   4033.603537509447   4033.13112601467
0.023793301035594242   3999.1192216725594   3998.607583902195
0.024490812272480036   3960.813670624174   3960.2614675170553
0.025208771362518027   3918.7488850033883   3918.1553335085973
0.0259477777436476   3873.023944790505   3872.3892421638
0.02670844842659881   3823.7730269956464   3823.0987364040216
0.027491418510046592   3771.1409987921393   3770.429999766633
0.028297341710866907   3715.2992939683368   3714.5557564206692
0.029126890909937666   3656.4820776977554   3655.7115362011205
0.029980758713939952   3594.9368488851137   3594.146119197217
0.030859658033628758   3530.9153997515837   3530.1124939116216
0.031764322679055976   3464.7180907883476   3463.91260482458
0.03269550797224261   3396.6723212481083   3395.8756055421663
0.033653991377811755   3327.0956994543353   3326.3206476640453
0.03464057315210884   3256.3472283453566   3255.6073984977675
0.03565607701135116   3184.8807058688303   3184.18877170231
0.036701350819364466   3113.1349672065135   3112.5025329611367
0.03777726729548091   3041.507859047299   3040.9456872239075
0.038884724743189276   2970.292886389834   2969.812462167144
0.04002464780014597   2899.7262153994075   2899.3403352630266
0.041197988210172884   2830.0273505194036   2829.749844849824
0.04240572561788674   2761.568155679591   2761.408469222726
0.04364886838662332   2694.9327245584846   2694.8887415676004
0.04492845444033957   2630.6669505170626   2630.7255672794604
0.04624555213019635   2569.198538009533   2569.3377564906823
0.04760126112654554   2510.5981225961186   2510.7927242800415
0.04899671333706607   2454.8286580493677   2455.051993554506
0.05043307385181555   2401.8414206046164   2402.065348944845
0.05191154191598653   2351.4399665417086   2351.632491384231
0.053433351931179485   2303.335517590122   2303.4593242695255
0.05499977448602865   2257.2497500518025   2257.2627549738463
0.05661211741704101   2212.8128426268477   2212.670979134401
0.05827172690053434   2169.599944702503   2169.259166253371
0.05997998857658587   2127.1990666435167   2126.6165113231687
0.06173832870592997   2085.1266947592703   2084.266899342227
0.0635482153607709   2042.8960941541234   2041.733256803648
0.06541115965050462   1999.98078599463   1998.5051530487651
0.06732871698337338   1955.7605721341558   1953.989475665272
0.06930248836510605   1909.6509758938423   1907.6306409198805
0.07133412173562886   1861.0637848069046   1858.880330607305
0.07342531334496233   1809.4825626595887   1807.2622187723334
0.07557780916945323   1754.6152157377076   1752.5198375145812
0.07779340636952398   1696.3577482729647   1694.5789174168674
0.08007395479015682   1634.9747888077666   1633.7308263533446
0.08242135850536496   1571.0253834401863   1570.555020216653
0.08483757740794096   1505.3483885934331   1505.8792304164365
0.08732462884580919   1438.9571488550666   1440.6840244808523
0.08988458930634863   1372.961682963632   1376.0454991431943
0.09251959615009227   1308.4581193741567   1313.0209686310843
0.09523184939525078   1246.5094647797391   1252.6057164131214
0.09802361355455057   1188.0869480861002   1195.693868892573
0.10089721952591899   1134.0861296809692   1143.096484976033
0.10385506653859616   1085.1720050493693   1095.3942226718464
0.10689962415629803   1041.755479441088   1052.9002496977232
0.11003343433910281   1003.8119051942027   1015.5385512482732
0.11325911356578279   970.8184023038867   982.7865147048686
0.11657935501835284   941.7590816965536   953.6685017421432
0.11999693083066039   915.2708962833896   926.8972761615457
0.12351469440289359   889.7957898144947   901.051041230819
0.12713558278394044   863.8307979281548   874.7848349067576
0.13086261912358757   836.0732151158767   846.9590492368982
0.13469891519660646   805.6305272434884   816.8260668586828
0.13864767400083483   772.1302185476948   784.1315726654703
0.14271219243142114   735.8373503895888   749.2101224749784
0.14689586403346616   697.6259597485526   712.8623854317053
0.1512021818353596   658.7759644539965   676.2092365045885
0.15563474126517718   620.7894730059223   640.5433234761571
0.16019724315257297   585.2169458627999   607.1546280841525
0.1648934968186736   553.4374950054497   577.1346946667267
0.1697274232565544   526.267515400449   551.0717881140811
0.17470305840495237   503.6225532921374   528.8217946019573
0.17982455651794954   484.5108453022938   509.4905554732247
0.18509619363343993   467.43249832052794   491.7893174495687
0.19052237114327647   450.8485791089329   474.4918585691689
0.19610761946807834   433.3876554144746   456.57142579326626
0.20185660183976684   414.04555256991813   437.37329159324685
0.20777411819498756   392.65308430277213   416.7804717755138
0.21386510918267082   370.1041865626848   395.55007579658917
0.22013466028907505   347.85998964476744   374.819930406981
0.22658800608375756   327.261156728924   355.53732569691016
0.23323053459001789   309.21651394601076   338.2742322615198
0.2400677917834628   293.9862539413825   323.18876201508704
0.24710548622244882   280.9858975656597   309.7313942666253
0.25434949381426813   269.06010552104567   297.1189026465871
0.2618058627210567   257.0125341742069   284.5648461134476
0.2694808184095226   244.0932621121573   271.61461164279854
0.27738076884870827   230.37577255649876   258.3866053351531
0.2855123098601282   216.68431195288372   245.43941810261538
0.29388223062474755   203.92199085000036   233.27411410795338
0.3024975193514008   192.64521453512876   222.2007280402495
0.31136536911138296   182.84884084076185   212.16385972327566
0.3204931838440838   173.9088262808672   202.74810052331242
0.32988858453867975   165.09670308602253   193.59527760958042
0.3395594155970457   156.06487675435244   184.50854724139555
0.34951375138319807   146.97276414753497   175.6093686003742
0.3597599029647371   138.33270670620928   167.16336528601698
0.37030642505191835   130.51044634252202   159.2994045523733
0.3811621231401457   123.4496170581817   151.96557610052687
0.3923360608618501   116.8224771192932   145.00617652072893
0.4038375675538918   110.31441891515375   138.2802191413378
0.41567624604680364   103.90176700665813   131.78271396206546
0.42786198068238046   97.7995934963979   125.60053429033196
0.4404049455663077   92.1677510573965   119.7808992026434
0.4533156130627191   86.9569017999442   114.28231756472395
0.4666047625377753   81.99648499334857   109.03684093250567
0.4802834893595659   77.20500781079011   104.02116048944839
0.49436321416184764   72.63529409876551   99.2407317534883
0.5088556923793517   68.36539935839122   94.71505809639636
0.5237730240626238   64.36946444737123   90.4234665583298
0.5391276639805903   60.5767251362146   86.3374127978718
0.5549324320192869   56.96230683956716   82.44780365191811
0.5712005238854289   53.55248898909905   78.75237391743534
0.5879455221237613   50.35209324987154   75.24576765191404
0.6051814074573895   47.3308364785692   71.91310157694598
0.622922570460556   44.46971712671176   68.74301595063369
0.6411838235736077   41.771598635387356   65.73112041732774
0.6599804134701901   39.232975476554586   62.87077832480238
0.6793280337869897   36.83931336103433   60.15279280065377
0.6992428382266549   34.583093099540676   57.57019966359917
0.7197414540448374   32.45735927985478   55.11575290690475
0.7408409959326054   30.455207219729193   52.78287744192079
0.7625590803058332   28.57004633172267   50.565339708114095
0.7849138400134885   26.795589963098973   48.45723032256354
0.8079239394770964   25.125845101599175   46.452947705942826
0.8316085902740278   23.555102130314015   44.54718247899927
0.8559875671776167   22.07792433313957   42.73490041789078
0.8810812246675007   20.689120660061185   41.01121099889488
0.9069105139239728   19.38373271284059   39.371317675413806
0.9334970003205227   18.15705374561135   37.8106915426785
0.960862881429187   17.00461995806369   36.32507002187057
0.9890310055537336   15.922199601556086   34.91044009870125
1.0180248908061487   14.905782455436787   33.56302267988961
1.047868744742366   13.951569669735528   32.27925798912827
1.0785874845736239   13.055964216775836   31.05577412288486
1.1102067579703248   12.21556335686233   29.88923058543771
1.1427529644757777   11.427147925949548   28.77640675639312
1.1762532775476793   10.687672249261514   27.71428773766769
1.210735667245765   9.9942558531317   26.700050779047466
1.246228923584555   9.344175506637319   25.731051770751392
1.2827626805706884   8.734857571928952   24.804812772588427
1.3203674409449337   8.163870656267115   23.919010452515117
1.3590746016495152   7.628917815099344   23.071416646320383
1.3989164800420282   7.127828679141073   22.25980550596162
1.4399263408778291   6.658555183398752   21.482077253425338
1.4821384240834183   6.219165690068815   20.736275011533376
1.525587973344019   5.80783893340249   20.02057428840695
1.5703112655292182   5.42285823768807   19.33327333038979
1.6163456409812174   5.062605999115784   18.672784265029648
1.6637295346910133   4.72555839836378   18.037623067602254
1.7125025083885144   4.410279859406988   17.42635894974513
1.7627052835733923   4.115418431720314   16.837613331141693
1.814379775514258   3.8397018705622594   16.27010252274
1.8675691282445197   3.5819332874733396   15.72263314986017
1.922317750584177   3.340986986541617   15.1940957903928
1.9786713532176083   3.1158045083375248   14.683459129028506
2.0366769868582977   2.905390872809647   14.189764579242937
2.0963830815323896   2.708810874743092   13.712114499922949
2.1578394870138577   2.5251851038260207   13.249635810910053
2.2210975144450407   2.353687442212628   12.801506435151621
2.286209979177315   2.193542319766233   12.366967006462154
2.3532312448676476   2.0440217832994816   11.945316707558755
2.4222172688678643   1.9044427232959158   11.535909396775136
2.4932256489445366   1.774164251004327   11.13815001755628
2.5663156713684585   1.6525852235551113   10.751491665219483
2.641548360413907   1.5391424669549247   10.375480004742846
2.7189865293089923   1.4333088729603547   10.00978599876501
2.798694832679631   1.3345901167603356   9.65411048843632
2.8807398205309562   1.2425226100727906   9.308171401144653
2.9651899938111903   1.1566717038690317   8.971702644049785
3.05211586160442   1.0766299870256675   8.644453051351377
3.1415899999999994   1.002015676509328   8.326185382071547
