0.01   15001.322631317524   14999.851205745324
0.010293154462191829   15120.4206658317   15118.84948300691
0.010594902878253955   15231.143948498682   15229.465088060153
0.010905497183778876   15332.987923458748   15331.19271882973
0.011225196699963396   15425.430042891783   15423.509061768538
0.011554268350120923   15507.930092075298   15505.873121723993
0.011892986882540897   15579.957606113892   15577.753685553984
0.012241635099881474   15640.986331530969   15638.62362435871
0.012600504095286909   15690.473069691225   15687.938324582803
0.012969893495426888   15727.887054019784   15725.165533643349
0.013350111710660605   15752.718482760234   15749.794016003561
0.013741476192534558   15764.452781614913   15761.307578931288
0.014144313698828986   15762.582743684845   15759.197306123255
0.01455896056637426   15746.635205351602   15742.988451275423
0.014985762991865008   15716.163177529226   15712.23210529524
0.01542507732090645   15670.733724713271   15666.4924642621
0.015877270345534218   15609.957562014213   15605.377452460116
0.016342719610456153   15533.495866872401   15528.545651706945
0.016821813728271667   15441.052084291368   15435.697521181357
0.017314952703931925   15332.38345594385   15326.587346838825
0.017822548268711737   15207.31234073798   15201.034989988586
0.01834502422397195   15065.73740749463   15058.937982190913
0.018882816794999403   14907.640859463076   14900.279237737814
0.019436374995219892   14733.07999615309   14725.117353779082
0.02000616100108813   14542.200327500532   14533.599965367195
0.020592650537967844   14335.28875199118   14326.018438450114
0.021196333277324068   14112.727847875929   14102.760765808998
0.02181771324555934   13874.976560573603   13864.291689184018
0.022457309244835088   13622.66421720903   13611.250245855816
0.02311565528622961   13356.587637135914   13344.446749309984
0.023793301035594242   13077.598502271347   13064.745933231101
0.024490812272480036   12786.660829738741   12773.125715712054
0.025208771362518027   12485.008379799852   12470.83835118572
0.0259477777436476   12173.929978921024   12159.190579472554
0.02670844842659881   11854.726444133785   11839.499256573969
0.027491418510046592   11528.982196947842   11513.365389858332
0.028297341710866907   11198.442492750892   11182.550183306439
0.029126890909937666   10864.763280311523   10848.72267859802
0.029980758713939952   10529.664690898915   10513.613575846708
0.030859658033628758   10195.122053751022   10179.206700520017
0.031764322679055976   9862.983213194644   9847.355773478348
0.03269550797224261   9534.971439310015   9519.785639634229
0.033653991377811755   9213.156700105312   9198.550251544257
0.03464057315210884   8899.618785589288   8885.706174082232
0.03565607701135116   8596.154077137124   8583.028463590575
0.036701350819364466   8304.188761506406   8291.91929288998
0.03777726729548091   8024.756426388304   8013.383475348195
0.038884724743189276   7758.69539435821   7748.2336685568
0.04002464780014597   7506.855236184083   7497.283555954849
0.041197988210172884   7270.845652875633   7262.036791353641
0.04240572561788674   7052.3448014541555   7044.053664272717
0.04364886838662332   6852.680891420643   6844.560558214854
0.04492845444033957   6671.198210744671   6662.843544988712
0.04624555213019635   6505.90057826919   6496.87809692927
0.04760126112654554   6354.954365088541   6344.802966921919
0.04899671333706607   6216.680462885082   6204.905414066047
0.05043307385181555   6089.5353041683375   6075.604048260877
0.05191154191598653   5971.98683918368   5955.337211461908
0.053433351931179485   5861.768877675904   5841.860827093143
0.05499977448602865   5756.408459635103   5732.74694198863
0.05661211741704101   5653.174142482668   5625.356907068249
0.05827172690053434   5548.68730738204   5516.496733134207
0.05997998857658587   5439.6126766347825   5403.044201275167
0.06173832870592997   5322.224995759609   5281.598969919421
0.0635482153607709   5192.9567517439455   5148.954424895095
0.06541115965050462   5049.062953709932   5002.79663179426
0.06732871698337338   4888.607418373654   4841.634120479382
0.06930248836510605   4711.046414892974   4665.273124834103
0.07133412173562886   4517.144578252262   4474.714520167603
0.07342531334496233   4309.191222623063   4272.351165390895
0.07557780916945323   4090.651186767388   4061.62011995967
0.07779340636952398   3865.866174845936   3846.6691631353674
0.08007395479015682   3639.548811683684   3631.891521655539
0.08242135850536496   3416.8716753189133   3421.9715386069474
0.08483757740794096   3203.071894395611   3221.487846756816
0.08732462884580919   3003.602123303641   3035.004987830885
0.08988458930634863   2823.005069069292   2866.2415535132586
0.09251959615009227   2665.202435344443   2718.247732996912
0.09523184939525078   2532.2765156881046   2592.376735460966
0.09802361355455057   2424.401810339465   2488.126915920095
0.10089721952591899   2339.5475937958054   2403.312755404393
0.10385506653859616   2273.9584934848212   2334.409315832733
0.10689962415629803   2222.186202708809   2276.500771311015
0.11003343433910281   2177.9579957482392   2224.221545074649
0.11325911356578279   2134.3042913380023   2172.094231166105
0.11657935501835284   2084.503388421785   2114.939932450953
0.11999693083066039   2022.8726320437972   2048.6677633683053
0.12351469440289359   1945.8213778820532   1971.2411202524745
0.12713558278394044   1852.555207265062   1882.476581190986
0.13086261912358757   1745.1240125660347   1784.5143600283232
0.13469891519660646   1628.2913063898395   1681.5425096118636
0.13864767400083483   1509.2001418959476   1578.6445260750122
0.14271219243142114   1396.3176400890734   1481.8804024750827
0.14689586403346616   1297.2373305017675   1396.1205658251115
0.1512021818353596   1216.5677051786697   1323.9062606804164
0.15563474126517718   1155.1016847048065   1265.2840542994427
0.16019724315257297   1110.5052877705893   1217.9266013016718
0.1648934968186736   1078.2367529817923   1178.1429531304516
0.1697274232565544   1051.6659911717204   1141.9879079352695
0.17470305840495237   1022.8013116684957   1104.5396140063594
0.17982455651794954   984.9965936657705   1062.2718068742877
0.18509619363343993   935.7591193112867   1014.1470009602548
0.19052237114327647   877.0002367931008   962.1168362194272
0.19610761946807834   813.678445437343   909.1229553306752
0.20185660183976684   752.603729367393   858.7907144825158
0.20777411819498756   700.0865973594647   814.2530492801911
0.21386510918267082   659.3648070602552   776.025631482429
0.22013466028907505   629.7738359185607   743.9789054997871
0.22658800608375756   607.2858024828392   715.359248632936
0.23323053459001789   585.7862274139125   687.579335432485
0.2400677917834628   560.1004643698826   658.8396447868356
0.24710548622244882   528.6032725209787   628.4837338037695
0.25434949381426813   493.1640549835538   597.7389912793968
0.2618058627210567   458.1311254851632   568.2258020346089
0.2694808184095226   427.97119854044416   541.410383113004
0.27738076884870827   404.3374456493454   517.4547461949811
0.2855123098601282   385.66148511190215   495.73880495216014
0.29388223062474755   368.4628004341733   475.01489416480234
0.3024975193514008   349.50179812010265   454.3870795900868
0.31136536911138296   328.1590973819688   433.988891607972
0.3204931838440838   306.3843663597522   414.23545824786555
0.32988858453867975   286.7170208726827   395.6856253247861
0.3395594155970457   270.38067301076114   378.60795695467056
0.34951375138319807   256.3969842688685   362.6596454059682
0.3597599029647371   242.75737147141166   347.268361059376
0.37030642505191835   228.38854153114931   332.42440495636407
0.3811621231401457   213.87785219005505   318.1423854325594
0.3923360608618501   200.5366266864514   304.6017247320046
0.4038375675538918   188.87948346828045   291.89604504150145
0.41567624604680364   178.26759146950042   279.8776807948123
0.42786198068238046   167.7946072489371   268.3262309374027
0.4404049455663077   157.40026272983337   257.2607467100719
0.4533156130627191   147.6328673320021   246.7607392689552
0.4666047625377753   138.79423910227115   236.83302616756495
0.4802834893595659   130.57604676849132   227.3979202063227
0.49436321416184764   122.62323080180597   218.3820745162515
0.5088556923793517   115.00195932911643   209.7667354516424
0.5237730240626238   107.92499080470257   201.59873710964808
0.5391276639805903   101.35414552968287   193.83304209906467
0.5549324320192869   95.1097582215228   186.4263213273552
0.5712005238854289   89.17856624599784   179.34994585553991
0.5879455221237613   83.63167321347183   172.63010705201282
0.6051814074573895   78.42338139036906   166.22837789334733
0.622922570460556   73.52290401291548   160.12059462617432
0.6411838235736077   68.91354471257122   154.29192458750816
0.6599804134701901   64.57941621451312   148.72836783307412
0.6793280337869897   60.50537670296865   143.4166850361892
0.6992428382266549   56.677005045167775   138.34435374498352
0.7197414540448374   53.080575952700606   133.4995272820196
0.7408409959326054   49.70301874143309   128.87082402653334
0.7625590803058332   46.53179540858939   124.44621383044613
0.7849138400134885   43.55497253864348   120.21385880870996
0.8079239394770964   40.761255732852526   116.16270228767982
0.8316085902740278   38.1399594454707   112.28241489151432
0.8559875671776167   35.680977666149275   108.56334186313565
0.8810812246675007   33.37475575905744   104.99645462830959
0.9069105139239728   31.21226331183611   101.57326901272724
0.9334970003205227   29.184967182174034   98.28546884833266
0.960862881429187   27.284807463116557   95.12507566967714
0.9890310055537336   25.50417443822383   92.08465184340135
1.0180248908061487   23.83588572246189   89.15726451834577
1.047868744742366   22.273164386436502   86.33644962473525
1.0785874845736239   20.80961804381409   83.61617884203791
1.1102067579703248   19.439218647065523   80.99081117216326
1.1427529644757777   18.156280593346363   78.45482583099462
1.1762532775476793   16.955444213080487   76.0028961712939
1.210735667245765   15.831661009536582   73.63007482249776
1.246228923584555   14.780176951606963   71.33177283800231
1.2827626805706884   13.796516506308729   69.10373565417315
1.3203674409449337   12.876467447796935   66.94202100830685
1.3590746016495152   12.01606634962946   64.84297761688381
1.3989164800420282   11.211583658708637   62.80320611819469
1.4399263408778291   10.459511102904521   60.8195456742136
1.4821384240834183   9.756550669539857   58.88907983277666
1.525587973344019   9.099602799355504   57.00912227790762
1.5703112655292182   8.485755135458882   55.1772027288085
1.6163456409812174   7.9122718588048375   53.39105380327321
1.6637295346910133   7.37658358358772   51.6486023427282
1.7125025083885144   6.8762777928068   49.94807699344856
1.7627052835733923   6.409089775428169   48.28800607059769
1.814379775514258   5.972894039911613   46.667049198011725
1.8675691282445197   5.565696198853906   45.08397951816035
1.922317750584177   5.185625293745576   43.537676503460844
1.9786713532176083   4.830926537907548   42.02711907746042
2.0366769868582977   4.499954441759733   40.55138080245292
2.0963830815323896   4.191165425165127   39.10973285067253
2.1578394870138577   3.9031115016189646   37.701681501997086
2.2210975144450407   3.6344360916199663   36.326781958030494
2.286209979177315   3.3838686099159934   34.98461814640127
2.3532312448676476   3.150219222646642   33.67479964507191
2.4222172688678643   2.932373908719302   32.396958714722544
2.4932256489445366   2.7292898160433707   31.15074863293642
2.5663156713684585   2.539991866402746   29.936010519974865
2.641548360413907   2.363569261441334   28.75290971420889
2.7189865293089923   2.1991694434744415   27.601583722814617
2.798694832679631   2.0459942999072607   26.482099060916337
2.8807398205309562   1.9032968539845188   25.39445476145766
2.9651899938111903   1.7703781430788421   24.33858592293693
3.05211586160442   1.6465842712401437   23.31436708539551
3.1415899999999994   1.5313016633591952   22.321510939366295
