0.01   1221.783015848132   1221.747426051229
0.010293154462191829   1238.125236403142   1238.0895236632955
0.010594902878253955   1254.154674170293   1254.1188150116382
0.010905497183778876   1269.8376890303937   1269.8015970151914
0.011225196699963396   1285.1390431647205   1285.1026664129258
0.011554268350120923   1300.0223763956708   1299.9857567273637
0.011892986882540897   1314.4508356893973   1314.4141128405577
0.012241635099881474   1328.3860180247889   1328.3493648804738
0.012600504095286909   1341.7871225174679   1341.750624099546
0.012969893495426888   1354.6128624267958   1354.5764994518129
0.013350111710660605   1366.8216037718676   1366.7852702683394
0.013741476192534558   1378.3704431432413   1378.334078401306
0.014144313698828986   1389.2161028881537   1389.1797450336214
0.01455896056637426   1399.3155244080804   1399.2793112513828
0.014985762991865008   1408.6245224203199   1408.588614095875
0.01542507732090645   1417.0975969223923   1417.0620787935677
0.015877270345534218   1424.6898950803518   1424.6547696653827
0.016342719610456153   1431.3571942376025   1431.322397873903
0.016821813728271667   1437.0550496744024   1437.0205264874419
0.017314952703931925   1441.7400888490365   1441.7058100973493
0.017822548268711737   1445.37056106659   1445.3365227126571
0.01834502422397195   1447.9055531973058   1447.8717253537473
0.018882816794999403   1449.3054310625382   1449.2717152798302
0.019436374995219892   1449.5330181132715   1449.4992462499904
0.02000616100108813   1448.5540187241093   1448.5199792751598
0.020592650537967844   1446.3374834150684   1446.3029907295465
0.021196333277324068   1442.8558306455136   1442.8207370440753
0.02181771324555934   1438.0852842690595   1438.0494747786427
0.022457309244835088   1432.008132354356   1431.971466267185
0.02311565528622961   1424.611968068833   1424.5742465145745
0.023793301035594242   1415.8886265322055   1415.8495951901346
0.024490812272480036   1405.837414305315   1405.7968261548488
0.025208771362518027   1394.4675947720639   1394.4253182360246
0.0259477777436476   1381.7933134355524   1381.7493411388168
0.02670844842659881   1367.8347056983341   1367.7891552230074
0.027491418510046592   1352.6266869282283   1352.5798239089365
0.028297341710866907   1336.2119130654337   1336.1641544866898
0.029126890909937666   1318.6366785920936   1318.5885837451492
0.029980758713939952   1299.9621277942788   1299.914399320931
0.030859658033628758   1280.2658885351411   1280.219374241006
0.031764322679055976   1259.6273071136072   1259.5829865540254
0.03269550797224261   1238.1308519317763   1238.0898476891064
0.033653991377811755   1215.8799864441794   1215.8436539763
0.03464057315210884   1192.9808000666178   1192.9507292710591
0.03565607701135116   1169.5379359083008   1169.515910852552
0.036701350819364466   1145.6822595027445   1145.6700219469485
0.03777726729548091   1121.563145114808   1121.5622110935697
0.038884724743189276   1097.3215309749369   1097.333195632169
0.04002464780014597   1073.080702626471   1073.1062208042802
0.041197988210172884   1048.933381900524   1048.9744150539582
0.04240572561788674   1024.9617878508645   1025.0204358661276
0.04364886838662332   1001.2494316726187   1001.3280225259913
0.04492845444033957   977.9517398736249   978.0511515221455
0.04624555213019635   955.2555243199148   955.3743691548798
0.04760126112654554   933.3299543332519   933.4647980117358
0.04899671333706607   912.2827964341922   912.429183830652
0.05043307385181555   892.1298576509621   892.2838984480978
0.05191154191598653   872.8756834123294   873.0341642706364
0.053433351931179485   854.5076627424572   854.667738799957
0.05499977448602865   836.9465393263521   837.104619358834
0.05661211741704101   820.1006641884499   820.2521789782477
0.05827172690053434   803.8744875965145   804.0139620964649
0.05997998857658587   788.1335097467926   788.2546155628759
0.06173832870592997   772.7401927893417   772.8358237805483
0.0635482153607709   757.5530033190348   757.6158482224031
0.06541115965050462   742.409450074415   742.4331504640267
0.06732871698337338   727.1527101662189   727.1321061935918
0.06930248836510605   711.599266569578   711.531811139104
0.07133412173562886   695.5546540812388   695.4413024922922
0.07342531334496233   678.8320072068105   678.6779010407159
0.07557780916945323   661.2429679011047   661.0588364928634
0.07779340636952398   642.6365147204319   642.4382169336926
0.08007395479015682   622.935248867163   622.7428428474705
0.08242135850536496   602.1225694442836   601.9592583764403
0.08483757740794096   580.3232191325017   580.213600583416
0.08732462884580919   557.7313655185691   557.7002913210986
0.08988458930634863   534.6564055574438   534.7279497476128
0.09251959615009227   511.4402249366169   511.63631425595736
0.09523184939525078   488.4640087855782   488.80168778108543
0.09802361355455057   466.092935290418   466.5831087099786
0.10089721952591899   444.6739239774554   445.3198778095605
0.10385506653859616   424.5247654539412   425.31912888357226
0.10689962415629803   405.9221263703074   406.84574182310513
0.11003343433910281   389.0594207978741   390.0814467490844
0.11325911356578279   374.05351490666555   375.13243966438927
0.11657935501835284   360.8385112111454   361.9285905258788
0.11999693083066039   349.2228356432574   350.2786830406395
0.12351469440289359   338.8163747502529   339.8008235760613
0.12713558278394044   329.1512442451885   330.03992499510645
0.13086261912358757   319.6966202445288   320.48361049245426
0.13469891519660646   309.9650735740984   310.6665902575351
0.13864767400083483   299.5533936281964   300.20933452176786
0.14271219243142114   288.2087420683489   288.88084231654534
0.14689586403346616   275.87264362560387   276.6354400109851
0.1512021818353596   262.68991647316045   263.6207114572018
0.15563474126517718   249.00090412304718   250.1703622760903
0.16019724315257297   235.26663044779525   236.72406507049493
0.1648934968186736   221.9972713388286   223.76232048221368
0.1697274232565544   209.69157955264058   211.74488477347626
0.17470305840495237   198.7636499140976   201.04058971251135
0.17982455651794954   189.41982978749462   191.83560655866034
0.18509619363343993   181.55082447438153   184.00909797234308
0.19052237114327647   174.7592702243812   177.1847369861106
0.19610761946807834   168.51377401801093   170.86906218245457
0.20185660183976684   162.30333254641465   164.59489832200362
0.20777411819498756   155.70545077630683   157.98781423003246
0.21386510918267082   148.45713284664586   150.8227034642336
0.22013466028907505   140.59492422065702   143.14496011057633
0.22658800608375756   132.48909476590498   135.29781312249662
0.23323053459001789   124.64716038172193   127.7282922195833
0.2400677917834628   117.4879290061976   120.80069232619685
0.24710548622244882   111.25371200424996   114.70698437806888
0.25434949381426813   105.95068375821093   109.44085909822502
0.2618058627210567   101.31264389872872   104.76359236724588
0.2694808184095226   96.92629935091394   100.31595799402741
0.27738076884870827   92.4281698533589   95.79301826579089
0.2855123098601282   87.62627347307789   91.05139713842104
0.29388223062474755   82.63004996789236   86.18274106494886
0.3024975193514008   77.75199778713379   81.45869648611038
0.31136536911138296   73.27534223107688   77.09595300356257
0.3204931838440838   69.33275450406663   73.19045373665367
0.32988858453867975   65.85750277272032   69.68351377725168
0.3395594155970457   62.6077797427888   66.37922679275063
0.34951375138319807   59.360182216017336   63.10673253286449
0.3597599029647371   56.049462009312194   59.819628180786296
0.37030642505191835   52.77400496275551   56.60413397027179
0.3811621231401457   49.70985744795333   53.58378116584825
0.3923360608618501   46.94290082114525   50.81295983016007
0.4038375675538918   44.415965473511136   48.247432854733425
0.41567624604680364   42.00809360600871   45.79897096119337
0.42786198068238046   39.63556860841021   43.41048129861125
0.4404049455663077   37.32058604850915   41.10067477503277
0.4533156130627191   35.141299547659656   38.91953655529804
0.4666047625377753   33.13187721563847   36.88481285383822
0.4802834893595659   31.25699513748776   34.970772843188854
0.49436321416184764   29.460331677117452   33.14071117035849
0.5088556923793517   27.729522814864296   31.387102221313675
0.5237730240626238   26.089950700795313   29.72416991284471
0.5391276639805903   24.559754825757118   28.159942284927972
0.5549324320192869   23.12133832902862   26.681551234353684
0.5712005238854289   21.752508510671827   25.275601938305787
0.5879455221237613   20.451382721596243   23.940006321727296
0.6051814074573895   19.226984606633998   22.67774057186163
0.622922570460556   18.076232908624064   21.48522516921175
0.6411838235736077   16.988024833267378   20.354973349677763
0.6599804134701901   15.958455550231346   19.284034261248276
0.6793280337869897   14.988760658078725   18.271531835101
0.6992428382266549   14.075765657108384   17.31401042838902
0.7197414540448374   13.214804382709014   16.40803615255035
0.7408409959326054   12.403429083340706   15.551066462346586
0.7625590803058332   11.639072462712358   14.740581522875544
0.7849138400134885   10.919242658416495   13.974158787384306
0.8079239394770964   10.241561339475808   13.249488084675903
0.8316085902740278   9.603759979089853   12.564367864514942
0.8559875671776167   9.003676133357176   11.916701422995876
0.8810812246675007   8.439249737653842   11.304493126245537
0.9069105139239728   7.908517465318519   10.725843071946874
0.9334970003205227   7.409601400662036   10.17893700784323
0.960862881429187   6.940714835641498   9.662049837767974
0.9890310055537336   6.5001623606205055   9.173544938094924
1.0180248908061487   6.086335862567328   8.711870272077762
1.047868744742366   5.697710647654718   8.275554607753854
1.0785874845736239   5.332841691283899   7.863203846058521
1.1102067579703248   4.990360020563432   7.473497384343177
1.1427529644757777   4.66896959989494   7.105179493572484
1.1762532775476793   4.36744406845956   6.757054026587549
1.210735667245765   4.084622798282275   6.427990208856428
1.246228923584555   3.8194077353132787   6.116920075550995
1.2827626805706884   3.570760422972666   5.822835167812802
1.3203674409449337   3.337699137602421   5.544783382362446
1.3590746016495152   3.119296133876594   5.2818659694138255
1.3989164800420282   2.914674915139722   5.033233096872767
1.4399263408778291   2.723007067390469   4.798068843187919
1.4821384240834183   2.5435103657818403   4.575597941973677
1.525587973344019   2.3754468731419967   4.365091635138599
1.5703112655292182   2.2181206601861407   4.165864893946768
1.6163456409812174   2.070875622213997   3.9772737304242702
1.6637295346910133   1.933093393768221   3.798712676182661
1.7125025083885144   1.804191357786701   3.6296124082344132
1.7627052835733923   1.6836206409580927   3.469432691751641
1.814379775514258   1.5708641780717063   3.317653830733901
1.8675691282445197   1.4654352710177139   3.17378700332865
1.922317750584177   1.3668759793763325   3.0373742711877902
1.9786713532176083   1.2747555404959203   2.9079864928700965
2.0366769868582977   1.188668867424947   2.785221386554229
2.0963830815323896   1.1082351215237836   2.668701730828511
2.1578394870138577   1.033096341291609   2.558072763324237
2.2210975144450407   0.9629159215861641   2.4529859566199113
2.286209979177315   0.8973775113337953   2.3531029308708336
2.3532312448676476   0.8361840937478138   2.258108408464464
2.4222172688678643   0.7790568756904989   2.167708881289517
2.4932256489445366   0.725734228935051   2.081630954871632
2.5663156713684585   0.6759706885208793   1.999619830117796
2.641548360413907   0.6295360054456742   1.9214379103504853
2.7189865293089923   0.5862143632768503   1.8468629860766246
2.798694832679631   0.5458038380917337   1.7756854603474794
2.8807398205309562   0.508115142709845   1.7077092445315853
2.9651899938111903   0.4729707531269009   1.6427513801939424
3.05211586160442   0.44020422268480913   1.5806410745969266
3.1415899999999994   0.4096595325800121   1.5212188141527103
