0.01   14312.802761248418   14311.514292000915
0.010293154462191829   14426.452756753453   14425.08256409643
0.010594902878253955   14532.112628214203   14530.654079243397
0.010905497183778876   14629.301390050312   14627.746347671336
0.011225196699963396   14717.520565950683   14715.860005912737
0.011554268350120923   14796.254467964734   14794.47916078188
0.011892986882540897   14864.996684195614   14863.097268857462
0.012241635099881474   14923.244852033326   14921.21163542231
0.012600504095286909   14970.480571414513   14968.302718444214
0.012969893495426888   15006.19733046469   15003.862725201945
0.013350111710660605   15029.908616127377   15027.403890872405
0.013741476192534558   15041.12333036285   15038.433524656832
0.014144313698828986   15039.357381698912   15036.465729687192
0.01455896056637426   15024.159160466008   15021.047196383715
0.014985762991865008   14995.102188419689   14991.749592402826
0.01542507732090645   14951.773756257664   14948.157850188407
0.015877270345534218   14893.802848259616   14889.898706241152
0.016342719610456153   14820.866504735981   14816.647104626853
0.016821813728271667   14732.681393438841   14728.117151470653
0.017314952703931925   14629.015170151546   14624.073903009908
0.017822548268711737   14509.697643628499   14504.344962860061
0.01834502422397195   14374.631883661132   14368.832304510037
0.018882816794999403   14223.801340399648   14217.519778186777
0.019436374995219892   14057.261160110851   14050.463437894201
0.02000616100108813   13875.150558930603   13867.804171974303
0.020592650537967844   13677.743238154759   13669.819588500592
0.021196333277324068   13465.404057181157   13456.87934047846
0.02181771324555934   13238.57074768917   13229.426291104322
0.022457309244835088   12997.843607979708   12988.069517423628
0.02311565528622961   12743.982748124772   12733.58143900321
0.023793301035594242   12477.800639251458   12466.786414458202
0.024490812272480036   12200.216974642812   12188.616761702157
0.025208771362518027   11912.408913571591   11900.266386416755
0.0259477777436476   11615.606182295212   11602.981210561817
0.02670844842659881   11311.049965552365   11298.016888221598
0.027491418510046592   11000.252201908786   10986.900192219538
0.028297341710866907   10684.878386341255   10671.310795734884
0.029126890909937666   10366.508779394777   10352.840567830906
0.029980758713939952   10046.784728917848   10033.140178821699
0.030859658033628758   9727.590779268705   9714.10160127546
0.031764322679055976   9410.689823339268   9397.492822792274
0.03269550797224261   9097.725943728195   9084.959201187152
0.033653991377811755   8790.67421089397   8778.461448657767
0.03464057315210884   8491.519152834384   8479.963355163203
0.03565607701135116   8201.974879087196   8191.160019761146
0.036701350819364466   7923.4022396767805   7913.390626477431
0.03777726729548091   7656.787432991744   7647.615073437172
0.038884724743189276   7402.93034587845   7394.609809988088
0.04002464780014597   7162.641610921427   7155.152837334398
0.041197988210172884   6937.457188740547   6930.6839657847795
0.04240572561788674   6728.9783709933645   6722.697715543516
0.04364886838662332   6538.4725369295775   6532.369307490629
0.04492845444033957   6365.314009147349   6359.020311443861
0.04624555213019635   6207.598031451969   6200.720150215558
0.04760126112654554   6063.574972306822   6055.693970370098
0.04899671333706607   5931.642961681531   5922.308606458159
0.05043307385181555   5810.329690023934   5799.056200611707
0.05191154191598653   5698.173697211398   5684.4473004835045
0.053433351931179485   5593.012246920944   5576.338583107628
0.05499977448602865   5492.4850140681865   5472.410080260358
0.05661211741704101   5393.985466446956   5370.138389831228
0.05827172690053434   5294.290322332974   5266.465625770357
0.05997998857658587   5190.217665929282   5158.401135667279
0.06173832870592997   5078.213198204126   5042.683797390723
0.0635482153607709   4954.873006969096   4916.23593699673
0.06541115965050462   4817.577842610767   4776.828834454216
0.06732871698337338   4664.480090666201   4623.01844769613
0.06930248836510605   4495.06080297049   4454.60466495705
0.07133412173562886   4310.049482169878   4272.533631801658
0.07342531334496233   4111.63069128286   4079.0866871061507
0.07557780916945323   3903.110772946718   3877.5481232120924
0.07779340636952398   3688.6322185083754   3671.88908340055
0.08007395479015682   3472.691261232451   3466.3208746964997
0.08242135850536496   3260.223416230165   3265.340483539866
0.08483757740794096   3056.225850516474   3073.350717846759
0.08732462884580919   2865.901270887477   2894.7501852725313
0.08988458930634863   2693.5841579593603   2733.125994043592
0.09251959615009227   2543.016488444483   2591.4281642540327
0.09523184939525078   2416.1850822761435   2470.9789610427565
0.09802361355455057   2313.256334180034   2371.3256843834397
0.10089721952591899   2232.2925583455262   2290.3858171074876
0.10385506653859616   2169.710562469836   2224.781314737522
0.10689962415629803   2120.312063368009   2169.7927241114735
0.11003343433910281   2078.1119572111975   2120.256449910581
0.11325911356578279   2036.4597412144751   2070.880392544966
0.11657935501835284   1988.9418848793528   2016.656214134591
0.11999693083066039   1930.136624362755   1953.615292196843
0.12351469440289359   1856.6182322044442   1879.7567291920009
0.12713558278394044   1767.6278308973351   1794.8864846738072
0.13086261912358757   1665.1213220432826   1701.0491656322986
0.13469891519660646   1553.6447899973725   1602.2694159328507
0.13864767400083483   1440.013425957828   1503.4822460193673
0.14271219243142114   1332.3060123078376   1410.5622649418501
0.14689586403346616   1237.7679669046124   1328.2572682218374
0.1512021818353596   1160.7966105643138   1259.0626881244434
0.15563474126517718   1102.1485291391916   1203.0411477610144
0.16019724315257297   1059.5964836334365   1157.9637516760624
0.1648934968186736   1028.8071423140352   1120.2686344106633
0.1697274232565544   1003.4549167023212   1086.0923036804186
0.17470305840495237   975.9134043229882   1050.6333808899262
0.17982455651794954   939.8418081639276   1010.425665332249
0.18509619363343993   892.8615238438862   964.442417650257
0.19052237114327647   836.7964846564983   914.555989635174
0.19610761946807834   776.3773435783326   863.6459836980331
0.20185660183976684   718.1024628212546   815.2745774363707
0.20777411819498756   667.9929907909856   772.5266511490198
0.21386510918267082   629.1378961191792   735.9679888965992
0.22013466028907505   600.9036215480222   705.4497355140146
0.22658800608375756   579.4464959355245   678.2986412865349
0.23323053459001789   558.9324685215236   651.9430804224064
0.2400677917834628   534.4242172414254   624.5793002101599
0.24710548622244882   504.3709606726379   595.5650558069894
0.25434949381426813   470.5563834274754   566.0981393598024
0.2618058627210567   437.1294038575754   537.7954469138119
0.2694808184095226   408.352069147812   512.1271251417919
0.27738076884870827   385.8017633317308   489.27336521203284
0.2855123098601282   367.98204840256534   468.612222295699
0.29388223062474755   351.5717026760371   448.9036271653779
0.3024975193514008   333.47997763171395   429.24896991938994
0.31136536911138296   313.11561873022254   409.76511732106746
0.3204931838440838   292.33916278819265   390.88412287828436
0.32988858453867975   273.5733759277541   373.1723108872152
0.3395594155970457   257.98596299809697   356.8959972718434
0.34951375138319807   244.64326917783887   341.71383796898033
0.3597599029647371   231.6289073903966   327.06015586954834
0.37030642505191835   217.91881705872353   312.91323646207593
0.3811621231401457   204.07333826931364   299.29771356636365
0.3923360608618501   191.34369546443213   286.3969577962235
0.4038375675538918   180.22092135431046   274.30215481140976
0.41567624604680364   170.09546710812975   262.8663391314574
0.42786198068238046   160.10262108467157   251.8747563457938
0.4404049455663077   150.18474082293332   241.3462519104217
0.4533156130627191   140.86511926791823   231.35903709777386
0.4666047625377753   132.4316768120908   221.92016853549796
0.4802834893595659   124.59022570253153   212.95294518906528
0.49436321416184764   117.0019713758812   204.38620027108394
0.5088556923793517   109.73007958184608   196.20318437090728
0.5237730240626238   102.97752029042492   188.4477867762627
0.5391276639805903   96.70790217555935   181.0772005115576
0.5549324320192869   90.74976453403144   174.05019641007624
0.5712005238854289   85.09046817090059   167.33963902397423
0.5879455221237613   79.79786009702099   160.96973976930283
0.6051814074573895   74.82832695987474   154.90416856494105
0.622922570460556   70.15249451522024   149.11995466330012
0.6411838235736077   65.75443316875213   143.60292600656678
0.6599804134701901   61.61898505545744   138.339697428688
0.6793280337869897   57.73170335817102   133.31760357811208
0.6992428382266549   54.07882870093397   128.52465842270146
0.7197414540448374   50.64726547901994   123.94951712146336
0.7408409959326054   47.42454244525908   119.5812813779749
0.7625590803058332   44.3986958627115   115.40847295965021
0.7849138400134885   41.558338667579065   111.41981123871608
0.8079239394770964   38.892693662663525   107.60475588228331
0.8316085902740278   36.39156471759098   103.95345589340819
0.8559875671776167   34.04530877687526   100.45669985121401
0.8810812246675007   31.844808973771322   97.10587012530196
0.9069105139239728   29.781448740539087   93.89286555548031
0.9334970003205227   27.847086342527245   90.8097459974561
0.960862881429187   26.034031722225002   87.84889318492891
0.9890310055537336   24.335024303265897   85.00320249528174
1.0180248908061487   22.743211187016435   82.26604851272596
1.047868744742366   21.252126289003066   79.6312506551238
1.0785874845736239   19.855670393284537   77.0930416248989
1.1102067579703248   18.54809187377594   74.64602051265865
1.1427529644757777   17.323965710667146   72.28488937103218
1.1762532775476793   16.17817780152148   70.00452761911497
1.210735667245765   15.105910974573034   67.80017614051698
1.246228923584555   14.102629046334535   65.66741719789515
1.2827626805706884   13.164061582985099   63.60215115471845
1.3203674409449337   12.286189403034314   61.600575108521824
1.3590746016495152   11.465230733207962   59.65916140835873
1.3989164800420282   10.697626983159534   57.77460237059914
1.4399263408778291   9.980030721423873   55.94380073737169
1.4821384240834183   9.30929513618711   54.16389425026214
1.525587973344019   8.682462769753453   52.43224243116966
1.5703112655292182   8.096754783458563   50.746412760253776
1.6163456409812174   7.549560782210449   49.10416783720452
1.6637295346910133   7.038429173447109   47.5034563061055
1.7125025083885144   6.561058047346479   45.942497062365085
1.7627052835733923   6.115286528883478   44.4197757902619
1.814379775514258   5.699086576529431   42.93390852890308
1.8675691282445197   5.310555239067435   41.48362592687913
1.922317750584177   4.947907332819707   40.06776608730546
1.9786713532176083   4.609468517804585   38.68526775128054
2.0366769868582977   4.293668738522943   37.335165299056364
2.0963830815323896   3.9990351692057464   36.01667510830119
2.1578394870138577   3.7241861865649755   34.72922664251551
2.2210975144450407   3.4678273862393207   33.47230411064869
2.286209979177315   3.228746418728764   32.24542864096131
2.3532312448676476   3.005807986462826   31.048154974310872
2.4222172688678643   2.797949131207386   29.880068271580942
2.4932256489445366   2.6041748028663436   28.740782137239393
2.5663156713684585   2.42355462072801   27.630092571607495
2.641548360413907   2.255219540028041   26.548104097258616
2.7189865293089923   2.098356087176228   25.49490389819443
2.798694832679631   1.9522027378413096   24.4705213969127
2.8807398205309562   1.8160467593755265   23.47493098329456
2.9651899938111903   1.6892212321859532   22.508054777371864
3.05211586160442   1.5711022373851355   21.569765233743794
3.1415899999999994   1.4611043297653048   20.659789968191927
