0.01   1311.2459312862054   1311.2099067355005
0.010293154462191829   1324.541271929425   1324.5048740438751
0.010594902878253955   1337.2809806207024   1337.24429037999
0.010905497183778876   1349.4228730228233   1349.385946555033
0.011225196699963396   1360.92454862284   1360.8874144154358
0.011554268350120923   1371.7432261315066   1371.7058864155695
0.011892986882540897   1381.83440507261   1381.7968456563594
0.012241635099881474   1391.153399458974   1391.1155922125292
0.012600504095286909   1399.6559624456027   1399.6178664399924
0.012969893495426888   1407.2967126988683   1407.258304681492
0.013350111710660605   1414.0293553479867   1413.990660221545
0.013741476192534558   1419.8086333856102   1419.7697263893917
0.014144313698828986   1424.5899764472354   1424.5509591254229
0.01455896056637426   1428.3280624900408   1428.2889766735025
0.014985762991865008   1430.9789268038162   1430.939735036102
0.01542507732090645   1432.5006580113256   1432.4612476039263
0.015877270345534218   1432.8520239198735   1432.8122796362882
0.016342719610456153   1431.9931259548969   1431.9529890245922
0.016821813728271667   1429.887119220408   1429.846589330848
0.017314952703931925   1426.500444779778   1426.459544049097
0.017822548268711737   1421.8029096238695   1421.7615818127197
0.01834502422397195   1415.7683154971207   1415.7264099060458
0.018882816794999403   1408.3749293608194   1408.332208445078
0.019436374995219892   1399.6068767214315   1399.5630810094592
0.02000616100108813   1389.453965659039   1389.4088568543093
0.020592650537967844   1377.9111223989842   1377.8644855033424
0.021196333277324068   1364.980891536045   1364.932543321845
0.02181771324555934   1350.676441740265   1350.6262479035645
0.022457309244835088   1335.0169055426063   1334.9647826221094
0.02311565528622961   1318.0277436210617   1317.9736608138674
0.023793301035594242   1299.7496913357063   1299.6936940190635
0.024490812272480036   1280.2334344318722   1280.1756540794038
0.025208771362518027   1259.5337618038006   1259.4744111702355
0.0259477777436476   1237.7180934027263   1237.6574821299098
0.02670844842659881   1214.8730000610194   1214.8115659170005
0.027491418510046592   1191.0879029524397   1191.0262039309164
0.028297341710866907   1166.4562486450093   1166.394950700255
0.029126890909937666   1141.0970206321435   1141.0368911982011
0.029980758713939952   1115.1373284999672   1115.0792247440932
0.030859658033628758   1088.6997428483646   1088.6445966934818
0.031764322679055976   1061.9173428817135   1061.8661655571705
0.03269550797224261   1034.939602895695   1034.8934981077216
0.033653991377811755   1007.9076070828006   1007.8677553883053
0.03464057315210884   980.9588957149534   980.9265000093377
0.03565607701135116   954.2609523721144   954.2370121660364
0.036701350819364466   927.9798456698915   927.9650972039748
0.03777726729548091   902.2638421998058   902.258784619688
0.038884724743189276   877.2275235797126   877.2324440682731
0.04002464780014597   852.9506530128315   852.96565017598
0.041197988210172884   829.5013569486514   829.5263640570024
0.04240572561788674   806.956042513186   806.990690327333
0.04364886838662332   785.4615931286722   785.5045183971027
0.04492845444033957   765.170487267675   765.2192368854987
0.04624555213019635   746.2045923653651   746.2557714605709
0.04760126112654554   728.5124498988238   728.5621892038956
0.04899671333706607   711.9399337085747   711.9841754150164
0.05043307385181555   696.3435902221147   696.3780921478706
0.05191154191598653   681.5879244809303   681.6081673937977
0.053433351931179485   667.5454954177418   667.5466334947889
0.05499977448602865   654.0883970651732   654.0653548000797
0.05661211741704101   641.038995442966   640.9869086636305
0.05827172690053434   628.210932927634   628.1253193508238
0.05997998857658587   615.4011593598893   615.2783013993643
0.06173832870592997   602.3717822268977   602.2093430398082
0.0635482153607709   588.8920561473142   588.6893265869891
0.06541115965050462   574.707860147487   574.4667907173206
0.06732871698337338   559.5827888397163   559.3082307983229
0.06930248836510605   543.3357676402651   543.035841405077
0.07133412173562886   525.8405847397535   525.5266351652551
0.07342531334496233   507.09435607184855   506.7802381518979
0.07557780916945323   487.19611396716306   486.897418355019
0.07779340636952398   466.3654889142649   466.098762921053
0.08007395479015682   444.90344972261516   444.6852710325721
0.08242135850536496   423.1812579498287   423.02590855939275
0.08483757740794096   401.58935907970186   401.5076887075068
0.08732462884580919   380.5336391131042   380.53255855764354
0.08988458930634863   360.40767879839603   360.4889436369809
0.09251959615009227   341.5973143592555   341.75573280528533
0.09523184939525078   324.42236305148947   324.645550897196
0.09802361355455057   309.1487896916999   309.4160408484549
0.10089721952591899   295.90006917687106   296.18421312953694
0.10385506653859616   284.6502087782111   284.91931322263366
0.10689962415629803   275.17938714929863   275.40073241925285
0.11003343433910281   267.1243621910445   267.2677875842978
0.11325911356578279   259.9846621952021   260.02760189835254
0.11657935501835284   253.21705528399542   253.14790539377245
0.11999693083066039   246.26804346131024   246.08971282253512
0.12351469440289359   238.65425052490497   238.3860328695725
0.12713558278394044   230.02028672385202   229.6967496936563
0.13086261912358757   220.20647731105456   219.87317043800098
0.13469891519660646   209.29343982330698   209.00160613059455
0.13864767400083483   197.57435577691717   197.37339472900877
0.14271219243142114   185.51086052210053   185.43973948047002
0.14689586403346616   173.67545088514248   173.75393295758383
0.1512021818353596   162.68099562286736   162.90092816478213
0.15563474126517718   153.04962149631078   153.37798053329865
0.16019724315257297   145.0586003802692   145.43912462513984
0.1648934968186736   138.65187111802322   139.01821153283595
0.1697274232565544   133.48610799228186   133.78328776615191
0.17470305840495237   129.06458280909834   129.25526781095888
0.17982455651794954   124.82856158616838   124.90541536002488
0.18509619363343993   120.21672017411959   120.20757491113015
0.19052237114327647   114.82622449700297   114.7915357320677
0.19610761946807834   108.61678171634787   108.63389563073085
0.20185660183976684   101.91876606252397   102.05366725820942
0.20777411819498756   95.23741803847591   95.51727152466404
0.21386510918267082   89.07888313625179   89.4933053064743
0.22013466028907505   83.82483364503956   84.32164413721944
0.22658800608375756   79.58656952354745   80.09823866516382
0.23323053459001789   76.13942628730562   76.60303086300834
0.2400677917834628   73.0657617914758   73.4541399049963
0.24710548622244882   69.90065162931357   70.23434595703414
0.25434949381426813   66.34325233042681   66.67956598350699
0.2618058627210567   62.42987496334856   62.83643023039818
0.2694808184095226   58.450359860953895   58.961918941913346
0.27738076884870827   54.75176013688726   55.35824965435459
0.2855123098601282   51.58475571123517   52.23930550213648
0.29388223062474755   48.947078245886566   49.5951059070923
0.3024975193514008   46.60125824219931   47.210161724977496
0.31136536911138296   44.26763535627685   44.85058789999159
0.3204931838440838   41.789337008596995   42.39390298720279
0.32988858453867975   39.22999571999708   39.88973769093941
0.3395594155970457   36.79598084038144   37.513070786544
0.34951375138319807   34.636551908346334   35.38250601254538
0.3597599029647371   32.74731543682079   33.487211384909536
0.37030642505191835   30.994416591098226   31.716561412426266
0.3811621231401457   29.243687460798924   29.966747461126463
0.3923360608618501   27.483064413586327   28.23101667388192
0.4038375675538918   25.802339873833954   26.577744451614812
0.41567624604680364   24.275352821435963   25.061519397057456
0.42786198068238046   22.887928993006025   23.668551441254344
0.4404049455663077   21.567865640950757   22.3429613626739
0.4533156130627191   20.275854612198437   21.05797845685259
0.4666047625377753   19.03827484713759   19.832139912084894
0.4802834893595659   17.891642430843692   18.689159313473642
0.49436321416184764   16.83005649986588   17.623631227389133
0.5088556923793517   15.821415239424882   16.612274484217235
0.5237730240626238   14.854666786552126   15.647375271547586
0.5391276639805903   13.944139273957548   14.737953666799555
0.5549324320192869   13.095313552687445   13.885731085043613
0.5712005238854289   12.295730038602821   13.08186721783487
0.5879455221237613   11.536801127245436   12.320444599491475
0.6051814074573895   10.822104058555063   11.602661556923604
0.622922570460556   10.152076569134493   10.927691095312442
0.6411838235736077   9.521752228849964   10.291652150736121
0.6599804134701901   8.928098593903082   9.692061191328387
0.6793280337869897   8.369189290237026   9.126967794097178
0.6992428382266549   7.843262025624081   8.594543866146442
0.7197414540448374   7.348616548950812   8.093040476800965
0.7408409959326054   6.883615225991316   7.620786231411909
0.7625590803058332   6.446683260296633   7.1761854805599725
0.7849138400134885   6.036307506615221   6.757715886191997
0.8079239394770964   5.651000455309519   6.363909729609302
0.8316085902740278   5.289302403839721   5.993352567304065
0.8559875671776167   4.949831310858158   5.644704442221292
0.8810812246675007   4.631281958743826   5.316697897103348
0.9069105139239728   4.33242193116508   5.0081345391057654
0.9334970003205227   4.052087786798378   4.717881721240431
0.960862881429187   3.789181420443339   4.444869341121477
0.9890310055537336   3.5426672861949156   4.188087432485162
1.0180248908061487   3.311574877247226   3.946588976592962
1.047868744742366   3.0949909352629663   3.7194826336301383
1.0785874845736239   2.8920521876486713   3.5059257584381243
1.1102067579703248   2.701942883137144   3.3051220639976844
1.1427529644757777   2.523892477212407   3.1163194117100566
1.1762532775476793   2.357173407013252   2.938807672576563
1.210735667245765   2.2010989540837254   2.7719166606076224
1.246228923584555   2.0550208057403156   2.6150139580826823
1.2827626805706884   1.9183260650410225   2.46750250200774
1.3203674409449337   1.790436897191788   2.328819431182018
1.3590746016495152   1.6708091134426355   2.198434499410781
1.3989164800420282   1.5589303587091243   2.0758483425917866
1.4399263408778291   1.4543183859412672   1.9605908212014782
1.4821384240834183   1.3565194138865078   1.8522194366116798
1.525587973344019   1.2651065647909088   1.7503178184686807
1.5703112655292182   1.1796783636702868   1.6544941880423887
1.6163456409812174   1.0998573199771353   1.5643799355180388
1.6637295346910133   1.025288617567314   1.4796284964169257
1.7125025083885144   0.95563884325768   1.3999141211176724
1.7627052835733923   0.8905947769410074   1.3249306861842485
1.814379775514258   0.8298622439594346   1.2543905663294248
1.8675691282445197   0.7731650269890541   1.1880235646891317
1.922317750584177   0.7202438235601221   1.1255757763944232
1.9786713532176083   0.6708550978786564   1.0668067120288656
2.0366769868582977   0.6247702431620092   1.0114891963597374
2.0963830815323896   0.581774881608503   0.9594104192626953
2.1578394870138577   0.5416680267223619   0.910371077171814
2.2210975144450407   0.5042612864800333   0.8641845087302795
2.286209979177315   0.4693781109458376   0.820675885303447
2.3532312448676476   0.4368530820748122   0.7796814529750263
2.4222172688678643   0.4065312912819345   0.7410472067759731
2.4932256489445366   0.3782679311436491   0.7046252061017593
2.5663156713684585   0.3519274418005083   0.67027601400445
2.641548360413907   0.32738283066739327   0.6378696768840342
2.7189865293089923   0.3045151607127481   0.6072850406555605
2.798694832679631   0.28321306715392586   0.5784091155716558
2.8807398205309562   0.26337230089967817   0.5511364894899975
2.9651899938111903   0.24489529694247616   0.5253687870541263
3.05211586160442   0.22769047503629675   0.501014982392811
3.1415899999999994   0.2116714923135559   0.47799208060737286
