0.01   8541.685598526563   8541.199788245067
0.010293154462191829   8595.755470951097   8595.264649730445
0.010594902878253955   8645.228345327052   8644.734204247234
0.010905497183778876   8689.870075177605   8689.372888691347
0.011225196699963396   8729.451132256509   8728.949705173029
0.011554268350120923   8763.741374303334   8763.233672448483
0.011892986882540897   8792.502834129233   8791.987460417435
0.012241635099881474   8815.503479563955   8814.979893348476
0.012600504095286909   8832.518753062932   8831.987152583502
0.012969893495426888   8843.320082486876   8842.780335891557
0.013350111710660605   8847.683635759966   8847.134752867492
0.013741476192534558   8845.39873989352   8844.838878475904
0.014144313698828986   8836.260182163218   8835.687056507544
0.01455896056637426   8820.064862719326   8819.476364848579
0.014985762991865008   8796.626671475386   8796.020934042705
0.01542507732090645   8765.77673214152   8765.151958171025
0.015877270345534218   8727.353994701816   8726.707529126073
0.016342719610456153   8681.21638627401   8680.544443603347
0.016821813728271667   8627.246870628547   8626.544599225479
0.017314952703931925   8565.351883385896   8564.613817709196
0.017822548268711737   8495.462807934662   8494.683333809186
0.01834502422397195   8417.54076026666   8416.714184256856
0.018882816794999403   8331.580245916939   8330.700742051482
0.019436374995219892   8237.61538619006   8236.676699685135
0.02000616100108813   8135.71461798804   8134.710071285672
0.020592650537967844   8025.981682293966   8024.904359246617
0.021196333277324068   7908.580209609795   7907.424290705209
0.02181771324555934   7783.724536846335   7782.486193243209
0.022457309244835088   7651.660123337339   7650.337482978144
0.02311565528622961   7512.690251353975   7511.283636005645
0.023793301035594242   7367.206470663082   7365.7189612660095
0.024490812272480036   7215.628840680137   7214.066176139
0.025208771362518027   7058.407626596742   7056.778182041513
0.0259477777436476   6896.108036749796   6894.424150706119
0.02670844842659881   6729.345222276648   6727.623516077543
0.027491418510046592   6558.730396844051   6556.991257370944
0.028297341710866907   6384.955139088628   6383.222756459608
0.029126890909937666   6208.821024267234   6207.123634785814
0.029980758713939952   6031.100166089387   6029.469404238961
0.030859658033628758   5852.5575093040725   5851.027624097567
0.031764322679055976   5674.093587969329   5672.700400524815
0.03269550797224261   5496.5917318347865   5495.371954459311
0.033653991377811755   5320.857796166569   5319.848463094747
0.03464057315210884   5147.754625264698   5146.9906708905155
0.03565607701135116   4978.186330072375   4977.698527263584
0.036701350819364466   4812.949088719395   4812.764280563573
0.03777726729548091   4652.754812491715   4652.894501423446
0.038884724743189276   4498.290786180816   4498.765952529026
0.04002464780014597   4350.154191965917   4350.965560157504
0.041197988210172884   4208.8457263779865   4209.984601707705
0.04240572561788674   4074.799350546323   4076.2402843020755
0.04364886838662332   3948.3849970609804   3950.082095462462
0.04492845444033957   3829.904155256608   3831.7937194610636
0.04624555213019635   3719.4084601178715   3721.4099284785016
0.04760126112654554   3616.506450569143   3618.521375469089
0.04899671333706607   3520.7811354204623   3522.694548777913
0.05043307385181555   3431.739924191943   3433.423996534521
0.05191154191598653   3348.3572311175044   3349.6840434781707
0.053433351931179485   3269.5112790654016   3270.356600091599
0.05499977448602865   3194.1761096846335   3194.4199375137237
0.05661211741704101   3121.4041388995447   3120.93453238784
0.05827172690053434   3050.32420855041   3049.0386518323685
0.05997998857658587   2979.9500144118506   2977.7665047067017
0.06173832870592997   2908.866209520964   2905.7527360678173
0.0635482153607709   2835.6970739633057   2831.676062912324
0.06541115965050462   2759.012056345002   2754.186494426473
0.06732871698337338   2677.39691291222   2671.9679426507164
0.06930248836510605   2589.812726776755   2584.074913659535
0.07133412173562886   2495.8057346625164   2490.145957389212
0.07342531334496233   2395.3654426548014   2390.242390546458
0.07557780916945323   2289.5053651312155   2285.4205704573897
0.07779340636952398   2179.5826251659796   2177.0503659583705
0.08007395479015682   2067.351222340709   2066.8474161978083
0.08242135850536496   1954.6474894857326   1956.5829901984296
0.08483757740794096   1843.5388657608414   1848.2295799215487
0.08732462884580919   1736.0064021345001   1743.6556102844295
0.08988458930634863   1634.034378241498   1644.680033657827
0.09251959615009227   1539.454508847575   1552.9618449659483
0.09523184939525078   1454.056276080609   1470.1001815801476
0.09802361355455057   1379.0008285653732   1397.0433092301244
0.10089721952591899   1314.9077934180375   1334.192311438612
0.10385506653859616   1261.289513343227   1280.987744732985
0.10689962415629803   1216.8016723497963   1236.1182324884142
0.11003343433910281   1179.3071704874835   1197.5627201942377
0.11325911356578279   1146.2055261626258   1162.900164973786
0.11657935501835284   1114.7131733279252   1129.6322844407648
0.11999693083066039   1082.1643123162046   1095.443412738518
0.12351469440289359   1046.241221090204   1058.43128565607
0.12713558278394044   1005.4071499697835   1017.3822964170694
0.13086261912358757   959.0748690224259   971.8975593685269
0.13469891519660646   907.8248484221427   922.6132797486821
0.13864767400083483   853.0770856801523   870.8748280602423
0.14271219243142114   796.9233774983005   818.5292580357593
0.14689586403346616   742.061238347509   767.7612521421675
0.1512021818353596   691.4785794554225   720.9628286598037
0.15563474126517718   647.624847003447   679.979857744074
0.16019724315257297   611.5995970434925   645.4694152139392
0.1648934968186736   582.7522142369055   616.8134318102749
0.1697274232565544   559.3966972399613   592.4621863424557
0.17470305840495237   539.4924692345808   570.7703491775136
0.17982455651794954   520.6139681121776   549.9095483543915
0.18509619363343993   500.1557402505806   528.0167712395706
0.19052237114327647   476.3815061160733   503.93249935580747
0.19610761946807834   449.3518639050293   477.8728967307281
0.20185660183976684   420.56054194126324   451.0910885967612
0.20777411819498756   391.9648551031952   424.8712511154122
0.21386510918267082   365.5781919061911   400.5920200760868
0.22013466028907505   342.95657431590075   379.2093490614915
0.22658800608375756   324.438761532118   360.7037160379831
0.23323053459001789   309.1665434048004   344.48214269067034
0.2400677917834628   295.5672235746138   329.4673294812245
0.24710548622244882   281.7931197308569   314.59518936957625
0.25434949381426813   266.7326185445244   299.19384356441134
0.2618058627210567   250.61596444750748   283.64460086391625
0.2694808184095226   234.388884455446   268.39505329232617
0.27738076884870827   219.21816224421937   254.0623782088933
0.2855123098601282   206.02035720973493   241.10198193550914
0.29388223062474755   194.74309321316505   229.37938584258396
0.3024975193514008   184.6130084066694   218.46406357158804
0.31136536911138296   174.7519908793243   207.91441102618458
0.3204931838440838   164.6090606033968   197.57951873707722
0.32988858453867975   154.37972350191407   187.48801333973893
0.3395594155970457   144.6692515687023   177.9320889887945
0.34951375138319807   135.88009388830673   169.04051957109735
0.3597599029647371   128.02024985574758   160.76357302956004
0.37030642505191835   120.71951638990176   152.94079842191297
0.3811621231401457   113.60245493215646   145.44321422608627
0.3923360608618501   106.62415518086581   138.25532166176615
0.4038375675538918   99.9893645454528   131.42898856150623
0.41567624604680364   93.87227793820509   125.00972829525746
0.42786198068238046   88.23238330499247   118.95827062829021
0.4404049455663077   82.9117183251955   113.21670571048831
0.4533156130627191   77.80191238325644   107.75360243126954
0.4666047625377753   72.95231079218661   102.5718019611983
0.4802834893595659   68.42309433231529   97.6701175811475
0.49436321416184764   64.19991787818215   93.0370596346216
0.5088556923793517   60.21586291582635   88.64244680714678
0.5237730240626238   56.44120246185589   84.47268522990299
0.5391276639805903   52.89097832943571   80.5240086620342
0.5549324320192869   49.56678616727572   76.78580997455549
0.5712005238854289   46.443598895388945   73.2439863972795
0.5879455221237613   43.500126597311784   69.88635093253852
0.6051814074573895   40.733943565446125   66.70383077892481
0.622922570460556   38.13994102455498   63.6908577376635
0.6411838235736077   35.702831796414756   60.83354899739385
0.6599804134701901   33.413191183167   58.1244869419047
0.6793280337869897   31.264316142005995   55.556988947671314
0.6992428382266549   29.24843397563578   53.12276188752301
0.7197414540448374   27.357663769687527   50.81437052966322
0.7408409959326054   25.584533361083555   48.62484802189921
0.7625590803058332   23.922000387357823   46.54763414409289
0.7849138400134885   22.363428417726492   44.57655081243237
0.8079239394770964   20.902564370102734   42.705779091674685
0.8316085902740278   19.5335172651221   40.92983729771675
0.8559875671776167   18.250765042236033   39.24348507679861
0.8810812246675007   17.04915952742188   37.64162501612898
0.9069105139239728   15.923843296345108   36.11945566937635
0.9334970003205227   14.87022635738525   34.67247624747689
0.960862881429187   13.883973333952364   33.296466227904816
0.9890310055537336   12.960991107492609   31.987466443972753
1.0180248908061487   12.097416916734174   30.74176153463372
1.047868744742366   11.289601043273334   29.555815287738085
1.0785874845736239   10.534084411562823   28.426151205775415
1.1102067579703248   9.827607881738217   27.34948882900677
1.1427529644757777   9.167105862016609   26.322765152804262
1.1762532775476793   8.54969551743092   25.34311872391055
1.210735667245765   7.972666529665048   24.407875008303815
1.246228923584555   7.433471383420277   23.514532921187403
1.2827626805706884   6.9297167741625465   22.660729236569427
1.3203674409449337   6.459157100164968   21.844137027286504
1.3590746016495152   6.019683300675267   21.062551520572924
1.3989164800420282   5.609314018767252   20.313920034861457
1.4399263408778291   5.226188360906447   19.596330618887315
1.4821384240834183   4.868559029920435   18.908001622054414
1.525587973344019   4.534785814406516   18.247272130838237
1.5703112655292182   4.223329270169655   17.61258554447916
1.6163456409812174   3.932743949032853   17.00243066574265
1.6637295346910133   3.6616737789830514   16.415374186690098
1.7125025083885144   3.4088474057061466   15.850084456490336
1.7627052835733923   3.1730731667018226   15.305324294844736
1.814379775514258   2.953234340007607   14.779944219264374
1.8675691282445197   2.7482846576220035   14.272876228804595
1.922317750584177   2.557244055742467   13.78312778578254
1.9786713532176083   2.3791945195818736   13.309773035724882
2.0366769868582977   2.213276422952181   12.851949738244564
2.0963830815323896   2.0586851094250926   12.408857693183375
2.1578394870138577   1.9146675295435764   11.979754603645892
2.2210975144450407   1.7805190696429787   11.563952193179905
2.286209979177315   1.6555805648824904   11.160812608061356
2.3532312448676476   1.5392354752422959   10.76974560901894
2.4222172688678643   1.4309070046516805   10.390216893325286
2.4932256489445366   1.3300556932203302   10.021743204553573
2.5663156713684585   1.2361773491650463   9.663876842343386
2.641548360413907   1.148800833680737   9.316202794509381
2.7189865293089923   1.067485967614922   8.978336587762112
2.798694832679631   0.9918215651159062   8.649922264553755
2.8807398205309562   0.9214235945674834   8.33063147124281
2.9651899938111903   0.8559337943700044   8.020209365191356
3.05211586160442   0.7950180698747068   7.718485139903753
3.1415899999999994   0.7383643952974618   7.425297280654607
