0.01   8816.552215531765   8815.703530013328
0.010293154462191829   8916.292455794017   8915.383874181405
0.010594902878253955   9012.88061906613   9011.90691135471
0.010905497183778876   9106.065617982822   9105.021607444642
0.011225196699963396   9195.581991348541   9194.461794112603
0.011554268350120923   9281.157331260198   9279.954002566627
0.011892986882540897   9362.518486851448   9361.224010863503
0.012241635099881474   9439.385503718242   9437.991091145379
0.012600504095286909   9511.469075626153   9509.965620181598
0.012969893495426888   9578.481027478812   9576.85916875937
0.013350111710660605   9640.133087836106   9638.383120394647
0.013741476192534558   9696.124091513411   9694.235344871979
0.014144313698828986   9746.152477122067   9744.11312501178
0.01455896056637426   9789.922995072793   9787.720081727715
0.014985762991865008   9827.138609233602   9824.757979060034
0.01542507732090645   9857.500791862312   9854.927016828098
0.015877270345534218   9880.721718533276   9877.93815578403
0.016342719610456153   9896.522482793238   9893.51124115744
0.016821813728271667   9904.622809480004   9901.364407261368
0.017314952703931925   9904.75525732885   9901.228626736576
0.017822548268711737   9896.670837921412   9892.853438266553
0.01834502422397195   9880.134979332028   9876.002641281148
0.018882816794999403   9854.930537653425   9850.457377599487
0.019436374995219892   9820.86520518948   9816.023821290239
0.02000616100108813   9777.774437315355   9772.536089373749
0.020592650537967844   9725.524751108285   9719.859472062706
0.021196333277324068   9664.013730530205   9657.890584004725
0.02181771324555934   9593.17293864474   9586.560404575372
0.022457309244835088   9512.987005393636   9505.854222355438
0.02311565528622961   9423.487483633866   9415.805148449665
0.023793301035594242   9324.741123612228   9316.481790708327
0.024490812272480036   9216.873673476975   9208.012992078822
0.025208771362518027   9100.095789110104   9090.61475943899
0.0259477777436476   8974.656471311444   8964.541775074638
0.02670844842659881   8840.846298926412   8830.0906321036
0.027491418510046592   8699.073955792353   8687.678623564554
0.028297341710866907   8549.813410926168   8537.789299117743
0.029126890909937666   8393.556381546208   8380.923482558948
0.029980758713939952   8230.886811137536   8217.67509186312
0.030859658033628758   8062.51943277259   8048.770353040494
0.031764322679055976   7889.170883091064   7874.936504847204
0.03269550797224261   7711.575777399092   7696.917752368874
0.033653991377811755   7530.6390550115175   7515.628328022863
0.03464057315210884   7347.292917576508   7332.008661889706
0.03565607701135116   7162.420382088811   7146.948526046363
0.036701350819364466   6976.974113513626   6961.404478559251
0.03777726729548091   6791.989065555332   6776.412370071488
0.038884724743189276   6608.42152787192   6592.928377173003
0.04002464780014597   6427.187481087446   6411.864854534565
0.041197988210172884   6249.3194102687785   6234.238386910542
0.04240572561788674   6075.794538181336   6061.008190212136
0.04364886838662332   5907.472485134331   5893.017141301024
0.04492845444033957   5744.992375135636   5730.883442234949
0.04624555213019635   5588.80152023006   5575.030236411612
0.04760126112654554   5439.279978074902   5425.815730591292
0.04899671333706607   5296.815849408085   5283.597275067723
0.05043307385181555   5161.946261494303   5148.848473015294
0.05191154191598653   5035.181944235538   5022.015498647491
0.053433351931179485   4916.825948089659   4903.348088760462
0.05499977448602865   4805.957158100858   4791.9205563623955
0.05661211741704101   4701.158606658163   4686.333060963605
0.05827172690053434   4601.14109632617   4585.312734648919
0.05997998857658587   4504.850628343524   4487.822178192148
0.06173832870592997   4411.380533507764   4392.971438072889
0.0635482153607709   4319.783864551409   4299.842236512861
0.06541115965050462   4228.737417023015   4207.188607932628
0.06732871698337338   4136.904868395034   4113.761995595578
0.06930248836510605   4042.802746052128   4018.2120184663036
0.07133412173562886   3944.776035007638   3919.0674469200585
0.07342531334496233   3841.3231395723947   3815.0183112419427
0.07557780916945323   3731.0832211607694   3704.946370203472
0.07779340636952398   3613.017364249123   3588.0390035382043
0.08007395479015682   3486.983335288249   3464.3672896137796
0.08242135850536496   3353.3822549542   3334.4924077564756
0.08483757740794096   3213.505113342206   3199.7037886986036
0.08732462884580919   3069.1430507528216   3061.6906438772753
0.08988458930634863   2922.680914121391   2922.687018295547
0.09251959615009227   2776.6706907757693   2785.049440278892
0.09523184939525078   2633.7141951530175   2651.033113908535
0.09802361355455057   2496.257934363854   2522.6995720200302
0.10089721952591899   2366.71029998474   2402.0355378874215
0.10385506653859616   2247.2253486117056   2290.6986078652058
0.10689962415629803   2139.693704309337   2190.00676694378
0.11003343433910281   2045.166773525729   2100.5957037728535
0.11325911356578279   1963.8746915927163   2022.4109860045899
0.11657935501835284   1894.752710411762   1954.312575338265
0.11999693083066039   1835.6651724557678   1894.2706513451187
0.12351469440289359   1783.5179759127202   1839.6578938122675
0.12713558278394044   1734.8237180453398   1787.655575676301
0.13086261912358757   1685.9978820260524   1735.506975362586
0.13469891519660646   1633.8636429921028   1680.9384710224963
0.13864767400083483   1575.9342330180905   1622.3486802650416
0.14271219243142114   1510.9570215854123   1559.063327738275
0.14689586403346616   1439.072492693186   1491.443385690477
0.1512021818353596   1361.811092727081   1420.8706462534485
0.15563474126517718   1281.8033695928038   1349.472542688726
0.16019724315257297   1202.3528267897277   1279.5824690131637
0.1648934968186736   1127.108702764571   1213.6471334808036
0.1697274232565544   1059.5687586394872   1153.8375932636363
0.17470305840495237   1002.1398099422548   1101.0930239427694
0.17982455651794954   955.1120128152287   1055.6619926170529
0.18509619363343993   916.6883123072338   1015.8104918082425
0.19052237114327647   883.8905648758328   979.4615004357663
0.19610761946807834   853.4217552743064   944.830181705208
0.20185660183976684   821.9612129849787   910.0117106829321
0.20777411819498756   786.6593417606363   873.5982680138433
0.21386510918267082   746.4380929321544   835.1494704316151
0.22013466028907505   702.711475158348   795.7835640600438
0.22658800608375756   658.4131929307486   757.2739422419908
0.23323053459001789   616.5261677587397   720.8807378485195
0.2400677917834628   579.4886672260167   687.6402279672076
0.24710548622244882   548.5202505293552   657.868875978602
0.25434949381426813   522.912408331765   630.939971487234
0.2618058627210567   500.4975197398689   605.8508433832908
0.2694808184095226   478.64239233941066   581.5119842529831
0.27738076884870827   455.18565236885536   557.1425879921943
0.2855123098601282   429.6634344283314   532.7072488130483
0.29388223062474755   403.4268197974264   508.80553365776797
0.3024975193514008   378.3504900914717   486.11992109453445
0.31136536911138296   355.9871291682554   465.01947007178745
0.3204931838440838   336.85703899930195   445.3566744230001
0.32988858453867975   319.9870663114296   427.0130489162747
0.3395594155970457   303.84319661103433   409.36002068979656
0.34951375138319807   287.34724201551495   392.24103788240905
0.3597599029647371   270.4116142852565   375.5528300493685
0.37030642505191835   253.95213616764846   359.6788059016239
0.3811621231401457   238.9045891515973   344.6890665345801
0.3923360608618501   225.46873298390338   330.48453965431054
0.4038375675538918   213.1572787158361   317.0457711367414
0.41567624604680364   201.23589077392356   304.15813646795937
0.42786198068238046   189.41618131801562   291.78009694690746
0.4404049455663077   178.00621273796938   279.96124861669034
0.4533156130627191   167.40929119995585   268.73086168801916
0.4666047625377753   157.69292745271372   258.07891510109977
0.4802834893595659   148.56678658261677   247.93122072652687
0.49436321416184764   139.78247034525833   238.22524477623816
0.5088556923793517   131.34701333559778   228.94253679161474
0.5237730240626238   123.43318891051295   220.11574379319123
0.5391276639805903   116.06428646277674   211.71272781507113
0.5549324320192869   109.12101144413823   203.69909407957837
0.5712005238854289   102.50915626923195   196.04190125948278
0.5879455221237613   96.25410729979158   188.73575757723566
0.6051814074573895   90.38984516327311   181.77371421714494
0.622922570460556   84.87729361267388   175.13089043615247
0.6411838235736077   79.6664599577741   168.78260389821878
0.6599804134701901   74.7498024340421   162.72063347189516
0.6793280337869897   70.12910920823234   156.93042841985778
0.6992428382266549   65.7852222404442   151.40762177577108
0.7197414540448374   61.688591271727766   146.11506399307754
0.7408409959326054   57.834178519567935   141.05339607317222
0.7625590803058332   54.21052390880587   136.21336108330433
0.7849138400134885   50.80433699162725   131.58203071711324
0.8079239394770964   47.60306952603316   127.14733958170974
0.8316085902740278   44.594874776287234   122.89802185903274
0.8559875671776167   41.76856904174458   118.82355314584859
0.8810812246675007   39.11359529010498   114.9140970141427
0.9069105139239728   36.619989450425244   111.1604543090898
0.9334970003205227   34.27842090010091   107.55384172026542
0.960862881429187   32.080202043637904   104.08571939944845
0.9890310055537336   30.01710905653539   100.74808815722152
1.0180248908061487   28.08134446567313   97.53348939402038
1.047868744742366   26.265518673865078   94.4349668329295
1.0785874845736239   24.56263199638804   91.44603138001519
1.1102067579703248   22.9660572198969   88.56062882937822
1.1427529644757777   21.469521630957992   85.77309651809398
1.1762532775476793   20.067069705140845   83.07785447353145
1.210735667245765   18.753054784947004   80.4694303648706
1.246228923584555   17.522147942682203   77.94274096865053
1.2827626805706884   16.36932254564654   75.49307835598796
1.3203674409449337   15.289838499287185   73.11608503466992
1.3590746016495152   14.279227210875757   70.80773109228518
1.3989164800420282   13.333277247997357   68.56429314073846
1.4399263408778291   12.448020940185641   66.38233810750471
1.4821384240834183   11.619723178475109   64.25872819104731
1.525587973344019   10.84486729165053   62.19058721560495
1.5703112655292182   10.120142047437907   60.17527078718496
1.6163456409812174   9.442430540256467   58.21035205409646
1.6637295346910133   8.808799621307768   56.29360848490088
1.7125025083885144   8.216489840738097   54.423009456071775
1.7627052835733923   7.6629058817434625   52.59670456136255
1.814379775514258   7.145606936744411   50.813086604948566
1.8675691282445197   6.662296813864239   49.07097559327484
1.922317750584177   6.21081771820371   47.36935753434487
1.9786713532176083   5.789142910908128   45.70730295575963
2.0366769868582977   5.395369204218558   44.08396093390344
2.0963830815323896   5.027709852207822   42.498553336388845
2.1578394870138577   4.684487818849211   40.950369263498196
2.2210975144450407   4.364129401012969   39.438761003330804
2.286209979177315   4.065157724451063   37.96327686701423
2.3532312448676476   3.7861868081662617   36.52374879039789
2.4222172688678643   3.5259171383213737   35.120023488204296
2.4932256489445366   3.2831306234971174   33.75193023592517
2.5663156713684585   3.0566857232045925   32.41928024191135
2.641548360413907   2.8455128506550733   31.121866105719697
2.7189865293089923   2.648610035607795   29.85946136322396
2.798694832679631   2.4650388924556315   28.631831841340155
2.8807398205309562   2.2939218744835435   27.438965670297808
2.9651899938111903   2.134438193514365   26.28101430725391
3.05211586160442   1.9858191267385994   25.158039556609594
3.1415899999999994   1.8473448383961253   24.070009249327704
