0.01   1874.7444738170645   1874.666204990264
0.010293154462191829   1893.4735671142955   1893.3945412369847
0.010594902878253955   1911.4079038595926   1911.3283218725783
0.010905497183778876   1928.4902970531987   1928.4102235040586
0.011225196699963396   1944.663361368414   1944.5827296452571
0.011554268350120923   1959.867630611249   1959.786370837905
0.011892986882540897   1974.0424293544431   1973.9605589997082
0.012241635099881474   1987.127586817621   1987.0452148366605
0.012600504095286909   1999.062123247199   1998.9794026047084
0.012969893495426888   2009.7825288202944   2009.6995470410407
0.013350111710660605   2019.2260823648528   2019.1428450218102
0.013741476192534558   2027.3312896068103   2027.2477295995022
0.014144313698828986   2034.0355696220804   2033.95163762632
0.01455896056637426   2039.2770721914974   2039.1927829354418
0.014985762991865008   2042.9965023148272   2042.9119349616124
0.01542507732090645   2045.1354938646377   2045.0507399885291
0.015877270345534218   2045.6357395407765   2045.550818424845
0.016342719610456153   2044.4424328614202   2044.3572837326892
0.016821813728271667   2041.5046683829817   2041.4191520440309
0.017314952703931925   2036.774235872647   2036.6881422162753
0.017822548268711737   2030.2073503706306   2030.1204025577158
0.01834502422397195   2021.7658190270968   2021.6776772340988
0.018882816794999403   2011.4174845929772   2011.3277862021082
0.019436374995219892   1999.136637694561   1999.0450441380824
0.02000616100108813   1984.9043875553548   1984.8105890209213
0.020592650537967844   1968.7100134279576   1968.6137236064274
0.021196333277324068   1950.55433062225   1950.4552592418668
0.02181771324555934   1930.4467565702475   1930.344604970282
0.022457309244835088   1908.4048497449546   1908.2993180679737
0.02311565528622961   1884.4621151578508   1884.3529723162499
0.023793301035594242   1858.6666069873618   1858.553748619578
0.024490812272480036   1831.0735842070162   1830.9570305333239
0.025208771362518027   1801.751763102824   1801.6316830158498
0.0259477777436476   1770.7952929503097   1770.6720806540447
0.02670844842659881   1738.3061346715374   1738.1804086271616
0.027491418510046592   1704.3920259402187   1704.2646185575593
0.028297341710866907   1669.1895645535894   1669.0616060874916
0.029126890909937666   1632.8520116003108   1632.7249654535647
0.029980758713939952   1595.5306706032877   1595.40629415813
0.030859658033628758   1557.392524370043   1557.2728146697166
0.031764322679055976   1518.637880484121   1518.5250072419901
0.03269550797224261   1479.461383624474   1479.357649292503
0.033653991377811755   1440.0510653092217   1439.9588649656534
0.03464057315210884   1400.6221628530852   1400.5439089811794
0.03565607701135116   1361.3910682949058   1361.3291484125677
0.036701350819364466   1322.5550389704217   1322.5117964594142
0.03777726729548091   1284.3199301771158   1284.2974210511738
0.038884724743189276   1246.9118907248153   1246.9115547358952
0.04002464780014597   1210.5344092768685   1210.5571097188476
0.041197988210172884   1175.3600879205042   1175.4061259184725
0.04240572561788674   1141.5073398245618   1141.5762146587003
0.04364886838662332   1109.0670065496117   1109.1574120482335
0.04492845444033957   1078.117421065715   1078.2273205572526
0.04624555213019635   1048.7652023476355   1048.8910662018834
0.04760126112654554   1021.1476790041572   1021.2836964587468
0.04899671333706607   995.387204204809   995.5254760653717
0.05043307385181555   971.4880928326613   971.6192624694781
0.05191154191598653   949.1897434680388   949.3042098449555
0.053433351931179485   928.2129326908688   928.3010219574488
0.05499977448602865   908.310031066288   908.3619297036136
0.05661211741704101   889.2751121580135   889.2807141371903
0.05827172690053434   870.9204502306291   870.8693910360038
0.05997998857658587   853.015151961009   852.8976312018231
0.06173832870592997   835.2661297640341   835.0740154569376
0.0635482153607709   817.3860447767339   817.1132043459945
0.06541115965050462   799.025597818715   798.6697220433031
0.06732871698337338   779.8311849787707   779.3945113442177
0.06930248836510605   759.4688125983447   758.9594776803843
0.07133412173562886   737.6264896509527   737.0599854589462
0.07342531334496233   714.0964077071786   713.4953569571109
0.07557780916945323   688.8395840084672   688.2337104114933
0.07779340636952398   661.9322464889132   661.3561464624903
0.08007395479015682   633.6502932169547   633.1393685635331
0.08242135850536496   604.3618218088407   603.9505723271219
0.08483757740794096   574.579891232546   574.3008798236581
0.08732462884580919   544.8366712946048   544.7175759991433
0.08988458930634863   515.6836576443766   515.7429750902693
0.09251959615009227   487.6587375743092   487.9044349985244
0.09523184939525078   461.278776427756   461.7070732652782
0.09802361355455057   437.03465075148847   437.6244596446825
0.10089721952591899   415.33067431654484   416.0440093805494
0.10385506653859616   396.38783658483834   397.1728537814871
0.10689962415629803   380.2801280318484   381.0741118952506
0.11003343433910281   366.7532893703009   367.4884651621254
0.11325911356578279   355.3882782330526   355.9978611355512
0.11657935501835284   345.52499928880906   345.95724779659355
0.11999693083066039   336.43925238556494   336.6632598728501
0.12351469440289359   327.36731049814404   327.3791143845469
0.12713558278394044   317.61528398601104   317.44497339097876
0.13086261912358757   306.6329924852555   306.3440385009248
0.13469891519660646   294.1107391557991   293.7911462597774
0.13864767400083483   280.05484898247124   279.8081840731456
0.14271219243142114   264.7606462665118   264.69183319480396
0.14689586403346616   248.76775593847168   248.9656713415143
0.1512021818353596   232.78869029833973   233.3113560770224
0.15563474126517718   217.6351831238078   218.49212330812514
0.16019724315257297   204.07674147675763   205.216846774288
0.1648934968186736   192.637414098723   193.95773183691034
0.1697274232565544   183.39586988962185   184.77523265456435
0.17470305840495237   175.99405155298822   177.30561694996624
0.17982455651794954   169.83496720507017   170.98986564806782
0.18509619363343993   164.2241748399806   165.18456667133265
0.19052237114327647   158.41582642038688   159.20863258362866
0.19610761946807834   151.76107404627348   152.4859092944556
0.20185660183976684   144.01042564587758   144.8067049295231
0.20777411819498756   135.44297005461922   136.4425576621131
0.21386510918267082   126.66020512885669   127.94881123949128
0.22013466028907505   118.30582440074137   119.88880754027572
0.22658800608375756   110.94850565270839   112.75469098134863
0.23323053459001789   104.88020314519854   106.78798241543447
0.2400677917834628   99.97216640561274   101.84679945702162
0.24710548622244882   95.77664641125799   97.53651431025071
0.25434949381426813   91.71255004894188   93.35596695329272
0.2618058627210567   87.28493500740905   88.89665522990498
0.2694808184095226   82.37323150726031   84.06742214501608
0.27738076884870827   77.2431371235796   79.10340724838709
0.2855123098601282   72.30023322449253   74.34100402601668
0.29388223062474755   67.91534326805946   70.08165257415054
0.3024975193514008   64.2236819023488   66.40311626980022
0.31136536911138296   61.02772519109144   63.148940945667334
0.3204931838440838   57.99394718801933   60.04909907081338
0.32988858453867975   54.86242394827005   56.906438938214954
0.3395594155970457   51.59661820048973   53.69841269190347
0.34951375138319807   48.39498791436906   50.58505121711547
0.3597599029647371   45.47224855077801   47.720075427531995
0.37030642505191835   42.893878903798225   45.13757346905067
0.3811621231401457   40.55970285809344   42.76390918474757
0.3923360608618501   38.29944077592417   40.477138270178635
0.4038375675538918   36.037532043365275   38.225655934111956
0.41567624604680364   33.8381556679313   36.05525203043738
0.42786198068238046   31.797988369343575   34.02941130123034
0.4404049455663077   29.942772372657128   32.15989773326385
0.4533156130627191   28.20933071620735   30.401193164852877
0.4666047625377753   26.53581064688207   28.714875839675305
0.4802834893595659   24.92066190171868   27.100008827539884
0.49436321416184764   23.405227038908254   25.579814600750304
0.5088556923793517   22.000652194333835   24.15795839154005
0.5237730240626238   20.680491025720375   22.816481567675858
0.5391276639805903   19.420794370192162   21.54090626558472
0.5549324320192869   18.227147425032985   20.33374604846041
0.5712005238854289   17.110009776594453   19.197970799256034
0.5879455221237613   16.06203075800291   18.127888952994105
0.6051814074573895   15.071024093690541   17.115716824054836
0.622922570460556   14.135397392345087   16.159391019720715
0.6411838235736077   13.257150601180957   15.258362499534638
0.6599804134701901   12.43158810652388   14.408560496748155
0.6793280337869897   11.65442595296566   13.606637127299752
0.6992428382266549   10.923357136426185   12.850259162358462
0.7197414540448374   10.235878414533277   12.136942034120972
0.7408409959326054   9.589592896480214   11.46431485935465
0.7625590803058332   8.982218521429461   10.830125702313127
0.7849138400134885   8.411583942974021   10.232236821648582
0.8079239394770964   7.87562444533161   9.668619988003016
0.8316085902740278   7.372377902651997   9.137351884539967
0.8559875671776167   6.89997889236679   8.63660949664211
0.8810812246675007   6.456642632394322   8.164665029525814
0.9069105139239728   6.040672678802166   7.7198822204501045
0.9334970003205227   5.650464814281294   7.300712583621792
0.960862881429187   5.284502568842307   6.905691319711317
0.9890310055537336   4.9413528740744495   6.533433351346944
1.0180248908061487   4.619661900533506   6.182629489948143
1.047868744742366   4.318151072805309   5.85204273538918
1.0785874845736239   4.0356136856955045   5.540504269679856
1.1102067579703248   3.7709124604567807   5.246908745542322
1.1427529644757777   3.5229743186865607   4.970212699148785
1.1762532775476793   3.290786582514636   4.709431879051096
1.210735667245765   3.0733938928633213   4.463638134769208
1.246228923584555   2.8698952611063513   4.231956442145456
1.2827626805706884   2.6794412501305893   4.013562062197962
1.3203674409449337   2.501231279705732   3.807677820769071
1.3590746016495152   2.33451075281321   3.6135689263118467
1.3989164800420282   2.1785683079537987   3.430537715904733
1.4399263408778291   2.032734229892993   3.257927532379429
1.4821384240834183   1.8963782940079044   3.095121248607404
1.525587973344019   1.768907599897598   2.9415389170818274
1.5703112655292182   1.649764511719487   2.7966355537096943
1.6163456409812174   1.5384247008871865   2.659899048811282
1.6637295346910133   1.4343952838557017   2.53084809188142
1.7125025083885144   1.3372129355442424   2.4090259285737035
1.7627052835733923   1.2464422124710748   2.2939980699716354
1.814379775514258   1.161674151228334   2.185357156109582
1.8675691282445197   1.0825247631396246   2.0827216326295894
1.922317750584177   1.0086335947289473   1.985734051502797
1.9786713532176083   0.9396623647124083   1.8940594870280203
2.0366769868582977   0.8752936739222626   1.8073840591188568
2.0963830815323896   0.8152297734581097   1.7254130350605814
2.1578394870138577   0.7591912554132981   1.647862118982829
2.2210975144450407   0.7069160491485516   1.574459498657849
2.286209979177315   0.6581585405999735   1.5049516711885385
2.3532312448676476   0.6126885888037138   1.4391022783599707
2.4222172688678643   0.5702905937606967   1.3766908459198173
2.4932256489445366   0.5307626172627843   1.3175116224382895
2.5663156713684585   0.4939155539055581   1.2613725093765915
2.641548360413907   0.4595723890624072   1.208093468546389
2.7189865293089923   0.42756769748171913   1.1575017999969894
2.798694832679631   0.39774671073210455   1.1094345300891864
2.8807398205309562   0.36996452038720423   1.0637398862062826
2.9651899938111903   0.3440854809829957   1.020276461008803
3.05211586160442   0.31998264733083476   0.9789124334328313
3.1415899999999994   0.29753724362543643   0.9395248534665499
