0.01   233.3369942109052   233.33691795429513
0.010293154462191829   235.68666619851226   235.68658392362255
0.010594902878253955   237.93529069210598   237.9352105198845
0.010905497183778876   240.0754828669901   240.07541108913273
0.011225196699963396   242.09974221378934   242.09968211506967
0.011554268350120923   244.00058909974666   244.00054087266494
0.011892986882540897   245.77059409176337   245.7705554607846
0.012241635099881474   247.40240905312075   247.40237591377516
0.012600504095286909   248.8887998372304   248.8887662502331
0.012969893495426888   250.22238090857854   250.2223405212905
0.013350111710660605   251.39492638709515   251.39487736240667
0.013741476192534558   252.39819211016672   252.3981382684126
0.014144313698828986   253.2241785099624   253.22412898109235
0.01455896056637426   253.86524475769704   253.8652075008058
0.014985762991865008   254.3141422757736   254.3141189713228
0.01542507732090645   254.5640098132075   254.563995672528
0.015877270345534218   254.60810499302642   254.60809096788697
0.016342719610456153   254.4393323035261   254.43931100750862
0.016821813728271667   254.05100000467488   254.0509667116425
0.017314952703931925   253.4370165108587   253.4369688677237
0.017822548268711737   252.5919538749816   252.5918885863643
0.01834502422397195   251.51110161652204   251.51101243071355
0.018882816794999403   250.19051696675513   250.19039474058368
0.019436374995219892   248.62706020232827   248.62689479987694
0.02000616100108813   246.81842590511386   246.81820999625845
0.020592650537967844   244.76321834234727   244.76294784559778
0.021196333277324068   242.4610724292603   242.46074617667463
0.02181771324555934   239.9132337924787   239.91285120462297
0.022457309244835088   237.12223949453355   237.1217994797755
0.02311565528622961   234.09162800290795   234.09112899955684
0.023793301035594242   230.82678106834197   230.82622132485753
0.024490812272480036   227.33541561628053   227.33479360711468
0.025208771362518027   223.62621414715417   223.6255286273376
0.0259477777436476   219.70908551730068   219.70833593392402
0.02670844842659881   215.59735825665823   215.5965471922493
0.027491418510046592   211.30584759482986   211.30498148689438
0.028297341710866907   206.84972546135762   206.84881434784057
0.029126890909937666   202.24699577668784   202.2460557599095
0.029980758713939952   197.51895811549483   197.5180143888214
0.030859658033628758   192.6865813796568   192.68566743984815
0.031764322679055976   187.77130873592444   187.77046421608196
0.03269550797224261   182.79924177275143   182.7985063188661
0.033653991377811755   177.79654135212434   177.79595270402285
0.03464057315210884   172.78767471900787   172.78726857419878
0.03565607701135116   167.7992632848273   167.79907391711737
0.036701350819364466   162.85974653117032   162.8598074290774
0.03777726729548091   157.99487661709352   157.9952203813991
0.038884724743189276   153.22889555024068   153.22955186100484
0.04002464780014597   148.58805888717768   148.58904751775236
0.041197988210172884   144.09644813165878   144.09777848462005
0.04240572561788674   139.77485377501813   139.77652584257802
0.04364886838662332   135.63958961560056   135.64158813869003
0.04492845444033957   131.703239215113   131.70552972286518
0.04624555213019635   127.97637114408641   127.97890222716782
0.04760126112654554   124.46740202178445   124.47010395994872
0.04899671333706607   121.182045231753   121.18482195980874
0.05043307385181555   118.12482479521098   118.12755475764135
0.05191154191598653   115.29569483314872   115.2982343935881
0.053433351931179485   112.66648305695719   112.66867661645121
0.05499977448602865   110.19922000256211   110.20090441340265
0.05661211741704101   107.85944948203954   107.8604560541148
0.05827172690053434   105.61841337533039   105.61857934524778
0.05997998857658587   103.4509048148504   103.4500782592094
0.06173832870592997   101.32973340224642   101.32777584090043
0.0635482153607709   99.2153707348275   99.21216723414297
0.06541115965050462   97.06793137440252   97.06339452652173
0.06732871698337338   94.84314804827324   94.83724851872772
0.06930248836510605   92.4925617373187   92.48535962667663
0.07133412173562886   89.97387071964076   89.96552413973782
0.07342531334496233   87.25346608751127   87.24426024975617
0.07557780916945323   84.30876758176584   84.2991023183059
0.07779340636952398   81.14609988962138   81.13644550652523
0.08007395479015682   77.78698544972073   77.77785215034515
0.08242135850536496   74.27438089571385   74.2662970121542
0.08483757740794096   70.66164832899067   70.65513399313387
0.08732462884580919   67.01501937400545   67.01052450278853
0.08988458930634863   63.40251164545399   63.40038209639962
0.09251959615009227   59.89297206901705   59.89340304438247
0.09523184939525078   56.55135449667928   56.554370106249934
0.09802361355455057   53.443634628445444   53.44904430714332
0.10089721952591899   50.62631612187138   50.633677482682145
0.10385506653859616   48.14583864698341   48.15442917601106
0.10689962415629803   46.020243724336204   46.02914490692044
0.11003343433910281   44.24101357002972   44.24917643617664
0.11325911356578279   42.76608811961719   42.772440908228276
0.11657935501835284   41.52687830075255   41.530425150228176
0.11999693083066039   40.43625944879847   40.43627135057111
0.12351469440289359   39.400485985017006   39.39661591382171
0.12713558278394044   38.32640447825698   38.31876832537845
0.13086261912358757   37.13422091297762   37.123433364167454
0.13469891519660646   35.76582494004022   35.752983767901426
0.13864767400083483   34.200436101097296   34.186967916506504
0.14271219243142114   32.453700100848366   32.4411674956008
0.14689586403346616   30.575242939277334   30.565139994824197
0.1512021818353596   28.640530268620992   28.63409146965024
0.15563474126517718   26.74462893512083   26.74244270062024
0.16019724315257297   24.990075309830797   24.991848823514424
0.1648934968186736   23.465812250945724   23.4703963978547
0.1697274232565544   22.21378656151267   22.219361676614152
0.17470305840495237   21.216381508584295   21.22094163098345
0.17982455651794954   20.41530262444639   20.417103527774767
0.18509619363343993   19.73388865588324   19.731740300821293
0.19052237114327647   19.08471080124352   19.0782469228213
0.19610761946807834   18.37533914565077   18.365418663779046
0.20185660183976684   17.541149794382346   17.529746850862477
0.20777411819498756   16.580866583804973   16.570169294757466
0.21386510918267082   15.547932413074015   15.53973997397194
0.22013466028907505   14.518190218907314   14.513418176236103
0.22658800608375756   13.567757740619218   13.566107890283284
0.23323053459001789   12.755693800232832   12.755635240598926
0.2400677917834628   12.096752501522577   12.09632817120973
0.24710548622244882   11.558335164616468   11.555646676433687
0.25434949381426813   11.07939600883489   11.073600418011381
0.2618058627210567   10.589942993201   10.581561538582099
0.2694808184095226   10.045896257832483   10.036695737313202
0.27738076884870827   9.454695029555499   9.446389285861368
0.2855123098601282   8.855661397833387   8.849398781339627
0.29388223062474755   8.296059597818694   8.29174047512811
0.3024975193514008   7.8122975942404045   7.808556348183205
0.31136536911138296   7.403457912062242   7.398771709022504
0.3204931838440838   7.037658059401367   7.0312524089373385
0.32988858453867975   6.678303178394521   6.670465182597542
0.3395594155970457   6.303331557390554   6.295309411274585
0.34951375138319807   5.920736215269492   5.913555651673442
0.3597599029647371   5.5567086325068225   5.550527692307231
0.37030642505191835   5.229259546062384   5.223383102112523
0.3811621231401457   4.938575889442362   4.932125116528004
0.3923360608618501   4.6685506385601485   4.661259094982473
0.4038375675538918   4.402786905499667   4.395133164732717
0.41567624604680364   4.139409623838443   4.132029667409616
0.42786198068238046   3.8882153536881034   3.881278107882177
0.4404049455663077   3.65739437881509   3.6505469835754045
0.4533156130627191   3.4454153451705523   3.4382598470086
0.4666047625377753   3.244694526531991   3.2372571116672257
0.4802834893595659   3.050501018425467   3.043111899069889
0.49436321416184764   2.865349168029371   2.8581534972499014
0.5088556923793517   2.6925719386410716   2.685444660125076
0.5237730240626238   2.531615371684957   2.524397165511393
0.5391276639805903   2.3792761736574803   2.3720115945264424
0.5549324320192869   2.23424556535299   2.2270771325685943
0.5712005238854289   2.097559939767036   2.0904976798995096
0.5879455221237613   1.969547583634991   1.9625250752838008
0.6051814074573895   1.8490301401403626   1.8420485101130462
0.622922570460556   1.7350675679797651   1.7281822281700123
0.6411838235736077   1.6277515492789056   1.6209789470577822
0.6599804134701901   1.5269622026322103   1.5202867724209033
0.6793280337869897   1.4320921971973704   1.425527371595109
0.6992428382266549   1.3427233369239946   1.3362893436613845
0.7197414540448374   1.2586971974173642   1.2523997859201823
0.7408409959326054   1.1797174824006256   1.1735625715291889
0.7625590803058332   1.1054918156061622   1.0994863105038626
0.7849138400134885   1.0357443153458048   1.0298956856701196
0.8079239394770964   0.970214675635834   0.9645306050051854
0.8316085902740278   0.9086572987471891   0.9031453967861869
0.8559875671776167   0.8508404879380668   0.8455080568079381
0.8810812246675007   0.7965473825645552   0.7914011790532517
0.9069105139239728   0.7455764201395102   0.7406224211113592
0.9334970003205227   0.6977368894471638   0.6929802073680956
0.960862881429187   0.6528479793456834   0.6482928194110069
0.9890310055537336   0.6107383493757472   0.6063879888124711
1.0180248908061487   0.571245712200984   0.5671024981708167
1.047868744742366   0.5342164275636802   0.5302817905311155
1.0785874845736239   0.4995047712758694   0.495779276658532
1.1102067579703248   0.46697212394930143   0.463455566751905
1.1427529644757777   0.4364875355129179   0.4331789719983911
1.1762532775476793   0.4079274913285108   0.4048252671632185
1.210735667245765   0.38117552150601103   0.37827730763752077
1.246228923584555   0.3561218285102536   0.3534246629735772
1.2827626805706884   0.3326629323610513   0.33016326644643207
1.3203674409449337   0.3107013589980485   0.30839505110802257
1.3590746016495152   0.29014537276962094   0.28802757003262525
1.3989164800420282   0.2709085791166338   0.2689737921001297
1.4399263408778291   0.25290961518841504   0.25115183114889034
1.4821384240834183   0.23607187796569135   0.23448466314037056
1.525587973344019   0.2203232654997529   0.21889985718922023
1.5703112655292182   0.2055959307506608   0.20432931991028724
1.6163456409812174   0.19182604216005644   0.19070906288827782
1.6637295346910133   0.1789535444291376   0.1779790044266457
1.7125025083885144   0.16692197035837283   0.166082705976067
1.7627052835733923   0.15567824711317566   0.15496715106397285
1.814379775514258   0.14517250435643742   0.1445825510456158
1.8675691282445197   0.1353578923133454   0.1348821607971948
1.922317750584177   0.12619040932250605   0.12582210392787613
1.9786713532176083   0.11762873564444087   0.11736118022188553
2.0366769868582977   0.10963406593553231   0.10946058578275557
2.0963830815323896   0.10216997749542951   0.10208390594165112
2.1578394870138577   0.09520229821391217   0.09519703819216295
2.2210975144450407   0.08869897438161596   0.08876804965074232
2.286209979177315   0.08262994573451207   0.08276704286331285
2.3532312448676476   0.0769670273883389   0.07716602962442116
2.4222172688678643   0.07168379579443103   0.07193882852502485
2.4932256489445366   0.06675546681442722   0.06706106013681405
2.5663156713684585   0.06215881223112876   0.06250994069993812
2.641548360413907   0.057872076686151346   0.058264114789829916
2.7189865293089923   0.053874887947682554   0.054303570576683786
2.798694832679631   0.05014817230329783   0.0506095601397479
2.8807398205309562   0.0466740748811429   0.047164524082170166
2.9651899938111903   0.043435887307201965   0.04395201760532578
3.05211586160442   0.04041800268351127   0.04095661779454747
3.1415899999999994   0.03760582961251374   0.03816387912165474
