0.01   21818.610689268164   21814.469322333578
0.010293154462191829   21955.990201848734   21951.55101567144
0.010594902878253955   22081.62740079553   22076.87226305023
0.010905497183778876   22194.92281555372   22189.826232651332
0.011225196699963396   22295.288708910466   22289.81768768116
0.011554268350120923   22382.13743238665   22376.25385004586
0.011892986882540897   22454.865128474732   22448.53118902957
0.012241635099881474   22512.883706619443   22506.06286259038
0.012600504095286909   22555.623849145573   22548.28049024796
0.012969893495426888   22582.502775277797   22574.598250279152
0.013350111710660605   22592.94823433436   22584.43900022876
0.013741476192534558   22586.421627943677   22577.25947637045
0.014144313698828986   22562.40009715072   22552.53265945488
0.01455896056637426   22520.368892930772   22509.740313351966
0.014985762991865008   22459.85688527146   22448.408243614707
0.01542507732090645   22380.43659394068   22368.10573968797
0.015877270345534218   22281.698723876805   22268.417607048526
0.016342719610456153   22163.281838588115   22148.976113509947
0.016821813728271667   22024.888394876005   22009.47819023165
0.017314952703931925   21866.28055572993   21849.682079505383
0.017822548268711737   21687.283949880504   21669.411183248507
0.01834502422397195   21487.800078055017   21468.565741362072
0.018882816794999403   21267.815872402254   21247.132108397996
0.019436374995219892   21027.42009215332   21005.19849874128
0.02000616100108813   20766.789166414907   20742.941716391695
0.020592650537967844   20486.189548411443   20460.63022560445
0.021196333277324068   20186.040546718225   20158.69254045415
0.02181771324555934   19866.89082897219   19837.691561886197
0.022457309244835088   19529.368341776928   19498.269995253297
0.02311565528622961   19174.247942094044   19141.221086452937
0.023793301035594242   18802.52851433795   18767.569294177658
0.024490812272480036   18415.28149137941   18378.411649284342
0.025208771362518027   18013.65553148996   17974.922320927002
0.0259477777436476   17599.094025528473   17558.577805918176
0.02670844842659881   17173.168299942   17130.98408236533
0.027491418510046592   16737.439338661472   16693.733409769873
0.028297341710866907   16293.672043681276   16248.623482701407
0.029126890909937666   15843.910513782965   15797.734305181222
0.029980758713939952   15390.123508428811   15343.065569929799
0.030859658033628758   14934.26169046803   14886.592900990581
0.031764322679055976   14478.622773171606   14430.631588591323
0.03269550797224261   14025.460725771647   13977.447428694548
0.033653991377811755   13576.831582942203   13529.10310318104
0.03464057315210884   13134.935938388157   13087.789506392794
0.03565607701135116   12702.078914853686   12655.787727543324
0.036701350819364466   12280.290205115973   12235.103016790978
0.03777726729548091   11871.384830567396   11827.515060632613
0.038884724743189276   11477.11600282968   11434.706570951446
0.04002464780014597   11099.007108015083   11058.130608946458
0.041197988210172884   10738.335143916538   10698.997976588762
0.04240572561788674   10396.205847108358   10358.30031761593
0.04364886838662332   10073.561012488093   10036.840890295769
0.04492845444033957   9771.167917798948   9735.264643100274
0.04624555213019635   9489.156801029514   9453.588716369626
0.04760126112654554   9226.528186856476   9190.7018481059
0.04899671333706607   8982.217612594408   8945.437247235204
0.05043307385181555   8754.967761998008   8716.462443349228
0.05191154191598653   8542.161413302907   8501.187687984235
0.053433351931179485   8340.936013979936   8296.807682410423
0.05499977448602865   8148.673584601694   8100.765234104378
0.05661211741704101   7962.956132857522   7910.735293436431
0.05827172690053434   7781.560723015718   7724.596782699123
0.05997998857658587   7601.970836868531   7540.011410640357
0.06173832870592997   7420.575714718515   7353.754905522387
0.0635482153607709   7233.865822336554   7162.72876657319
0.06541115965050462   7038.191860738453   6963.868573511727
0.06732871698337338   6829.946228755534   6754.262935425944
0.06930248836510605   6606.478681993716   6531.899410248279
0.07133412173562886   6366.631358588677   6296.211756570882
0.07342531334496233   6110.377306977584   6047.600957915524
0.07557780916945323   5840.302439985777   5788.832360828428
0.07779340636952398   5559.869113606051   5523.332327584644
0.08007395479015682   5273.551166629479   5255.160836296375
0.08242135850536496   4986.032211299664   4988.413961166922
0.08483757740794096   4702.585787727385   4727.577482908364
0.08732462884580919   4428.265200258506   4476.824332663958
0.08988458930634863   4168.132140707215   4240.001671112442
0.09251959615009227   3926.85869078113   4020.5614109018143
0.09523184939525078   3709.0084629468884   3821.7839810412925
0.09802361355455057   3517.5427767763954   3645.278504588704
0.10089721952591899   3354.0420480126054   3491.281794573264
0.10385506653859616   3217.2618651258813   3358.207395325834
0.10689962415629803   3103.7724491138174   3243.0087121999495
0.11003343433910281   3008.122391387164   3141.124009917386
0.11325911356578279   2923.6786507169213   3047.190483884621
0.11657935501835284   2843.340878764752   2956.0122054606745
0.11999693083066039   2760.3091539125307   2863.0262473136254
0.12351469440289359   2668.6717024364434   2764.827527121726
0.12713558278394044   2564.5085258353606   2659.363599753931
0.13086261912358757   2446.321490977665   2546.1438191586394
0.13469891519660646   2315.591740225456   2426.839343998537
0.13864767400083483   2175.9414396496577   2304.4528519595074
0.14271219243142114   2032.7058417241346   2182.7181523816616
0.14689586403346616   1892.7654330699593   2065.4911800652085
0.1512021818353596   1763.7412361061138   1957.0649279410209
0.15563474126517718   1651.8810316708682   1860.4040674545136
0.16019724315257297   1559.9895712746156   1776.0140899480366
0.1648934968186736   1486.4067342181859   1702.774843595977
0.1697274232565544   1426.832190359498   1637.2878938399583
0.17470305840495237   1376.0611721025964   1576.6895418894912
0.17982455651794954   1327.9065676520977   1518.1047841826517
0.18509619363343993   1275.7228852472676   1458.703056349482
0.19052237114327647   1215.0813296911704   1396.835622741638
0.19610761946807834   1146.1364754548856   1333.186879328109
0.20185660183976684   1072.6989367759895   1270.1502346650018
0.20777411819498756   999.7604101693471   1209.176960823481
0.21386510918267082   932.4565308887934   1152.25958629068
0.22013466028907505   874.7561838318684   1100.5834731993702
0.22658800608375756   827.5231706499509   1053.514429665247
0.23323053459001789   788.5685703560148   1010.2926611731049
0.2400677917834628   753.8809906119473   969.3615877318465
0.24710548622244882   718.7478492747304   929.58377809762
0.25434949381426813   680.333703065343   889.9567315289202
0.2618058627210567   639.2257520020495   851.5318136783436
0.2694808184095226   597.8360226507762   814.4294344779579
0.27738076884870827   559.1410072270635   779.2302747251682
0.2855123098601282   525.4781683733538   746.4321766798664
0.29388223062474755   496.7140129916818   715.7470475152862
0.3024975193514008   470.87580331374227   686.6668399811623
0.31136536911138296   445.72385744975264   658.6797304278186
0.3204931838440838   419.85297232200315   631.8765803915793
0.32988858453867975   393.7617830421736   605.9731091796111
0.3395594155970457   368.9939529201604   581.3708174688685
0.34951375138319807   346.5761185803057   558.1299103318478
0.3597599029647371   326.52867631245607   536.1070215263512
0.37030642505191835   307.90728498968076   515.1467012543973
0.3811621231401457   289.7544124350811   495.1134715967667
0.3923360608618501   271.9554630307791   475.94391965117313
0.4038375675538918   255.03265826904146   457.65786844148494
0.41567624604680364   239.4303755189076   440.30832705495675
0.42786198068238046   225.04513501225688   423.8095176291608
0.4404049455663077   211.4742450223315   408.07481802846866
0.4533156130627191   198.44115307188707   393.0451511998686
0.4666047625377753   186.07169456431632   378.7110938477035
0.4802834893595659   174.5194789782607   365.0523487732911
0.49436321416184764   163.7478643604597   352.0477536823783
0.5088556923793517   153.5861021645909   339.6263375344175
0.5237730240626238   143.95846581690105   327.75555294407815
0.5391276639805903   134.90323920056736   316.4294009226457
0.5549324320192869   126.42456973340325   305.62062648038176
0.5712005238854289   118.45858834838899   295.29308217469446
0.5879455221237613   110.950967101873   285.4162068849531
0.6051814074573895   103.8955667735607   275.96847010318754
0.622922570460556   97.27931244635562   266.9404538658646
0.6411838235736077   91.06322946866833   258.29080946668415
0.6599804134701901   85.22328936437509   250.00257016214667
0.6793280337869897   79.74239178246667   242.06206105594597
0.6992428382266549   74.60070161339507   234.4475152701183
0.7197414540448374   69.77811850396704   227.1396048572171
0.7408409959326054   65.25558526834948   220.12038653689018
0.7625590803058332   61.01514070608958   213.37310744774197
0.7849138400134885   57.039858759543144   206.88211959126298
0.8079239394770964   53.313790946934844   200.6328013111372
0.8316085902740278   49.82191220073291   194.61148349384612
0.8559875671776167   46.55013805166942   188.8049844203521
0.8810812246675007   43.485337119822766   183.2001023841502
0.9069105139239728   40.61511963205255   177.78443437277252
0.9334970003205227   37.927778019386935   172.54644805706812
0.960862881429187   35.41225421125576   167.47542207246582
0.9890310055537336   33.05810810623254   162.5613913756206
1.0180248908061487   30.855487207814996   157.79509717911057
1.047868744742366   28.795082511804175   153.1678345604689
1.0785874845736239   26.86807147859848   148.67117365156687
1.1102067579703248   25.066141530681268   144.29724334712384
1.1427529644757777   23.381473717081786   140.03877499923786
1.1762532775476793   21.806715194742   135.88906576558605
1.210735667245765   20.33495311484841   131.841944846479
1.246228923584555   18.959689851528502   127.8917423031566
1.2827626805706884   17.67482107126628   124.0332956485679
1.3203674409449337   16.47461906893119   120.26206274845137
1.3590746016495152   15.353704389658448   116.5739520782389
1.3989164800420282   14.30702332189544   112.96523711972242
1.4399263408778291   13.329829426547974   109.43253594563639
1.4821384240834183   12.417666018933435   105.97279193351744
1.525587973344019   11.566349560238189   102.58325543961492
1.5703112655292182   10.771953544128664   99.26152996585064
1.6163456409812174   10.030791255506696   96.00598003561201
1.6637295346910133   9.33940395444703   92.81538479875668
1.7125025083885144   8.694548973214358   89.6886642359888
1.7627052835733923   8.09318689832522   86.62486741696598
1.814379775514258   7.532469453019691   83.62316265816898
1.8675691282445197   7.009728054745089   80.68282789887454
1.922317750584177   6.522462975801166   77.80328419305702
1.9786713532176083   6.068332737753997   74.98457925260053
2.0366769868582977   5.645144781432961   72.2271241185429
2.0963830815323896   5.250846754388487   69.53127453998356
2.1578394870138577   4.8835179337066945   66.89732164461985
2.2210975144450407   4.541361137418434   64.32549132493418
2.286209979177315   4.222695105780814   61.815943816053625
2.3532312448676476   3.925947298333132   59.36878625513309
2.4222172688678643   3.649646547726917   56.984346001593146
2.4932256489445366   3.392416917689724   54.663115371326576
2.5663156713684585   3.1529724258673535   52.40544134989406
2.641548360413907   2.9301113939283123   50.211518769423044
2.7189865293089923   2.7227111084315236   48.081397672508515
2.798694832679631   2.5297228055409797   46.014990790928856
2.8807398205309562   2.350166980376489   44.01208504386202
2.9651899938111903   2.183129856014495   42.07253650271403
3.05211586160442   2.0277592947381056   40.19631877812794
3.1415899999999994   1.8832594475001594   38.38323840740413
