0.01   8809.383800799083   8808.750061840332
0.010293154462191829   8905.945403750236   8905.272564517096
0.010594902878253955   8998.820371194355   8998.10509020897
0.010905497183778876   9087.714197870311   9086.953248564772
0.011225196699963396   9172.3298409552   9171.520064372378
0.011554268350120923   9252.358295413324   9251.496040375245
0.011892986882540897   9327.484994946957   9326.565815507938
0.012241635099881474   9397.396836573425   9396.41548545744
0.012600504095286909   9461.771912469287   9460.722589841493
0.012969893495426888   9520.272739481607   9519.149521816807
0.013350111710660605   9572.565282968431   9571.362188444164
0.013741476192534558   9618.319422215927   9617.03033248597
0.014144313698828986   9657.195158008544   9655.813205297161
0.01455896056637426   9688.856057615181   9687.373412246498
0.014985762991865008   9712.97773412519   9711.385633319609
0.01542507732090645   9729.235423592298   9727.524140675569
0.015877270345534218   9737.303063362087   9735.461873674507
0.016342719610456153   9736.87276587237   9734.890007764243
0.016821813728271667   9727.65427222802   9725.517285103226
0.017314952703931925   9709.364483302945   9707.059118690175
0.017822548268711737   9681.742987117948   9679.253575437853
0.01834502422397195   9644.558874744765   9641.868343248978
0.018882816794999403   9597.60722489006   9594.69685140398
0.019436374995219892   9540.712617886375   9537.561868568027
0.02000616100108813   9473.737276628259   9470.324025881673
0.020592650537967844   9396.587023175081   9392.888223473034
0.021196333277324068   9309.219646086794   9305.212771457645
0.02181771324555934   9211.638422827677   9207.301918959118
0.022457309244835088   9103.895037041326   9099.208620903977
0.02311565528622961   8986.123575760803   8981.069177375024
0.023793301035594242   8858.526021734422   8853.08841196902
0.024490812272480036   8721.348843876543   8715.515786872093
0.025208771362518027   8574.922567509055   8568.686514224495
0.0259477777436476   8419.699367710082   8413.060602276351
0.02670844842659881   8256.172997624144   8249.139670294975
0.027491418510046592   8084.884202227246   8077.472230046859
0.028297341710866907   7906.537140017478   7898.772293015945
0.029126890909937666   7721.906266990219   7713.824448860018
0.029980758713939952   7531.765790222366   7523.411967213377
0.030859658033628758   7337.0130811207155   7328.441549982436
0.031764322679055976   7138.708024626924   7129.983084220308
0.03269550797224261   6937.8730371422735   6929.067492534566
0.033653991377811755   6735.520109280849   6726.713511331319
0.03464057315210884   6532.837498482626   6524.1139895307915
0.03565607701135116   6330.990475778196   6322.437169493597
0.036701350819364466   6131.0433837348555   6122.748871725529
0.03777726729548091   5934.19528672317   5926.2429437002265
0.038884724743189276   5741.7616521556465   5734.223636113289
0.04002464780014597   5554.903195747261   5547.841001817831
0.041197988210172884   5374.586323608794   5368.048640279267
0.04240572561788674   5201.509030239674   5195.52212927549
0.04364886838662332   5036.2301055322605   5030.798229199755
0.04492845444033957   4879.24268374475   4874.349229381883
0.04624555213019635   4731.396500319844   4726.9809698782765
0.04760126112654554   4593.7546426788285   4589.698472194241
0.04899671333706607   4467.239084463118   4463.372053152413
0.05043307385181555   4351.921402618583   4348.035506847394
0.05191154191598653   4246.6162220439455   4242.483170501956
0.053433351931179485   4150.133633635881   4145.507005012504
0.05499977448602865   4061.3900012212903   4056.002880997666
0.05661211741704101   3979.3888844804274   3972.949588565972
0.05827172690053434   3903.1971468750617   3895.3910824500076
0.05997998857658587   3831.5526475295687   3822.0693591970817
0.06173832870592997   3762.901363666805   3751.459832633563
0.0635482153607709   3695.6600691163985   3682.0231226444694
0.06541115965050462   3627.794164229436   3611.829464545682
0.06732871698337338   3557.2390518717352   3538.938932981937
0.06930248836510605   3481.7866479897657   3461.3311667731214
0.07133412173562886   3399.189073088926   3376.991916337165
0.07342531334496233   3307.646044134281   3284.3523027049405
0.07557780916945323   3205.939107115105   3182.419124511699
0.07779340636952398   3093.5392470255188   3070.851609785392
0.08007395479015682   2970.903324655424   2950.2492304397647
0.08242135850536496   2839.241907393822   2821.903714072702
0.08483757740794096   2700.723893217236   2688.0003199395746
0.08732462884580919   2557.953366743334   2551.04547854033
0.08988458930634863   2413.8927164371416   2413.7940335719545
0.09251959615009227   2271.7156788913767   2279.153361814013
0.09523184939525078   2134.6267832746375   2150.005457479588
0.09802361355455057   2006.0449583317006   2029.2582165501929
0.10089721952591899   1888.889627988183   1919.3433060191328
0.10385506653859616   1785.6285464590558   1822.158863779535
0.10689962415629803   1697.8829749864833   1738.8648691964625
0.11003343433910281   1625.7958215092588   1669.290331150876
0.11325911356578279   1568.4387598113196   1612.3637131011203
0.11657935501835284   1523.4137329451503   1565.7807981486797
0.11999693083066039   1487.4673823955172   1526.5945556592683
0.12351469440289359   1456.6451227062093   1491.3764260389873
0.12713558278394044   1426.5931893666846   1456.5523967343731
0.13086261912358757   1393.0840278867536   1418.8216339994924
0.13469891519660646   1352.4458601338285   1375.4860182340178
0.13864767400083483   1302.344743637509   1324.9688345412142
0.14271219243142114   1242.1101075763968   1267.11969561516
0.14689586403346616   1172.871417079468   1203.232675333217
0.1512021818353596   1097.461742213871   1135.7307185844363
0.15563474126517718   1020.2006192972191   1067.9451412446494
0.16019724315257297   946.2810483319164   1003.5432889361134
0.1648934968186736   880.6167406592178   945.9412489430869
0.1697274232565544   826.4581737682603   897.2556040095567
0.17470305840495237   784.56166113987   857.1906694792009
0.17982455651794954   753.5520969303388   824.7923787345849
0.18509619363343993   730.6368578020883   797.7732068151059
0.19052237114327647   711.7878010900587   773.3308064079704
0.19610761946807834   692.0520820819103   748.3660622814742
0.20185660183976684   667.049023694613   720.2780797540097
0.20777411819498756   634.8680046621712   688.2711529739682
0.21386510918267082   596.5434838393783   653.7952940116838
0.22013466028907505   555.0684095146647   618.2898686855195
0.22658800608375756   514.6292634199298   584.2429788708284
0.23323053459001789   479.29773454180804   553.7301518471168
0.2400677917834628   451.3692018064412   527.679000609106
0.24710548622244882   430.64040561535535   505.72238219688296
0.25434949381426813   414.7575698456093   486.3189319100553
0.2618058627210567   399.9439271692799   467.67751937872015
0.2694808184095226   382.7542815711247   448.354245928338
0.27738076884870827   361.9290891721121   427.8299178018037
0.2855123098601282   338.51353712246475   407.06352270173636
0.29388223062474755   315.099681502773   386.9720249624311
0.3024975193514008   294.57002418708083   368.5683932915826
0.31136536911138296   278.2019815147457   352.26982384607817
0.3204931838440838   265.14717155295233   337.3225957447795
0.32988858453867975   253.29135199765196   323.3114495406446
0.3395594155970457   240.51927876467326   309.3197967846525
0.34951375138319807   226.24198003364225   295.39854131753475
0.3597599029647371   211.59094241609853   281.9099847712791
0.37030642505191835   198.17246049768943   269.248534652108
0.3811621231401457   186.85934874308464   257.53046427503955
0.3923360608618501   177.16276356424288   246.60334567821326
0.4038375675538918   167.83188276273015   236.13317200418896
0.41567624604680364   158.09964082173346   225.95698519689086
0.42786198068238046   148.25415682909937   216.16715944326427
0.4404049455663077   139.10105714484854   206.91304559338522
0.4533156130627191   131.0371791702114   198.18744330610247
0.4666047625377753   123.71065316495235   189.9313482446939
0.4802834893595659   116.54417342953725   182.04311060899212
0.49436321416184764   109.4398492968436   174.4631856911003
0.5088556923793517   102.72281121676653   167.25798258740195
0.5237730240626238   96.60924926012761   160.4487983098017
0.5391276639805903   90.9357297454491   153.97458436498096
0.5549324320192869   85.46660552790068   147.79333409759215
0.5712005238854289   80.2179756964674   141.8893248227304
0.5879455221237613   75.32400848595334   136.28119778257354
0.6051814074573895   70.77581678514935   130.9562803862983
0.622922570460556   66.46153526210506   125.87308940487195
0.6411838235736077   62.360632342412075   121.01822690308848
0.6599804134701901   58.516416906581526   116.40776853111765
0.6793280337869897   54.9149209640911   112.01932919696968
0.6992428382266549   51.51971673046116   107.83193258971734
0.7197414540448374   48.32085779608389   103.83574445804524
0.7408409959326054   45.30888506137526   100.0215225522563
0.7625590803058332   42.474589747380435   96.38049370667704
0.7849138400134885   39.80902981762592   92.90432971915338
0.8079239394770964   37.30354314648724   89.58512447260537
0.8316085902740278   34.94971765158996   86.41529432178461
0.8559875671776167   32.73900113296873   83.38674902904488
0.8810812246675007   30.662990229795593   80.49132321672387
0.9069105139239728   28.713755815091865   77.72138144044455
0.9334970003205227   26.88382202138968   75.06978982318189
0.960862881429187   25.166140867924135   72.52987975472037
0.9890310055537336   23.554068294549158   70.09541450240104
1.0180248908061487   22.04134521705202   67.7605462486258
1.047868744742366   20.622130786446878   65.51959869384893
1.0785874845736239   19.290954383777414   63.3671053554153
1.1102067579703248   18.042641692230198   61.29796443466433
1.1427529644757777   16.872299057427078   59.307417748182885
1.1762532775476793   15.775300118348365   57.39102617957985
1.210735667245765   14.747272930629547   55.544647136700924
1.246228923584555   13.784087116569788   53.764407498635
1.2827626805706884   12.881831298800108   52.04653113001045
1.3203674409449337   12.036804560537771   50.387335574691754
1.3590746016495152   11.245518678508832   48.783394139824956
1.3989164800420282   10.504687346057889   47.2315266133859
1.4399263408778291   9.811215272488136   45.728782461291324
1.4821384240834183   9.162187814216216   44.272425394557565
1.525587973344019   8.554861132574697   42.8599187879537
1.5703112655292182   7.986653489126815   41.48889663012085
1.6163456409812174   7.455136352162185   40.15714821824496
1.6637295346910133   6.958024919215045   38.862629879133564
1.7125025083885144   6.493170080160372   37.60345602120708
1.7627052835733923   6.0585508593494755   36.37788922577209
1.814379775514258   5.652267241507821   35.18433103139722
1.8675691282445197   5.272533362014564   34.02131406069425
1.922317750584177   4.917670843574846   32.8875532926273
1.9786713532176083   4.586102597355563   31.78197237576293
2.0366769868582977   4.276347417125663   30.703591115019
2.0963830815323896   3.9870145009097344   29.651508705826387
2.1578394870138577   3.716798223945079   28.624898685136504
2.2210975144450407   3.464473192022907   27.623004118604392
2.286209979177315   3.228889559568078   26.645133247134254
2.3532312448676476   3.008968131861268   25.690709138303202
2.4222172688678643   2.803695780467595   24.759322168457317
2.4932256489445366   2.6121226177056083   23.85060586880377
2.5663156713684585   2.4333583606407823   22.96421636368258
2.641548360413907   2.2665687404142845   22.09983020962189
2.7189865293089923   2.110972116878007   21.25714231481315
2.798694832679631   1.9658362880103377   20.43586400261067
2.8807398205309562   1.8304759937223358   19.63580252039562
2.9651899938111903   1.7042508429391723   18.85699696633407
3.05211586160442   1.5865611089989697   18.099488976624215
3.1415899999999994   1.4768449937731118   17.36327661982782
