0.01   923.6831353865674   923.653929472957
0.010293154462191829   929.0401073509072   929.0106142804876
0.010594902878253955   933.8333415780917   933.8035870244901
0.010905497183778876   938.034032229606   938.0040631705477
0.011225196699963396   941.6126304145224   941.5825020891807
0.011554268350120923   944.540339662657   944.5101143371851
0.011892986882540897   946.7890753150133   946.758817703651
0.012241635099881474   948.3298965257636   948.2996464369907
0.012600504095286909   949.1344750879608   949.1042368729316
0.012969893495426888   949.1760248006437   949.1457680091788
0.013350111710660605   948.4276386740239   948.3973303276872
0.013741476192534558   946.861924517677   946.8315712089459
0.014144313698828986   944.4535786571378   944.4232292093214
0.01455896056637426   941.1792670807242   941.1490006640477
0.014985762991865008   937.0158443348743   936.9857147531167
0.01542507732090645   931.9424238810917   931.912443128001
0.015877270345534218   925.9413656057447   925.9115055134024
0.016342719610456153   918.9971872835177   918.9674022363083
0.016821813728271667   911.0967501675339   911.0670009631203
0.017314952703931925   902.2309581617034   902.2012133465668
0.017822548268711737   892.3947671269649   892.3650010413958
0.01834502422397195   881.5865669837603   881.5567519302299
0.018882816794999403   869.809272829946   869.7793776879762
0.019436374995219892   857.0708334919722   857.0408243901633
0.02000616100108813   843.3854765117932   843.3553172334401
0.020592650537967844   828.7735626503294   828.7432151467675
0.021196333277324068   813.2605358040174   813.229961056245
0.02181771324555934   796.8785497001701   796.8477132331279
0.022457309244835088   779.669755831186   779.6386423960878
0.02311565528622961   761.6814904563121   761.6501058778001
0.023793301035594242   742.9656277699089   742.9339984159191
0.024490812272480036   723.5867019337675   723.554883827028
0.025208771362518027   703.6179725219552   703.5860559666603
0.0259477777436476   683.1338835575099   683.1019891821122
0.02670844842659881   662.2165337225948   662.1848256347072
0.027491418510046592   640.9646828048645   640.9334049177696
0.028297341710866907   619.4760535199774   619.4455232717498
0.029126890909937666   597.8460697119032   597.816662714791
0.029980758713939952   576.1880180943026   576.1601384451187
0.030859658033628758   554.6195468540578   554.5936073778286
0.031764322679055976   533.2471768732852   533.2235911551846
0.03269550797224261   512.1799675232908   512.1591435519823
0.033653991377811755   491.54118584995564   491.5235214784533
0.03464057315210884   471.4397969507339   471.42567603770567
0.03565607701135116   451.97112454338344   451.96090692583255
0.036701350819364466   433.2421939479976   433.2361563666333
0.03777726729548091   415.3535773412722   415.35189765120833
0.038884724743189276   398.38591112301805   398.38868481024844
0.04002464780014597   382.402996876822   382.4102054097732
0.041197988210172884   367.4547059721678   367.46616131376567
0.04240572561788674   353.57829616800774   353.5936655920804
0.04364886838662332   340.80155144928915   340.82035646460105
0.04492845444033957   329.14886758069156   329.1703262631168
0.04624555213019635   318.64050242532306   318.6635010086934
0.04760126112654554   309.2882055299269   309.3113437394964
0.04899671333706607   301.0092226438288   301.030961823741
0.05043307385181555   293.6485904367566   293.6673633304012
0.05191154191598653   287.06586482249037   287.0800643517454
0.053433351931179485   281.1432511975876   281.1511601344075
0.05499977448602865   275.78169507677256   275.7814282389032
0.05661211741704101   270.88231307228386   270.8718528098144
0.05827172690053434   266.281511709968   266.2589971707504
0.05997998857658587   261.7908275343598   261.7547041640088
0.06173832870592997   257.20994514494305   257.1591068529403
0.0635482153607709   252.29888880226514   252.23298416333043
0.06541115965050462   246.83051323534488   246.75004136781
0.06732871698337338   240.6031648236269   240.50977041314655
0.06930248836510605   233.44912207884406   233.34565859752024
0.07133412173562886   225.28815262270356   225.17857882459856
0.07342531334496233   216.11854278449266   216.0077247694538
0.07557780916945323   206.02999639322812   205.92329255656546
0.07779340636952398   195.19333916988697   195.09617940130286
0.08007395479015682   183.8137278162761   183.73158787224492
0.08242135850536496   172.12020768667654   172.0584918273092
0.08483757740794096   160.3966419054327   160.35968708130744
0.08732462884580919   148.944959542316   148.93547502613418
0.08988458930634863   138.0866413728915   138.10540271875246
0.09251959615009227   128.11701234222122   128.1625951193681
0.09523184939525078   119.31051354518019   119.37864579911461
0.09802361355455057   111.84253805284038   111.92665157945997
0.10089721952591899   105.78294448643433   105.87424237891726
0.10385506653859616   101.09948743426916   101.18781009195453
0.10689962415629803   97.63820639605458   97.71290776416191
0.11003343433910281   95.17118818245477   95.22216510008869
0.11325911356578279   93.40168538341993   93.42047319985488
0.11657935501835284   91.97595225781406   91.95695606319129
0.11999693083066039   90.51925778305343   90.46091049768019
0.12351469440289359   88.66398694777342   88.56996441401486
0.12713558278394044   86.11980563866338   85.99902503750756
0.13086261912358757   82.70634831305485   82.57217388224358
0.13469891519660646   78.38730325536464   78.25591964426775
0.13864767400083483   73.28265218764867   73.17087041924654
0.14271219243142114   67.68066716831315   67.60297280668165
0.14689586403346616   62.01066970671108   61.9757116015604
0.1512021818353596   56.75194702987466   56.759214494368955
0.15563474126517718   52.26934251010316   52.310352729719426
0.16019724315257297   48.739263817590924   48.79876560803865
0.1648934968186736   46.1703026496753   46.2295616601367
0.1697274232565544   44.45099082404908   44.491375201165084
0.17470305840495237   43.34787606776142   43.353379405502125
0.17982455651794954   42.48082193420359   42.444001610745836
0.18509619363343993   41.426923430573076   41.35172329956949
0.19052237114327647   39.89191941500525   39.79262506190187
0.19610761946807834   37.783571845424134   37.68100732945851
0.20185660183976684   35.193081048307214   35.10993262934558
0.20777411819498756   32.38239765227257   32.33252792927643
0.21386510918267082   29.709368674509427   29.695021793825646
0.22013466028907505   27.468450465388106   27.479588000396962
0.22658800608375756   25.79596593402472   25.812379257578176
0.23323053459001789   24.65207604910924   24.65409629331047
0.2400677917834628   23.817584858638295   23.79107433627176
0.24710548622244882   22.995841654500055   22.94045830597945
0.25434949381426813   21.971864305443223   21.900064911252286
0.2618058627210567   20.67170615568596   20.60271703364401
0.2694808184095226   19.185743795196068   19.135525260924545
0.27738076884870827   17.734315682911653   17.70702902223043
0.2855123098601282   16.50878079406113   16.49570395232914
0.29388223062474755   15.570475093399313   15.555579128529486
0.3024975193514008   14.847235245214549   14.8178502087054
0.31136536911138296   14.175004407675782   14.128652591058168
0.3204931838440838   13.419312384396493   13.366539151965037
0.32988858453867975   12.565111133432172   12.51810892501952
0.3395594155970457   11.694169966326251   11.659573960502401
0.34951375138319807   10.91615319337797   10.890403148296015
0.3597599029647371   10.2771943573754   10.25049725118893
0.37030642505191835   9.730941612845156   9.69634475743232
0.3811621231401457   9.1962059076563   9.155712301980117
0.3923360608618501   8.63350987688002   8.59454432506982
0.4038375675538918   8.067884429257466   8.034986299723593
0.41567624604680364   7.550279748571035   7.521702084829657
0.42786198068238046   7.099047493050881   7.069749170770804
0.4404049455663077   6.6870090271908085   6.654783311662524
0.4533156130627191   6.282071910513058   6.249630770829132
0.4666047625377753   5.882408973557328   5.85284849414467
0.4802834893595659   5.50823360527789   5.4813027291450656
0.49436321416184764   5.169307939794299   5.1427305667765815
0.5088556923793517   4.854024888299365   4.827082862366516
0.5237730240626238   4.55038416368894   4.524418689054222
0.5391276639805903   4.26087394224359   4.236835884084968
0.5549324320192869   3.992201757300506   3.969378747862898
0.5712005238854289   3.742526856577899   3.720260134558082
0.5879455221237613   3.506228557198153   3.484946339574094
0.6051814074573895   3.2823883951970565   3.2625574739646344
0.622922570460556   3.073478021822014   3.0548056681456037
0.6411838235736077   2.8778930250737695   2.860196846746765
0.6599804134701901   2.6941779342930765   2.677498296252327
0.6793280337869897   2.5215234987036457   2.50594276270668
0.6992428382266549   2.359355112040017   2.3449257035947286
0.7197414540448374   2.2071189771575566   2.193867821116289
0.7408409959326054   2.064281446159395   2.0522142334961306
0.7625590803058332   1.9303292750288228   1.9194342246023344
0.7849138400134885   1.8047697414132078   1.7950209012418599
0.8079239394770964   1.6871297004848151   1.6784900982888524
0.8316085902740278   1.5769388301428462   1.5693679797352376
0.8559875671776167   1.473736361586733   1.4671954323654086
0.8810812246675007   1.3770890367304023   1.3715405132591967
0.9069105139239728   1.2865901057493794   1.2819973578063966
0.9334970003205227   1.2018577074991568   1.1981846596414722
0.960862881429187   1.122533349975752   1.1197442354068088
0.9890310055537336   1.048280504730751   1.046339681797134
1.0180248908061487   0.9787852416272486   0.9776562612160449
1.047868744742366   0.9137559320291613   0.9134002659548109
1.0785874845736239   0.8529180970025082   0.8532955388066413
1.1102067579703248   0.7960130742407664   0.7970822642570532
1.1427529644757777   0.7427971921104508   0.7445160796415462
1.1762532775476793   0.6930409800422535   0.6953672279951449
1.210735667245765   0.6465284142085509   0.6494197512001646
1.246228923584555   0.6030559828907256   0.606470580409749
1.2827626805706884   0.5624314728685085   0.5663284565994847
1.3203674409449337   0.524474133657518   0.5288137750800482
1.3590746016495152   0.4890142459632751   0.4937580533389812
1.3989164800420282   0.45589248106628133   0.461003274839864
1.4399263408778291   0.4249592950472378   0.4304012688052203
1.4821384240834183   0.3960743561253332   0.4018131242328218
1.525587973344019   0.3691060131603279   0.3751086733111441
1.5703112655292182   0.34393085413867047   0.35016623483415077
1.6163456409812174   0.3204331598656541   0.32687188256587524
1.6637295346910133   0.2985044004152408   0.3051187995009161
1.7125025083885144   0.2780428096414468   0.28480685742293926
1.7627052835733923   0.2589529836585785   0.2658422206908765
1.814379775514258   0.24114550164023485   0.2481369714545742
1.8675691282445197   0.22453656725562718   0.23160875425479777
1.922317750584177   0.20904765802692118   0.21618041660492207
1.9786713532176083   0.1946052102445736   0.20177969960311012
2.0366769868582977   0.18114033409729358   0.18833896979323292
2.0963830815323896   0.16858852968535012   0.17579493672385624
2.1578394870138577   0.15688941863566266   0.1640883852374955
2.2210975144450407   0.1459864912567544   0.15316392321876712
2.286209979177315   0.13582686829075857   0.14296974489611547
2.3532312448676476   0.126361058080798   0.13345756163372607
2.4222172688678643   0.11754273168261847   0.1245825092388998
2.4932256489445366   0.10932856706723743   0.11630259676469461
2.5663156713684585   0.10167806552484313   0.10857849161107523
2.641548360413907   0.09455337341397826   0.10137336347371452
2.7189865293089923   0.08791911473444472   0.09465273621828602
2.798694832679631   0.08174223389827173   0.08838434739897907
2.8807398205309562   0.075991860084161   0.08253796493718517
2.9651899938111903   0.07063920552952718   0.07708510464162843
3.05211586160442   0.06565738332344818   0.07199912648508933
3.1415899999999994   0.06102127019437731   0.06725518617349831
