0.01   7507.384845440284   7506.511815966571
0.010293154462191829   7606.320021915232   7605.3789346687445
0.010594902878253955   7702.964387134291   7701.9491661108705
0.010905497183778876   7797.091103677883   7795.995743204183
0.011225196699963396   7888.458642410877   7887.276482805485
0.011554268350120923   7976.820175951773   7975.5437486932
0.011892986882540897   8061.925844826004   8060.546861721472
0.012241635099881474   8143.515755565394   8142.025080620305
0.012600504095286909   8221.32300449751   8219.710637938537
0.012969893495426888   8295.080150187725   8293.335234577331
0.013350111710660605   8364.514010674253   8362.624812263362
0.013741476192534558   8429.338400922992   8427.292256994473
0.014144313698828986   8489.267369702427   8487.050705054871
0.01455896056637426   8544.017147590846   8541.61547858444
0.014985762991865008   8593.297450441345   8590.695158368608
0.01542507732090645   8636.818170665509   8633.998412010567
0.015877270345534218   8674.296504850818   8671.24126462872
0.016342719610456153   8705.45130077982   8702.1410737062
0.016821813728271667   8729.999730088475   8726.412953553934
0.017314952703931925   8747.670118882617   8743.783210401944
0.017822548268711737   8758.20365190976   8753.99113194604
0.01834502422397195   8761.349620835785   8756.784262677827
0.018882816794999403   8756.872346649076   8751.925351716574
0.019436374995219892   8744.556140137842   8739.197330738052
0.02000616100108813   8724.208143472488   8718.405924011357
0.020592650537967844   8695.660428216777   8689.38171569884
0.021196333277324068   8658.770767745149   8651.981257766658
0.02181771324555934   8613.428555792982   8606.093202257664
0.022457309244835088   8559.57009290784   8551.654143417374
0.02311565528622961   8497.166272197177   8488.635784406815
0.023793301035594242   8426.220521489155   8417.042766662245
0.024490812272480036   8346.801570916778   8336.946687838836
0.025208771362518027   8259.03947052269   8248.481921676666
0.0259477777436476   8163.0951329622285   8151.8139375676155
0.02670844842659881   8059.185946459264   8047.165500161238
0.027491418510046592   7947.637916941159   7934.870045171094
0.028297341710866907   7828.813821805173   7815.298021832751
0.029126890909937666   7703.1040173526135   7688.847446055107
0.029980758713939952   7571.021756514164   7556.041416698349
0.030859658033628758   7433.157443841073   7417.4812336215755
0.031764322679055976   7290.101041409693   7273.766963518613
0.03269550797224261   7142.512917554888   7125.568152918298
0.033653991377811755   6991.201770976463   6973.701602122423
0.03464057315210884   6836.964850562921   6818.971575327861
0.03565607701135116   6680.581045353477   6662.1628226612
0.036701350819364466   6522.946923645272   6504.176051316474
0.03777726729548091   6364.976754112779   6345.928316620181
0.038884724743189276   6207.517928592569   6188.2687577536935
0.04002464780014597   6051.463392015198   6032.085151460939
0.041197988210172884   5897.8064164194575   5878.355886034308
0.04240572561788674   5747.459346009599   5727.978427834937
0.04364886838662332   5601.210921958454   5581.72679683919
0.04492845444033957   5459.597134903859   5440.118717667667
0.04624555213019635   5323.032727273556   5303.5505812007705
0.04760126112654554   5191.887653546325   5172.374825342189
0.04899671333706607   5066.685816021305   5047.07560478364
0.05043307385181555   4948.124783035922   4928.2864976158
0.05191154191598653   4836.84163218706   4816.584285551264
0.053433351931179485   4732.95554402197   4712.047937343912
0.05499977448602865   4635.370462720269   4613.585478754013
0.05661211741704101   4542.880314673524   4520.001606858956
0.05827172690053434   4454.410071291167   4430.233056278105
0.05997998857658587   4369.07176153288   4343.406841034963
0.06173832870592997   4286.054440236766   4258.728053404524
0.0635482153607709   4204.373905912683   4175.2517174969125
0.06541115965050462   4122.78433091244   4091.803824128024
0.06732871698337338   4040.062657301342   4007.242261540206
0.06930248836510605   3954.731563728082   3920.233787136016
0.07133412173562886   3865.289444483333   3829.443589943053
0.07342531334496233   3770.3089771483233   3733.650171405346
0.07557780916945323   3668.4419446797824   3631.755074519961
0.07779340636952398   3558.775127454536   3523.0597418412945
0.08007395479015682   3441.126390959372   3407.5445019255058
0.08242135850536496   3315.819851771817   3285.6493091662096
0.08483757740794096   3184.103111840395   3158.694006424055
0.08732462884580919   3047.64427366871   3028.3259567133164
0.08988458930634863   2908.794507697114   2896.708359284374
0.09251959615009227   2769.9949945235885   2766.0315885518257
0.09523184939525078   2633.776699662911   2638.515824570883
0.09802361355455057   2502.577992217642   2516.218726761112
0.10089721952591899   2378.722324472986   2401.02321894887
0.10385506653859616   2264.3922036217564   2294.624312817818
0.10689962415629803   2161.4083198476146   2198.3935144973684
0.11003343433910281   2070.7843970579493   2112.8817729305542
0.11325911356578279   1992.8765256796478   2038.0616932308933
0.11657935501835284   1926.529275547687   1972.7414477241566
0.11999693083066039   1869.7946478431481   1915.1312435647749
0.12351469440289359   1819.5681863760497   1862.5883798837283
0.12713558278394044   1772.4514214958006   1812.3610412494074
0.13086261912358757   1724.8973520376287   1761.7435960078333
0.13469891519660646   1673.7631149982499   1708.4652771138785
0.13864767400083483   1616.6269678422893   1650.9356820878309
0.14271219243142114   1552.2206856599216   1588.5817932141897
0.14689586403346616   1480.7630111819021   1521.8627531381028
0.1512021818353596   1403.8169540288857   1452.1317954379765
0.15563474126517718   1324.0541599750163   1381.4527504499501
0.16019724315257297   1244.840697354947   1312.203235701916
0.1648934968186736   1169.8829940822968   1246.8809439114777
0.1697274232565544   1102.6549588337043   1187.594839588211
0.17470305840495237   1045.5278316352994   1135.5081671331156
0.17982455651794954   998.8020096343926   1090.5303777600623
0.18509619363343993   960.6104617727495   1051.134027290478
0.19052237114327647   927.8759540416303   1015.1915692097836
0.19610761946807834   897.1996548423804   980.6643072109238
0.20185660183976684   865.1915889232345   945.6877901554361
0.20777411819498756   829.0150108299891   908.8820752697028
0.21386510918267082   787.6701986508469   870.0392359431836
0.22013466028907505   742.6990160284282   830.2021219536819
0.22658800608375756   697.1763787695069   791.1158531772893
0.23323053459001789   654.2441873284661   754.243261946405
0.2400677917834628   616.4452006686677   720.6895679276697
0.24710548622244882   584.899590595589   690.4780305699542
0.25434949381426813   558.8080207538285   663.2937116286506
0.2618058627210567   535.8256974227544   637.8425195398262
0.2694808184095226   513.1727578950515   613.0266329518229
0.27738076884870827   488.6469763996148   587.9683428337147
0.2855123098601282   461.8663616666649   562.9030304725419
0.29388223062474755   434.34463086053086   538.32166100504
0.3024975193514008   408.12728710578585   515.0193362065106
0.31136536911138296   384.8408466104391   493.22768021564815
0.3204931838440838   364.95272420119943   473.1449535368873
0.32988858453867975   347.3511842862438   454.200924911264
0.3395594155970457   330.3608618344833   436.0173376172055
0.34951375138319807   312.86337332239793   418.22832996813537
0.3597599029647371   294.8514266465172   400.94688379864897
0.37030642505191835   277.37378726882906   384.41556905583144
0.3811621231401457   261.4439226568617   368.80445485339243
0.3923360608618501   247.23368524338937   354.07904265066355
0.4038375675538918   234.16027218335017   340.0824387974754
0.41567624604680364   221.4153683849043   326.63432741344576
0.42786198068238046   208.7253169187408   313.66831539783607
0.4404049455663077   196.47274546771226   301.2941075107556
0.4533156130627191   185.11134813047852   289.5256219947152
0.4666047625377753   174.68878218472153   278.346851643803
0.4802834893595659   164.8618393650709   267.68018799602856
0.49436321416184764   155.36080514325977   257.46958329265544
0.5088556923793517   146.22137114207055   247.6951574479024
0.5237730240626238   137.64761732044394   238.38703617107439
0.5391276639805903   129.656599527119   229.5198588590645
0.5549324320192869   122.10441121711266   221.0517416394109
0.5712005238854289   114.89162008762825   212.94844963577677
0.5879455221237613   108.0593028330504   205.20962843764045
0.6051814074573895   101.64750608144357   197.8288893580203
0.622922570460556   95.6078381779284   190.77835593433696
0.6411838235736077   89.88479945854621   184.03330704864752
0.6599804134701901   84.47597731390121   177.58547368385854
0.6793280337869897   79.3865965618888   171.42482486269503
0.6992428382266549   74.58932079273637   165.53009704810333
0.7197414540448374   70.06368650184788   159.88837430873238
0.7408409959326054   65.7975771708106   154.4889810566816
0.7625590803058332   61.77739091323103   149.31854418218379
0.7849138400134885   57.99011150531837   144.36449281798858
0.8079239394770964   54.42331906355063   139.61504605085716
0.8316085902740278   51.06516994276859   135.05915815132232
0.8559875671776167   47.90437673354443   130.68646800407885
0.8810812246675007   44.930188414906134   126.48725239066907
0.9069105139239728   42.13235558992392   122.45222250580291
0.9334970003205227   39.50106593351303   118.5719632973615
0.960862881429187   37.0269876889395   114.83749249306635
0.9890310055537336   34.70126919736626   111.24043221097718
1.0180248908061487   32.51551726513112   107.77296622981956
1.047868744742366   30.461776287918457   104.42780074842513
1.0785874845736239   28.53250812212958   101.19812833085196
1.1102067579703248   26.720572704902125   98.07759365385834
1.1427529644757777   25.019211699535166   95.0600681274185
1.1762532775476793   23.422032326190624   92.13943105487786
1.210735667245765   21.92298482821673   89.30995119852824
1.246228923584555   20.516345422794554   86.56631563682657
1.2827626805706884   19.19670062976737   83.9036022172107
1.3203674409449337   17.95893221479038   81.3172542445514
1.3590746016495152   16.798202733044256   78.80305718387471
1.3989164800420282   15.709941553671225   76.35711657917008
1.4399263408778291   14.689828977173262   73.97582294395873
1.4821384240834183   13.733784116624369   71.65583430662156
1.525587973344019   12.83795597364431   69.39407729030609
1.5703112655292182   11.998711715813737   67.18773191688621
1.6163456409812174   11.21262531524482   65.03421652493003
1.6637295346910133   10.47646670557687   62.93117364427953
1.7125025083885144   9.7871914390718   60.87645672057013
1.7627052835733923   9.141930681378426   58.868147257112604
1.814379775514258   8.537980676080078   56.904790363813724
1.8675691282445197   7.972794760829169   54.985218583783826
1.922317750584177   7.443975662370421   53.10837026966639
1.9786713532176083   6.9492673145191795   51.27328066787867
2.0366769868582977   6.486547073330419   49.47907518680131
2.0963830815323896   6.053818322091492   47.724962886369624
2.1578394870138577   5.649203449480473   46.01023017260069
2.2210975144450407   5.270936841170461   44.334312631392876
2.286209979177315   4.917357575806377   42.69703134329793
2.3532312448676476   4.586904844891575   41.09829453210196
2.4222172688678643   4.278112654552085   39.53799400108013
2.4932256489445366   3.9896043552207874   38.01600403912635
2.5663156713684585   3.720087465727466   36.532180427603656
2.641548360413907   3.4683487774854287   35.0863595463976
2.7189865293089923   3.233249731225207   33.67835872604028
2.798694832679631   3.0137230078557264   32.30815999853989
2.8807398205309562   2.808769077196387   30.976070290171858
2.9651899938111903   2.617450114955509   29.682328897499193
3.05211586160442   2.438886147784117   28.427060029999797
3.1415899999999994   2.272251689005538   27.21027981992207
