0.01   106.0511343971253   106.05113267207268
0.010293154462191829   107.48697745682725   107.4869763586992
0.010594902878253955   108.89027270412173   108.8902718764492
0.010905497183778876   110.2576142745046   110.25761296050558
0.011225196699963396   111.58538867676543   111.5853861010256
0.011554268350120923   112.86971812833481   112.8697140504919
0.011892986882540897   114.10666130637865   114.10665608780795
0.012241635099881474   115.29222527539031   115.29221979879773
0.012600504095286909   116.42231261601226   116.42230775516212
0.012969893495426888   117.49278897562151   117.49278541468
0.013350111710660605   118.49951799240672   118.49951621527926
0.013741476192534558   119.43818870305606   119.43818897258856
0.014144313698828986   120.30430248806066   120.30430482447237
0.01455896056637426   121.09339791666865   121.09340208926942
0.014985762991865008   121.8010289090764   121.80103439967262
0.01542507732090645   122.42261300596402   122.42261887849747
0.015877270345534218   122.95362366945666   122.95362853293464
0.016342719610456153   123.38966939090695   123.38967143319893
0.016821813728271667   123.72639725961501   123.72639496892769
0.017314952703931925   123.95953094738888   123.9595237895673
0.017822548268711737   124.08501803773794   124.08500649329727
0.01834502422397195   124.09902959661032   124.09901470447423
0.018882816794999403   123.99790850656103   123.99789035751597
0.019436374995219892   123.7782985821526   123.77827601417309
0.02000616100108813   123.43720578754223   123.43717644454102
0.020592650537967844   122.97208007421733   122.97204108958239
0.021196333277324068   122.380832225526   122.3807807452741
0.02181771324555934   121.66182258396357   121.66175579904072
0.022457309244835088   120.81403825315083   120.81395348347944
0.02311565528622961   119.83735694921485   119.83725182862865
0.023793301035594242   118.73221939940747   118.7320919137782
0.024490812272480036   117.49964629936453   117.49949481705305
0.025208771362518027   116.1419497397325   116.14177326606952
0.0259477777436476   114.6623998003208   114.66219811850706
0.02670844842659881   113.06472399391251   113.06449764107111
0.027491418510046592   111.3537555804061   111.35350623256096
0.028297341710866907   109.53611075723744   109.53584204030733
0.029126890909937666   107.61882664875499   107.61854410503955
0.029980758713939952   105.60939529411154   105.60910616811857
0.030859658033628758   103.51767813007493   103.5173908088041
0.031764322679055976   101.35454898901845   101.35427265445965
0.03269550797224261   99.13064468408567   99.13038916282073
0.033653991377811755   96.85764789886218   96.85742310046977
0.03464057315210884   94.54905688780978   94.54887199820297
0.03565607701135116   92.21781657987769   92.21767997947931
0.036701350819364466   89.87665749821988   89.87657774763264
0.03777726729548091   87.54150755916616   87.54149975572288
0.038884724743189276   85.22857526657933   85.22866290211881
0.04002464780014597   82.95250230914377   82.95271590540675
0.041197988210172884   80.7252068120501   80.72556395354485
0.04240572561788674   78.5556132061122   78.55609336545182
0.04364886838662332   76.451483057302   76.45202969708473
0.04492845444033957   74.42125235517322   74.42178531917949
0.04624555213019635   72.48079628806612   72.48125849613484
0.04760126112654554   70.64694278424896   70.64731226454589
0.04899671333706607   68.93377108561512   68.93405743282086
0.05043307385181555   67.34087472168808   67.3411161512671
0.05191154191598653   65.85812760133199   65.85838852824273
0.053433351931179485   64.47591340971123   64.47627862193617
0.05499977448602865   63.183900527513984   63.18441708879439
0.05661211741704101   61.97141468155354   61.97205146193637
0.05827172690053434   60.82770105575428   60.82835581466172
0.05997998857658587   59.737041474788214   59.73756190665119
0.06173832870592997   58.68240807771715   58.68260222018795
0.0635482153607709   57.64516425640985   57.644839338723
0.06541115965050462   56.60281589075315   56.60184614701633
0.06732871698337338   55.5329730035982   55.53130843301814
0.06930248836510605   54.40945991052697   54.40714931565309
0.07133412173562886   53.206505931749625   53.20369661193986
0.07342531334496233   51.90090483712762   51.897788977506195
0.07557780916945323   50.47292197599139   50.469698255079614
0.07779340636952398   48.912519938692874   48.90935771980118
0.08007395479015682   47.21888958196957   47.215901692042365
0.08242135850536496   45.40349599546221   45.40075135093469
0.08483757740794096   43.48775719430272   43.48530006404124
0.08732462884580919   41.50282268910707   41.50075232097814
0.08988458930634863   39.48473564245834   39.48323664109481
0.09251959615009227   37.47377973107942   37.47309168507
0.09523184939525078   35.51111808120902   35.51145751012292
0.09802361355455057   33.639268046466015   33.640713322063995
0.10089721952591899   31.896264740619106   31.898727993464057
0.10385506653859616   30.318109847206973   30.32129039366001
0.10689962415629803   28.92961756406313   28.93310585685658
0.11003343433910281   27.743649022123208   27.747049996539857
0.11325911356578279   26.754358541860025   26.757329843155674
0.11657935501835284   25.940069864090198   25.942337147431605
0.11999693083066039   25.260891143293865   25.262223287234036
0.12351469440289359   24.667649355382263   24.667841877390707
0.12713558278394044   24.1033930655518   24.10226668340203
0.13086261912358757   23.51146833204492   23.508981763880538
0.13469891519660646   22.841089469642814   22.837403642142725
0.13864767400083483   22.05518530923758   22.05064271586823
0.14271219243142114   21.138426820344122   21.13353302472376
0.14689586403346616   20.099509645336383   20.094909249600594
0.1512021818353596   18.970418357154273   18.966830250710785
0.15563474126517718   17.80211122273126   17.800152749611815
0.16019724315257297   16.658428306106554   16.658300906874164
0.1648934968186736   15.605961311676023   15.607344105982612
0.1697274232565544   14.698652324179903   14.700913705548619
0.17470305840495237   13.962078733393444   13.964577525317765
0.17982455651794954   13.386968921229496   13.389102313091513
0.18509619363343993   12.936615055185346   12.937682639143636
0.19052237114327647   12.558290583275046   12.557624869587753
0.19610761946807834   12.189477642382892   12.18692135948208
0.20185660183976684   11.767506520536577   11.763655598289516
0.20777411819498756   11.251886165159531   11.247608879164455
0.21386510918267082   10.643827036337445   10.639931791075615
0.22013466028907505   9.98169320879777   9.97890434158217
0.22658800608375756   9.32159403424907   9.320422576884138
0.23323053459001789   8.721024228101946   8.72125345309468
0.2400677917834628   8.221567024836906   8.222443257921688
0.24710548622244882   7.831248957313192   7.831747529847626
0.25434949381426813   7.522799853907917   7.52212374037475
0.2618058627210567   7.246548628995315   7.244354522327723
0.2694808184095226   6.949625348212205   6.946324568245536
0.27738076884870827   6.601835613142319   6.598311007209647
0.2855123098601282   6.211406538723241   6.208438788621766
0.29388223062474755   5.81308210871949   5.811260235395322
0.3024975193514008   5.448579699909278   5.4477003369976975
0.31136536911138296   5.145473038091639   5.144756436646876
0.3204931838440838   4.899299367761297   4.897977594733113
0.32988858453867975   4.6805727977253735   4.6782479842391735
0.3395594155970457   4.456186228063386   4.453175995421661
0.34951375138319807   4.209681379735068   4.206704465829864
0.3597599029647371   3.9524094521100643   3.9500017202456896
0.37030642505191835   3.710042526103318   3.7082285108843434
0.3811621231401457   3.499668952150396   3.497959054304547
0.3923360608618501   3.31884700709291   3.3166768356390177
0.4038375675538918   3.149443505414823   3.146746638635198
0.41567624604680364   2.975828875875874   2.972972761428623
0.42786198068238046   2.7987057746322415   2.7960953646563547
0.4404049455663077   2.6304275937312216   2.6281243058648336
0.4533156130627191   2.4800059221133983   2.4776776608969273
0.4666047625377753   2.3441423779784136   2.3415336506201507
0.4802834893595659   2.213307786138361   2.2105009125304633
0.49436321416184764   2.0832626629945565   2.080515944444411
0.5088556923793517   1.95867420482301   1.9560689110130032
0.5237730240626238   1.8442452695769398   1.8416344840431265
0.5391276639805903   1.7385785040523132   1.7358291686601528
0.5549324320192869   1.6372419737304658   1.6344304939723246
0.5712005238854289   1.5394253082407952   1.5366695559623706
0.5879455221237613   1.4475022424769148   1.4447801303189263
0.6051814074573895   1.3620458306332488   1.359281511577303
0.622922570460556   1.2812025857294274   1.2784055066222535
0.6411838235736077   1.204063970897483   1.201292092648687
0.6599804134701901   1.1314420034447286   1.1286905402441556
0.6793280337869897   1.0633631973039244   1.0606088671908018
0.6992428382266549   0.9991221028043941   0.9963717153978724
0.7197414540448374   0.9384749738133781   0.9357380597794688
0.7408409959326054   0.8812592171334164   0.8785435470348707
0.7625590803058332   0.8273154892783924   0.8246273145210623
0.7849138400134885   0.7764881000056063   0.7738323674641778
0.8079239394770964   0.7286253526561653   0.7260058950795644
0.8316085902740278   0.6835796717064203   0.6809993880926407
0.8559875671776167   0.6412019114730019   0.6386633950078834
0.8810812246675007   0.6013414371721277   0.5988475978143405
0.9069105139239728   0.5638551603727487   0.5614091300931445
0.9334970003205227   0.5286077727006361   0.526212782503474
0.960862881429187   0.49547134069701454   0.4931306186001244
0.9890310055537336   0.4643249209621497   0.46204160843801867
1.0180248908061487   0.43505419459959954   0.43283127922083786
1.047868744742366   0.4075512144506513   0.4053914879555234
1.0785874845736239   0.3817149626883972   0.3796210968209555
1.1102067579703248   0.35745037768648197   0.355424931360179
1.1427529644757777   0.3346673576796474   0.33271271024700755
1.1762532775476793   0.3132805279303768   0.3113988266814547
1.210735667245765   0.2932090266118327   0.2914021477748589
1.246228923584555   0.27437629779973854   0.2726458191462504
1.2827626805706884   0.2567098915428792   0.255057074896563
1.3203674409449337   0.24014122160667525   0.23856698761614228
1.3590746016495152   0.22460523304832508   0.22311009520007033
1.3989164800420282   0.21004042879143944   0.20862450046591566
1.4399263408778291   0.1963887564897719   0.19505178202097675
1.4821384240834183   0.18359543164062803   0.18233681744767205
1.525587973344019   0.17160876861572472   0.17042761405942838
1.5703112655292182   0.16038001934224638   0.1592751470178248
1.6163456409812174   0.1498632193729975   0.1488332048691948
1.6637295346910133   0.14001504189638786   0.1390582738540925
1.7125025083885144   0.13079465825289305   0.12990941536174827
1.7627052835733923   0.12216360283178142   0.12134806388248652
1.814379775514258   0.11408564594352538   0.113337894185706
1.8675691282445197   0.10652667300238575   0.10584470253952451
1.922317750584177   0.09945456956013193   0.09883629330157026
1.9786713532176083   0.09283911195699467   0.09228237071350122
2.0366769868582977   0.08665186209388574   0.08615442806480902
2.0963830815323896   0.08086604678440004   0.08042551718939482
2.1578394870138577   0.07545647348770136   0.07507021256066364
2.2210975144450407   0.07039946493576772   0.07006466563613516
2.286209979177315   0.06567277363308624   0.0653865145255738
2.3532312448676476   0.06125550001243711   0.0610147937440854
2.4222172688678643   0.05712801494798552   0.05692984928146186
2.4932256489445366   0.05327188641714734   0.053113258685246016
2.5663156713684585   0.04966981555682548   0.04954777224688564
2.641548360413907   0.046305599403950126   0.0462173276806046
2.7189865293089923   0.04316403817641417   0.04310689160131539
2.798694832679631   0.04023086068697473   0.04020234906240324
2.8807398205309562   0.03749267104346268   0.03749045108099364
2.9651899938111903   0.03493689818767833   0.034958765007562786
3.05211586160442   0.03255174808698351   0.03259562744301612
3.1415899999999994   0.030326158427128817   0.03039009958314137
