0.01   7768.548065939864   7768.022665552852
0.010293154462191829   7862.1666815404615   7861.6041781419035
0.010594902878253955   7953.035996179688   7952.433285920433
0.010905497183778876   8040.906961404972   8040.260251828404
0.011225196699963396   8125.526133824523   8124.830987725064
0.011554268350120923   8206.627313426687   8205.879000007279
0.011892986882540897   8283.93888673252   8283.132521479649
0.012241635099881474   8357.18826366546   8356.318818494783
0.012600504095286909   8426.091702414466   8425.153901122803
0.012969893495426888   8490.353272787499   8489.341466793316
0.013350111710660605   8549.678331646073   8548.586506059817
0.013741476192534558   8603.771648218664   8602.593288190605
0.014144313698828986   8652.3278814976   8651.05542457929
0.01455896056637426   8695.044130159944   8693.668846678076
0.014985762991865008   8731.624014827816   8730.136045866275
0.01542507732090645   8761.765575710566   8760.15423256172
0.015877270345534218   8785.166244234933   8783.420262756028
0.016342719610456153   8801.53583505531   8799.6434391043
0.016821813728271667   8810.593376914807   8808.541983021902
0.017314952703931925   8812.061437456487   8809.836860314474
0.017822548268711737   8805.67964021885   8803.266057424697
0.01834502422397195   8791.208139802022   8788.58818820706
0.018882816794999403   8768.424222791928   8765.578983395711
0.019436374995219892   8737.127706316054   8734.036787224817
0.02000616100108813   8697.146506123177   8693.788230111732
0.020592650537967844   8648.342513021524   8644.694315067309
0.021196333277324068   8590.61568381625   8586.654633746439
0.02181771324555934   8523.900298334609   8519.603361342553
0.022457309244835088   8448.171699404083   8443.516223247001
0.02311565528622961   8363.472095035338   8358.437338725578
0.023793301035594242   8269.890147359705   8264.45789697394
0.024490812272480036   8167.552875829994   8161.707648813587
0.025208771362518027   8056.671355369479   8050.401733076131
0.0259477777436476   7937.540224781651   7930.840137536851
0.02670844842659881   7810.4863344216765   7803.35502617676
0.027491418510046592   7675.897779043066   7668.340731441074
0.028297341710866907   7534.298108703406   7526.330359492516
0.029126890909937666   7386.247392021429   7377.893639740874
0.029980758713939952   7232.324807440563   7223.618655713242
0.030859658033628758   7073.260436760377   7064.244014172657
0.031764322679055976   6909.874364403889   6900.597657173048
0.03269550797224261   6742.962082237864   6733.481858059961
0.033653991377811755   6573.36926993328   6563.748842832073
0.03464057315210884   6402.074749714648   6392.384641314596
0.03565607701135116   6230.015257322772   6220.3320620871045
0.036701350819364466   6058.094391970948   6048.4984357780395
0.03777726729548091   5887.424909820342   5877.991301026454
0.038884724743189276   5719.14389587246   5709.938784210233
0.04002464780014597   5554.267232585286   5545.3482185706625
0.041197988210172884   5393.609136012466   5385.025193285699
0.04240572561788674   5237.761529349328   5229.552794373896
0.04364886838662332   5087.229149690255   5079.4276675196015
0.04492845444033957   4942.5694595257355   4935.192279310731
0.04624555213019635   4804.856032172749   4797.869598636984
0.04760126112654554   4675.208014207537   4668.522630097698
0.04899671333706607   4554.537881077204   4548.014790503116
0.05043307385181555   4442.700515149576   4436.170184653302
0.05191154191598653   4338.894716562611   4332.168721486871
0.053433351931179485   4242.369512949735   4235.242001310171
0.05499977448602865   4152.353341153562   4144.603583519293
0.05661211741704101   4068.077101359404   4059.4714036928635
0.05827172690053434   3988.7650288428413   3979.060415045548
0.05997998857658587   3913.2903192834583   3902.2538508864523
0.06173832870592997   3840.4481427461237   3827.8645864898185
0.0635482153607709   3768.9123291019246   3754.6078128632726
0.06541115965050462   3697.092555959317   3680.974846402715
0.06732871698337338   3623.4090294061684   3605.4812540229223
0.06930248836510605   3546.0160318272046   3526.43687211123
0.07133412173562886   3463.1191587465637   3442.218458857586
0.07342531334496233   3373.171836403205   3351.4778515508324
0.07557780916945323   3274.9165506772483   3253.1602509745594
0.07779340636952398   3167.7653995439964   3146.879263202775
0.08007395479015682   3051.748407943363   3032.8440254882735
0.08242135850536496   2927.775715531369   2912.0490007257495
0.08483757740794096   2797.4271838864947   2786.072974000065
0.08732462884580919   2662.9016458952774   2657.034136723872
0.08988458930634863   2526.6783651248365   2527.2669932260706
0.09251959615009227   2391.4996486215277   2399.2719844551
0.09523184939525078   2260.1573765395005   2275.52709559696
0.09802361355455057   2135.518872692881   2158.5101000948607
0.10089721952591899   2020.1197460900744   2050.3362767919443
0.10385506653859616   1916.3211449210773   1952.84607180639
0.10689962415629803   1825.661706476144   1867.164020465789
0.11003343433910281   1748.8304468894012   1793.649265004935
0.11325911356578279   1685.2309796955728   1731.4900620367873
0.11657935501835284   1633.233100625865   1678.9670458987741
0.11999693083066039   1590.0404453526237   1633.626447463672
0.12351469440289359   1552.293457708967   1592.613444670001
0.12713558278394044   1516.1669610901693   1552.6927561056953
0.13086261912358757   1477.894157304482   1510.9316552635153
0.13469891519660646   1434.1524534864654   1464.937194557053
0.13864767400083483   1382.5945269972667   1413.1479119050111
0.14271219243142114   1322.3647074390353   1355.167163112357
0.14689586403346616   1254.2049909914406   1291.817003867553
0.1512021818353596   1180.3739186603138   1225.0674369503197
0.15563474126517718   1104.3651610748013   1157.762693564492
0.16019724315257297   1030.5039773201484   1093.001315023243
0.1648934968186736   963.1864752620663   1033.7069180462252
0.1697274232565544   905.788511326241   982.0805032778351
0.17470305840495237   859.6873668606943   938.7343506074327
0.17982455651794954   824.0184087796939   902.5277142756493
0.18509619363343993   796.2732752740238   871.7078216539414
0.19052237114327647   772.9517704241996   843.7584020197123
0.19610761946807834   749.8771687949658   815.978030439024
0.20185660183976684   722.9684859770789   786.1468258809089
0.20777411819498756   689.8357601471971   753.0448028657678
0.21386510918267082   650.8672476502857   717.2759976718988
0.22013466028907505   608.696513778646   680.5232490729786
0.22658800608375756   567.0001208421828   645.0401757227687
0.23323053459001789   529.4920695880548   612.5576330866104
0.2400677917834628   498.72556338367764   584.3564254013928
0.24710548622244882   474.909895529791   559.8507652014251
0.25434949381426813   456.14334006657197   538.2234079275784
0.2618058627210567   439.15444133429816   517.6526365044627
0.2694808184095226   420.56230378154135   496.66743418580324
0.27738076884870827   398.66638411703383   475.02343080079777
0.2855123098601282   374.1914555035179   452.83371380961785
0.29388223062474755   349.42530489188016   431.27213784523315
0.3024975193514008   327.0432368268526   411.3023125977609
0.31136536911138296   308.64779343721534   393.2632166259546
0.3204931838440838   293.75162909227186   376.89091653202155
0.32988858453867975   280.4172643409128   361.37677459869474
0.3395594155970457   266.5720408436941   346.22847929808023
0.34951375138319807   251.31396054372257   331.08949500421124
0.3597599029647371   235.50589219024096   316.38395437989857
0.37030642505191835   220.7606071920033   302.503529616285
0.3811621231401457   208.0697261790873   289.62275557429206
0.3923360608618501   197.17058526189862   277.5421852620013
0.4038375675538918   186.87924968121436   266.0366723297402
0.41567624604680364   176.2830245979294   254.85362858357658
0.42786198068238046   165.5166162603483   244.05282007214169
0.4404049455663077   155.36585420012608   233.8128951893074
0.4533156130627191   146.34335632966582   224.16715789866828
0.4666047625377753   138.179856046198   215.02992070206187
0.4802834893595659   130.28653692683838   206.29933594553145
0.49436321416184764   122.44841223927322   197.90924068361622
0.5088556923793517   114.97954267345665   189.91200006025883
0.5237730240626238   108.14639790406109   182.34360322147754
0.5391276639805903   101.8317819677299   175.14647797619855
0.5549324320192869   95.76742517222718   168.26877079979099
0.5712005238854289   89.92780908849502   161.6929814409095
0.5879455221237613   84.45978066607779   155.43492744957013
0.6051814074573895   79.3814615380181   149.49035728923425
0.622922570460556   74.57572927535647   143.8147056590777
0.6411838235736077   69.99791135076622   138.38872490463433
0.6599804134701901   65.7001898586671   133.21952061713816
0.6793280337869897   61.6697249000353   128.29926476080527
0.6992428382266549   57.87133560922683   123.60174000451975
0.7197414540448374   54.29233136519862   119.11503993636241
0.7408409959326054   50.9217264669162   114.82871235118073
0.7625590803058332   47.74891893449589   110.73286737919933
0.7849138400134885   44.76369355311352   106.81814528324395
0.8079239394770964   41.95622285102171   103.07568620135523
0.8316085902740278   39.3170619609539   99.49708884862463
0.8559875671776167   36.83695575638969   96.0737892310694
0.8810812246675007   34.50681706213539   92.7968840123823
0.9069105139239728   32.318024059799676   89.65799256291022
0.9334970003205227   30.262420668842882   86.64928596922061
0.960862881429187   28.332293339647727   83.76344722865494
0.9890310055537336   26.52034887925513   80.99363464698146
1.0180248908061487   24.819693271482056   78.3334481596059
1.047868744742366   23.223813433842434   75.77687611185483
1.0785874845736239   21.72658160595659   73.31798800658939
1.1102067579703248   20.32222220560999   70.95103307875199
1.1427529644757777   19.00527293729792   68.67065297187945
1.1762532775476793   17.77056926259417   66.47185895265628
1.210735667245765   16.61322996791411   64.35000582555271
1.246228923584555   15.52864329640318   62.30076799595866
1.2827626805706884   14.512453632235319   60.320117483343054
1.3203674409449337   13.56054760601803   58.404269449008254
1.3590746016495152   12.669036989909184   56.54950327236377
1.3989164800420282   11.834252664765938   54.752297789706724
1.4399263408778291   11.052735824941976   53.009393702179565
1.4821384240834183   10.321226874828143   51.317776418934926
1.525587973344019   9.636654837816456   49.674660140364566
1.5703112655292182   8.996127263133692   48.077473173876676
1.6163456409812174   8.39692061159337   46.523844397617246
1.6637295346910133   7.836470853802039   45.01162323589875
1.7125025083885144   7.3123644208227025   43.53891995739877
1.7627052835733923   6.822330632776651   42.10400951097421
1.814379775514258   6.364233920152521   40.705305312185025
1.8675691282445197   5.936066301246793   39.34135073124475
1.922317750584177   5.535940239817419   38.0108110703395
1.9786713532176083   5.162081866575599   36.71246598018841
2.0366769868582977   4.812824527025411   35.44520426905399
2.0963830815323896   4.486601769302384   34.20810494420294
2.1578394870138577   4.181941526459049   33.000450085200306
2.2210975144450407   3.897462079579223   31.82158848456667
2.286209979177315   3.631866886643777   30.670921303439098
2.3532312448676476   3.383939585756619   29.547898087001272
2.4222172688678643   3.152539272736272   28.452012921629404
2.4932256489445366   2.9365960393669384   27.38280072623622
2.5663156713684585   2.7351068865541595   26.339855266791076
2.641548360413907   2.5471332121288843   25.32308597555118
2.7189865293089923   2.3717960848405424   24.33258408439817
2.798694832679631   2.2082713970028607   23.36839610052032
2.8807398205309562   2.0557866122733492   22.430520864537726
2.9651899938111903   1.9136177179842828   21.51891169454392
3.05211586160442   1.78108634314729   20.633478562459995
3.1415899999999994   1.6575570342637935   19.774090293572222
