0.01   10998.29490313528   10995.215702850319
0.010293154462191829   11143.126511824614   11139.774522254222
0.010594902878253955   11284.642795657468   11280.99210133053
0.010905497183778876   11422.519025149253   11418.540772208322
0.011225196699963396   11556.41431739175   11552.07730272081
0.011554268350120923   11685.97331586982   11681.244551063388
0.011892986882540897   11810.836832732244   11805.681605348636
0.012241635099881474   11930.638402029717   11925.01993146766
0.012600504095286909   12044.995471631788   12038.873763976602
0.012969893495426888   12153.522125989184   12146.853783423827
0.013350111710660605   12255.8317960827   12248.570023164148
0.013741476192534558   12351.523084818571   12343.617208182231
0.014144313698828986   12440.186350452634   12431.581535746243
0.01455896056637426   12521.416465115211   12512.053831940497
0.014985762991865008   12594.807576846802   12584.62420186523
0.01542507732090645   12659.945790735725   12648.874555008842
0.015877270345534218   12716.42526573606   12704.395052204864
0.016342719610456153   12763.850849840188   12750.78660953376
0.016821813728271667   12801.826256281325   12787.647367524782
0.017314952703931925   12829.964065212022   12814.58369979551
0.017822548268711737   12847.89630045483   12831.221866871729
0.01834502422397195   12855.272722063573   12837.206197597276
0.018882816794999403   12851.760391416188   12832.198599356198
0.019436374995219892   12837.053127567151   12815.888411095115
0.02000616100108813   12810.875909522525   12787.996826225213
0.020592650537967844   12772.992787803963   12748.284372271848
0.021196333277324068   12723.205404019556   12696.549893928883
0.02181771324555934   12661.353376715642   12632.631288441318
0.022457309244835088   12587.336157502545   12556.428517002885
0.02311565528622961   12501.120185454418   12467.911088068324
0.023793301035594242   12402.7154400065   12367.093266553618
0.024490812272480036   12292.190548334142   12254.049837289445
0.025208771362518027   12169.729129200741   12128.975007644518
0.0259477777436476   12035.575748898145   11992.125740688109
0.02670844842659881   11890.0181035834   11843.803043601598
0.027491418510046592   11733.473198196823   11684.44185400483
0.028297341710866907   11566.478969172089   11514.602113459709
0.029126890909937666   11389.601078772512   11334.871368416605
0.029980758713939952   11203.480810063998   11145.913850699699
0.030859658033628758   11008.957288718533   10948.595890111344
0.031764322679055976   10806.904809020409   10743.818419796247
0.03269550797224261   10598.20062298965   10532.483499668873
0.033653991377811755   10383.905557546223   10315.6758306802
0.03464057315210884   10165.192202102353   10094.590097938411
0.03565607701135116   9943.182053466908   9870.366991670398
0.036701350819364466   9719.02861386569   9644.174932051854
0.03777726729548091   9494.041275850359   9417.331898547443
0.038884724743189276   9269.46971534979   9191.092883804838
0.04002464780014597   9046.486032353898   8966.630851971808
0.041197988210172884   8826.36897433028   8745.20406984054
0.04240572561788674   8610.396903106152   8528.059189465634
0.04364886838662332   8399.723982377995   8316.319329909846
0.04492845444033957   8195.279115969615   8110.877900577491
0.04624555213019635   7997.691034929197   7912.319775363172
0.04760126112654554   7807.493884242731   7721.136980086827
0.04899671333706607   7625.182270455859   7537.776139365159
0.05043307385181555   7451.362794084944   7362.73812667372
0.05191154191598653   7286.648994528748   7196.512285591762
0.053433351931179485   7131.5354166651105   7039.481368252992
0.05499977448602865   6985.253674584061   6890.856295712085
0.05661211741704101   6845.922102395615   6748.818122016292
0.05827172690053434   6711.759841253653   6611.650421048568
0.05997998857658587   6581.292801236826   6477.945520582413
0.06173832870592997   6453.328754439646   6346.579400808409
0.0635482153607709   6326.714944258455   6216.475601516509
0.06541115965050462   6199.870494195362   6086.21442536444
0.06732871698337338   6071.0644393837365   5954.266169058089
0.06930248836510605   5938.515396288267   5819.105855351887
0.07133412173562886   5800.128562388024   5679.036879916297
0.07342531334496233   5653.986211140111   5532.5390918431785
0.07557780916945323   5498.4997295523035   5378.468496320037
0.07779340636952398   5332.4405542153545   5216.017234133869
0.08007395479015682   5155.589964323057   5045.312999102605
0.08242135850536496   4968.606600466251   4867.268281456702
0.08483757740794096   4773.216799000584   4683.6101038657125
0.08732462884580919   4572.159584295131   4496.83272424948
0.08988458930634863   4368.617816529583   4309.683003297601
0.09251959615009227   4166.07601733863   4125.057664368509
0.09523184939525078   3967.971094014087   3945.674589692153
0.09802361355455057   3777.5497712349597   3774.006947351265
0.10089721952591899   3597.9239391561428   3612.3233082077422
0.10385506653859616   3431.8326859911504   3462.469253082638
0.10689962415629803   3281.6155589904565   3325.692154644319
0.11003343433910281   3148.69442262001   3202.603004355218
0.11325911356578279   3033.024114135834   3092.791034016057
0.11657935501835284   2933.2276721905864   2994.8673305053526
0.11999693083066039   2846.017163013991   2906.008302373327
0.12351469440289359   2767.172152434523   2822.97561971057
0.12713558278394044   2691.7651919274513   2742.322997935256
0.13086261912358757   2615.045138810626   2661.065637451039
0.13469891519660646   2532.8934653437714   2576.8079946240255
0.13864767400083483   2442.359935655815   2487.9889653878226
0.14271219243142114   2342.2430370188995   2394.2996047636875
0.14689586403346616   2233.1963894160913   2296.6661691858753
0.1512021818353596   2117.8136980834965   2197.1705421877464
0.15563474126517718   1999.9519157568043   2098.1796346075453
0.16019724315257297   1884.1538467972289   2002.3168108912955
0.1648934968186736   1775.1968198396767   1912.1921358498669
0.1697274232565544   1677.5568688470746   1829.6126100743145
0.17470305840495237   1594.078406952364   1755.7682075594898
0.17982455651794954   1524.7197858749764   1689.9891027245014
0.18509619363343993   1466.5360801653253   1630.2096215764263
0.19052237114327647   1414.9885264648042   1574.087121877358
0.19610761946807834   1365.4604506274516   1519.5030714583156
0.20185660183976684   1313.741127755252   1464.8959917079487
0.20777411819498756   1256.4844384710605   1408.9486777829006
0.21386510918267082   1192.8098755956996   1351.9677347712454
0.22013466028907505   1125.2371650297105   1295.1761870752748
0.22658800608375756   1058.1233313543337   1240.195875151393
0.23323053459001789   995.5181494810739   1188.439826795918
0.2400677917834628   940.282695057897   1140.394463945134
0.24710548622244882   893.4398000322815   1096.247730130055
0.25434949381426813   853.5272428342973   1055.1332230239093
0.2618058627210567   817.2552510557285   1015.8652417058271
0.2694808184095226   781.1260982361264   977.5895708759259
0.27738076884870827   742.654361536862   940.1310240886852
0.2855123098601282   701.7545414136664   903.1808032147885
0.29388223062474755   660.6982587214319   867.5561954874627
0.3024975193514008   622.0701200020592   833.6352514597423
0.31136536911138296   587.5944045001287   801.6800285112738
0.3204931838440838   557.51316804341   771.5212958503427
0.32988858453867975   530.1964561772736   742.7821287046154
0.3395594155970457   503.56187620882645   715.1547667198191
0.34951375138319807   476.49361638309404   688.3830216463206
0.3597599029647371   449.22907671001695   662.6654572601828
0.37030642505191835   423.1313301582965   638.053802465129
0.3811621231401457   399.29345399552255   614.6158357526134
0.3923360608618501   377.6758392962389   592.3400636782908
0.4038375675538918   357.4726334801993   571.0648392301055
0.41567624604680364   337.79370843961345   550.6349298185718
0.42786198068238046   318.46171236753327   530.9764663033343
0.4404049455663077   299.98957356038665   512.193188253435
0.4533156130627191   282.8255095731614   494.2561798150798
0.4666047625377753   266.9041371267968   477.13548489253463
0.4802834893595659   251.80217308916917   460.74701956244814
0.49436321416184764   237.27458676492353   445.03468126158447
0.5088556923793517   223.40220091974084   429.9641055024793
0.5237730240626238   210.38540805807915   415.56340021731614
0.5391276639805903   198.18081660806203   401.7821279043372
0.5549324320192869   186.6195447152476   388.5728371105624
0.5712005238854289   175.61621408567842   375.89281891002025
0.5879455221237613   165.21670210585614   363.7375088071846
0.6051814074573895   155.43548246579027   352.09060617591496
0.622922570460556   146.20288457653098   340.9106414631215
0.6411838235736077   137.46452759942517   330.1671054195852
0.6599804134701901   129.21467184954383   319.8474608487142
0.6793280337869897   121.44190763701373   309.9345558027564
0.6992428382266549   114.11497010624002   300.39981181795343
0.7197414540448374   107.19713192424456   291.2160302795765
0.7408409959326054   100.67469161915521   282.3687267367127
0.7625590803058332   94.53096245394157   273.84445791263045
0.7849138400134885   88.74493893332458   265.6237659033285
0.8079239394770964   83.29671080240325   257.6884939583779
0.8316085902740278   78.1674331523714   250.02173240950398
0.8559875671776167   73.33927103881247   242.6077326476722
0.8810812246675007   68.79534694300852   235.4318282735148
0.9069105139239728   64.51969097581797   228.48036264318205
0.9334970003205227   60.497277571266096   221.74041586059587
0.960862881429187   56.714118503817325   215.19935620351814
0.9890310055537336   53.156963318780036   208.8453583836004
1.0180248908061487   49.81321609797182   202.66747403716883
1.047868744742366   46.6709093594362   196.65557702776567
1.0785874845736239   43.71867850585207   190.80031309791374
1.1102067579703248   40.94573685316019   185.09305342641127
1.1427529644757777   38.341850400559565   179.52585139907774
1.1762532775476793   35.89728121222797   174.09139142039933
1.210735667245765   33.602764253668106   168.78294979546178
1.246228923584555   31.449534428171532   163.59437619555848
1.2827626805706884   29.429305447512814   158.52006233333373
1.3203674409449337   27.534246086560902   153.554911436459
1.3590746016495152   25.75695744388965   148.69430945780402
1.3989164800420282   24.09045117795094   143.93409780861697
1.4399263408778291   22.528129020950036   139.27061754805098
1.4821384240834183   21.06376580998341   134.70133687704427
1.525587973344019   19.691488166218186   130.22443040675722
1.5703112655292182   18.405754093176462   125.83827779870214
1.6163456409812174   17.20133581588566   121.54144277845043
1.6637295346910133   16.073303423330955   117.33265930093934
1.7125025083885144   15.017009254670624   113.21081804085948
1.7627052835733923   14.028073003306874   109.17495318937225
1.814379775514258   13.102366724181186   105.22450066993191
1.8675691282445197   12.235999235968283   101.36005870779343
1.922317750584177   11.425306321420788   97.58240258057013
1.9786713532176083   10.666839228372549   93.89217207111007
2.0366769868582977   9.957352814888598   90.28987338615573
2.0963830815323896   9.293794286568874   86.77588135693605
2.1578394870138577   8.673292500791632   83.35044190961557
2.2210975144450407   8.093147799950245   80.01367878914024
2.286209979177315   7.550821316311346   76.76592022975099
2.3532312448676476   7.043925438185363   73.6078714856739
2.4222172688678643   6.5702171665250075   70.54003186371187
2.4932256489445366   6.127589993423854   67.56264641470061
2.5663156713684585   5.714066009208106   64.67572089361855
2.641548360413907   5.3277884356825576   61.87903675190152
2.7189865293089923   4.967014564698557   59.17216608087008
2.798694832679631   4.630109254767153   56.554502254600635
2.8807398205309562   4.315540930191444   54.02549336117989
2.9651899938111903   4.021874283131335   51.58455665889722
3.05211586160442   3.747762427787027   49.23088832644363
3.1415899999999994   3.4919417118814837   46.96347848687132
