0.01   11528.227427610269   11526.899434422437
0.010293154462191829   11652.183801827447   11650.748516632048
0.010594902878253955   11771.587217752342   11770.035498529685
0.010905497183778876   11886.07868910079   11884.3999059698
0.011225196699963396   11995.295915993724   11993.477997201833
0.011554268350120923   12098.860988854727   12096.891007533386
0.011892986882540897   12196.388290918909   12194.252803588599
0.012241635099881474   12287.493545720461   12285.178627072104
0.012600504095286909   12371.782288029388   12369.273104756643
0.012969893495426888   12448.842245941692   12446.122311342622
0.013350111710660605   12518.264851022477   12515.315983345872
0.013741476192534558   12579.645598277157   12576.447989535027
0.014144313698828986   12632.5679908006   12629.100402250007
0.01455896056637426   12676.619348054677   12672.859242098772
0.014985762991865008   12711.400468054513   12707.324082887952
0.01542507732090645   12736.511712219986   12732.093346029618
0.015877270345534218   12751.552766235738   12746.763943937965
0.016342719610456153   12756.143946484794   12750.953525869569
0.016821813728271667   12749.925367414215   12744.299593384598
0.017314952703931925   12732.546039984274   12726.448235441443
0.017822548268711737   12703.681142312877   12697.07185301668
0.01834502422397195   12663.03926339929   12655.876557373509
0.018882816794999403   12610.35986941857   12602.599383630508
0.019436374995219892   12545.417484004374   12537.012581094741
0.02000616100108813   12468.029325313808   12458.931548896615
0.020592650537967844   12378.063955881566   12368.223750175875
0.021196333277324068   12275.452719787463   12264.820515578851
0.02181771324555934   12160.178894634262   12148.705743087841
0.022457309244835088   12032.281840548108   12019.920242680506
0.02311565528622961   11891.899926324915   11878.606950709132
0.023793301035594242   11739.248786170905   11724.98791942969
0.024490812272480036   11574.595064170499   11559.336561160068
0.025208771362518027   11398.310142985758   11382.033443979057
0.0259477777436476   11210.906958679923   11193.604488310451
0.02670844842659881   11012.945150629146   10994.622348564639
0.027491418510046592   10805.045014711932   10785.720755733613
0.028297341710866907   10588.02291511652   10567.734430805509
0.029126890909937666   10362.769505918888   10341.573151195897
0.029980758713939952   10130.180503588148   10108.150098344982
0.030859658033628758   9891.316221338218   9868.542745996134
0.031764322679055976   9647.415330947537   9624.006597644277
0.03269550797224261   9399.675411736553   9375.753709038047
0.033653991377811755   9149.301276979919   9125.001254286193
0.03464057315210884   8897.699092721336   8873.166675002121
0.03565607701135116   8646.238496580283   8621.628612120803
0.036701350819364466   8396.191714774117   8371.665090046865
0.03777726729548091   8149.029677502819   8124.738061941575
0.038884724743189276   7906.336382155225   7882.411459341151
0.04002464780014597   7669.5240038370885   7646.078103310322
0.041197988210172884   7439.752811091001   7416.878392134177
0.04240572561788674   7217.815959234165   7195.582362469569
0.04364886838662332   7004.357198512337   6982.812081442699
0.04492845444033957   6799.984737327235   6779.150292352876
0.04624555213019635   6605.864819823544   6585.677637473816
0.04760126112654554   6423.3930517850595   6403.676563748314
0.04899671333706607   6253.769320472847   6234.2460843244635
0.05043307385181555   6096.974162334287   6077.3045172248485
0.05191154191598653   5951.579890813881   5931.404711925284
0.053433351931179485   5816.192360099289   5795.136571092842
0.05499977448602865   5689.52323511696   5667.197995437093
0.05661211741704101   5570.37078649425   5546.376245617104
0.05827172690053434   5457.591950844151   5431.521079497
0.05997998857658587   5349.637625280956   5321.1163677599
0.06173832870592997   5244.711224290791   5213.427180424233
0.0635482153607709   5140.970999837515   5106.700666709676
0.06541115965050462   5036.132247562695   4998.8331507605935
0.06732871698337338   4927.939580512726   4887.773301585172
0.06930248836510605   4813.932070659797   4771.374029865292
0.07133412173562886   4691.658493347954   4647.552117026628
0.07342531334496233   4559.188781212288   4514.737805696876
0.07557780916945323   4415.185825614109   4371.936035267734
0.07779340636952398   4259.1902908854   4218.9829508855755
0.08007395479015682   4091.835893510207   4056.7555109369446
0.08242135850536496   3914.721290890773   3886.94093607242
0.08483757740794096   3730.5115404163926   3712.119424424626
0.08732462884580919   3542.4161665979827   3535.2388775546897
0.08988458930634863   3354.0018911143397   3359.466127059511
0.09251959615009227   3169.015873020815   3188.0515017063935
0.09523184939525078   2991.1472934917365   3024.109392028129
0.09802361355455057   2824.2111893159135   2870.665560902373
0.10089721952591899   2671.427647419295   2730.1882500280085
0.10385506653859616   2535.5413850985956   2604.506346169539
0.10689962415629803   2418.254319607895   2494.606999008541
0.11003343433910281   2319.6442679012303   2400.1336395825306
0.11325911356578279   2238.3745846342135   2319.61105322199
0.11657935501835284   2171.4118360490684   2250.2159833720266
0.11999693083066039   2114.604340441716   2188.465603588277
0.12351469440289359   2063.0935469227306   2130.5202634687926
0.12713558278394044   2011.7075195687225   2072.4851506444793
0.13086261912358757   1955.6418609370126   2011.0174012675043
0.13469891519660646   1890.9421487271818   1943.6408109018662
0.13864767400083483   1815.34347504408   1869.112147340269
0.14271219243142114   1728.6425935530972   1787.8392211726457
0.14689586403346616   1632.7202978088596   1701.6594017023938
0.1512021818353596   1531.2795606496322   1613.2892203343495
0.15563474126517718   1429.4111007376857   1526.3516301750112
0.16019724315257297   1332.9428980844816   1444.4149371517542
0.1648934968186736   1247.282896339121   1370.6444816868093
0.1697274232565544   1175.9418107791912   1306.8960611429347
0.17470305840495237   1119.4386359170048   1252.5104555882203
0.17982455651794954   1075.528215675178   1205.9309218685573
0.18509619363343993   1040.2958361980886   1164.551021890541
0.19052237114327647   1008.8231616457313   1125.4349723598962
0.19610761946807834   975.5980061488198   1085.6817379658664
0.20185660183976684   935.9491627338066   1043.117834425363
0.20777411819498756   888.1821403224485   997.3728748022763
0.21386510918267082   834.1901582901294   950.2736467412816
0.22013466028907505   778.0741336251536   903.4392245276761
0.22658800608375756   724.6638551708731   859.1820081000844
0.23323053459001789   678.2527198263116   819.0070470422997
0.2400677917834628   640.9440529038324   783.6684732601041
0.24710548622244882   611.8713778455392   752.227652927278
0.25434949381426813   587.7906270848598   723.1911579098349
0.2618058627210567   564.3116721435963   694.9410879627593
0.2694808184095226   537.7623844245664   666.3597689897989
0.27738076884870827   507.2637977168874   637.2971450107905
0.2855123098601282   474.6891835818834   608.8706759238523
0.29388223062474755   443.1814619162394   581.6576042954376
0.3024975193514008   415.7278534182762   556.4819805332577
0.31136536911138296   393.3288459046834   533.5398092562157
0.3204931838440838   374.493562938753   511.85526553903384
0.32988858453867975   356.6272691539311   491.2617709003672
0.3395594155970457   337.60788511700764   471.0930365162608
0.34951375138319807   317.19019641609805   451.3212586447592
0.3597599029647371   296.97642854631664   432.44564967398367
0.37030642505191835   278.7253126256867   414.6613887092105
0.3811621231401457   263.0512409656972   397.93737171666345
0.3923360608618501   249.10673637153488   382.1379545440889
0.4038375675538918   235.45841514026583   366.9676433031035
0.41567624604680364   221.47871063143077   352.33363175697076
0.42786198068238046   207.7277314622628   338.33398098682176
0.4404049455663077   195.08344986397762   325.06792646109403
0.4533156130627191   183.79241547144125   312.46845851062335
0.4666047625377753   173.3043728843878   300.4888932282317
0.4802834893595659   163.04519119365028   289.0284888778836
0.49436321416184764   153.0361621211976   278.02991693738625
0.5088556923793517   143.67293539516714   267.5707142747465
0.5237730240626238   135.08999067627607   257.64382486527035
0.5391276639805903   127.036532591595   248.16402970684172
0.5549324320192869   119.29071395464142   239.10272968839166
0.5712005238854289   111.92579364835858   230.43425779284343
0.5879455221237613   105.06707272586179   222.18148220618014
0.6051814074573895   98.65407141267087   214.3104689671249
0.622922570460556   92.56809966711528   206.7743613363589
0.6411838235736077   86.81080606875625   199.56519321609704
0.6599804134701901   81.4187209772973   192.6883218027431
0.6793280337869897   76.35323253316623   186.1081258462143
0.6992428382266549   71.58525285089866   179.8102407425532
0.7197414540448374   67.09758175668006   173.78281145717838
0.7408409959326054   62.87560697078109   168.01057045628608
0.7625590803058332   58.90533445880218   162.47914523936066
0.7849138400134885   55.17333943281661   157.1750899826537
0.8079239394770964   51.66675911530395   152.08581980441707
0.8316085902740278   48.373283856001464   147.19955022269428
0.8559875671776167   45.2811468122152   142.50524136165376
0.8810812246675007   42.37903606126082   137.992364867692
0.9069105139239728   39.65586308965038   133.6502854656733
0.9334970003205227   37.101061066182844   129.46888054878843
0.960862881429187   34.704657398959945   125.43872159947647
0.9890310055537336   32.457242154383756   121.55102489312131
1.0180248908061487   30.349938043014344   117.79760630527875
1.047868744742366   28.374371903498627   114.17083985037728
1.0785874845736239   26.52264807436032   110.66361597026189
1.1102067579703248   24.78735015956185   107.26907969330622
1.1427529644757777   23.161523157218525   103.98049945607204
1.1762532775476793   21.63860197178886   100.79160618682852
1.210735667245765   20.21238775080887   97.69659574083241
1.246228923584555   18.877029602317677   94.69009872087007
1.2827626805706884   17.62700705985669   91.76715272603778
1.3203674409449337   16.457113277283025   88.9231767836946
1.3590746016495152   15.362438078666068   86.15395027076906
1.3989164800420282   14.33834463388645   83.45561582756004
1.4399263408778291   13.380460807729479   80.82464487110708
1.4821384240834183   12.484671304303685   78.25780021007068
1.525587973344019   11.647103722892984   75.75211847733604
1.5703112655292182   10.86411520155263   73.30489393888877
1.6163456409812174   10.132279722335072   70.91366326749821
1.6637295346910133   9.448376050701745   68.57619117389011
1.7125025083885144   8.80937617034819   66.29056389794034
1.7627052835733923   8.212434171009688   64.05543417981382
1.814379775514258   7.654876333631367   61.869662370424855
1.8675691282445197   7.134191429685227   59.73221255152702
1.922317750584177   6.648021423805143   57.64214516724608
1.9786713532176083   6.194152664822115   55.59860988872053
2.0366769868582977   5.7705075427739425   53.60083869620071
2.0963830815323896   5.375136565534239   51.64814461812142
2.1578394870138577   5.0062099222726415   49.74013540508498
2.2210975144450407   4.6620104198378955   47.876743088522794
2.286209979177315   4.340928267446007   46.05789895889797
2.3532312448676476   4.041454762212762   44.28350880423071
2.4222172688678643   3.7621762247933366   42.553451967739115
2.4932256489445366   3.501768277648175   40.86758052217327
2.5663156713684585   3.2589904481285212   39.22571856225643
2.641548360413907   3.0326813072241605   37.62770896894677
2.7189865293089923   2.8217553105371667   36.07377099419756
2.798694832679631   2.62519677922481   34.56422948575091
2.8807398205309562   2.442054523225637   33.09927478251209
2.9651899938111903   2.2714379514395135   31.67896857963192
3.05211586160442   2.112513409058405   30.303252073870198
3.1415899999999994   1.9645007202117137   28.971954086302407
