0.01   14840.456068246487   14836.297847471104
0.010293154462191829   14998.163156512495   14993.649309100902
0.010594902878253955   15150.07168241671   15145.171549089802
0.010905497183778876   15295.753604558027   15290.434126499114
0.011225196699963396   15434.76497162497   15428.98941189434
0.011554268350120923   15566.660561124103   15560.388409215982
0.011892986882540897   15690.992140551663   15684.17921861201
0.012241635099881474   15807.29192666465   15799.890873054746
0.012600504095286909   15915.08899527211   15907.049498493463
0.012969893495426888   16013.917648791497   16005.186535185956
0.013350111710660605   16103.303700084616   16093.823954417829
0.013741476192534558   16182.764481478254   16172.47415324552
0.014144313698828986   16251.828080146972   16240.660406011211
0.01455896056637426   16310.030574502336   16297.914196471822
0.014985762991865008   16356.900158561597   16343.759342707572
0.01542507732090645   16391.978033854342   16377.733000362427
0.015877270345534218   16414.826506717814   16399.39369544324
0.016342719610456153   16425.01768915008   16408.30763055519
0.016821813728271667   16422.13813385723   16404.053677659987
0.017314952703931925   16405.80478853313   16386.24164200107
0.017822548268711737   16375.665692703727   16354.51341040656
0.01834502422397195   16331.397096146171   16308.540732524514
0.018882816794999403   16272.71376562335   16248.03493567381
0.019436374995219892   16199.374600528352   16172.752395682168
0.02000616100108813   16111.196640347545   16082.507802762217
0.020592650537967844   16008.053892561276   15977.173337978631
0.021196333277324068   15889.871148182985   15856.67319468182
0.02181771324555934   15756.6451632576   15721.005932886295
0.022457309244835088   15608.472700654169   15570.274037335123
0.02311565528622961   15445.510333423419   15404.64138302316
0.023793301035594242   15267.977547797695   15224.336527670745
0.024490812272480036   15076.240349155973   15029.741449028545
0.025208771362518027   14870.764802376145   14821.342074639828
0.0259477777436476   14652.06147910024   14599.669198343545
0.02670844842659881   14420.765007232047   14365.380122924724
0.027491418510046592   14177.699036964545   14119.325205291032
0.028297341710866907   13923.723003090088   13862.390149562449
0.029126890909937666   13659.741458465804   13595.505776439693
0.029980758713939952   13386.900647552835   13319.851456317083
0.030859658033628758   13106.432113213263   13036.692872106623
0.031764322679055976   12819.537397920183   12747.262468475898
0.03269550797224261   12527.553601406822   12452.923744842641
0.033653991377811755   12232.017113267026   12155.234177215767
0.03464057315210884   11934.395037050142   11855.678150534399
0.03565607701135116   11636.110880708728   11555.691531078524
0.036701350819364466   11338.777818348128   11256.888776123807
0.03777726729548091   11043.975091344864   10960.845105522878
0.038884724743189276   10753.141237752976   10668.992449398806
0.04002464780014597   10467.695385004532   10382.726037675904
0.041197988210172884   10189.052324278491   10103.418396935629
0.04240572561788674   9918.478799956416   9832.295062737276
0.04364886838662332   9657.059194297186   9570.392101439988
0.04492845444033957   9405.594430233154   9318.424957129786
0.04624555213019635   9164.740656032473   9076.960792422195
0.04760126112654554   8935.055180015035   8846.47520416917
0.04899671333706607   8716.798211915348   8627.144160476322
0.05043307385181555   8509.97460894535   8418.886386408702
0.05191154191598653   8314.559151302761   8221.597237207085
0.053433351931179485   8129.8050269091145   8034.498340875851
0.05499977448602865   7953.511342486897   7855.450250919892
0.05661211741704101   7783.460446085909   7682.306754174904
0.05827172690053434   7617.727324830825   7513.221496733299
0.05997998857658587   7454.796366764348   7346.774403863341
0.06173832870592997   7293.293072589972   7181.688938012147
0.0635482153607709   7131.442190966798   7016.387904745616
0.06541115965050462   6967.021025228478   6848.957641081967
0.06732871698337338   6797.905035525273   6677.6023067577735
0.06930248836510605   6621.682042295716   6500.41517653789
0.07133412173562886   6436.080459973743   6315.651133358219
0.07342531334496233   6239.4859807348685   6122.2130869336315
0.07557780916945323   6030.954290357659   5919.643974053502
0.07779340636952398   5810.646987427553   5708.391936028056
0.08007395479015682   5580.384963229262   5490.290562808588
0.08242135850536496   5342.642347028459   5267.673785268269
0.08483757740794096   5100.956590219216   5043.756935499334
0.08732462884580919   4859.049370317987   4821.760299767587
0.08988458930634863   4621.015115266069   4604.972997226115
0.09251959615009227   4390.652705744794   4396.34334815347
0.09523184939525078   4171.484141090493   4198.4892516893005
0.09802361355455057   3966.811342183025   4013.641332459192
0.10089721952591899   3779.5959666708313   3843.6113885755067
0.10385506653859616   3611.889465037928   3689.4681232205994
0.10689962415629803   3464.863007853041   3551.6325307808356
0.11003343433910281   3337.334012991069   3428.6660161414493
0.11325911356578279   3226.9051166839276   3318.2674784202636
0.11657935501835284   3128.9618964774368   3216.826617023721
0.11999693083066039   3038.3114563226572   3120.545688024824
0.12351469440289359   2949.329061506592   3025.694912969468
0.12713558278394044   2856.9910764990136   2929.127000951319
0.13086261912358757   2757.2178286965654   2828.479350018736
0.13469891519660646   2647.668143655353   2722.741516807368
0.13864767400083483   2527.9530924628293   2612.2844704017025
0.14271219243142114   2399.927015370985   2498.94702448334
0.14689586403346616   2267.183545394425   2385.1936421540645
0.1512021818353596   2134.290809300851   2273.6610820972433
0.15563474126517718   2006.3053531347214   2167.023665564562
0.16019724315257297   1888.4726478288483   2068.085042652071
0.1648934968186736   1785.0831754343276   1978.4601315860757
0.1697274232565544   1697.909879107634   1898.4200064213762
0.17470305840495237   1625.3019485955408   1826.7117163550868
0.17982455651794954   1562.8898081527564   1760.525594967746
0.18509619363343993   1505.6552618093203   1697.4608799304365
0.19052237114327647   1448.9224842353915   1635.6270025060917
0.19610761946807834   1388.4089789580719   1573.3131457768377
0.20185660183976684   1321.4163910527377   1509.6492793801785
0.20777411819498756   1248.6839060044406   1445.6312185871209
0.21386510918267082   1174.156418388826   1383.0659148290447
0.22013466028907505   1102.3299896212536   1323.3693747752907
0.22658800608375756   1036.8515035030828   1267.432094702589
0.23323053459001789   980.0224903321518   1215.918197282772
0.2400677917834628   931.7912811198961   1168.2189822175799
0.24710548622244882   889.5805595126902   1123.188641922156
0.25434949381426813   849.7905966104761   1080.0464842710549
0.2618058627210567   809.1260453267248   1038.0046463547826
0.2694808184095226   765.9222404692033   996.7070715767479
0.27738076884870827   721.3436673554254   956.4898633640844
0.2855123098601282   678.0309107417748   918.1578921380111
0.29388223062474755   638.1694145283736   881.8350040224825
0.3024975193514008   602.9510472060259   847.4617850508655
0.31136536911138296   571.7594407508689   815.034934776043
0.3204931838440838   542.5518906231657   784.0485319336215
0.32988858453867975   513.6451198464025   754.1355007185817
0.3395594155970457   484.47360420555697   725.4581210095446
0.34951375138319807   455.8004917833997   697.8327281795575
0.3597599029647371   428.99257247919843   671.5628222711148
0.37030642505191835   404.5959295214766   646.6151164330233
0.3811621231401457   382.19788627800165   622.8196317514263
0.3923360608618501   360.92431162395354   600.0691158958866
0.4038375675538918   340.16393689827527   578.2751140425568
0.41567624604680364   320.06679364055725   557.3730591420692
0.42786198068238046   301.1494677302721   537.4344989147138
0.4404049455663077   283.60230976875187   518.4325324527849
0.4533156130627191   267.1902805524467   500.2681329809369
0.4666047625377753   251.54592074235202   482.875638107666
0.4802834893595659   236.57740554367714   466.2322431753255
0.49436321416184764   222.42761344849384   450.31082638322897
0.5088556923793517   209.17708182174752   435.0973111995946
0.5237730240626238   196.71420953859993   420.5420335172466
0.5391276639805903   184.90183980062326   406.58941121378626
0.5549324320192869   173.71548114421   393.23005940586796
0.5712005238854289   163.1864517842634   380.42944271159934
0.5879455221237613   153.28350545215858   368.16691022778787
0.6051814074573895   143.93831933177276   356.4010471494946
0.622922570460556   135.1177814773893   345.1053426067064
0.6411838235736077   126.81420916929962   334.2637278746104
0.6599804134701901   118.9991627335133   323.8492659406505
0.6793280337869897   111.63883865563518   313.8350988144887
0.6992428382266549   104.70891372571923   304.2005053529446
0.7197414540448374   98.1883172670698   294.9260920559478
0.7408409959326054   92.05527122836921   285.99158160581237
0.7625590803058332   86.288039786742   277.3767008648416
0.7849138400134885   80.86598683218912   269.0625126649148
0.8079239394770964   75.76956157546728   261.0313720587814
0.8316085902740278   70.98024655941369   253.26683724317786
0.8559875671776167   66.48050784062286   245.75358785769004
0.8810812246675007   62.25374727061763   238.4773499787789
0.9069105139239728   58.284269938969906   231.42471245483384
0.9334970003205227   54.5573195593836   224.58232581233528
0.960862881429187   51.05895893464954   217.9374176581635
0.9890310055537336   47.7759817064616   211.47816884372372
1.0180248908061487   44.69587922579131   205.1936557829179
1.047868744742366   41.80680877214996   199.073795181145
1.0785874845736239   39.09756282911239   193.10929313622657
1.1102067579703248   36.55753941193877   187.29159815484996
1.1427529644757777   34.176704045827655   181.61289503943547
1.1762532775476793   31.94554249081237   176.06615267811642
1.210735667245765   29.855066964727655   170.6449688589417
1.246228923584555   27.896797286822057   165.3435044278326
1.2827626805706884   26.06273459223381   160.15645150753735
1.3203674409449337   24.345336234549908   155.0790035192285
1.3590746016495152   22.737491835226766   150.10682678631144
1.3989164800420282   21.23250045100491   145.2360389049872
1.4399263408778291   19.824049726477643   140.46362217686027
1.4821384240834183   18.506195491827555   135.78764823015146
1.525587973344019   17.273340226599185   131.2064749299902
1.5703112655292182   16.120214162901128   126.71864754550641
1.6163456409812174   15.041857479289934   122.32288448112138
1.6637295346910133   14.033603358374378   118.01806334032247
1.7125025083885144   13.09106187390684   113.80320730398765
1.7627052835733923   12.21010457312869   109.67751807636822
1.814379775514258   11.386848245240197   105.6411660785652
1.8675691282445197   10.617641870997575   101.69503686045168
1.922317750584177   9.89905529566755   97.8398959865951
1.9786713532176083   9.227866701519819   94.07636148397386
2.0366769868582977   8.601050673248707   90.40490636784072
2.0963830815323896   8.015766893017094   86.82586146648873
2.1578394870138577   7.469349435896828   83.33941853030764
2.2210975144450407   6.959296372745013   79.94571561282918
2.286209979177315   6.4832586470966795   76.64534212067912
2.3532312448676476   6.039032580780009   73.43890920020122
2.4222172688678643   5.624552219725333   70.32675636560667
2.4932256489445366   5.237881113809943   67.30896574413906
2.5663156713684585   4.877204554295528   64.38537794853755
2.641548360413907   4.5408222500802085   61.555607927734805
2.7189865293089923   4.227141419953952   58.819060720245446
2.798694832679631   3.9346710812464516   56.17503677319841
2.8807398205309562   3.6620175074772803   53.622942108020915
2.9651899938111903   3.40787566382664   51.16201159918984
3.05211586160442   3.171023226977682   48.79125538458096
3.1415899999999994   2.950315610545651   46.50948043620747
