0.01   21045.94769635145   21043.185210415206
0.010293154462191829   21164.748414667345   21161.81378307784
0.010594902878253955   21271.31796840107   21268.196476421144
0.010905497183778876   21365.0612790779   21361.738049286017
0.011225196699963396   21445.390385475584   21441.850234089048
0.011554268350120923   21511.691418363847   21507.91782811989
0.011892986882540897   21563.357298374754   21559.332128247064
0.012241635099881474   21599.804415933268   21595.50796665114
0.012600504095286909   21620.44783122529   21615.858615229998
0.012969893495426888   21624.703757352414   21619.798275308698
0.013350111710660605   21612.022995422376   21606.775859583115
0.013741476192534558   21581.879373199077   21576.263205099793
0.014144313698828986   21533.733530060505   21527.718260544538
0.01455896056637426   21467.083513713176   21460.63643105056
0.014985762991865008   21381.478993520603   21374.564922305217
0.01542507732090645   21276.49256293992   21269.072918543723
0.015877270345534218   21151.735739837106   21143.7680247113
0.016342719610456153   21006.88921860574   20998.327459920387
0.016821813728271667   20841.695109331467   20832.48964491541
0.017314952703931925   20655.946250303856   20646.0427285148
0.017822548268711737   20449.516189868842   20438.856084181112
0.01834502422397195   20222.367284691958   20210.888852975582
0.018882816794999403   19974.555538205634   19962.195886544676
0.019436374995219892   19706.23265488306   19692.929164957968
0.02000616100108813   19417.6482650231   19403.339512146355
0.020592650537967844   19109.18637089645   19093.8154437648
0.021196333277324068   18781.380150003144   18764.898919862837
0.02181771324555934   18434.860160157186   18417.229986012393
0.022457309244835088   18070.378077155547   18051.571714473135
0.02311565528622961   17688.919172644648   17668.92867520809
0.023793301035594242   17291.584045224892   17270.42241769023
0.024490812272480036   16879.542159389737   16857.242521262124
0.025208771362518027   16454.21106703023   16430.832598989276
0.0259477777436476   16017.226256287975   15992.859011217015
0.02670844842659881   15570.227611611866   15544.989395208106
0.027491418510046592   15114.96887364897   15089.005024419226
0.028297341710866907   14653.570531373076   14627.060478647318
0.029126890909937666   14188.133870148939   14161.287513756493
0.029980758713939952   13720.679259833176   13693.731027692358
0.030859658033628758   13253.560468779044   13226.763828166278
0.031764322679055976   12789.240046092138   12762.862045287304
0.03269550797224261   12329.941185968142   12304.257160516114
0.033653991377811755   11877.897429079481   11853.181864417458
0.03464057315210884   11435.593275594321   11412.10725316226
0.03565607701135116   11005.233364700407   10983.222206583825
0.036701350819364466   10588.74998850557   10568.43786270217
0.03777726729548091   10188.224469638435   10169.778009220303
0.038884724743189276   9805.58479405192   9789.103776865875
0.04002464780014597   9442.400894711547   9427.927398030977
0.041197988210172884   9099.818419301046   9087.317941079496
0.04240572561788674   8778.57579616442   8767.910257757092
0.04364886838662332   8479.21276693713   8470.153379334577
0.04492845444033957   8202.110465576347   8194.333984328383
0.04624555213019635   7947.486533765317   7940.506055235487
0.04760126112654554   7715.47510963234   7708.634867182606
0.04899671333706607   7505.991200121133   7498.490862539474
0.05043307385181555   7316.583946054812   7307.590846243451
0.05191154191598653   7143.4245886690605   7132.142633139562
0.053433351931179485   6983.060261593661   6968.724797799385
0.05499977448602865   6832.9143678645005   6814.773968222597
0.05661211741704101   6691.029673686378   6668.335005069861
0.05827172690053434   6555.323113092941   6527.358135021008
0.05997998857658587   6422.096551456971   6388.362116380028
0.06173832870592997   6287.265130154465   6247.546201743711
0.0635482153607709   6146.6139147948825   6101.099830603797
0.06541115965050462   5995.528545481513   5945.011033462808
0.06732871698337338   5829.958676566369   5775.832811746042
0.06930248836510605   5646.980075618996   5591.3037368600335
0.07133412173562886   5444.643009933526   5390.063903591711
0.07342531334496233   5223.236135469445   5172.822932401146
0.07557780916945323   4984.595745446278   4941.6548921556605
0.07779340636952398   4732.26900608214   4700.123815184233
0.08007395479015682   4470.914644821784   4452.711874381499
0.08242135850536496   4205.541983576365   4204.013099081001
0.08483757740794096   3941.2360609573375   3958.5280217704217
0.08732462884580919   3683.90853054706   3721.2859859725468
0.08988458930634863   3439.426737775962   3497.150578370421
0.09251959615009227   3213.777395106469   3290.7934542953644
0.09523184939525078   3011.931559374566   3105.8790476486733
0.09802361355455057   2837.786380657204   2944.9622106068164
0.10089721952591899   2692.9624390100066   2808.7398263596006
0.10385506653859616   2576.4709293068117   2695.593291363913
0.10689962415629803   2485.2783436975005   2602.471415684015
0.11003343433910281   2414.1379577254984   2524.7671610196985
0.11325911356578279   2356.6109641898124   2457.077378872248
0.11657935501835284   2305.4505824857197   2393.6151216906464
0.11999693083066039   2253.045781721052   2328.96454141499
0.12351469440289359   2192.4500032140572   2258.3992640659308
0.12713558278394044   2118.229045877917   2178.3589589616367
0.13086261912358757   2027.664988913864   2088.031748135166
0.13469891519660646   1920.7945062315177   1988.45079111165
0.13864767400083483   1800.4423492756362   1881.8479483304134
0.14271219243142114   1672.173732696284   1772.21191719578
0.14689586403346616   1543.9916636895707   1664.9893344248765
0.1512021818353596   1424.8908516262043   1565.7576365537607
0.15563474126517718   1322.4106726200089   1478.4161315332656
0.16019724315257297   1239.9729335016987   1404.6835389996015
0.1648934968186736   1177.0065206465326   1343.0001954670222
0.1697274232565544   1130.512946158864   1290.9341528039217
0.17470305840495237   1095.5902949452302   1245.5833442567146
0.17982455651794954   1065.1131294703648   1202.7281627718871
0.18509619363343993   1030.9916565379174   1158.3385381033142
0.19052237114327647   987.4914205533552   1109.920372000651
0.19610761946807834   933.5485165561892   1057.9541276253092
0.20185660183976684   871.8055471957947   1004.7290038607615
0.20777411819498756   807.3000681948355   951.7368301411407
0.21386510918267082   746.5053423391246   902.0758851866248
0.22013466028907505   694.8283377608811   857.7718880938799
0.22658800608375756   654.3774846385927   818.6173976058616
0.23323053459001789   623.9269288735184   784.1989059883983
0.2400677917834628   599.3176353930448   752.385702503487
0.24710548622244882   574.8500076136281   721.3444778487561
0.25434949381426813   546.628627926274   689.9450706011437
0.2618058627210567   514.0189519830847   658.8232176598384
0.2694808184095226   478.9355187601787   627.9704430945345
0.27738076884870827   445.21592937986156   598.6764594590031
0.2855123098601282   416.27024649637696   571.7121740425492
0.29388223062474755   392.80839762661947   547.1703178418088
0.3024975193514008   373.23398385938594   523.8996027586462
0.31136536911138296   354.68429972529543   501.87548219480766
0.3204931838440838   334.8681567873355   480.3507681014653
0.32988858453867975   313.78557165171634   459.57367793013674
0.3395594155970457   293.03127456741925   439.66949241399533
0.34951375138319807   274.314803589558   420.9176466724067
0.3597599029647371   258.24453000325366   403.4429706671094
0.37030642505191835   243.90520397660111   386.81680572161355
0.3811621231401457   229.9254363767504   370.93894440564236
0.3923360608618501   215.79226276195809   355.715398808165
0.4038375675538918   201.9849891906989   341.1550191941848
0.41567624604680364   189.30072414820847   327.397300144224
0.42786198068238046   177.8904840244757   314.3824122906855
0.4404049455663077   167.303367007714   302.00267377050443
0.4533156130627191   157.03310686404507   290.1968130620311
0.4666047625377753   147.12014140780585   278.92242198001935
0.4802834893595659   137.85040480637727   268.20122446884994
0.49436321416184764   129.31894562858707   258.0408801252022
0.5088556923793517   121.32195646655114   248.36655844123578
0.5237730240626238   113.69508373124786   239.12355836556864
0.5391276639805903   106.48320874130323   230.3215592590414
0.5549324320192869   99.75631211236404   221.94718993657366
0.5712005238854289   93.46764438040597   213.97456283482612
0.5879455221237613   87.5312519927568   206.37383964331883
0.6051814074573895   81.9387360614423   199.1066557125437
0.622922570460556   76.70404280596514   192.1895677970148
0.6411838235736077   71.79487534739378   185.58817330779516
0.6599804134701901   67.17805943328439   179.2797051829358
0.6793280337869897   62.84595752407085   173.25464528225856
0.6992428382266549   58.78395412729495   167.49833775304555
0.7197414540448374   54.975626132649595   161.995082792578
0.7408409959326054   51.40553640728951   156.73021885823962
0.7625590803058332   48.059174893731644   151.69004686292217
0.7849138400134885   44.92290278066011   146.8617601191785
0.8079239394770964   41.98390009982341   142.2333799454756
0.8316085902740278   39.23013589647109   137.79364012668248
0.8559875671776167   36.65047203934157   133.53146943353
0.8810812246675007   34.23449134148109   129.43624621905164
0.9069105139239728   31.972350537565337   125.49806234123982
0.9334970003205227   29.854751727437662   121.70767457519759
0.960862881429187   27.872916010818187   118.05645695608003
0.9890310055537336   26.018558082932273   114.53635709059594
1.0180248908061487   24.283860241979585   111.13983969162605
1.047868744742366   22.66141830237329   107.85950826157361
1.0785874845736239   21.144230107554293   104.68812717916693
1.1102067579703248   19.72570932802935   101.61895933590112
1.1427529644757777   18.399663599770832   98.64574721035349
1.1762532775476793   17.160272293961633   95.76268075891694
1.210735667245765   16.002065445251258   92.96436802590844
1.246228923584555   14.9199038171691   90.24580752173107
1.2827626805706884   13.908962533397041   87.60230697821855
1.3203674409449337   12.964714109699793   85.02942708399209
1.3590746016495152   12.082906637305802   82.52305958614454
1.3989164800420282   11.259547524177265   80.07941758485782
1.4399263408778291   10.490888590283445   77.69501661066624
1.4821384240834183   9.773411950652468   75.36665711336639
1.525587973344019   9.103816649573078   73.09140822521267
1.5703112655292182   8.479005647950911   70.86664863231319
1.6163456409812174   7.896073224730786   68.6901652079316
1.6637295346910133   7.352294832060537   66.55997697143805
1.7125025083885144   6.8451165925745014   64.47428536280489
1.7627052835733923   6.372145121281201   62.43146396466934
1.814379775514258   5.931137915373363   60.43004869520309
1.8675691282445197   5.519994283187353   58.46872841366326
1.922317750584177   5.136746689935678   56.54639244204936
1.9786713532176083   4.779552256364168   54.66239751085557
2.0366769868582977   4.44668564577468   52.8162999279066
2.0963830815323896   4.136532106120894   51.00770709191025
2.1578394870138577   3.8475806704714635   49.23627264950667
2.2210975144450407   3.578417753053279   47.501692041221
2.286209979177315   3.3277211199591434   45.80369814935995
2.3532312448676476   3.0942541534765198   44.14207719528
2.4222172688678643   2.876859862682802   42.516891604326176
2.4932256489445366   2.6744563187492907   40.92835595723225
2.5663156713684585   2.486032485693937   39.37664587221321
2.641548360413907   2.310643733697719   37.86189421681923
2.7189865293089923   2.147407614832203   36.38419121593682
2.798694832679631   1.9954998971204683   34.94358467025897
2.8807398205309562   1.8541508679741385   33.54008705486093
2.9651899938111903   1.7226426347843833   32.17389000384381
3.05211586160442   1.6003057270678105   30.845366855690084
3.1415899999999994   1.4865149078991147   29.554787028541597
