0.01   14767.889277658549   14764.959425542245
0.010293154462191829   14924.024097471769   14920.834975841279
0.010594902878253955   15074.248424883994   15070.775969632403
0.010905497183778876   15218.108990715844   15214.326238190959
0.011225196699963396   15355.13725922986   15351.015025975792
0.011554268350120923   15484.848416887233   15480.356130537808
0.011892986882540897   15606.757553562189   15601.863371697336
0.012241635099881474   15720.374173927614   15715.04473080831
0.012600504095286909   15825.181028515462   15819.380233090875
0.012969893495426888   15920.659334550088   15914.348149381478
0.013350111710660605   16006.296992199335   15999.43348468889
0.013741476192534558   16081.570641139677   16074.109275161829
0.014144313698828986   16145.952651767158   16137.843781242524
0.01455896056637426   16198.930498220117   16190.120537242346
0.014985762991865008   16239.998166851417   16230.429673487748
0.01542507732090645   16268.641487927347   16258.253079454369
0.015877270345534218   16284.366686837588   16273.093320847081
0.016342719610456153   16286.706003213043   16274.479129830072
0.016821813728271667   16275.201791058367   16261.947646099232
0.017314952703931925   16249.420596404716   16235.059586362771
0.017822548268711737   16208.96849779835   16193.415803136764
0.01834502422397195   16153.491118158414   16136.657193234607
0.018882816794999403   16082.674894397676   16064.465929338212
0.019436374995219892   15996.256702906285   15976.575481851018
0.02000616100108813   15894.030994599469   15872.778050534593
0.020592650537967844   15775.866977225312   15752.942651559244
0.021196333277324068   15641.69994484486   15617.005813095193
0.02181771324555934   15491.529220130735   15464.969277277154
0.022457309244835088   15325.463011215546   15296.947013287596
0.02311565528622961   15143.72260835212   15113.169524035437
0.023793301035594242   14946.594207717706   14913.933196344584
0.024490812272480036   14734.462403907492   14699.635834721585
0.025208771362518027   14507.901507672173   14470.873505518673
0.0259477777436476   14267.564475901441   14228.322529901801
0.02670844842659881   14014.160699144322   13972.715530377382
0.027491418510046592   13748.614001431162   13705.004261781653
0.028297341710866907   13472.000760454705   13426.295549316423
0.029126890909937666   13185.406700071728   13137.703481186707
0.029980758713939952   12890.047843816339   12840.472763246693
0.030859658033628758   12587.426712526085   12536.137929412913
0.031764322679055976   12279.034073604009   12226.218695695563
0.03269550797224261   11966.33049495244   11912.2005683857
0.033653991377811755   11651.00926667855   11595.798527485858
0.03464057315210884   11334.804590056987   11278.764495562686
0.03565607701135116   11019.321571910012   10962.716785145312
0.036701350819364466   10706.310680582543   10649.402330061728
0.03777726729548091   10397.791754163223   10340.81525383735
0.038884724743189276   10095.607113963539   10038.770637582556
0.04002464780014597   9801.333623964116   9744.81830956253
0.041197988210172884   9516.06514356907   9460.023248114068
0.04240572561788674   9240.65399684196   9185.20977140048
0.04364886838662332   8975.856338813743   8921.105014082477
0.04492845444033957   8722.992147715835   8668.921185635389
0.04624555213019635   8483.922618352062   8430.336763162364
0.04760126112654554   8260.312484354392   8206.848110583192
0.04899671333706607   8052.7665573073045   7998.9398683217305
0.05043307385181555   7859.759511362554   7805.054238169109
0.05191154191598653   7679.600036034573   7623.480955176331
0.053433351931179485   7510.714511096668   7452.629079137643
0.05499977448602865   7351.591792579791   7290.972693723516
0.05661211741704101   7200.818924884194   7137.087138804236
0.05827172690053434   7056.640017689499   6989.254594636087
0.05997998857658587   6916.837399045145   6845.35883093747
0.06173832870592997   6779.218633435065   6703.330836472122
0.0635482153607709   6641.085021864419   6560.724854225645
0.06541115965050462   6499.6680705419685   6415.07383137438
0.06732871698337338   6352.035969361132   6263.866974332108
0.06930248836510605   6195.088717653727   6104.550754822608
0.07133412173562886   6026.217961668937   5935.0651830992365
0.07342531334496233   5843.514792600136   5754.076886506821
0.07557780916945323   5645.926549286175   5561.022921229936
0.07779340636952398   5433.87961341241   5356.714826255385
0.08007395479015682   5208.831541816737   5142.785390379577
0.08242135850536496   4973.84532347405   4922.156738150739
0.08483757740794096   4732.65168659206   4698.227445109341
0.08732462884580919   4489.696791592571   4474.92646369357
0.08988458930634863   4249.6038266947635   4256.137803278543
0.09251959615009227   4017.0247046579807   4045.589713175463
0.09523184939525078   3796.741411815476   3846.862823701701
0.09802361355455057   3592.9841208846747   3663.0388322406466
0.10089721952591899   3409.4231068515105   3496.5607518854786
0.10385506653859616   3248.756532904807   3349.034880830564
0.10689962415629803   3111.671972229902   3220.164661999537
0.11003343433910281   2997.3002234294045   3108.5858003645208
0.11325911356578279   2902.3228058856303   3011.5063349686657
0.11657935501835284   2822.0340701236955   2925.0983231268056
0.11999693083066039   2750.466685521866   2844.6368997940667
0.12351469440289359   2681.1641515192086   2765.616086532102
0.12713558278394044   2607.88534018798   2683.9907059931406
0.13086261912358757   2525.2260083967317   2596.453711574913
0.13469891519660646   2429.6511311902536   2501.1977719999218
0.13864767400083483   2320.0489175614166   2398.3968037509626
0.14271219243142114   2198.0117500176957   2290.007977018583
0.14689586403346616   2067.6002062661487   2178.506083760216
0.1512021818353596   1934.717783321696   2067.948195539653
0.15563474126517718   1806.4256366041434   1962.5975436149229
0.16019724315257297   1689.8191649191895   1865.8539088246089
0.1648934968186736   1590.3192009025547   1780.248481715516
0.1697274232565544   1509.8911654483577   1706.394361302585
0.17470305840495237   1446.6785004727026   1641.7687841177085
0.17982455651794954   1396.177220031348   1584.1609024391166
0.18509619363343993   1352.4612467267525   1530.277715994934
0.19052237114327647   1308.7682171490826   1477.0089849728793
0.19610761946807834   1258.6679030438347   1421.6585915655498
0.20185660183976684   1198.5883256740196   1363.0558275486308
0.20777411819498756   1129.5689421729435   1302.4822339243603
0.21386510918267082   1056.2312382771845   1242.6095503550632
0.22013466028907505   984.5694910336531   1185.1340805933103
0.22658800608375756   920.3845676553286   1132.1341274732172
0.23323053459001789   867.4006460769463   1084.1734502816971
0.2400677917834628   825.6419748081335   1041.3659600161911
0.24710548622244882   791.7545897387619   1001.5967975500362
0.25434949381426813   760.4379194221768   963.3889078049094
0.2618058627210567   726.4665814339122   925.6263780860135
0.2694808184095226   687.4324455379209   887.6218081543116
0.27738076884870827   644.8512529428136   850.526334191704
0.2855123098601282   602.4502562444573   814.5551085384352
0.29388223062474755   564.265635606915   781.0594179914197
0.3024975193514008   532.5527382487327   749.8159020856449
0.31136536911138296   506.27177198450727   720.5892100524294
0.3204931838440838   482.2912659377367   692.798696790729
0.32988858453867975   457.5335348699872   665.9155461712719
0.3395594155970457   430.83454676384673   639.5557283332358
0.34951375138319807   403.6852566791644   614.3269134135937
0.3597599029647371   378.52846603021214   590.4653217131971
0.37030642505191835   356.6749469959449   567.8140688847251
0.3811621231401457   337.56075575932533   546.4078484901778
0.3923360608618501   319.37939691522234   525.9930162618638
0.4038375675538918   300.87549056464087   506.2598779425543
0.41567624604680364   282.36985986261516   487.3341519725372
0.42786198068238046   265.0226482000454   469.32199631733477
0.4404049455663077   249.47932220911747   452.24581749332293
0.4533156130627191   235.26133868151595   435.9547843664276
0.4666047625377753   221.5324653449742   420.3640483285554
0.4802834893595659   208.04631724822406   405.38789027077786
0.49436321416184764   195.27290161957941   391.08630178516
0.5088556923793517   183.53642351012834   377.48588338495875
0.5237730240626238   172.627676518455   364.51073805398806
0.5391276639805903   162.1811990956581   352.0658953116833
0.5549324320192869   152.18685904151548   340.14251172478833
0.5712005238854289   142.8355947912797   328.7534788723835
0.5879455221237613   134.12202457860772   317.8722344597128
0.6051814074573895   125.88176928995023   307.44646847057044
0.622922570460556   118.0626131708789   297.4357775042257
0.6411838235736077   110.72427978941225   287.84975559799943
0.6599804134701901   103.84721334677809   278.66765298216717
0.6793280337869897   97.37191685802465   269.8567698137477
0.6992428382266549   91.27407887418143   261.3948555915225
0.7197414540448374   85.53499440022601   253.26258720207437
0.7408409959326054   80.13654300925086   245.4418692472146
0.7625590803058332   75.06120674792321   237.91574915613043
0.7849138400134885   70.29208309532406   230.66833892632005
0.8079239394770964   65.8128934268304   223.68474293091668
0.8316085902740278   61.607859392590164   216.9507229246954
0.8559875671776167   57.6611569265978   210.45139979762004
0.8810812246675007   53.95755578841938   204.17236901679775
0.9069105139239728   50.482685682162796   198.1002397654071
0.9334970003205227   47.22299017424842   192.22256604018764
0.960862881429187   44.16568257951723   186.52778278536988
0.9890310055537336   41.29870413584951   181.00514738501707
1.0180248908061487   38.61068440354414   175.64468580886003
1.047868744742366   36.090938887114696   170.43700430292773
1.0785874845736239   33.729480446527745   165.37302467962962
1.1102067579703248   31.516886170726   160.4442986466692
1.1427529644757777   29.444251866768756   155.64303552848816
1.1762532775476793   27.503166829636154   150.96206266827255
1.210735667245765   25.68568958156423   146.3947888502867
1.246228923584555   23.984324564019623   141.93517041574952
1.2827626805706884   22.39199949813653   137.57768376013044
1.3203674409449337   20.90203303206515   133.3174663426499
1.3590746016495152   19.50811384936794   129.15032749045065
1.3989164800420282   18.20429790780725   125.07247584077308
1.4399263408778291   16.98498979774865   121.08047869762646
1.4821384240834183   15.844923749450947   117.17124145829541
1.525587973344019   14.779145567260766   113.34198796434292
1.5703112655292182   13.782995453352038   109.59024166051202
1.6163456409812174   12.852091691557336   105.91385978232081
1.6637295346910133   11.98231522070415   102.31163752314086
1.7125025083885144   11.169794859596598   98.78298777681765
1.7627052835733923   10.410893264948824   95.32740208464496
1.814379775514258   9.702193680299187   91.94443154076961
1.8675691282445197   9.04048737113514   88.63367929241527
1.922317750584177   8.422761714186032   85.39479323165915
1.9786713532176083   7.846188911409817   82.22745888435317
2.0366769868582977   7.308114850055232   79.13151551772148
2.0963830815323896   6.806047135764182   76.10749051219116
2.1578394870138577   6.3376477719644555   73.156040120516
2.2210975144450407   5.900724995639698   70.27767906430877
2.286209979177315   5.493224557740175   67.47278408442335
2.3532312448676476   5.113221490623813   64.74159806840599
2.4222172688678643   4.7589123387804815   62.08423439780942
2.4932256489445366   4.42860783081474   59.500681869994864
2.5663156713684585   4.1207270889235526   56.99104132287137
2.641548360413907   3.833792517209415   54.555862977181
2.7189865293089923   3.5664205168343144   52.19554258156925
2.798694832679631   3.317315307617976   49.91022331937901
2.8807398205309562   3.085263651812566   47.69981346421873
2.9651899938111903   2.8691298707529107   45.564003895467884
3.05211586160442   2.6678511400432434   43.502285371747746
3.1415899999999994   2.4804329285145954   41.513958822348094
