0.01   345.8830846508776   345.8830739937334
0.010293154462191829   348.8973855232   348.8973715999096
0.010594902878253955   351.7353363901722   351.73531874897617
0.010905497183778876   354.3854860251568   354.3854649196042
0.011225196699963396   356.8364717799503   356.8364482141542
0.011554268350120923   359.0769339149885   359.07690958985603
0.011892986882540897   361.0944898600798   361.09446655175293
0.012241635099881474   362.87634582605256   362.8763250502136
0.012600504095286909   364.40997313774056   364.4099561310074
0.012969893495426888   365.6828727093328   365.68286016983734
0.013350111710660605   366.6824485963508   366.68244026891267
0.013741476192534558   367.3965492772411   367.3965439055971
0.014144313698828986   367.8134089799277   367.81340456975084
0.01455896056637426   367.9208612299799   367.92085655057645
0.014985762991865008   367.70711947508687   367.7071145889888
0.01542507732090645   367.16122702362753   367.1612231947961
0.015877270345534218   366.27267619951704   366.2726733155028
0.016342719610456153   365.03145850358055   365.03145223654076
0.016821813728271667   363.42870090156055   363.4286826339525
0.017314952703931925   361.45662784479845   361.4565854340803
0.017822548268711737   359.1082121592529   359.1081324358504
0.01834502422397195   356.377774246674   356.37764366662685
0.018882816794999403   353.26123638485416   353.261041164757
0.019436374995219892   349.75634922015445   349.75607576044973
0.02000616100108813   345.86273236769847   345.8623675984522
0.020592650537967844   341.5818314248608   341.5813629179934
0.021196333277324068   336.9174356878215   336.91685135831574
0.02181771324555934   331.87634321914373   331.8756304817296
0.022457309244835088   326.4673587828202   326.4665045986242
0.02311565528622961   320.7014203545211   320.70041202115743
0.023793301035594242   314.5939493729016   314.59277983649014
0.024490812272480036   308.16328960809733   308.1619598704985
0.025208771362518027   301.4291552365735   301.4276738476808
0.0259477777436476   294.41525447014766   294.41363806123917
0.02670844842659881   287.15059173210614   287.14886606618785
0.027491418510046592   279.6647761900124   279.6629752560223
0.028297341710866907   271.9888591924485   271.9870245746615
0.029126890909937666   264.16171960007057   264.1599021200449
0.029980758713939952   256.2235286360468   256.2217877432336
0.030859658033628758   248.21260110571723   248.21100318246684
0.031764322679055976   240.17137510005094   240.16999231696016
0.03269550797224261   232.14606232635984   232.14497158757874
0.033653991377811755   224.17894729950854   224.17822871524947
0.03464057315210884   216.3120689696411   216.3118027143616
0.03565607701135116   208.59742702314784   208.5976861290156
0.036701350819364466   201.08352710982584   201.08437641456575
0.03777726729548091   193.81170425719452   193.81320081796605
0.038884724743189276   186.81371684378217   186.8159053713643
0.04002464780014597   180.11352305351448   180.1164335123638
0.041197988210172884   173.7305297758878   173.7341795596963
0.04240572561788674   167.69061036609978   167.69499016162456
0.04364886838662332   162.0398388612378   162.04487803529784
0.04492845444033957   156.82064559127875   156.82621589718224
0.04624555213019635   152.06094936322097   152.06687497457347
0.04760126112654554   147.7369202126927   147.74299322315474
0.04899671333706607   143.80979207027676   143.81577854014202
0.05043307385181555   140.2443397802408   140.24998031512183
0.05191154191598653   137.0056266549241   137.01063325532985
0.053433351931179485   134.0609254549051   134.0649807206592
0.05499977448602865   131.37402397876366   131.3767864718756
0.05661211741704101   128.8915974924598   128.89271725683224
0.05827172690053434   126.55985522634482   126.55897876209701
0.05997998857658587   124.31348799445708   124.31029194109163
0.06173832870592997   122.0772238281127   122.07144728952926
0.0635482153607709   119.77348724840043   119.76495938456662
0.06541115965050462   117.31192406669938   117.30063100337817
0.06732871698337338   114.60787606927501   114.59397580736807
0.06930248836510605   111.5889208379414   111.57276815937098
0.07133412173562886   108.19784782410218   108.17999507949033
0.07342531334496233   104.40982349227106   104.39103714021007
0.07557780916945323   100.22546936456018   100.2067010642626
0.07779340636952398   95.68708389644782   95.66938966848824
0.08007395479015682   90.86097223886465   90.84543749306586
0.08242135850536496   85.84076196940812   85.82841636183703
0.08483757740794096   80.73126944947582   80.72302550044209
0.08732462884580919   75.64985149873944   75.64644686646308
0.08988458930634863   70.72341001745482   70.72527430597349
0.09251959615009227   66.0777081747509   66.08488770195868
0.09523184939525078   61.82831978426587   61.84037252676377
0.09802361355455057   58.07768754149286   58.09363633605377
0.10089721952591899   54.88655687614921   54.90499436065177
0.10385506653859616   52.28193113651602   52.30109217757594
0.10689962415629803   50.232552701818896   50.25037710618106
0.11003343433910281   48.67335241409993   48.68765129414462
0.11325911356578279   47.49368618364186   47.502586764011276
0.11657935501835284   46.55899219332283   46.56104425967299
0.11999693083066039   45.7142406785678   45.70857406977203
0.12351469440289359   44.79706696997433   44.78377843496277
0.12713558278394044   43.66069194753836   43.64094370977289
0.13086261912358757   42.19374621560388   42.1696894884264
0.13469891519660646   40.34423151645445   40.318814718781695
0.13864767400083483   38.12716581736446   38.103735709994865
0.14271219243142114   35.626182089165155   35.607981485938794
0.14689586403346616   32.98774019491973   32.97728832000707
0.1512021818353596   30.40360267428744   30.40196307435786
0.15563474126517718   28.066485594697554   28.072933638249868
0.16019724315257297   26.114991201912638   26.127110964975003
0.1648934968186736   24.6047866877661   24.618969484956573
0.1697274232565544   23.514963832374615   23.52717985457824
0.17470305840495237   22.766070762808113   22.7726081791819
0.17982455651794954   22.224234175438248   22.222385161363064
0.18509619363343993   21.708929156522892   21.69801543025462
0.19052237114327647   21.04217888367932   21.02414550049685
0.19610761946807834   20.118755386558927   20.09771584081588
0.20185660183976684   18.937089894854832   18.917789935539968
0.20777411819498756   17.581689536049648   17.568165181921106
0.21386510918267082   16.200418838985037   16.19495716843131
0.22013466028907505   14.957702997476254   14.95937037590691
0.22658800608375756   13.96672218413021   13.972094065469143
0.23323053459001789   13.252849529855368   13.256941366586082
0.2400677917834628   12.755064908273019   12.75387737337418
0.24710548622244882   12.343294326030074   12.334748775908219
0.25434949381426813   11.875930628641951   11.861436307926374
0.2618058627210567   11.272914170902874   11.25685005615447
0.2694808184095226   10.540989692266866   10.52771511244448
0.27738076884870827   9.763466147343381   9.755637738400473
0.2855123098601282   9.057759637669902   9.05487452948196
0.29388223062474755   8.498313238798206   8.496815514808322
0.3024975193514008   8.080396373134374   8.07635577694621
0.31136536911138296   7.735598620609932   7.7268188672194595
0.3204931838440838   7.373663343194347   7.361399454668862
0.32988858453867975   6.947188866157937   6.934776150574193
0.3395594155970457   6.47991094855069   6.470199774539778
0.34951375138319807   6.034556502478132   6.02793797729331
0.3597599029647371   5.661950416543656   5.656256185047468
0.37030642505191835   5.361303738017663   5.35372289272266
0.3811621231401457   5.087908059107972   5.077729888537957
0.3923360608618501   4.7994277679049135   4.78841512795562
0.4038375675538918   4.492795223388319   4.482978061829921
0.41567624604680364   4.198205178338302   4.190004778372664
0.42786198068238046   3.9419919158289574   3.934047259495496
0.4404049455663077   3.7196158949553335   3.7105062311910006
0.4533156130627191   3.506325202197162   3.4962406883041925
0.4666047625377753   3.2894587981545134   3.279653614009383
0.4802834893595659   3.078925429177527   3.0699554271402394
0.49436321416184764   2.888625203343278   2.879828557490954
0.5088556923793517   2.7169037309469966   2.707601100240518
0.5237730240626238   2.552380008450394   2.5427986695794518
0.5391276639805903   2.3917068758909132   2.382453419177159
0.5549324320192869   2.240933208597672   2.2320044044870335
0.5712005238854289   2.102797089155075   2.0937814102304966
0.5879455221237613   1.9728899225343834   1.9637876208378273
0.6051814074573895   1.8485698851092054   1.8396491946593052
0.622922570460556   1.731394892848097   1.722727927167436
0.6411838235736077   1.621650220137538   1.6131872063714667
0.6599804134701901   1.5188869892334207   1.5105825790187162
0.6793280337869897   1.4225905383847142   1.4144198473608385
0.6992428382266549   1.3322922484702289   1.3242467583864228
0.7197414540448374   1.2475649691079056   1.2396490200905093
0.7408409959326054   1.1680189292325436   1.1602467220391381
0.7625590803058332   1.093298079711395   1.0856911189342737
0.7849138400134885   1.0230904109529078   1.0156734787839752
0.8079239394770964   0.9571495466263851   0.9499436449293628
0.8316085902740278   0.8952481396573017   0.8882696893123978
0.8559875671776167   0.8371675626257707   0.8304289580229605
0.8810812246675007   0.7826979289510032   0.7762080421764692
0.9069105139239728   0.7316380677658582   0.7254027057243637
0.9334970003205227   0.6837954576970076   0.6778177753478283
0.960862881429187   0.6389842499843306   0.6332653958748024
0.9890310055537336   0.5970199278983479   0.5915604129071107
1.0180248908061487   0.5577267212850086   0.5525266516383375
1.047868744742366   0.5209394494883011   0.5159984298158863
1.0785874845736239   0.4865028951453201   0.4818199608814456
1.1102067579703248   0.4542712145798182   0.4498447891514558
1.1427529644757777   0.42410738269285836   0.4199352554704778
1.1762532775476793   0.39588288898664975   0.3919621464482227
1.210735667245765   0.3694781388510726   0.36580484828924836
1.246228923584555   0.3447809051048934   0.34135012750739735
1.2827626805706884   0.32168545850454405   0.3184913976795133
1.3203674409449337   0.3000922250752727   0.29712836416923216
1.3590746016495152   0.2799074593521554   0.27716668528438837
1.3989164800420282   0.2610429324755195   0.2585176489769683
1.4399263408778291   0.2434156001581669   0.24109782310448644
1.4821384240834183   0.22694711554268784   0.22482851692765166
1.525587973344019   0.2115637649023775   0.2096357488871116
1.5703112655292182   0.19719633340677323   0.1954501284508794
1.6163456409812174   0.18377984536823017   0.18220658517912625
1.6637295346910133   0.17125331780394643   0.16984411198170707
1.7125025083885144   0.1595595273554573   0.1583055226822689
1.7627052835733923   0.14864479364440275   0.14753722879694
1.814379775514258   0.1384588028020871   0.1374890716320351
1.8675691282445197   0.1289543845805881   0.12811407931481478
1.922317750584177   0.12008730250668044   0.11936823856155178
1.9786713532176083   0.11181608051460755   0.1112103168245659
2.0366769868582977   0.10410183940493323   0.10360169485215603
2.0963830815323896   0.09690814232296455   0.09650620865360511
2.1578394870138577   0.09020084639580968   0.08988999705775379
2.2210975144450407   0.0839479345836774   0.08372131908831362
2.286209979177315   0.07811940434877476   0.07797044714743956
2.3532312448676476   0.07268717317209847   0.07260958110009877
2.4222172688678643   0.06762496092496767   0.06761272801318181
2.4932256489445366   0.06290817844125916   0.06295558817900185
2.5663156713684585   0.05851382266137388   0.05861544804707598
2.641548360413907   0.05442037956875569   0.05457108208919136
2.7189865293089923   0.050607761998445584   0.05080270518507106
2.798694832679631   0.04705721036706824   0.047291865862215586
2.8807398205309562   0.04375117540424654   0.044021309291495614
2.9651899938111903   0.0406732424284505   0.04097490123648766
3.05211586160442   0.037808061415598615   0.03813755858707145
3.1415899999999994   0.035141281097751255   0.03549518390632014
