0.01   4912.72130756706   4912.179945625879
0.010293154462191829   4988.332266968936   4987.749385531246
0.010594902878253955   5063.022689378015   5062.394375476563
0.010905497183778876   5136.656562051763   5135.977733453726
0.011225196699963396   5209.0903272974465   5208.3552060600505
0.011554268350120923   5280.171652963398   5279.374428322294
0.011892986882540897   5349.744616963083   5348.879510069066
0.012241635099881474   5417.649220182261   5416.710369198751
0.012600504095286909   5483.717662497286   5482.698533377009
0.012969893495426888   5547.778338258772   5546.6715487700285
0.013350111710660605   5609.657401931241   5608.454714403817
0.013741476192534558   5669.173770764047   5667.866193271275
0.014144313698828986   5726.1399697201705   5724.717857876674
0.01455896056637426   5780.367662349871   5778.820734858965
0.014985762991865008   5831.666485865003   5829.983737862142
0.01542507732090645   5879.84074631107   5878.01016290129
0.015877270345534218   5924.694930595317   5922.703448570355
0.016342719610456153   5966.035141523702   5963.868653378534
0.016821813728271667   6003.6649158488435   6001.3080639633345
0.017314952703931925   6037.388041561333   6034.824105020545
0.017822548268711737   6067.012958619234   6064.2239003584555
0.01834502422397195   6092.35256656157   6089.319087972178
0.018882816794999403   6113.223969285389   6109.925570464058
0.019436374995219892   6129.451853523055   6125.86692476427
0.02000616100108813   6140.870372787547   6136.9762513458345
0.020592650537967844   6147.327049700458   6143.099765121829
0.021196333277324068   6148.682113758819   6144.096360445523
0.02181771324555934   6144.808350328241   6139.837653559378
0.022457309244835088   6135.599470037758   6130.216758229284
0.02311565528622961   6120.973964110009   6115.152306485901
0.023793301035594242   6100.866253464742   6094.579094802506
0.024490812272480036   6075.232679343633   6068.454120189835
0.025208771362518027   6044.074619643639   6036.779992323676
0.0259477777436476   6007.418273917028   5999.584438637219
0.02670844842659881   5965.307732091853   5956.913293128649
0.027491418510046592   5917.837480255233   5908.863819169137
0.028297341710866907   5865.150176313653   5855.5824015806975
0.029126890909937666   5807.403259045938   5797.230287132027
0.029980758713939952   5744.790627020427   5734.005394692474
0.030859658033628758   5677.592358537999   5666.19239850591
0.031764322679055976   5606.109198838587   5594.096626657347
0.03269550797224261   5530.650206129409   5518.031585134822
0.033653991377811755   5451.588199805449   5438.374846835647
0.03464057315210884   5369.3343760276575   5355.542402357886
0.03565607701135116   5284.292601861961   5269.942538437487
0.036701350819364466   5196.9247341003465   5182.039670570691
0.03777726729548091   5107.822383010889   5092.424459355113
0.038884724743189276   5017.567279906528   5001.677074238761
0.04002464780014597   4926.691608195992   4910.328490136392
0.041197988210172884   4835.556287903372   4818.742322608913
0.04240572561788674   4744.435065283848   4727.196564025576
0.04364886838662332   4653.589301033725   4635.956119104231
0.04492845444033957   4563.507850890466   4545.499685815224
0.04624555213019635   4475.006196963251   4456.613333666894
0.04760126112654554   4388.866599326873   4370.050059970211
0.04899671333706607   4305.705683586648   4286.4016807303615
0.05043307385181555   4225.5542950639   4205.689823933326
0.05191154191598653   4148.2653066794355   4127.7633175709325
0.053433351931179485   4073.686226693521   4052.466168932102
0.05499977448602865   4001.490946851157   3979.4723216036673
0.05661211741704101   3931.24001983193   3908.3450907862734
0.05827172690053434   3862.5102339632904   3838.6651501192173
0.05997998857658587   3794.7766855480154   3769.9229544893446
0.06173832870592997   3727.4519176470058   3701.554680759568
0.0635482153607709   3659.9716065329776   3633.0223255643555
0.06541115965050462   3591.7101958829066   3563.746104845438
0.06732871698337338   3522.0502419913837   3493.1605199572314
0.06930248836510605   3450.3390634012358   3420.682073068264
0.07133412173562886   3375.8240306690295   3345.659303683298
0.07342531334496233   3297.81524681608   3267.503505724652
0.07557780916945323   3215.685037306379   3185.7061347420213
0.07779340636952398   3128.92281311536   3099.8710279519028
0.08007395479015682   3037.3966295199352   3009.9791901098747
0.08242135850536496   2941.2650594447096   2916.286766714599
0.08483757740794096   2841.2061642531526   2819.4857742025156
0.08732462884580919   2738.305830741436   2720.6074579857896
0.08988458930634863   2633.9666796327424   2620.959708226579
0.09251959615009227   2529.7728778529063   2522.001922947983
0.09523184939525078   2427.321944218001   2425.1370908257345
0.09802361355455057   2328.1158382263006   2331.6471155779
0.10089721952591899   2233.508855836777   2242.6616057175397
0.10385506653859616   2144.6593381178623   2159.0876649626816
0.10689962415629803   2062.5338064515877   2081.575822440139
0.11003343433910281   1987.739413455697   2010.4948871761483
0.11325911356578279   1920.396543246834   1945.832343599296
0.11657935501835284   1860.0039833772037   1887.0477349791308
0.11999693083066039   1805.2873405149985   1832.9357466773963
0.12351469440289359   1754.4036765955775   1781.9062838848897
0.12713558278394044   1705.1372500507289   1732.1494948931158
0.13086261912358757   1655.308348221446   1682.0074189892189
0.13469891519660646   1603.0689674342627   1630.1444416887919
0.13864767400083483   1547.16192657509   1575.7242723654585
0.14271219243142114   1487.1253325776847   1518.5440528230747
0.14689586403346616   1423.3217059072056   1459.0431070707716
0.1512021818353596   1356.9911115976709   1398.3217236501987
0.15563474126517718   1289.997767844594   1337.7976492828752
0.16019724315257297   1224.4502250935818   1279.000216182075
0.1648934968186736   1162.4130190848384   1223.349630769789
0.1697274232565544   1105.6816039324276   1171.8943194180194
0.17470305840495237   1055.477915272027   1125.3270793834747
0.17982455651794954   1011.9545985629262   1083.5328219785672
0.18509619363343993   973.9094639048006   1045.531481833007
0.19052237114327647   939.0970774515997   1009.7960073948607
0.19610761946807834   905.1048135354916   974.817624037597
0.20185660183976684   870.0702612264151   939.5893071282238
0.20777411819498756   832.8231816142354   903.4715606452731
0.21386510918267082   793.0517454518741   866.5473455996766
0.22013466028907505   751.7442497478318   829.4607363535364
0.22658800608375756   710.9982207164425   793.3739720103316
0.23323053459001789   672.9037064529977   759.410514307862
0.2400677917834628   638.6759465571673   727.9945937288721
0.24710548622244882   608.5749483679743   699.1482636907791
0.25434949381426813   581.8798802033726   672.3634631123259
0.2618058627210567   556.9987872863433   646.8071924764519
0.2694808184095226   532.2512324270145   621.7369750683133
0.27738076884870827   506.66571192601754   596.9470581562919
0.2855123098601282   480.2065494968305   572.3552886378125
0.29388223062474755   453.9446261353738   548.486914036245
0.3024975193514008   429.26468956733015   525.8293934903022
0.31136536911138296   406.8842922847162   504.56163429874454
0.3204931838440838   386.7326971705664   484.5666068347921
0.32988858453867975   368.06382625967035   465.5313136459342
0.3395594155970457   349.8371416920095   447.16022144571735
0.34951375138319807   331.5627904577276   429.264275807626
0.3597599029647371   313.47271773470817   412.01466914198875
0.37030642505191835   296.1904755146457   395.5012489057857
0.3811621231401457   280.23659334111136   379.8289044099521
0.3923360608618501   265.5381660038111   364.95123457501063
0.4038375675538918   251.63034916556563   350.7232007596762
0.41567624604680364   238.12531874739287   337.045065644941
0.42786198068238046   224.96887835165768   323.8906355774198
0.4404049455663077   212.42149198706488   311.3263217986013
0.4533156130627191   200.6916911900663   299.34781238580894
0.4666047625377753   189.7006389031425   287.9166909782301
0.4802834893595659   179.2369207540394   276.98895837842156
0.49436321416184764   169.183872530074   266.51681045829525
0.5088556923793517   159.60578873689525   256.5028945786518
0.5237730240626238   150.57916515269196   246.94231681472732
0.5391276639805903   142.07273354325287   237.81139310606116
0.5549324320192869   133.99146685223096   229.07883130534165
0.5712005238854289   126.30098455153941   220.72370410344956
0.5879455221237613   119.02149552133706   212.7370159841867
0.6051814074573895   112.15150102159014   205.1066756800858
0.622922570460556   105.64969680429657   197.8078307432102
0.6411838235736077   99.48747298946684   190.82152113149556
0.6599804134701901   93.66073451810476   184.1401581829982
0.6793280337869897   88.15876419753252   177.75014172750753
0.6992428382266549   82.95731780042294   171.6306183627736
0.7197414540448374   78.04346149756141   165.7718918543154
0.7408409959326054   73.40602236887892   160.16076607011158
0.7625590803058332   69.02631280243024   154.78526058142694
0.7849138400134885   64.89159619028358   149.63278494859324
0.8079239394770964   60.98963300784473   144.69151907657587
0.8316085902740278   57.30867235977662   139.9503611932332
0.8559875671776167   53.837442655303214   135.3988796987907
0.8810812246675007   50.56514152662759   131.02726857520497
0.9069105139239728   47.48141954522557   126.8262772041058
0.9334970003205227   44.576269356985286   122.78663361290666
0.960862881429187   41.84005294752163   118.89913503432884
0.9890310055537336   39.263598616348744   115.15517059479626
1.0180248908061487   36.8381858303356   111.54670006244528
1.047868744742366   34.55552630723232   108.0662142192623
1.0785874845736239   32.407745664794504   104.70669840913976
1.1102067579703248   30.387365635230065   101.46159897517703
1.1427529644757777   28.487291207301535   98.32465690286864
1.1762532775476793   26.700803277253318   95.28955746984201
1.210735667245765   25.02152733968192   92.35033140063115
1.246228923584555   23.44341472297835   89.50144126619948
1.2827626805706884   21.960728318283895   86.7377529154031
1.3203674409449337   20.568028756919983   84.0545092159359
1.3590746016495152   19.26016103584913   81.4473058787455
1.3989164800420282   18.032241268507608   78.91206570518999
1.4399263408778291   16.87963889779145   76.44495829129147
1.4821384240834183   15.797967025137636   74.0423973609787
1.525587973344019   14.783076411837037   71.70108272611165
1.5703112655292182   13.831044094768743   69.41798500427828
1.6163456409812174   12.938162266227993   67.1903293821101
1.6637295346910133   12.100927611466638   65.01558043570898
1.7125025083885144   11.316031091556104   62.89142790141014
1.7627052835733923   10.580347886290307   60.815865501258685
1.814379775514258   9.890927497370567   58.78738017889597
1.8675691282445197   9.244985710324665   56.804656514582994
1.922317750584177   8.639896208436724   54.86649596274005
1.9786713532176083   8.073182344988247   52.971809155036034
2.0366769868582977   7.542509290715138   51.11960848392159
2.0963830815323896   7.04567654327876   49.30900094246602
2.1578394870138577   6.580610677883232   47.53919539357829
2.2210975144450407   6.1453568965530305   45.809721589980306
2.286209979177315   5.738073369607029   44.12034587847998
2.3532312448676476   5.35702674658631   42.470843628640516
2.4222172688678643   5.000586207781406   40.8609898472806
2.4932256489445366   4.667217762996288   39.29055712672714
2.5663156713684585   4.355478840877906   37.75931370077047
2.641548360413907   4.064013156157327   36.26702165073613
2.7189865293089923   3.791546822437109   34.8135872495415
2.798694832679631   3.5368854869860265   33.399359983494456
2.8807398205309562   3.298906771041833   32.0246701065667
2.9651899938111903   3.0765555728753573   30.689725426950133
3.05211586160442   2.868840317976911   29.394618395040684
3.1415899999999994   2.674829395816951   28.139333223387734
