0.01   14067.089340213188   14063.551215931218
0.010293154462191829   14232.467955133625   14228.60849703892
0.010594902878253955   14392.794672111066   14388.586556095735
0.010905497183778876   14547.624987813502   14543.037018731236
0.011225196699963396   14696.509659985484   14691.506650773375
0.011554268350120923   14838.989898805801   14833.533055828731
0.011892986882540897   14974.58404981009   14968.632296393303
0.012241635099881474   15102.805741586413   15096.316055046787
0.012600504095286909   15223.167738515116   15216.095134078863
0.012969893495426888   15335.160627005469   15327.456732559529
0.013350111710660605   15438.262395328291   15429.874514168874
0.013741476192534558   15531.957024452402   15522.828236025067
0.014144313698828986   15615.725474901037   15605.794581784612
0.01455896056637426   15689.034629694537   15678.23590443726
0.014985762991865008   15751.36179008397   15739.625167547645
0.01542507732090645   15802.197172651913   15789.44835446793
0.015877270345534218   15841.021634029363   15827.1808973359
0.016342719610456153   15867.325197678076   15852.307086092185
0.016821813728271667   15880.62381320978   15864.33760689957
0.017314952703931925   15880.450696371767   15862.800153169794
0.017822548268711737   15866.354047243738   15847.236841794209
0.01834502422397195   15837.918013513956   15817.226404511179
0.018882816794999403   15794.766452640013   15772.38774718576
0.019436374995219892   15736.560205749945   15712.375685254554
0.02000616100108813   15663.006492737937   15636.89187983471
0.020592650537967844   15573.86574286818   15545.692533110321
0.021196333277324068   15468.968780441519   15438.607677922533
0.02181771324555934   15348.219998060593   15315.544441676911
0.022457309244835088   15211.585480533164   15176.473117476642
0.02311565528622961   15059.113867756829   15021.448690407904
0.023793301035594242   14890.98336896644   14850.659548878004
0.024490812272480036   14707.448334161498   14664.371931881726
0.025208771362518027   14508.83309436036   14462.92376652811
0.0259477777436476   14295.634542715079   14246.834754900869
0.02670844842659881   14068.48295669151   14016.764135283105
0.027491418510046592   13828.055929334123   13773.418172976804
0.028297341710866907   13575.162888952875   13517.637311837556
0.029126890909937666   13310.849577552981   13250.503879994561
0.029980758713939952   13036.199435590148   12973.13651392085
0.030859658033628758   12752.33203365584   12686.688186853831
0.031764322679055976   12460.658037018926   12392.607482260506
0.03269550797224261   12162.694248832635   12092.448529991589
0.033653991377811755   11859.896311955845   11787.699360889621
0.03464057315210884   11553.834682839013   11479.958124140361
0.03565607701135116   11246.275392075333   11171.013756159942
0.036701350819364466   10938.877557065798   10862.542989773421
0.03777726729548091   10633.252555936588   10556.165178452951
0.038884724743189276   10331.356036477651   10253.814193599646
0.04002464780014597   10035.109390704833   9957.379802872143
0.041197988210172884   9746.213530829693   9668.53145713364
0.04240572561788674   9465.968872745714   9388.53510552242
0.04364886838662332   9195.292406259516   9118.270866766381
0.04492845444033957   8934.963190017952   8858.483194232836
0.04624555213019635   8685.896986947157   8610.020937412224
0.04760126112654554   8449.797973066143   8374.399655488844
0.04899671333706607   8228.371376326082   8153.125009755798
0.05043307385181555   8022.910894223535   7947.3182220193885
0.05191154191598653   7832.57220907638   7756.060368231228
0.053433351931179485   7655.495644844652   7577.46843663798
0.05499977448602865   7489.969374929379   7409.810369199056
0.05661211741704101   7334.407387327616   7251.491773239601
0.05827172690053434   7187.33992516871   7101.041516492321
0.05997998857658587   7047.249596243868   6956.959894834626
0.06173832870592997   6911.984401969137   6817.197098572667
0.0635482153607709   6779.31991042955   6679.656398535932
0.06541115965050462   6646.753591357041   6542.064451134424
0.06732871698337338   6511.376527959626   6401.874757985412
0.06930248836510605   6370.33897095964   6256.647172383997
0.07133412173562886   6220.478094836987   6103.822745823739
0.07342531334496233   6058.898806156381   5941.1209394229645
0.07557780916945323   5883.504601875481   5767.061550097168
0.07779340636952398   5692.914317361154   5580.820083508136
0.08007395479015682   5487.198831318903   5382.9916956483
0.08242135850536496   5267.532852894024   5175.139654813075
0.08483757740794096   5036.640300002672   4959.824770452094
0.08732462884580919   4798.140642801376   4740.179032183816
0.08988458930634863   4556.447287030583   4520.078423290939
0.09251959615009227   4316.140149829869   4303.438864102719
0.09523184939525078   4082.0222577985455   4094.0000095666073
0.09802361355455057   3858.8267065457953   3895.2646922684426
0.10089721952591899   3651.1887683826144   3710.537998503373
0.10385506653859616   3462.935013106099   3542.322427227968
0.10689962415629803   3297.212503284327   3392.3349694126127
0.11003343433910281   3155.308142585985   3260.875470241468
0.11325911356578279   3036.788276419871   3146.9072552684565
0.11657935501835284   2938.8396656806217   3047.8397229796137
0.11999693083066039   2857.1165994452267   2960.109581701695
0.12351469440289359   2785.68454555366   2879.2657008097294
0.12713558278394044   2718.1388860241273   2800.872529056033
0.13086261912358757   2647.9340331263957   2720.8021165278983
0.13469891519660646   2569.3091200655913   2635.5108271821837
0.13864767400083483   2478.066877175671   2543.045314757526
0.14271219243142114   2372.3395474222757   2443.5401383979583
0.14689586403346616   2253.125121924633   2337.951072936203
0.1512021818353596   2123.9363857339813   2228.672652210649
0.15563474126517718   1990.3288413413622   2119.3600764277826
0.16019724315257297   1859.2818155582088   2014.0732957754656
0.1648934968186736   1738.2893216506843   1916.5162340367597
0.1697274232565544   1633.5343784014256   1829.1678280250428
0.17470305840495237   1548.0055453540997   1753.1670072781972
0.17982455651794954   1480.7645776580746   1687.0964319679767
0.18509619363343993   1427.7786406086525   1627.9547836907893
0.19052237114327647   1383.3176297174418   1573.1321063458427
0.19610761946807834   1340.6514553349846   1519.5439356541444
0.20185660183976684   1292.8817002291462   1464.9502316352387
0.20777411819498756   1235.316521581871   1407.5750119044574
0.21386510918267082   1167.8115509585625   1347.921169758605
0.22013466028907505   1094.3758127816964   1288.081878778175
0.22658800608375756   1020.9257348810632   1230.5588154232985
0.23323053459001789   953.6249008002422   1176.7978163170785
0.2400677917834628   896.9977774829445   1128.1693102013082
0.24710548622244882   852.1725617297135   1083.7759621094547
0.25434949381426813   816.4837739354568   1043.1672442253275
0.2618058627210567   784.8874144168964   1004.447303556662
0.2694808184095226   751.7563982995396   966.1988876273776
0.27738076884870827   713.6563064206363   928.2807543151047
0.2855123098601282   671.1918344404887   890.8740090428632
0.29388223062474755   627.7695730558939   854.6851952022627
0.3024975193514008   587.6016046014347   820.3753044664926
0.31136536911138296   553.6987954433847   788.7129410916917
0.3204931838440838   525.8697462140664   758.5460097970907
0.32988858453867975   501.27111300264335   730.2702741580105
0.3395594155970457   476.5739704634491   702.8781755463531
0.34951375138319807   449.9220935214497   676.2281406113854
0.3597599029647371   422.2061244437159   650.4810853056998
0.37030642505191835   395.8952664695794   625.9891615608143
0.3811621231401457   372.742047833345   602.7669850021884
0.3923360608618501   352.6822752571254   580.8403164376072
0.4038375675538918   334.06556615488813   559.9118572447209
0.41567624604680364   315.31244258050526   539.7410467734816
0.42786198068238046   296.3336137970874   520.3305467985873
0.4404049455663077   278.2169599851179   501.78798079202943
0.4533156130627191   261.8514873839998   484.1621323018474
0.4666047625377753   247.03343727014865   467.3894640754052
0.4802834893595659   232.90768283713734   451.34389723126696
0.49436321416184764   219.00821390112276   435.9156802457213
0.5088556923793517   205.68674946299097   421.13197264329244
0.5237730240626238   193.37351807146098   407.05464266508824
0.5391276639805903   181.99385911599063   393.60632660291776
0.5549324320192869   171.16039586814387   380.71295828381074
0.5712005238854289   160.7555681942339   368.3232765940573
0.5879455221237613   150.9592247621277   356.4625192499471
0.6051814074573895   141.83549207794889   345.126494770767
0.622922570460556   133.23617284346338   334.2524538855473
0.6411838235736077   125.06322737456544   323.78952187564875
0.6599804134701901   117.36574620567   313.75332956444873
0.6793280337869897   110.15517794391226   304.12877411098384
0.6992428382266549   103.37237590259782   294.8799560876342
0.7197414540448374   96.97594830530085   285.97906130656304
0.7408409959326054   90.94810984833609   277.4068809401675
0.7625590803058332   85.2714360289793   269.14542440595307
0.7849138400134885   79.92890879312408   261.1778365351899
0.8079239394770964   74.90395509857414   253.48832125923357
0.8316085902740278   70.18047872543447   246.06207119823537
0.8559875671776167   65.74288217355812   238.88519636360064
0.8810812246675007   61.57559798945976   231.94380083034258
0.9069105139239728   57.662784632973796   225.22318343588833
0.9334970003205227   53.98938667422121   218.709489843741
0.960862881429187   50.541219908407676   212.38986783381185
0.9890310055537336   47.30492138427717   206.2524018479955
1.0180248908061487   44.267902317988124   200.28605309018496
1.047868744742366   41.41830372229456   194.48060462714693
1.0785874845736239   38.744959499368186   188.82660758738672
1.1102067579703248   36.23746374697871   183.31525742655703
1.1427529644757777   33.88610112511717   177.93836012303657
1.1762532775476793   31.68168332120095   172.6883797936995
1.210735667245765   29.615518690650287   167.55840513491322
1.246228923584555   27.679388930452287   162.542114408792
1.2827626805706884   25.865526570501228   157.63374281231006
1.3203674409449337   24.166593276725276   152.8280519480481
1.3590746016495152   22.57565587458579   148.1203567980435
1.3989164800420282   21.08614403320594   143.50692502520792
1.4399263408778291   19.691850852628043   138.98465315106588
1.4821384240834183   18.386929404236238   134.5507633325707
1.525587973344019   17.165873452043815   130.20278198352904
1.5703112655292182   16.023498967250628   125.93852159651516
1.6163456409812174   14.954926546247751   121.75606310600763
1.6637295346910133   13.955564695066526   117.65373872154115
1.7125025083885144   13.021094363886233   113.63037872878407
1.7627052835733923   12.147454940439069   109.68604469224898
1.814379775514258   11.33082827904952   105.82107853413657
1.8675691282445197   10.567624694765122   102.03579735397985
1.922317750584177   9.854470153466542   98.33048896574809
1.9786713532176083   9.188194115630534   94.70540764386328
2.0366769868582977   8.565818005165559   91.16077008894891
2.0963830815323896   7.984544264676361   87.69675457348453
2.1578394870138577   7.441744658887094   84.31386793370906
2.2210975144450407   6.934949673728264   81.01322413151836
2.286209979177315   6.461842058749609   77.79579800396883
2.3532312448676476   6.020248207026346   74.66233928599802
2.4222172688678643   5.6081296665004805   71.61338197664561
2.4932256489445366   5.223575122207023   68.64925397814858
2.5663156713684585   4.86479282549525   65.77008695022707
2.641548360413907   4.530103551945636   62.97584393132161
2.7189865293089923   4.217936034054924   60.266708760705505
2.798694832679631   3.926819843722893   57.64301611659987
2.8807398205309562   3.655376800666936   55.104826413654706
2.9651899938111903   3.402315396851337   52.65192776338839
3.05211586160442   3.166425639846718   50.28385757615358
3.1415899999999994   2.946574179317885   47.999923762879696
