0.01   19833.713531533722   19831.352324630025
0.010293154462191829   19968.76281820076   19966.229141284133
0.010594902878253955   20092.65276112881   20089.93408655341
0.010905497183778876   20204.761420075534   20201.840881767537
0.011225196699963396   20304.471712775954   20301.328505091133
0.011554268350120923   20391.134003215742   20387.746498985056
0.011892986882540897   20464.094660653052   20460.441878255922
0.012241635099881474   20522.719497126294   20518.78118902152
0.012600504095286909   20566.37243837605   20562.127525789936
0.012969893495426888   20594.408990695054   20589.833319674373
0.013350111710660605   20606.21373744566   20601.280029181667
0.013741476192534558   20601.19685524956   20595.874822406968
0.014144313698828986   20578.758250286173   20573.01458651649
0.01455896056637426   20538.328387437417   20532.126946096
0.014985762991865008   20479.3874816401   20472.689489276865
0.01542507732090645   20401.443661637757   20394.206501406934
0.015877270345534218   20304.039096327782   20296.21520021583
0.016342719610456153   20186.782140730273   20178.319420562602
0.016821813728271667   20049.347233887296   20040.189546403275
0.017314952703931925   19891.465940293154   19881.553405251103
0.017822548268711737   19712.94867344483   19702.21833212062
0.01834502422397195   19513.694587767674   19502.081262327523
0.018882816794999403   19293.710210162983   19281.14819919875
0.019436374995219892   19053.10699529568   19039.531508883745
0.02000616100108813   18792.092888322208   18777.44093330677
0.020592650537967844   18511.01072600382   18495.22430234397
0.021196333277324068   18210.379355944766   18193.411147939973
0.02181771324555934   17890.819019090333   17872.633362619523
0.022457309244835088   17553.06053029937   17533.634595228526
0.02311565528622961   17198.09042574246   17177.422026153694
0.023793301035594242   16827.04213952062   16805.152536638554
0.024490812272480036   16441.10632201682   16418.038933115025
0.025208771362518027   16041.69603398229   16017.520242158163
0.0259477777436476   15630.505182556295   15605.321892933298
0.02670844842659881   15209.233636161995   15183.172354942855
0.027491418510046592   14779.644458810566   14752.861015606384
0.028297341710866907   14343.91481045979   14316.594977728251
0.029126890909937666   13904.255842614497   13876.612545731257
0.029980758713939952   13462.753900590233   13435.021713196395
0.030859658033628758   13021.711032551866   12994.140299264634
0.031764322679055976   12583.601828499945   12556.453075520123
0.03269550797224261   12150.665133535887   12124.204578425368
0.033653991377811755   11725.1015724829   11699.589713640973
0.03464057315210884   11309.559885612038   11285.223858541774
0.03565607701135116   10906.476319482452   10883.506699093585
0.036701350819364466   10517.909756804544   10496.463025991754
0.03777726729548091   10145.393978030057   10125.583406933727
0.038884724743189276   9790.051245187953   9771.943169375845
0.04002464780014597   9452.780813811936   9436.400808199662
0.041197988210172884   9134.753471806818   9120.041351141163
0.04240572561788674   8837.981303516768   8824.686227994656
0.04364886838662332   8564.308663177806   8551.998188188556
0.04492845444033957   8314.8209006353   8302.91588250593
0.04624555213019635   8087.710949292793   8075.5719308164125
0.04760126112654554   7880.404295480938   7867.359658025365
0.04899671333706607   7690.5841376566095   7675.927666324011
0.05043307385181555   7516.141635488287   7499.118912807678
0.05191154191598653   7355.155575031752   7334.960631219575
0.053433351931179485   7205.499751330917   7181.30595596566
0.05499977448602865   7064.12960232765   7035.175902891346
0.05661211741704101   6927.990267532344   6893.602793001646
0.05827172690053434   6793.407968768873   6753.123360459942
0.05997998857658587   6656.2265787857295   6609.900011825758
0.06173832870592997   6512.294280437009   6460.170295117773
0.0635482153607709   6357.067755075921   6299.9535635953
0.06541115965050462   6186.524858938945   6125.810919095496
0.06732871698337338   5997.818518760089   5935.571416952768
0.06930248836510605   5789.124858891443   5728.013195667912
0.07133412173562886   5560.598809446076   5503.663577766181
0.07342531334496233   5313.73476668829   5264.22422929575
0.07557780916945323   5052.093737249146   5013.454217408551
0.07779340636952398   4780.199242184964   4755.847445187097
0.08007395479015682   4503.605430970486   4496.335384974935
0.08242135850536496   4228.125324811518   4239.976517899608
0.08483757740794096   3959.9591051107786   3992.238283700868
0.08732462884580919   3705.5179526027473   3758.411446951032
0.08988458930634863   3470.913351323379   3543.2968609029213
0.09251959615009227   3261.191740819791   3350.62109507646
0.09523184939525078   3080.3658882809214   3183.1266181070746
0.09802361355455057   2929.7725805542777   3041.201983218458
0.10089721952591899   2808.8241711993796   2923.566882125921
0.10385506653859616   2713.937367552276   2826.6649499978926
0.10689962415629803   2639.9981831151836   2745.854439101028
0.11003343433910281   2579.985951519253   2675.3066612931298
0.11325911356578279   2526.119164833958   2608.9107154736957
0.11657935501835284   2470.1977017144213   2540.6173114420435
0.11999693083066039   2404.609474753857   2465.3117544806523
0.12351469440289359   2323.5561053601587   2379.416281990309
0.12713558278394044   2223.9485684657234   2281.382590272211
0.13086261912358757   2106.1331464415025   2172.199653319616
0.13469891519660646   1973.7549521506724   2055.271088806704
0.13864767400083483   1833.4987547033472   1935.6238131447778
0.14271219243142114   1694.383374612011   1819.2265683895855
0.14689586403346616   1566.2274074004156   1712.3137560719435
0.1512021818353596   1456.8316775327446   1618.6867100694958
0.15563474126517718   1369.8283646052005   1540.1049101372414
0.16019724315257297   1304.5956815814338   1475.3492961543004
0.1648934968186736   1257.3953758993146   1421.1349675130361
0.1697274232565544   1222.080496148056   1373.6989006980257
0.17470305840495237   1190.2232857492784   1328.2925407459352
0.17982455651794954   1152.7511351164894   1280.092081680132
0.18509619363343993   1103.507552822978   1227.034656784524
0.19052237114327647   1041.6169968007412   1169.4665795816204
0.19610761946807834   970.6946989398865   1109.3421916394384
0.20185660183976684   897.3634412776678   1050.0435159034237
0.20777411819498756   829.5484899718801   995.2331288351277
0.21386510918267082   773.4318115361334   946.5884029692771
0.22013466028907505   731.0429199533614   904.9780724491609
0.22658800608375756   700.1443102832571   868.0723161063537
0.23323053459001789   675.0598751715911   834.0366778159973
0.2400677917834628   648.7736817472193   800.4433816451474
0.24710548622244882   616.7137050849817   765.835204729013
0.25434949381426813   578.5613604191162   730.7459152633063
0.2618058627210567   537.5832924446238   696.0044956545247
0.2694808184095226   499.1108693700426   663.5919490623705
0.27738076884870827   467.2865554475924   633.684752084836
0.2855123098601282   442.5605663124408   606.8169150146904
0.29388223062474755   422.2067611528921   581.674354038975
0.3024975193514008   402.10316043234496   557.4173370430636
0.31136536911138296   379.4625192050022   533.3556764544998
0.3204931838440838   354.7899285941528   510.18504290057405
0.32988858453867975   330.7409711587779   487.9816761240352
0.3395594155970457   309.8107191066876   467.22244611242655
0.34951375138319807   292.4808990724282   447.83038828624245
0.3597599029647371   277.0255048334929   429.4894187959085
0.37030642505191835   261.3796969813397   411.8195764771901
0.3811621231401457   245.03522899161965   394.791644441653
0.3923360608618501   229.08072936810868   378.54340498911387
0.4038375675538918   214.80971155499375   363.19672308939903
0.41567624604680364   202.27618444479515   348.72588407040354
0.42786198068238046   190.53148756241018   334.9570925973635
0.4404049455663077   178.83049089647227   321.7182592411496
0.4533156130627191   167.43158318671829   309.09365422472695
0.4666047625377753   156.93269798980077   297.11361646506947
0.4802834893595659   147.40887134469423   285.765481794917
0.49436321416184764   138.41424884122375   274.9459367008307
0.5088556923793517   129.70915814838656   264.5726539348612
0.5237730240626238   121.48108374687745   254.69357144246945
0.5391276639805903   113.88327974019215   245.30800739253053
0.5549324320192869   106.78008799608777   236.36345432940152
0.5712005238854289   100.0196432383004   227.80613785783555
0.5879455221237613   93.64406327905435   219.62786321946496
0.6051814074573895   87.70593021289889   211.8607601895201
0.622922570460556   82.13916704971844   204.44667906079272
0.6411838235736077   76.89825843371685   197.3508614056888
0.6599804134701901   71.96865791061033   190.5585623941322
0.6793280337869897   67.3359217772465   184.05576647293336
0.6992428382266549   62.98578366313552   177.82914984719804
0.7197414540448374   58.90421902783245   171.86604495425794
0.7408409959326054   55.077500233298636   166.15440682229107
0.7625590803058332   51.49188452164494   160.6821055127724
0.7849138400134885   48.132740275374346   155.43499863592794
0.8079239394770964   44.985958747414124   150.39924415143363
0.8316085902740278   42.03831724075141   145.5619697083503
0.8559875671776167   39.277421772701665   140.9112001467547
0.8810812246675007   36.69165361781056   136.43579126042965
0.9069105139239728   34.270119454042955   132.12536923161738
0.9334970003205227   32.00264585943388   127.97023829893129
0.960862881429187   29.87989049538539   123.96117871692826
0.9890310055537336   27.893106645216648   120.08955403289866
1.0180248908061487   26.03403384412861   116.3473364754099
1.047868744742366   24.29487433896888   112.72706505050485
1.0785874845736239   22.66827044869332   109.22180705677286
1.1102067579703248   21.147282761867924   105.82512274054797
1.1427529644757777   19.725363669773493   102.53100037892415
1.1762532775476793   18.396307255380353   99.33363644353322
1.210735667245765   17.154261506577207   96.22756621869341
1.246228923584555   15.993727038184439   93.2077438847782
1.2827626805706884   14.90953710284014   90.26951653638659
1.3203674409449337   13.896838578445157   87.40859974939634
1.3590746016495152   12.951073962034794   84.62105493919826
1.3989164800420282   12.06796472620566   81.90328709312836
1.4399263408778291   11.243498361309502   79.25218218398345
1.4821384240834183   10.473910377479013   76.66498523719002
1.525587973344019   9.755667588036944   74.13917506659628
1.5703112655292182   9.085454681769425   71.67244898282567
1.6163456409812174   8.460161537618038   69.26270946785701
1.6637295346910133   7.876871220680553   66.90805150286874
1.7125025083885144   7.332848566196082   64.60677519501729
1.7627052835733923   6.825528738772372   62.35767429135385
1.814379775514258   6.352507549646753   60.159881078756904
1.8675691282445197   5.911532492721114   58.01260026819705
1.922317750584177   5.5004936417822226   55.91509751538018
1.9786713532176083   5.117415046114596   53.86669390609092
2.0366769868582977   4.760446613042832   51.86676061950553
2.0963830815323896   4.427856393033572   49.914725875370216
2.1578394870138577   4.118022324309008   48.01029132220907
2.2210975144450407   3.829425890983197   46.153365680593254
2.286209979177315   3.5606468546190944   44.34382708929742
2.3532312448676476   3.3103571648289223   42.58151425811961
2.4222172688678643   3.077315189914504   40.8662266828398
2.4932256489445366   2.8603602923890077   39.197724969391565
2.5663156713684585   2.658407775805752   37.57573978689912
2.641548360413907   2.4704453916405935   36.00022261599369
2.7189865293089923   2.2955285911862147   34.471337172829095
2.798694832679631   2.1327745274252665   32.989134091482164
2.8807398205309562   1.9813581130679587   31.55353987077324
2.9651899938111903   1.840508410069191   30.164365230060888
3.05211586160442   1.7095052309530183   28.821313397447916
3.1415899999999994   1.5876758850633725   27.52398452757855
