0.01   21595.837596990223   21590.063739407695
0.010293154462191829   21792.978638253237   21786.708669019496
0.010594902878253955   21979.545872604835   21972.736595436112
0.010905497183778876   22154.839844952676   22147.44566017008
0.011225196699963396   22318.148434894374   22310.120999487077
0.011554268350120923   22468.727839194842   22460.015164231827
0.011892986882540897   22605.8378169197   22596.384258867314
0.012241635099881474   22728.744937619813   22718.49122836497
0.012600504095286909   22836.683304641818   22825.565542087268
0.012969893495426888   22928.880736364667   22916.82998599261
0.013350111710660605   23004.587369588382   22991.52993678248
0.013741476192534558   23063.052489999154   23048.909873763863
0.014144313698828986   23103.509026321684   23088.197665321615
0.01455896056637426   23125.221958058275   23108.653647804214
0.014985762991865008   23127.48950715872   23109.57136029506
0.01542507732090645   23109.601203107246   23090.232527180186
0.015877270345534218   23070.87832655769   23049.94992477157
0.016342719610456153   23010.701289674947   22988.09632715156
0.016821813728271667   22928.488528374055   22904.082473560786
0.017314952703931925   22823.694973493333   22797.355389938642
0.017822548268711737   22695.852683051387   22667.440511323322
0.01834502422397195   22544.574565511914   22513.945245004088
0.018882816794999403   22369.54286449256   22336.546170827634
0.019436374995219892   22170.53158098694   22135.013000450916
0.02000616100108813   21947.41936194663   21909.22221431179
0.020592650537967844   21700.214064683994   21659.182874673686
0.021196333277324068   21429.05531143478   21385.03918839599
0.02181771324555934   21134.197154507376   21087.0520820503
0.022457309244835088   20816.041583988794   20765.636317096625
0.02311565528622961   20475.212588460097   20421.44267570049
0.023793301035594242   20112.463514827923   20055.254774184086
0.024490812272480036   19728.66442519618   19667.974206488256
0.025208771362518027   19324.973611696074   19260.800960177236
0.0259477777436476   18902.76702632484   18835.15883636361
0.02670844842659881   18463.48301941601   18392.53189407514
0.027491418510046592   18008.76110993299   17934.611624949324
0.028297341710866907   17540.634297658802   17463.500616221965
0.029126890909937666   17061.16555576254   16981.32722189539
0.029980758713939952   16572.428113416714   16490.222516820188
0.030859658033628758   16076.948809132507   15992.769336847876
0.031764322679055976   15577.404220872773   15491.693856617856
0.03269550797224261   15076.29565384194   14989.53640475131
0.033653991377811755   14576.253443947187   14488.95697493213
0.03464057315210884   14080.246979962903   13992.94602941751
0.03565607701135116   13590.989280802985   13504.228164854585
0.036701350819364466   13110.987230537121   13025.306994806058
0.03777726729548091   12643.192971763983   12559.081570880197
0.038884724743189276   12190.459016885094   12108.334396685503
0.04002464780014597   11755.20234974259   11675.416378242498
0.041197988210172884   11339.347054983054   11262.155065779805
0.04240572561788674   10944.344216931268   10869.86675084163
0.04364886838662332   10571.355272173949   10499.591839727807
0.04492845444033957   10221.479567928878   10152.292006294912
0.04624555213019635   9896.467086434704   9829.435663100083
0.04760126112654554   9598.055532594155   9532.463651328257
0.04899671333706607   9327.537547432228   9262.411002470513
0.05043307385181555   9083.358640563762   9017.578584837489
0.05191154191598653   8862.218123081775   8794.593860300594
0.053433351931179485   8661.113929613606   8590.385702835269
0.05499977448602865   8477.379701923992   8402.223868846439
0.05661211741704101   8308.624227369914   8227.657562226022
0.05827172690053434   8152.442602031038   8064.251257141224
0.05997998857658587   8005.227175832996   7908.54311862323
0.06173832870592997   7863.071370777888   7756.843538922351
0.0635482153607709   7721.608536435677   7605.183836988781
0.06541115965050462   7575.48011151578   7448.920786694498
0.06732871698337338   7419.491618543961   7283.647900319585
0.06930248836510605   7248.269273608827   7105.069059103794
0.07133412173562886   7056.923873110975   6909.405149190162
0.07342531334496233   6842.185498163052   6694.442961281695
0.07557780916945323   6602.2434101820145   6459.282955776176
0.07779340636952398   6337.814458352518   6205.301125994065
0.08007395479015682   6051.701561959738   5935.661514993284
0.08242135850536496   5748.233740305208   5654.584944821858
0.08483757740794096   5432.815858582452   5366.967473350741
0.08732462884580919   5112.255784577715   5078.64947048592
0.08988458930634863   4793.795186418825   4795.6137470514905
0.09251959615009227   4485.135481602998   4523.819064652415
0.09523184939525078   4193.8637025755415   4268.8155757291925
0.09802361355455057   3927.6547324792314   4035.884073649481
0.10089721952591899   3692.3579679787063   3828.7247005663176
0.10385506653859616   3492.2511850213295   3649.3459262050046
0.10689962415629803   3328.6152332868965   3497.7359520934456
0.11003343433910281   3199.722480490443   3371.7268016838484
0.11325911356578279   3100.956403947128   3266.884079485819
0.11657935501835284   3025.5861043126183   3177.314309717271
0.11999693083066039   2964.9188175398376   3097.004916565078
0.12351469440289359   2909.438601943785   3019.6619309750176
0.12713558278394044   2849.133900513649   2938.6066885932823
0.13086261912358757   2775.1228524862427   2849.240312321756
0.13469891519660646   2680.8194353985837   2748.9104901006863
0.13864767400083483   2563.2510620631006   2636.7683322340986
0.14271219243142114   2423.5095330148974   2514.3096920173107
0.14689586403346616   2266.6814129092463   2385.39192345201
0.1512021818353596   2101.573819692113   2255.610374352435
0.15563474126517718   1939.893934599959   2131.162167646437
0.16019724315257297   1793.5841838578801   2018.1462762723518
0.1648934968186736   1671.133693132576   1919.2266922271783
0.1697274232565544   1575.7425855663998   1835.042770196558
0.17470305840495237   1505.8559259194749   1764.1433477376288
0.17982455651794954   1456.5910977116087   1702.5749078719266
0.18509619363343993   1419.9933953124812   1646.6502473619803
0.19052237114327647   1385.1980797775507   1591.59418545308
0.19610761946807834   1341.4236010403579   1533.744701874046
0.20185660183976684   1282.3929682048492   1472.516564765146
0.20777411819498756   1208.2669654016279   1407.7667532320759
0.21386510918267082   1124.1143170371543   1341.9999589353292
0.22013466028907505   1038.521125003399   1278.5624337944053
0.22658800608375756   961.1194306595439   1219.8860053446756
0.23323053459001789   898.564747643273   1167.5270049606154
0.2400677917834628   852.3521865079693   1121.0077178290621
0.24710548622244882   818.9883729078553   1078.0530528884615
0.25434949381426813   790.9262402167752   1037.5109716458514
0.2618058627210567   759.9145193876742   997.8779639265758
0.2694808184095226   721.4641077274612   957.8388735491192
0.27738076884870827   675.9673354238687   918.4857140669191
0.2855123098601282   627.958947538787   879.8551089833873
0.29388223062474755   584.0360261469506   844.0380899633128
0.3024975193514008   548.4144381756937   810.4583641864034
0.31136536911138296   520.8421856527632   779.2521028941267
0.3204931838440838   497.627271214199   749.9184517800778
0.32988858453867975   473.814981205018   721.5970586296899
0.3395594155970457   446.76591880858115   693.7314211472949
0.34951375138319807   417.7305332860338   667.0951391284432
0.3597599029647371   389.9745399635422   641.7214913511555
0.37030642505191835   366.1889632288063   617.6239852489703
0.3811621231401457   346.4047635928336   595.0136274991972
0.3923360608618501   328.32276524691974   573.499066307388
0.4038375675538918   309.7419293571638   552.7641394971957
0.41567624604680364   290.4606813536511   532.7782300594167
0.42786198068238046   271.93442131205524   513.7072139861107
0.4404049455663077   255.47916956751348   495.6539173935682
0.4533156130627191   240.90631904961367   478.4741898067123
0.4666047625377753   227.0259306728269   462.0412490169502
0.4802834893595659   213.19606735270742   446.2712172601001
0.49436321416184764   199.84381220684173   431.1199809644483
0.5088556923793517   187.6061132366048   416.7422212592607
0.5237730240626238   176.42531888918043   403.0600468883411
0.5391276639805903   165.78273422264365   389.91293174193106
0.5549324320192869   155.5024707959013   377.3122115471252
0.5712005238854289   145.82918581416902   365.2413213033414
0.5879455221237613   136.87916284158717   353.7243551873531
0.6051814074573895   128.46465145788906   342.684565301707
0.622922570460556   120.45451623239823   332.06667563957603
0.6411838235736077   112.91718296698495   321.8799064053761
0.6599804134701901   105.8773766369097   312.1240450035796
0.6793280337869897   99.26001947289666   302.7501568820363
0.6992428382266549   93.02842339767703   293.7346748845593
0.7197414540448374   87.1640105824724   285.05737993125234
0.7408409959326054   81.6487292492225   276.69935449191723
0.7625590803058332   76.46501504708276   268.64288442370474
0.7849138400134885   71.59582403167376   260.8713769046467
0.8079239394770964   67.02465895727873   253.36928482848904
0.8316085902740278   62.73550645748838   246.12190537429805
0.8559875671776167   58.71203307336251   239.1139419039933
0.8810812246675007   54.93818550417615   232.3301679188034
0.9069105139239728   51.39885833507427   225.75641925838457
0.9334970003205227   48.07984851181359   219.37954031216148
0.960862881429187   44.967801316054974   213.18731810470962
0.9890310055537336   42.05015963224178   207.1684220148342
1.0180248908061487   39.31512296513053   201.31233977356572
1.047868744742366   36.75172379965162   195.6091588786317
1.0785874845736239   34.34973674462763   190.04955492214395
1.1102067579703248   32.099504532707364   184.62492298472552
1.1427529644757777   29.99190526612479   179.32734282123735
1.1762532775476793   28.018326165953013   174.14954031702302
1.210735667245765   26.170638336186304   169.08485181145997
1.246228923584555   24.441171982738453   164.1271955378385
1.2827626805706884   22.822672049933537   159.27122651334471
1.3203674409449337   21.308275855052276   154.51234530147053
1.3590746016495152   19.891523890596407   149.84640758033177
1.3989164800420282   18.566339680162073   145.26968138764647
1.4399263408778291   17.327008369922183   140.778825071207
1.4821384240834183   16.168156423105067   136.3708661720182
1.525587973344019   15.084732382746367   132.04318421577997
1.5703112655292182   14.07199045122641   127.79387189756653
1.6163456409812174   13.125474252121304   123.6220142539298
1.6637295346910133   12.24099659279881   119.52692530505244
1.7125025083885144   11.414623707800278   115.50804247645085
1.7627052835733923   10.642660789075459   111.5649157309484
1.814379775514258   9.921638277210764   107.69719686624988
1.8675691282445197   9.24829887806372   103.90462927274386
1.922317750584177   8.61958488353952   100.18735922602372
1.9786713532176083   8.032625976692051   96.5464629165196
2.0366769868582977   7.48472937661838   92.98305741081566
2.0963830815323896   6.97336959588994   89.4981183246289
2.1578394870138577   6.496178538790917   86.09248131254974
2.2210975144450407   6.050936148509744   82.76684388072361
2.286209979177315   5.635561575596323   79.52176751057436
2.3532312448676476   5.2481044483548525   76.35781098990365
2.4222172688678643   4.886735892454499   73.27593541132292
2.4932256489445366   4.5497427355312645   70.27701002908564
2.5663156713684585   4.235520944965172   67.3616522181003
2.641548360413907   3.942568929533841   64.53024035089845
2.7189865293089923   3.6694812332704423   61.782926869022475
2.798694832679631   3.4149425999501632   59.11965146357119
2.8807398205309562   3.1777227427072754   56.54020982717163
2.9651899938111903   2.9566728642925395   54.04455968420927
3.05211586160442   2.7507187389222922   51.63255401164692
3.1415899999999994   2.5588550912971564   49.303793644558986
