0.01   2595.722524137776   2595.573116755226
0.010293154462191829   2617.912184899816   2617.76106035621
0.010594902878253955   2638.7975230860293   2638.645117214311
0.010905497183778876   2658.2964972511286   2658.1430338736955
0.011225196699963396   2676.3275361097767   2676.17300513112
0.011554268350120923   2692.809379498065   2692.6536033154457
0.011892986882540897   2707.6593951167943   2707.5022960678266
0.012241635099881474   2720.7960495376515   2720.637715622734
0.012600504095286909   2732.139610664163   2731.980286236187
0.012969893495426888   2741.6076880830387   2741.447586577409
0.013350111710660605   2749.1168107637645   2748.9559674226925
0.013741476192534558   2754.5868109634534   2754.4250772635896
0.014144313698828986   2757.9395932046514   2757.7767275382707
0.01455896056637426   2759.0970409601264   2758.932929444065
0.014985762991865008   2757.9853912509916   2757.8200814555016
0.01542507732090645   2754.535988802418   2754.3696623247056
0.015877270345534218   2748.6820740211638   2748.5148031240756
0.016342719610456153   2740.3614774618472   2740.1931004964795
0.016821813728271667   2729.519435780255   2729.34956126018
0.017314952703931925   2716.1081290684324   2715.9362229357257
0.017822548268711737   2700.0866289008886   2699.9121503912597
0.01834502422397195   2681.423096049108   2681.2455137329134
0.018882816794999403   2660.0958534934116   2659.914643805758
0.019436374995219892   2636.095549196439   2635.9101692696127
0.02000616100108813   2609.424139378456   2609.234022323548
0.020592650537967844   2580.0947558421535   2579.8993197788373
0.021196333277324068   2548.1382573036785   2547.936968162834
0.02181771324555934   2513.60355968394   2513.39599530071
0.022457309244835088   2476.550627117535   2476.3364808087
0.02311565528622961   2437.0558892003387   2436.8350088560205
0.023793301035594242   2395.2262024187585   2394.9987237248984
0.024490812272480036   2351.1810787370405   2350.947438810384
0.025208771362518027   2305.0494306070236   2304.8103568525707
0.0259477777436476   2256.9952459360916   2256.7518689611015
0.02670844842659881   2207.2064925102436   2206.9604062675103
0.027491418510046592   2155.8721478480747   2155.6253606734117
0.028297341710866907   2103.2019854005102   2102.956908700218
0.029126890909937666   2049.4501280330137   2049.2096122392154
0.029980758713939952   1994.8672349309513   1994.63451154069
0.030859658033628758   1939.6993043819846   1939.4779077984922
0.031764322679055976   1884.2374439562313   1884.0310913728101
0.03269550797224261   1828.779905707604   1828.5924142228807
0.033653991377811755   1773.600647923514   1773.435882422328
0.03464057315210884   1718.9860977556875   1718.847774347206
0.03565607701135116   1665.2493621941148   1665.1408047552839
0.036701350819364466   1612.672158655358   1612.596305355298
0.03777726729548091   1561.507864212172   1561.46716522406
0.038884724743189276   1512.0101373107755   1512.0059183169237
0.04002464780014597   1464.4078350822558   1464.4402259383194
0.041197988210172884   1418.8961467133486   1418.9642146936894
0.04240572561788674   1375.6427897668655   1375.7438568703874
0.04364886838662332   1334.7914874726503   1334.9205171110339
0.04492845444033957   1296.462890413377   1296.612752321918
0.04624555213019635   1260.721390916999   1260.8829382697354
0.04760126112654554   1227.4980052110814   1227.6597047052978
0.04899671333706607   1196.7026638834377   1196.8506938060516
0.05043307385181555   1168.2266554962657   1168.345230785989
0.05191154191598653   1141.7575252191355   1141.8302625508675
0.053433351931179485   1116.9048883057783   1116.9154389817468
0.05499977448602865   1093.3106946250994   1093.242775019332
0.05661211741704101   1070.6508768228832   1070.4885177457336
0.05827172690053434   1048.6292587038686   1048.3569710573463
0.05997998857658587   1026.9292184098815   1026.532822019505
0.06173832870592997   1005.0769966773265   1004.5468507605195
0.0635482153607709   982.5897524618288   981.9216213467034
0.06541115965050462   958.9623108638176   958.15996750501
0.06732871698337338   933.6624464883935   932.7406285388909
0.06930248836510605   906.2553748056147   905.2396896767018
0.07133412173562886   876.4886204296948   875.4162223007727
0.07342531334496233   844.2481729129036   843.1660626518094
0.07557780916945323   809.7685577009565   808.7299084331047
0.07779340636952398   773.4519762008498   772.5129602072872
0.08007395479015682   735.860951841476   735.0772445273213
0.08242135850536496   697.6274925911339   697.0511554892026
0.08483757740794096   659.4781354924121   659.1509152148498
0.08732462884580919   622.1389292752964   622.0890813735531
0.08988458930634863   586.3450571899131   586.5836097824099
0.09251959615009227   552.7837760281659   553.3029433106799
0.09523184939525078   522.1564272322523   522.9241856750618
0.09802361355455057   494.9922194975172   495.95075249634317
0.10089721952591899   471.6411298782284   472.7051005818278
0.10385506653859616   452.1094050585111   453.1773037568547
0.10689962415629803   436.05031683182574   437.0148253327162
0.11003343433910281   422.8284114026539   423.5898573518869
0.11325911356578279   411.56398020027706   412.0429401584712
0.11657935501835284   401.2714763277405   401.42031711930036
0.11999693083066039   390.94855943329236   390.7612229206223
0.12351469440289359   379.6640669432404   379.1884375342246
0.12713558278394044   366.7038414266817   366.0372175303571
0.13086261912358757   351.6658896587096   350.94217098449053
0.13469891519660646   334.5793657622405   333.95251742588124
0.13864767400083483   315.82286798886065   315.45262420013864
0.14271219243142114   296.0705789359576   296.101909323893
0.14689586403346616   276.25343409323705   276.77221651293564
0.1512021818353596   257.48355100255674   258.49933427168844
0.15563474126517718   240.81382475354468   242.24986040042972
0.16019724315257297   226.91868993688982   228.61757749086348
0.1648934968186736   215.82003342143415   217.60151603160114
0.1697274232565544   207.03878004256632   208.7257943711806
0.17470305840495237   199.86628937055386   201.32282778885806
0.17982455651794954   193.45485793267804   194.61539212051431
0.18509619363343993   186.8054330379626   187.70524323204944
0.19052237114327647   179.03857782193094   179.81945863795477
0.19610761946807834   169.87824779987724   170.74435905080244
0.20185660183976684   159.70032791466895   160.85071126135273
0.20777411819498756   149.20273871920264   150.74780809957244
0.21386510918267082   139.1747727545756   141.1314353704992
0.22013466028907505   130.34729252825963   132.62557173160113
0.22658800608375756   123.08095128368595   125.49841702535242
0.23323053459001789   117.22693811936435   119.60744410068108
0.2400677917834628   112.27805004339483   114.50239615562681
0.24710548622244882   107.5189364067578   109.57938986841052
0.25434949381426813   102.33672582294405   104.33376114042267
0.2618058627210567   96.60711312772217   98.70730513843405
0.2694808184095226   90.61351994406404   92.92437199309131
0.27738076884870827   84.79919251407526   87.34907088199232
0.2855123098601282   79.62121538125008   82.33409321685465
0.29388223062474755   75.23906192610661   77.98407948801983
0.3024975193514008   71.43662421688451   74.11621051263944
0.31136536911138296   67.85855679654071   70.45106973089726
0.3204931838440838   64.19711738349824   66.77543025455681
0.32988858453867975   60.40052213975898   63.04768398644208
0.3395594155970457   56.6807866648675   59.43370216370361
0.34951375138319807   53.25818074277939   56.084456892492426
0.3597599029647371   50.214883148894955   53.047340757726495
0.37030642505191835   47.45452502306326   50.24662001296
0.3811621231401457   44.799781785366584   47.561929171515075
0.3923360608618501   42.16682122776594   44.94111165810113
0.4038375675538918   39.61351347777696   42.42062499670652
0.41567624604680364   37.23168349598381   40.05772190968769
0.42786198068238046   35.05055586213191   37.86511886782159
0.4404049455663077   33.01313033132149   35.80233217376789
0.4533156130627191   31.057516353621583   33.833174884437646
0.4666047625377753   29.17922708730563   31.954099506966823
0.4802834893595659   27.41192838975841   30.181496056242555
0.49436321416184764   25.766631908768414   28.518480764711065
0.5088556923793517   24.220492776967536   26.949530510170796
0.5237730240626238   22.75086669119922   25.4610363921582
0.5391276639805903   21.359757799355023   24.052854158673327
0.5549324320192869   20.0546611458622   22.72608393640532
0.5712005238854289   18.829046571534978   21.47489911984291
0.5879455221237613   17.67187556698275   20.292565325677934
0.6051814074573895   16.58030185182227   19.175621027483007
0.622922570460556   15.554352408296127   18.122224736901344
0.6411838235736077   14.589771301629527   17.12858030411196
0.6599804134701901   13.681208470945826   16.190444210756212
0.6793280337869897   12.826389077277037   15.305309110332828
0.6992428382266549   12.022850667757734   14.47036427541171
0.7197414540448374   11.267702555295854   13.682822219120437
0.7408409959326054   10.558131771867098   12.94002583306311
0.7625590803058332   9.891484389033605   12.23945893440141
0.7849138400134885   9.265256671273885   11.578739700027986
0.8079239394770964   8.677086720676611   10.955614318236982
0.8316085902740278   8.124746585328369   10.367950859459985
0.8559875671776167   7.606143388212166   9.813736069110005
0.8810812246675007   7.119333941617263   9.291076729113076
0.9069105139239728   6.662485330829384   8.798184212203846
0.9334970003205227   6.233860581276219   8.33336661815514
0.960862881429187   5.831814423043557   7.895024142832748
0.9890310055537336   5.45478917923661   7.48164460780419
1.0180248908061487   5.101310779958746   7.091799151245014
1.047868744742366   4.769983376371922   6.724136970496059
1.0785874845736239   4.459478753684422   6.377376200096593
1.1102067579703248   4.168540616400707   6.050305518359957
1.1427529644757777   3.8959846214017633   5.741783063381928
1.1762532775476793   3.6406945381119002   5.450732661622293
1.210735667245765   3.401618587771429   5.176140233183293
1.246228923584555   3.177765961463729   4.917050372694269
1.2827626805706884   2.9682036426862433   4.6725623093076605
1.3203674409449337   2.7720542930819145   4.4418205190302595
1.3590746016495152   2.588492376832167   4.2240165840250565
1.3989164800420282   2.416740589577258   4.018390760732595
1.4399263408778291   2.2560672302998537   3.824229093896662
1.4821384240834183   2.1057837092595726   3.640860654415527
1.525587973344019   1.9652421783955614   3.467654940594895
1.5703112655292182   1.8338332569177858   3.304018880077738
1.6163456409812174   1.7109835841946586   3.149386661619736
1.6637295346910133   1.596153959416183   3.0032210861431703
1.7125025083885144   1.4888377125073482   2.8650189185900503
1.7627052835733923   1.3885588582139896   2.734308824218203
1.814379775514258   1.294870338862467   2.610649245160199
1.8675691282445197   1.2073523602130163   2.493626424162665
1.922317750584177   1.1256108127596842   2.3828523175346743
1.9786713532176083   1.0492756914610821   2.2779559127515427
2.0366769868582977   0.9779997026583135   2.1785820793474153
2.0963830815323896   0.9114570494131534   2.084398949589588
2.1578394870138577   0.8493421687868093   1.995096710862667
2.2210975144450407   0.7913685324459334   1.9103860128269867
2.286209979177315   0.7372675140712044   1.8299964980753083
2.3532312448676476   0.686787319011114   1.7536753791991155
2.4222172688678643   0.6396918959595662   1.6811814398283806
2.4932256489445366   0.5957599615394225   1.6122817225950852
2.5663156713684585   0.5547842483250468   1.5467586810976837
2.641548360413907   0.5165706633390899   1.4844097791986692
2.7189865293089923   0.48093748141839   1.425046350465852
2.798694832679631   0.4477145856811409   1.368492552265432
2.8807398205309562   0.41674275285685985   1.314584401963105
2.9651899938111903   0.38787309207263176   1.263167531464362
3.05211586160442   0.36096652560898035   1.2140947167321403
3.1415899999999994   0.3358929059911451   1.1672283809690434
