0.01   12884.429357234638   12879.830270544844
0.010293154462191829   13052.817839761252   13047.791229145767
0.010594902878253955   13217.374945766824   13211.880572207314
0.010905497183778876   13377.723483242298   13371.717966973096
0.011225196699963396   13533.46297615214   13526.89926355258
0.011554268350120923   13684.179142731158   13677.006244254755
0.011892986882540897   13829.45327818919   13821.616273163836
0.012241635099881474   13968.853772608563   13960.29360021347
0.012600504095286909   14101.931436648452   14092.584569057924
0.012969893495426888   14228.234737006409   14218.03322493741
0.013350111710660605   14347.308473159419   14336.179834386734
0.013741476192534558   14458.67559344185   14446.541697309585
0.014144313698828986   14561.854129606652   14548.630918544273
0.01455896056637426   14656.366956259364   14641.964623222317
0.014985762991865008   14741.729466920227   14726.051953103513
0.01542507732090645   14817.449414525403   14800.393848759128
0.015877270345534218   14883.045435124935   14864.50245944574
0.016342719610456153   14938.0449259313   14917.898602953404
0.016821813728271667   14981.97003008044   14960.096248661517
0.017314952703931925   15014.357307989774   14990.623876216374
0.017822548268711737   15034.76557346065   15009.03285490633
0.01834502422397195   15042.767784759373   15014.888134934137
0.018882816794999403   15037.956165338757   15007.77372052222
0.019436374995219892   15019.955212179633   14987.30694926216
0.02000616100108813   14988.425995075946   14953.143000240143
0.020592650537967844   14943.070586156795   14904.979518164795
0.021196333277324068   14883.633577112056   14842.55817385733
0.02181771324555934   14809.907108747926   14765.669773181804
0.022457309244835088   14721.757012419343   14674.180278421187
0.02311565528622961   14619.114609515456   14568.022778864057
0.023793301035594242   14501.963080311523   14447.184112889576
0.024490812272480036   14370.372637749882   14311.743801202232
0.025208771362518027   14224.532985659207   14161.909882121332
0.0259477777436476   14064.692280711904   13997.951019215572
0.02670844842659881   13891.166781919526   13820.20595088445
0.027491418510046592   13704.451231807756   13629.198613381219
0.028297341710866907   13505.137159313494   13425.552480853157
0.029126890909937666   13293.852530813321   13209.927371652515
0.029980758713939952   13071.37757656157   12983.14080696266
0.030859658033628758   12838.683006753368   12746.207696764244
0.031764322679055976   12596.75334593904   12500.154778929525
0.03269550797224261   12346.625361884608   12246.059317751262
0.033653991377811755   12089.609006394263   11985.274437849917
0.03464057315210884   11827.057763797844   11719.193935354713
0.03565607701135116   11560.273349624427   11449.154643738573
0.036701350819364466   11290.694708158235   11176.624148079622
0.03777726729548091   11019.880872186443   10903.18333486344
0.038884724743189276   10749.288074116868   10630.304879988253
0.04002464780014597   10480.362395194348   10359.438716670553
0.041197988210172884   10214.789207807244   10092.243469840463
0.04240572561788674   9954.173315088261   9830.290025780607
0.04364886838662332   9699.941017740894   9574.969533691377
0.04492845444033957   9453.121490826854   9327.263974461819
0.04624555213019635   9214.441526165128   9087.845890686398
0.04760126112654554   8984.535118133554   8857.298012012303
0.04899671333706607   8764.184689719228   8636.312743246674
0.05043307385181555   8554.643626056044   8425.956265554956
0.05191154191598653   8357.116456050351   8227.24468185742
0.053433351931179485   8172.347711063887   8040.768885592276
0.05499977448602865   7998.9700549846875   7865.147817150729
0.05661211741704101   7834.962473554426   7698.397431909955
0.05827172690053434   7678.483373296295   7538.712532498797
0.05997998857658587   7527.982001503172   7384.576392305868
0.06173832870592997   7382.079154486897   7234.643875724751
0.0635482153607709   7239.290748824151   7087.507217752798
0.06541115965050462   7097.602472938841   6941.355621946953
0.06732871698337338   6955.008162571036   6794.4106256231835
0.06930248836510605   6809.201913372485   6644.724755370085
0.07133412173562886   6657.64629944067   6490.231338665988
0.07342531334496233   6497.960027823114   6329.068197702827
0.07557780916945323   6327.812249496222   6159.586294388232
0.07779340636952398   6145.319568991988   5980.540285831577
0.08007395479015682   5949.664154974014   5791.690235089683
0.08242135850536496   5740.784606473684   5593.399846909718
0.08483757740794096   5520.287575532366   5387.315471653384
0.08732462884580919   5290.64158154348   5175.711761916396
0.08988458930634863   5055.435921890289   4961.771092734084
0.09251959615009227   4818.602154234226   4748.854829424718
0.09523184939525078   4584.418409670449   4540.303522473599
0.09802361355455057   4357.000310216169   4339.187394699883
0.10089721952591899   4140.370191134343   4148.3497551855435
0.10385506653859616   3938.272362018564   3970.1977753991428
0.10689962415629803   3754.079790182012   3806.699394530384
0.11003343433910281   3590.038102515118   3658.925706844846
0.11325911356578279   3447.369873516488   3527.121681026868
0.11657935501835284   3325.127356744858   3410.0303691300946
0.11999693083066039   3220.7574647583106   3305.313586940638
0.12351469440289359   3129.6835277697755   3209.5550266822274
0.12713558278394044   3046.4864816882055   3118.98291777338
0.13086261912358757   2965.1723178597895   3029.7305051726166
0.13469891519660646   2880.171079694035   2938.6005285540277
0.13864767400083483   2786.78325297712   2843.2711934981908
0.14271219243142114   2682.0326722455993   2742.547477133857
0.14689586403346616   2565.171090485994   2636.52446775295
0.1512021818353596   2437.8261197359675   2526.676332857193
0.15563474126517718   2303.812975110304   2415.7929437287885
0.16019724315257297   2168.3323985875772   2306.759651074973
0.1648934968186736   2037.3790688600197   2202.6523583792055
0.1697274232565544   1917.0365071977365   2106.1639305043927
0.17470305840495237   1812.2973781983717   2018.3665643650247
0.17982455651794954   1725.2468055601864   1940.6185987436002
0.18509619363343993   1654.2337422056587   1870.6385764455456
0.19052237114327647   1594.7864941105302   1806.0431331912116
0.19610761946807834   1541.2932535358561   1744.7633000287847
0.20185660183976684   1488.0250441155295   1684.4390048977643
0.20777411819498756   1429.679204300165   1623.4764044637743
0.21386510918267082   1362.9979857976414   1560.8502720829165
0.22013466028907505   1288.7427810238908   1497.4336860797312
0.22658800608375756   1211.2743918780805   1435.476013184061
0.23323053459001789   1136.0440545641281   1376.2165400075694
0.2400677917834628   1067.8044415088166   1320.72051540365
0.24710548622244882   1009.7024819018919   1269.4841652981925
0.25434949381426813   961.7378180850623   1222.015990598734
0.2618058627210567   920.9002180400821   1177.491363831575
0.2694808184095226   882.6270450878077   1134.6771934540993
0.27738076884870827   842.5830505320376   1092.6964006510136
0.2855123098601282   798.6105353080011   1051.3690382749708
0.29388223062474755   752.0746198623974   1010.9401457710563
0.3024975193514008   706.3238394282187   972.4156131071273
0.31136536911138296   664.5172505156776   935.8744853619717
0.3204931838440838   628.4436853029335   901.178763592359
0.32988858453867975   597.2995716538302   868.5938964932095
0.3395594155970457   568.3757771112935   837.3187280661333
0.34951375138319807   539.2284508800915   807.2119680929756
0.3597599029647371   508.97365400603394   777.8690545089514
0.37030642505191835   478.75045360521835   749.9283038263052
0.3811621231401457   450.56031081933054   723.2632689600304
0.3923360608618501   425.3515528483981   697.7633869000779
0.4038375675538918   402.6109994722274   673.5637080987169
0.41567624604680364   380.9707934092246   650.3572859229838
0.42786198068238046   359.46485586819045   628.0099557620728
0.4404049455663077   338.3355845134587   606.5646871334093
0.4533156130627191   318.45323917932456   586.0635344893204
0.4666047625377753   300.23244492778707   566.510703676127
0.4802834893595659   283.31491062152736   547.8401516568803
0.49436321416184764   267.08355569997104   529.9061377988194
0.5088556923793517   251.37134227631668   512.6457339241555
0.5237730240626238   236.48510735947562   496.1236040728788
0.5391276639805903   222.62519668359107   480.31889091548845
0.5549324320192869   209.6287390507943   465.1741877203728
0.5712005238854289   197.24643988922807   450.6159791857118
0.5879455221237613   185.45891520182371   436.61960878565486
0.6051814074573895   174.3727931459423   423.1940007987397
0.622922570460556   163.96671911382603   410.30890401040114
0.6411838235736077   154.12626826086262   397.9017605109107
0.6599804134701901   144.808159666847   385.9582882271881
0.6793280337869897   136.03446824896963   374.468108178048
0.6992428382266549   127.77780544938527   363.40028798664406
0.7197414540448374   119.98905778580672   352.7212622810981
0.7408409959326054   112.64817607087843   342.41664766933235
0.7625590803058332   105.73279856833454   332.4656056472267
0.7849138400134885   99.22015761856676   322.8467441193999
0.8079239394770964   93.08855742028585   313.5401409124297
0.8316085902740278   87.31733461435091   304.5272443918324
0.8559875671776167   81.88681947273666   295.790782394191
0.8810812246675007   76.77829775709746   287.3146786959989
0.9069105139239728   71.97397176324903   279.08395262540563
0.9334970003205227   67.45688626320964   271.08404789313806
0.960862881429187   63.21090149579361   263.300799480357
0.9890310055537336   59.22070530475047   255.72107974974944
1.0180248908061487   55.47177855950172   248.33277075399232
1.047868744742366   51.950359329852525   241.1247046599618
1.0785874845736239   48.64340830083458   234.08660881919354
1.1102067579703248   45.538575412738204   227.20905498216308
1.1427529644757777   42.6241678835662   220.48344414480758
1.1762532775476793   39.88912037747115   213.90218343711442
1.210735667245765   37.32296414197807   207.45848079747591
1.246228923584555   34.915797636964896   201.14617136501252
1.2827626805706884   32.65825907873214   194.9596826605787
1.3203674409449337   30.541500076461883   188.89400245156665
1.3590746016495152   28.557160330580558   182.94464812080273
1.3989164800420282   26.697343366612323   177.10763741994572
1.4399263408778291   24.954591544649567   171.37982792937362
1.4821384240834183   23.321860638273552   165.7596444240262
1.525587973344019   21.792504152576345   160.245960583447
1.5703112655292182   20.36025393779918   154.83781874937077
1.6163456409812174   19.01920039967477   149.53441535867216
1.6637295346910133   17.763773615953536   144.33508663384623
1.7125025083885144   16.58872532706184   139.23929452801718
1.7627052835733923   15.489111733809453   134.24663160894997
1.814379775514258   14.460275592540695   129.3576533887002
1.8675691282445197   13.497830539512856   124.57405827679867
1.922317750584177   12.597648728717255   119.89740180635972
1.9786713532176083   11.755846767490505   115.32900049650952
2.0366769868582977   10.96877216591467   110.86993769703318
2.0963830815323896   10.232990468622766   106.52106987685778
2.1578394870138577   9.545273039665467   102.2830333184797
2.2210975144450407   8.902585278845333   98.15630794700682
2.286209979177315   8.302073770751345   94.14179427955419
2.3532312448676476   7.741057255358855   90.24047505279854
2.4222172688678643   7.21701824105012   86.45297721935749
2.4932256489445366   6.727593526234047   82.7795858368604
2.5663156713684585   6.270565209338592   79.2202655540755
2.641548360413907   5.843852188262804   75.77468205351099
2.7189865293089923   5.445502125124672   72.44222333224229
2.798694832679631   5.073684715049197   69.22208114027542
2.8807398205309562   4.726686976698743   66.11345631979772
2.9651899938111903   4.402902899584546   63.11534526886719
3.05211586160442   4.100826074319227   60.22648462657794
3.1415899999999994   3.8190438701502267   57.44537648413604
