0.01   5318.3071966457255   5318.0254229408465
0.010293154462191829   5384.158703213125   5383.864000907037
0.010594902878253955   5448.143993032095   5447.835432289056
0.010905497183778876   5510.092803446611   5509.769041497507
0.011225196699963396   5569.830592168153   5569.489985493836
0.011554268350120923   5627.17535334225   5626.816260079406
0.011892986882540897   5681.943156599061   5681.563989626459
0.012241635099881474   5733.948613623888   5733.547817410684
0.012600504095286909   5782.996935926289   5782.57270413269
0.012969893495426888   5828.888861064548   5828.438980507597
0.013350111710660605   5871.426375349171   5870.948222973216
0.013741476192534558   5910.409245133869   5909.899936575855
0.014144313698828986   5945.632857759646   5945.08950252201
0.01455896056637426   5976.895812112073   5976.3155512020085
0.014985762991865008   6004.0000817572945   6003.37999687931
0.01542507732090645   6026.744321475462   6026.080830293172
0.015877270345534218   6044.930916573897   6044.219557718904
0.016342719610456153   6058.370460209054   6057.605913482386
0.016821813728271667   6066.879090940596   6066.05542337725
0.017314952703931925   6070.279159253443   6069.390115272583
0.017822548268711737   6068.405043980484   6067.444097786497
0.01834502422397195   6061.104875526267   6060.065196112312
0.018882816794999403   6048.242130316974   6047.116331396349
0.019436374995219892   6029.696714403036   6028.476840437008
0.02000616100108813   6005.366698467395   6004.044305010389
0.020592650537967844   5975.177472116557   5973.743921427737
0.021196333277324068   5939.081000719328   5937.527715188136
0.02181771324555934   5897.050036853736   5895.368580746999
0.022457309244835088   5849.089543889359   5847.272017543707
0.02311565528622961   5795.253677324272   5793.293585636092
0.023793301035594242   5735.621885734811   5733.514292383867
0.024490812272480036   5670.299512575117   5668.04109467242
0.025208771362518027   5599.4604415562235   5597.049892680522
0.0259477777436476   5523.322645405439   5520.760853684295
0.02670844842659881   5442.120029099385   5439.410008980079
0.027491418510046592   5356.142805042602   5353.290312454135
0.028297341710866907   5265.76391306513   5262.778500947889
0.029126890909937666   5171.366390742475   5168.2612436244935
0.029980758713939952   5073.352266515362   5070.143863110439
0.030859658033628758   4972.234206944892   4968.941875362453
0.031764322679055976   4868.552411131088   4865.1979311776695
0.03269550797224261   4762.828245974858   4759.435480149087
0.033653991377811755   4655.635543506329   4652.22980610716
0.03464057315210884   4547.605980143325   4544.2133863104045
0.03565607701135116   4439.333967176232   4435.98114164022
0.036701350819364466   4331.409688650294   4328.12251676152
0.03777726729548091   4224.533143322975   4221.332655844296
0.038884724743189276   4119.380225351245   4116.281934614608
0.04002464780014597   4016.555542491102   4013.569812906572
0.041197988210172884   3916.500056807039   3913.631188221466
0.04240572561788674   3819.5225277770965   3816.7681939374515
0.04364886838662332   3725.893377054945   3723.2452349530404
0.04492845444033957   3635.955145588313   3633.3938885348807
0.04624555213019635   3550.2885507227106   3547.770265509187
0.04760126112654554   3469.4595281078246   3466.9155390141505
0.04899671333706607   3393.8504560932265   3391.191322453756
0.05043307385181555   3322.974982859794   3320.104628560923
0.05191154191598653   3256.0510770829114   3252.8722448082617
0.053433351931179485   3192.3618310380484   3188.7763778384387
0.05499977448602865   3131.2855505390417   3127.195911066647
0.05661211741704101   3072.262322190981   3067.572246344044
0.05827172690053434   3014.6941887372054   3009.3128127881596
0.05997998857658587   2957.765299036948   2951.6201472020184
0.06173832870592997   2900.657482702145   2893.6976109950556
0.0635482153607709   2842.436038436177   2834.648642019394
0.06541115965050462   2782.0636062554618   2773.4898148586904
0.06732871698337338   2718.548531577365   2709.2907170351236
0.06930248836510605   2650.8761361523543   2641.120946487718
0.07133412173562886   2578.1894371442245   2568.207826152059
0.07342531334496233   2500.0138209425045   2490.171026166799
0.07557780916945323   2416.17074549764   2406.9152976079235
0.07779340636952398   2327.1502467306027   2318.981521325312
0.08007395479015682   2233.823255382889   2227.262027472303
0.08242135850536496   2137.5741697105636   2133.1173490151373
0.08483757740794096   2039.9832242596842   2038.076098209044
0.08732462884580919   1942.828753787925   1943.834054083188
0.08988458930634863   1847.8516142168805   1852.0258460915143
0.09251959615009227   1756.7733923737676   1764.2249828516537
0.09523184939525078   1671.2186439413783   1681.8766577267468
0.09802361355455057   1592.6793040117084   1606.2771280478082
0.10089721952591899   1522.2445217419202   1538.3246959575924
0.10385506653859616   1460.629037007207   1478.5473944389657
0.10689962415629803   1407.6951420182743   1426.7096317213513
0.11003343433910281   1362.640714583184   1381.978419142422
0.11325911356578279   1323.7538653044815   1342.715989116978
0.11657935501835284   1288.8931458036327   1306.9440325558114
0.11999693083066039   1255.5564461830031   1272.4724759207593
0.12351469440289359   1221.3279721351994   1237.2257685326226
0.12713558278394044   1184.0643351434487   1199.411219739099
0.13086261912358757   1142.2459178132237   1157.8811436143956
0.13469891519660646   1095.2316484112023   1112.2298969710785
0.13864767400083483   1043.3793793621703   1062.8750137524166
0.14271219243142114   988.0509450123408   1011.1051926884493
0.14689586403346616   931.3020659223342   958.6748432214555
0.1512021818353596   875.613364792269   907.5884484153838
0.15563474126517718   823.6054317167697   859.880679650881
0.16019724315257297   777.6200378201257   817.2736542111682
0.1648934968186736   738.9918788883002   780.7087512836673
0.1697274232565544   707.5141235275781   749.7614190632399
0.17470305840495237   681.5988504880315   723.0795308890365
0.17982455651794954   658.9397522678132   698.8544668927824
0.18509619363343993   637.0705388283512   675.2462696937306
0.19052237114327647   613.6132306625937   650.6097385490231
0.19610761946807834   586.8036774192964   623.8368535276497
0.20185660183976684   556.3976550471812   594.9582848097134
0.20777411819498756   523.8831102370544   565.0839375703046
0.21386510918267082   491.57499530018237   535.8698939976782
0.22013466028907505   461.677309566403   508.6876023659839
0.22658800608375756   435.8115617995381   484.48023613040755
0.23323053459001789   414.4796855938596   463.4496804916405
0.2400677917834628   396.6886068076272   444.7585475930774
0.24710548622244882   380.5886127285751   427.2769825002268
0.25434949381426813   364.1812774490668   409.86810143328165
0.2618058627210567   346.14532985314406   391.81813669644885
0.2694808184095226   326.61975041301264   373.35634956408745
0.27738076884870827   306.9269091070257   355.2181873324281
0.2855123098601282   288.55390421660996   338.2251866804928
0.29388223062474755   272.5331367152816   322.7134298847092
0.3024975193514008   258.88067502546664   308.6857977352915
0.31136536911138296   246.55899787901706   295.5064802826778
0.3204931838440838   234.36435423568824   282.7237959837081
0.32988858453867975   221.65797922726566   270.00926275190176
0.3395594155970457   208.69338639204182   257.566403953067
0.34951375138319807   196.3500467137973   245.7279794877506
0.3597599029647371   185.25427414145324   234.6882387235559
0.37030642505191835   175.35952613762464   224.38225042823603
0.3811621231401457   166.11682619419156   214.58546539772408
0.3923360608618501   156.97260931130342   205.14039524904177
0.4038375675538918   147.87584780939238   196.00012359533702
0.41567624604680364   139.19543845327874   187.28931744798783
0.42786198068238046   131.2205852203   179.07727133164255
0.4404049455663077   123.88893864831226   171.31370423395953
0.4533156130627191   116.90682892541393   163.8999683929891
0.4666047625377753   110.12452653955194   156.79717010935704
0.4802834893595659   103.63655999024505   150.023640841115
0.49436321416184764   97.58510933862605   143.5984570690856
0.5088556923793517   91.93890141975403   137.50116212878834
0.5237730240626238   86.57446590989163   131.68650248208309
0.5391276639805903   81.44691196091398   126.13912299921584
0.5549324320192869   76.60665598791864   120.86421835318069
0.5712005238854289   72.0695089560846   115.8506539414285
0.5879455221237613   67.78587610648188   111.07743827067088
0.6051814074573895   63.722531502732416   106.52945042612137
0.622922570460556   59.88840416086433   102.20073477732716
0.6411838235736077   56.28167036308296   98.08200966031706
0.6599804134701901   52.8795623113856   94.15924446623407
0.6793280337869897   49.66668305407009   90.42444575060776
0.6992428382266549   46.63887878265133   86.86774248869492
0.7197414540448374   43.78718123299051   83.47977189857697
0.7408409959326054   41.10179263200462   80.25176496194761
0.7625590803058332   38.57343998328696   77.17544340506292
0.7849138400134885   36.193347686900466   74.24299066402733
0.8079239394770964   33.95321157527736   71.44702465071236
0.8316085902740278   31.845174291139116   68.78057220319445
0.8559875671776167   29.86180583761809   66.23703243549204
0.8810812246675007   27.996163117000833   63.809879686150715
0.9069105139239728   26.241743249952556   61.492690201004464
0.9334970003205227   24.592367320824376   59.279428958462375
0.960862881429187   23.04216325826998   57.16443602487499
0.9890310055537336   21.585553450734828   55.142400838568165
1.0180248908061487   20.217242637529708   53.208338415916515
1.047868744742366   18.932206088761152   51.35756732500624
1.0785874845736239   17.725673091860102   49.58562624507575
1.1102067579703248   16.59309902134479   47.888027309879995
1.1427529644757777   15.530176522566201   46.26048902865033
1.1762532775476793   14.532832153454487   44.69901579554049
1.210735667245765   13.597214920208378   43.199877193207826
1.246228923584555   12.719685284394513   41.759588956205455
1.2827626805706884   11.89680463038552   40.37489547086145
1.3203674409449337   11.125325198830366   39.04275115143942
1.3590746016495152   10.402181249323194   37.76019334157312
1.3989164800420282   9.724479878342907   36.5243017154736
1.4399263408778291   9.089490912552879   35.332350465101484
1.4821384240834183   8.494638455454892   34.18180662041253
1.525587973344019   7.937492906563939   33.070316500445884
1.5703112655292182   7.415763338885967   31.99569328134945
1.6163456409812174   6.927290222627017   30.955905575631686
1.6637295346910133   6.470038258056491   29.949063014436103
1.7125025083885144   6.042088517112945   28.973383563131836
1.7627052835733923   5.641633425569818   28.02720387991303
1.814379775514258   5.266971470533575   27.108983941824437
1.8675691282445197   4.916501390693578   26.217299087314036
1.922317750584177   4.588716651534382   25.35083259526569
1.9786713532176083   4.2822001967644585   24.508368798387004
2.0366769868582977   3.995619459985108   23.6887867470319
2.0963830815323896   3.727721130088064   22.891062777944818
2.1578394870138577   3.4773263691397025   22.114271605284216
2.2210975144450407   3.243327620513636   21.357564315851736
2.286209979177315   3.0246846414597273   20.62016154062719
2.3532312448676476   2.8204206194240267   19.90134903281567
2.4222172688678643   2.6296184972349606   19.20047348414518
2.4932256489445366   2.451417497015702   18.516938555537543
2.5663156713684585   2.2850099744369263   17.850218725358687
2.641548360413907   2.1296395862224213   17.20002303279862
2.7189865293089923   1.9845973506984966   16.56618875778376
2.798694832679631   1.8492178851101215   15.948552702831496
2.8807398205309562   1.722876870794608   15.34694902338522
2.9651899938111903   1.6049886668373294   14.761208966720588
3.05211586160442   1.495004050597019   14.19116063846177
3.1415899999999994   1.3924080772010474   13.636628733943162
