0.01   8038.361631605351   8037.111308915152
0.010293154462191829   8150.593127569309   8149.228013575491
0.010594902878253955   8260.61058799972   8259.121333210154
0.010905497183778876   8368.161354587428   8366.538403662502
0.011225196699963396   8472.976891997767   8471.208780053996
0.011554268350120923   8574.782641134962   8572.855700900658
0.011892986882540897   8673.298981524184   8671.197385770285
0.012241635099881474   8768.23184625042   8765.938455063237
0.012600504095286909   8859.27855636149   8856.77539498261
0.012969893495426888   8946.134491727445   8943.402788791102
0.013350111710660605   9028.486969679041   9025.50685999628
0.013741476192534558   9106.010645309469   9102.76061270091
0.014144313698828986   9178.3799959247   9174.836850155549
0.01455896056637426   9245.270000195742   9241.408812477994
0.014985762991865008   9306.346295593285   9302.139700168413
0.01542507732090645   9361.274370678722   9356.692322531157
0.015877270345534218   9409.72641388626   9404.7362741519
0.016342719610456153   9451.37614430386   9445.942798221544
0.016821813728271667   9485.898001855598   9479.984009230755
0.017314952703931925   9512.978109808315   9506.54388312751
0.017822548268711737   9532.316240426251   9525.320034695122
0.01834502422397195   9543.624666477455   9536.02173391501
0.018882816794999403   9546.633144895486   9538.37567434853
0.019436374995219892   9541.092595806025   9532.130040836533
0.02000616100108813   9526.783027722104   9517.062711886376
0.020592650537967844   9503.515971348412   9492.983748855784
0.021196333277324068   9471.130329493792   9459.731038953169
0.02181771324555934   9429.502296771181   9417.18052111992
0.022457309244835088   9378.569758910093   9365.271374673692
0.02311565528622961   9318.30903808477   9303.981943212599
0.023793301035594242   9248.731403801148   9233.32609723114
0.024490812272480036   9169.930382205872   9153.402059000988
0.025208771362518027   9082.071984358947   9064.38225340285
0.0259477777436476   8985.35312057617   8966.47032188367
0.02670844842659881   8880.038356062138   8859.93860336151
0.027491418510046592   8766.527391395251   8745.196957122818
0.028297341710866907   8645.257640982234   8622.693197386754
0.029126890909937666   8516.692140159787   8492.900678100159
0.029980758713939952   8381.428498956695   8356.429146918405
0.030859658033628758   8240.144410845884   8213.969144907516
0.031764322679055976   8093.511370697366   8066.2041083875665
0.03269550797224261   7942.292924549975   7913.907485122078
0.033653991377811755   7787.452524078508   7758.0492954844685
0.03464057315210884   7629.937775777667   7599.582356817388
0.03565607701135116   7470.648855912318   7439.41110155192
0.036701350819364466   7310.460013258165   7278.413670621081
0.03777726729548091   7150.201699403367   7117.423698069899
0.038884724743189276   6990.647379225591   6957.216697372071
0.04002464780014597   6832.7008682263495   6798.686917569881
0.041197988210172884   6677.505617066416   6642.950412393479
0.04240572561788674   6526.132532817746   6491.050471028454
0.04364886838662332   6379.532929101149   6343.90951238831
0.04492845444033957   6238.443840014973   6202.219612190939
0.04624555213019635   6103.482337820594   6066.549187761033
0.04760126112654554   5975.179546676472   5937.384443151882
0.04899671333706607   5853.556108068763   5814.711862782803
0.05043307385181555   5738.226336690414   5698.120785809183
0.05191154191598653   5628.801351286032   5587.199876027831
0.053433351931179485   5524.627193148544   5481.285897721839
0.05499977448602865   5424.833752319665   5379.5110969117695
0.05661211741704101   5328.564233800718   5281.025804738174
0.05827172690053434   5234.726914905536   5184.77525283452
0.05997998857658587   5142.160567276925   5089.649299247411
0.06173832870592997   5049.631977322955   4994.489675338389
0.0635482153607709   4955.6676674421515   4897.949373735457
0.06541115965050462   4858.819873765828   4798.719843253014
0.06732871698337338   4757.4478672926625   4695.365854932382
0.06930248836510605   4649.943155146552   4586.505684249024
0.07133412173562886   4534.903820804704   4471.016331012044
0.07342531334496233   4411.173060269301   4348.042024102147
0.07557780916945323   4278.253142060698   4217.305175657367
0.07779340636952398   4136.312424771181   4079.1090316860764
0.08007395479015682   3986.348253065464   3934.5676536025826
0.08242135850536496   3830.088107886886   3785.485575819104
0.08483757740794096   3669.8958007671918   3634.032041760085
0.08732462884580919   3508.4726694440164   3482.55462024772
0.08988458930634863   3348.7340762689514   3333.6180721743467
0.09251959615009227   3193.553547953418   3189.6824476010156
0.09523184939525078   3045.780343673927   3053.017884733976
0.09802361355455057   2907.9016849656127   2925.540673046002
0.10089721952591899   2782.154358460122   2808.8564314902587
0.10385506653859616   2670.0271980525727   2703.915527931411
0.10689962415629803   2572.1028750875134   2610.83979730223
0.11003343433910281   2487.666238044539   2528.727185704494
0.11325911356578279   2414.804103722904   2455.744978408465
0.11657935501835284   2350.330931212667   2389.1998173249826
0.11999693083066039   2290.4555302365566   2326.057402945016
0.12351469440289359   2231.0299480621793   2263.1930484189274
0.12713558278394044   2168.2192347410096   2197.9270473169795
0.13086261912358757   2098.885558254238   2128.2319705602545
0.13469891519660646   2021.1097487101003   2053.009550175068
0.13864767400083483   1934.6358631325973   1972.385362986167
0.14271219243142114   1840.904377190204   1887.7671194344362
0.14689586403346616   1742.8585491224064   1801.563010085683
0.1512021818353596   1644.46813959034   1716.458077851018
0.15563474126517718   1550.1678778692644   1635.4083186501773
0.16019724315257297   1464.2272051920352   1560.8588988361957
0.1648934968186736   1389.835803850651   1494.4380323240837
0.1697274232565544   1328.0795830284687   1436.5391952667474
0.17470305840495237   1277.4460232554932   1385.7217003680148
0.17982455651794954   1234.4241662155587   1339.5423637057556
0.18509619363343993   1194.6923565866953   1295.5212634510033
0.19052237114327647   1153.9424458768551   1251.2016315173973
0.19610761946807834   1108.5020513245024   1204.959231124468
0.20185660183976684   1056.546229881572   1156.4438110207568
0.20777411819498756   999.2452546790088   1106.212689215038
0.21386510918267082   940.2316653530492   1056.340197285631
0.22013466028907505   883.7733823023794   1008.990551224651
0.22658800608375756   833.3964819671556   965.358622717932
0.23323053459001789   791.0362808178224   926.2536535192058
0.2400677917834628   756.1778850074038   890.8418823867389
0.24710548622244882   725.9895064786409   857.822891301729
0.25434949381426813   696.7077470981387   825.7896576239289
0.2618058627210567   665.1843558043673   793.7277720845212
0.2694808184095226   630.2797654367217   761.3303669194371
0.27738076884870827   593.6479969766938   729.2237745354879
0.2855123098601282   558.246133469508   698.7082568467072
0.29388223062474755   526.5818904905549   670.080808644917
0.3024975193514008   499.6521637526505   643.6493638898694
0.31136536911138296   476.27255313819256   618.825821274181
0.3204931838440838   453.9804295723652   595.0058173386159
0.32988858453867975   430.88517941359436   571.6468533119818
0.3395594155970457   406.7028688823462   548.9282451960371
0.34951375138319807   382.81293449916154   527.0282922564081
0.3597599029647371   360.94182258258786   506.3149210989812
0.37030642505191835   341.6411486401625   486.7359519272683
0.3811621231401457   324.1289885413789   468.162335926599
0.3923360608618501   307.08827384301816   450.31634590398625
0.4038375675538918   289.8843849585703   433.0960978530549
0.41567624604680364   273.0277190769359   416.5538635761178
0.42786198068238046   257.3767259335754   400.8356323958848
0.4404049455663077   243.15561220143127   385.88801104419264
0.4533156130627191   229.8475112713789   371.60217180468
0.4666047625377753   216.88978385995284   357.9001824283041
0.4802834893595659   204.28821997587758   344.75326412109735
0.49436321416184764   192.43365849395386   332.209139100692
0.5088556923793517   181.45428819868323   320.2614821013814
0.5237730240626238   171.1031953549392   308.8351937142276
0.5391276639805903   161.15643517481618   297.8833521199335
0.5549324320192869   151.68184297901502   287.40303071275804
0.5712005238854289   142.80418450825573   277.3946535861934
0.5879455221237613   134.46046055271987   267.8253659707897
0.6051814074573895   126.52876101947764   258.65897331746856
0.622922570460556   119.00566613208287   249.87237795220128
0.6411838235736077   111.9300011302228   241.46846468906818
0.6599804134701901   105.25928318947282   233.4233500835337
0.6793280337869897   98.95373726881559   225.6973202530868
0.6992428382266549   93.00272350129111   218.2932190780685
0.7197414540448374   87.38877688632974   211.1942619539742
0.7408409959326054   82.0945499723145   204.38300926966102
0.7625590803058332   77.10344909709323   197.84316399159832
0.7849138400134885   72.3996125130662   191.5594900340439
0.8079239394770964   67.96788445237732   185.51772449119238
0.8316085902740278   63.79372221086049   179.7042628887545
0.8559875671776167   59.86320018685659   174.10614780163985
0.8810812246675007   56.16306620131329   168.71126770143348
0.9069105139239728   52.68071737048834   163.50830794158767
0.9334970003205227   49.40417344827756   158.48669601244785
0.960862881429187   46.32205089304572   153.63655115318437
0.9890310055537336   43.42353766744822   148.94863793655566
1.0180248908061487   40.69836922048979   144.41415247848434
1.047868744742366   38.13680623488726   140.02406801605056
1.0785874845736239   35.729609708414124   135.76976398419967
1.1102067579703248   33.46801808777873   131.64324977336702
1.1427529644757777   31.343725871834103   127.63712351522518
1.1762532775476793   29.348862934144822   123.74453417545249
1.210735667245765   27.475974558675116   119.95914667831417
1.246228923584555   25.718002125277497   116.2751092233009
1.2827626805706884   24.068261860318074   112.68699671257737
1.3203674409449337   22.520426611841717   109.18977479150314
1.3590746016495152   21.068513043410633   105.77881529945714
1.3989164800420282   19.706865204047702   102.449875472299
1.4399263408778291   18.430138403627943   99.19907528251865
1.4821384240834183   17.23328375118095   96.02287621901414
1.525587973344019   16.111533338523248   92.9180613426433
1.5703112655292182   15.060385729789054   89.88177178038836
1.6163456409812174   14.075590319950068   86.91186542346978
1.6637295346910133   13.153136316410448   84.00661068858761
1.7125025083885144   12.289241629874619   81.16443882922579
1.7627052835733923   11.480340874615738   78.38393166243144
1.814379775514258   10.723073913734394   75.66381123650412
1.8675691282445197   10.014274938899105   73.00292982248057
1.922317750584177   9.350962059610902   70.40026103545796
1.9786713532176083   8.730326122450935   67.85509996628977
2.0366769868582977   8.149720111184033   65.36728595034293
2.0963830815323896   7.606653269838184   62.9367165222211
2.1578394870138577   7.098782866071619   60.56326981650356
2.2210975144450407   6.623905912634721   58.2468024000734
2.286209979177315   6.179951314063738   55.98714725588847
2.3532312448676476   5.764972419466335   53.78411192214697
2.4222172688678643   5.3771402078139525   51.63751616825488
2.4932256489445366   5.014739699856741   49.54770929095066
2.5663156713684585   4.676161745026786   47.51532830310493
2.641548360413907   4.359894130670956   45.540828163383885
2.7189865293089923   4.064516076773228   43.624480619283034
2.798694832679631   3.7886930803397694   41.766385242502274
2.8807398205309562   3.531172020841192   39.966480485903105
2.9651899938111903   3.2907765158052724   38.22455469671327
3.05211586160442   3.0663993893603174   36.540161965256644
3.1415899999999994   2.8569913945245187   34.912399326860886
