0.01   27107.526651130134   27098.094968351063
0.010293154462191829   27340.591757428363   27330.306319972104
0.010594902878253955   27559.89423740616   27548.687487000483
0.010905497183778876   27764.518078224315   27752.31490471856
0.011225196699963396   27953.547176061114   27940.264297885573
0.011554268350120923   28126.06862488611   28111.614910084492
0.011892986882540897   28281.12144649628   28265.399728135242
0.012241635099881474   28417.72977683465   28400.638021131308
0.012600504095286909   28534.93915183575   28516.37085402454
0.012969893495426888   28631.787728509946   28611.63009058141
0.013350111710660605   28707.28979184235   28685.420520996704
0.013741476192534558   28760.49290149165   28736.78048546513
0.014144313698828986   28790.476173124018   28764.780293124983
0.01455896056637426   28796.29505642702   28768.465637935176
0.014985762991865008   28777.037460537795   28746.91507213303
0.01542507732090645   28731.856082264032   28699.27299120866
0.015877270345534218   28659.934302595626   28624.71191891587
0.016342719610456153   28560.489620344593   28522.435744518287
0.016821813728271667   28432.828100794126   28391.73858109539
0.017314952703931925   28276.343667062683   28232.003847249543
0.017822548268711737   28090.496036922024   28042.680669810827
0.01834502422397195   27874.851750389007   27823.327147662036
0.018882816794999403   27629.101924245497   27573.628950117585
0.019436374995219892   27353.07522944629   27293.412747340604
0.02000616100108813   27046.742362763704   26982.650808563947
0.020592650537967844   26710.216529184665   26641.461471345803
0.021196333277324068   26343.79517542299   26270.15539721309
0.02181771324555934   25948.013521439138   25869.295016894943
0.022457309244835088   25523.563643982052   25439.603801302273
0.02311565528622961   25071.303825361465   24981.975829354968
0.023793301035594242   24592.441682046778   24497.67463563254
0.024490812272480036   24088.41240819935   23988.200575220577
0.025208771362518027   23560.757795480444   23455.15925535011
0.0259477777436476   23011.33162181287   22900.481603753968
0.02670844842659881   22442.401543363416   22326.53268979491
0.027491418510046592   21856.281852273027   21735.717987457752
0.028297341710866907   21255.39858102675   21130.548585473567
0.029126890909937666   20642.787099470872   20514.15274483638
0.029980758713939952   20021.58270965923   19889.750914883676
0.030859658033628758   19394.775370533855   19260.403515327096
0.031764322679055976   18765.678428417505   18629.491841538682
0.03269550797224261   18137.901222604873   18000.689962245826
0.033653991377811755   17514.745649541765   17377.347019510333
0.03464057315210884   16899.493372026376   16762.759066636263
0.03565607701135116   16296.202151960033   16160.926899800137
0.036701350819364466   15708.65611170387   15575.561247071106
0.03777726729548091   15140.079079032841   15009.81213338862
0.038884724743189276   14592.947542800679   14466.069272393761
0.04002464780014597   14069.129226569481   13946.108133966292
0.041197988210172884   13570.136257870054   13451.356700302611
0.04240572561788674   13097.9855057827   12983.632278835566
0.04364886838662332   12656.270883962714   12546.056760928372
0.04492845444033957   12248.30153141579   12141.48571615917
0.04624555213019635   11876.25331274554   11771.718194645222
0.04760126112654554   11538.261316083672   11434.67268865668
0.04899671333706607   11231.294794308482   11127.16340762061
0.05043307385181555   10952.599714923745   10846.289565824032
0.05191154191598653   10699.443372953747   10589.17496970383
0.053433351931179485   10469.26552583636   10353.119163542662
0.05499977448602865   10259.235103132385   10135.20156307517
0.05661211741704101   10065.187612423271   9931.317579451514
0.05827172690053434   9882.922859791288   9737.36870587597
0.05997998857658587   9707.339825612326   9548.630319035778
0.06173832870592997   9532.558402340495   9359.8533139941
0.0635482153607709   9352.519583920033   9165.804952664696
0.06541115965050462   9160.168384565435   8960.750755163894
0.06732871698337338   8948.895027163204   8739.45966340356
0.06930248836510605   8713.04463474303   8497.753266615084
0.07133412173562886   8448.150069041254   8232.568429494093
0.07342531334496233   8152.272160198094   7943.418816287025
0.07557780916945323   7825.459521021935   7631.510913473186
0.07779340636952398   7471.0164572159165   7300.528756084611
0.08007395479015682   7094.121647362905   6955.421147032242
0.08242135850536496   6702.085343810501   6602.610271501384
0.08483757740794096   6303.090275965632   6248.978270332491
0.08732462884580919   5906.297224435165   5901.994477596125
0.08988458930634863   5521.613521161803   5569.07279060761
0.09251959615009227   5158.858572747917   5257.147057923555
0.09523184939525078   4827.054510788458   4972.006655585692
0.09802361355455057   4534.197015021275   4718.334122297671
0.10089721952591899   4285.027603709827   4498.274800046351
0.10385506653859616   4081.654009636696   4311.924377973222
0.10689962415629803   3921.633617261387   4155.868782085153
0.11003343433910281   3799.884345175333   4025.1416271976823
0.11325911356578279   3707.768019020833   3913.492383010654
0.11657935501835284   3634.778350934062   3813.471783830893
0.11999693083066039   3568.81061809153   3716.830885096561
0.12351469440289359   3497.19015862725   3616.304593143575
0.12713558278394044   3408.458882223437   3506.260963872442
0.13086261912358757   3293.922227345697   3383.1641633429053
0.13469891519660646   3149.5211036151545   3246.035429353738
0.13864767400083483   2976.4279452255346   3096.627039780643
0.14271219243142114   2781.1725138504835   2939.9194921276867
0.14689586403346616   2575.189311160794   2783.156981757235
0.1512021818353596   2373.4469509286228   2633.0504381352553
0.15563474126517718   2190.9907064319054   2496.1269300132963
0.16019724315257297   2038.6412693043605   2376.7717897866064
0.1648934968186736   1920.7428140350275   2274.369273637822
0.1697274232565544   1835.6619292255311   2186.740797004825
0.17470305840495237   1777.1962333299205   2111.211445920855
0.17982455651794954   1734.8949852181652   2042.0019798395056
0.18509619363343993   1694.6650863098212   1973.730410977941
0.19052237114327647   1642.6123495224547   1902.4918269367363
0.19610761946807834   1570.523335983514   1826.8410058452064
0.20185660183976684   1478.2753978945902   1747.545724951462
0.20777411819498756   1372.4654064395102   1667.5136457848528
0.21386510918267082   1264.6370471889677   1591.0166382979824
0.22013466028907505   1167.6253139918463   1520.0307281956925
0.22658800608375756   1090.2650792729091   1456.4284155067783
0.23323053459001789   1034.5376548095062   1398.9566104941564
0.2400677917834628   995.6785555738223   1347.181784278205
0.24710548622244882   963.5342370968926   1297.2015602628142
0.25434949381426813   927.0500047583423   1247.7771417896843
0.2618058627210567   879.9764540615735   1199.5183166674385
0.2694808184095226   822.839987550643   1151.1165618404514
0.27738076884870827   762.144304532078   1103.9362958538331
0.2855123098601282   707.0552823260635   1060.1798171194077
0.29388223062474755   663.3836446000928   1018.9350202351264
0.3024975193514008   630.7601473200763   981.0677907001667
0.31136536911138296   603.8447334542064   944.876812948157
0.3204931838440838   575.5915173683296   910.1540244737982
0.32988858453867975   542.3000690808955   876.248642118235
0.3395594155970457   505.82362844393555   843.2492329980686
0.34951375138319807   471.058555700256   811.8663508924382
0.3597599029647371   441.97264682763733   782.5212313468544
0.37030642505191835   418.5037886677386   754.7705845358761
0.3811621231401457   397.16224206643363   728.2218217366953
0.3923360608618501   374.64323709318535   702.8003619266295
0.4038375675538918   350.7071934121481   678.1518254898159
0.41567624604680364   327.7113281104512   654.5550506810698
0.42786198068238046   307.7111445685608   632.3266933253163
0.4404049455663077   290.35243163629497   611.1934269648351
0.4533156130627191   273.7028857769665   590.9449568456175
0.4666047625377753   256.77414243960146   571.3526277086364
0.4802834893595659   240.33990425526753   552.5654583823455
0.49436321416184764   225.48498911198877   534.6883819223482
0.5088556923793517   212.0804180861622   517.7499014614665
0.5237730240626238   199.23766520032356   501.40193381416515
0.5391276639805903   186.69553085473123   485.6633704483616
0.5549324320192869   174.92614466747264   470.5896966488446
0.5712005238854289   164.14325172701587   456.2230929151697
0.5879455221237613   154.00271238963546   442.4106060438738
0.6051814074573895   144.29827256316852   429.0954506339508
0.622922570460556   135.1516785188169   416.30782570819065
0.6411838235736077   126.58508949245449   404.01522374744275
0.6599804134701901   118.5634395933899   392.1816646634343
0.6793280337869897   111.04656584695691   380.77955301046717
0.6992428382266549   103.9978971625707   369.78314428498715
0.7197414540448374   97.38409761141985   359.1684147235139
0.7408409959326054   91.17474747838345   348.91294201473534
0.7625590803058332   85.34205800152242   338.99579582686334
0.7849138400134885   79.86167576923211   329.3970285495851
0.8079239394770964   74.71436633801088   320.09673746795
0.8316085902740278   69.88238035544072   311.07616583288393
0.8559875671776167   65.3486496321484   302.3178984091498
0.8810812246675007   61.09678872726985   293.8057754515936
0.9069105139239728   57.11109292582321   285.5248139571374
0.9334970003205227   53.376533014647805   277.4611354724084
0.960862881429187   49.87860112468004   269.60180124336534
0.9890310055537336   46.60289437550106   261.93444692730367
1.0180248908061487   43.5356927817582   254.4475784002976
1.047868744742366   40.66410285469625   247.13063769361145
1.0785874845736239   37.97600873770887   239.97395121066629
1.1102067579703248   35.460026196756914   232.96868170931552
1.1427529644757777   33.10545930182161   226.10678360774904
1.1762532775476793   30.902276670686003   219.3810733252481
1.210735667245765   28.841142642144575   212.7856881080952
1.246228923584555   26.913296608331738   206.3155652863605
1.2827626805706884   25.110485228350715   199.966169815305
1.3203674409449337   23.42493567404173   193.73346547042144
1.3590746016495152   21.84933011821811   187.61388737324063
1.3989164800420282   20.376781383025545   181.6043154062117
1.4399263408778291   19.000807023777604   175.7021993893157
1.4821384240834183   17.715291335538367   169.90648575690545
1.525587973344019   16.5144802942621   164.2168238611245
1.5703112655292182   15.392971053944992   158.6329802177693
1.6163456409812174   14.345691670724554   153.15482234917647
1.6637295346910133   13.367881866453677   147.78230588721013
1.7125025083885144   12.455074834906073   142.51546189434436
1.7627052835733923   11.60308033031998   137.3544993647222
1.814379775514258   10.807970887133427   132.30082611952932
1.8675691282445197   10.066064426006127   127.35636990582817
1.922317750584177   9.373907877567142   122.52281264292081
1.9786713532176083   8.728263649269683   117.80158545388007
2.0366769868582977   8.126096859241706   113.19387437455329
2.0963830815323896   7.564563274227711   108.7006265609864
2.1578394870138577   7.040997728938451   104.32259737051116
2.2210975144450407   6.552901008363791   100.06088718372641
2.286209979177315   6.097931152242248   95.91670099639994
2.3532312448676476   5.6738960721658485   91.89087857009574
2.4222172688678643   5.278744369978293   87.98390283329495
2.4932256489445366   4.910556640317705   84.19592075551232
2.5663156713684585   4.567537286074872   80.52676430696657
2.641548360413907   4.24800694167756   76.97598666561214
2.7189865293089923   3.950397611193027   73.54318812477908
2.798694832679631   3.673244922653008   70.22795742171996
2.8807398205309562   3.415178983154804   67.02955228510169
2.9651899938111903   3.1749184677485345   63.9469150867579
3.05211586160442   2.9512651601851188   60.978702188341295
3.1415899999999994   2.7430988083098544   58.12331237488406
