0.01   10280.309487376155   10279.287256050156
0.010293154462191829   10392.492250366522   10391.390516418563
0.010594902878253955   10500.839664839512   10499.653229137239
0.010905497183778876   10605.051149555375   10603.774670917337
0.011225196699963396   10704.809645391766   10703.435547458152
0.011554268350120923   10799.795646659779   10798.313872051052
0.011892986882540897   10889.686929432271   10888.08525614838
0.012241635099881474   10974.147096314464   10972.413226549352
0.012600504095286909   11052.836178675092   11050.95853832941
0.012969893495426888   11125.416804853732   11123.38457093101
0.013350111710660605   11191.541628276971   11189.343426236766
0.013741476192534558   11250.85203477525   11248.474368132556
0.014144313698828986   11302.99556531793   11300.422740410935
0.01455896056637426   11347.623749822429   11344.838106081172
0.014985762991865008   11384.37884515842   11381.361609818221
0.01542507732090645   11412.910615207691   11409.64218872539
0.015877270345534218   11432.882618646681   11429.34262230126
0.016342719610456153   11443.958934440629   11440.125389870129
0.016821813728271667   11445.808586450543   11441.657233317901
0.017314952703931925   11438.121751814479   11433.626171995818
0.017822548268711737   11420.607507536475   11415.739068301262
0.01834502422397195   11392.986571416337   11387.713959001798
0.018882816794999403   11355.00638057913   11349.295733708392
0.019436374995219892   11306.446174620129   11300.26140389357
0.02000616100108813   11247.117235123846   11240.420647036068
0.020592650537967844   11176.866247781505   11169.619092644996
0.021196333277324068   11095.579247909289   11087.7421108995
0.02181771324555934   11003.191964964877   10994.725225342218
0.022457309244835088   10899.700189228379   10890.564545736548
0.02311565528622961   10785.145765002755   10775.302693987926
0.023793301035594242   10659.622106131603   10649.03480058487
0.024490812272480036   10523.31873780831   10511.9562485955
0.025208771362518027   10376.491957278353   10364.331126464644
0.0259477777436476   10219.440803415086   10206.466360500692
0.02670844842659881   10052.564052130296   10038.770148298965
0.027491418510046592   9876.384548087532   9861.776855073636
0.028297341710866907   9691.459290462928   9676.054695025749
0.029126890909937666   9498.398881635365   9482.225984112512
0.029980758713939952   9297.99412612715   9281.098353066214
0.030859658033628758   9091.08980694002   9073.533889816383
0.031764322679055976   8878.5267351557   8860.388943533819
0.03269550797224261   8661.292618434562   8642.665543797268
0.033653991377811755   8440.518112227259   8421.50732308362
0.03464057315210884   8217.284620834358   8198.006505516101
0.03565607701135116   7992.674730051683   7973.254353930075
0.036701350819364466   7767.942055581338   7748.511076981734
0.03777726729548091   7544.294166005724   7524.988835877115
0.038884724743189276   7322.842970799552   7303.801619333097
0.04002464780014597   7104.842514092691   7086.192229261818
0.041197988210172884   6891.614887152096   6873.462028939626
0.04240572561788674   6684.330858021991   6666.762308369167
0.04364886838662332   6483.9450720831765   6467.027160000569
0.04492845444033957   6291.10092713774   6274.8740269096825
0.04624555213019635   6106.315422768122   6090.795575237614
0.04760126112654554   5930.062682076637   5915.239682469781
0.04899671333706607   5763.1653143258445   5748.954914327213
0.05043307385181555   5606.590740536496   5592.8121706506745
0.05191154191598653   5461.165992520218   5447.552419254661
0.053433351931179485   5326.6689380704265   5312.9056834884705
0.05499977448602865   5201.622959542719   5187.391388691614
0.05661211741704101   5084.594779722777   5069.574898081566
0.05827172690053434   4974.3130517614345   4958.185004758398
0.05997998857658587   4869.664674375627   4852.111106986723
0.06173832870592997   4769.5974063422955   4750.30667723548
0.0635482153607709   4672.701321396009   4651.40772281317
0.06541115965050462   4577.344036889307   4553.856715584658
0.06732871698337338   4481.862948755782   4456.09194212574
0.06930248836510605   4384.20550478579   4356.254807320448
0.07133412173562886   4282.37207819203   4252.556347951396
0.07342531334496233   4174.319568983696   4143.231795386804
0.07557780916945323   4058.1106928367103   4026.649664233294
0.07779340636952398   3932.4437104961858   3901.811670960449
0.08007395479015682   3796.7286886363413   3768.420548414747
0.08242135850536496   3651.1827378428175   3626.898775522593
0.08483757740794096   3497.0217739831996   3478.56409968496
0.08732462884580919   3336.1869066513414   3325.320508241203
0.08988458930634863   3171.4097790500623   3169.7166696030445
0.09251959615009227   3005.6884874286884   3014.4590487800215
0.09523184939525078   2842.1506331579176   2862.30077106414
0.09802361355455057   2683.9792218227817   2715.9236633950486
0.10089721952591899   2534.218925592392   2577.803252101146
0.10385506653859616   2395.908319379206   2450.263644978009
0.10689962415629803   2271.4772698131123   2335.098519153117
0.11003343433910281   2162.612938357747   2233.3141178659703
0.11325911356578279   2070.029632624734   2145.1500544195237
0.11657935501835284   1992.773190950162   2069.525164305873
0.11999693083066039   1928.7908267132123   2004.45668764064
0.12351469440289359   1874.6915070005753   1946.8733311591882
0.12713558278394044   1826.4534137053274   1893.5648083093095
0.13086261912358757   1779.7388551869037   1841.3144950790133
0.13469891519660646   1730.3245861914575   1786.9711985354236
0.13864767400083483   1674.6815858474276   1728.2262315016792
0.14271219243142114   1610.408362651495   1663.8909110042937
0.14689586403346616   1536.8669392215722   1593.8450307153316
0.1512021818353596   1455.1727592656139   1519.1513384712803
0.15563474126517718   1367.9919551201353   1441.9455673440398
0.16019724315257297   1279.1922533978202   1365.08998352563
0.1648934968186736   1193.4755097241755   1291.5606135908765
0.1697274232565544   1115.587352542181   1224.3329069523875
0.17470305840495237   1049.1115315349566   1165.2877843317212
0.17982455651794954   995.3362807075769   1114.5717940915208
0.18509619363343993   952.9685320352758   1071.2373250148364
0.19052237114327647   918.9998764006626   1032.9883550872723
0.19610761946807834   889.5933234182149   997.4477228366964
0.20185660183976684   860.3529182644485   962.2165815652639
0.20777411819498756   827.0343952345621   925.1527128448018
0.21386510918267082   787.2796165949729   885.9272668443942
0.22013466028907505   741.7945990803123   844.8185099860536
0.22658800608375756   693.5751348543898   803.4887188301178
0.23323053459001789   646.4609575089656   763.9082138388301
0.2400677917834628   604.1004071802689   727.5197161216369
0.24710548622244882   568.9439282897022   695.0043090973284
0.25434949381426813   541.0360093109272   666.2573805858163
0.2618058627210567   518.2602079967614   639.7468831626499
0.2694808184095226   497.284562339758   614.4705009048561
0.27738076884870827   474.7712979051691   589.4145911385361
0.2855123098601282   449.17590898999697   563.9894864288616
0.29388223062474755   421.4314096587568   538.860663416594
0.3024975193514008   393.81108420319083   514.5800058942444
0.31136536911138296   368.8034721405772   491.9589725435334
0.3204931838440838   347.8424094922425   471.052123568725
0.32988858453867975   330.31811061518925   451.6656681830527
0.3395594155970457   314.3359183524597   433.26689680292833
0.34951375138319807   298.0235420325571   415.3545470310798
0.3597599029647371   280.62708992046026   397.90080275563855
0.37030642505191835   263.0127428328886   381.130953712627
0.3811621231401457   246.62811527783188   365.22299878805217
0.3923360608618501   232.25776037564657   350.19886496847823
0.4038375675538918   219.60168607397415   336.10289703351935
0.41567624604680364   207.61109441075743   322.61307223957016
0.42786198068238046   195.53452491705644   309.6332635333821
0.4404049455663077   183.53065167543852   297.17280286073213
0.4533156130627191   172.24711574296649   285.32647809216735
0.4666047625377753   162.06000241564834   274.1167541572237
0.4802834893595659   152.7111951757515   263.46986481241487
0.49436321416184764   143.73560713942103   253.2914309500457
0.5088556923793517   134.9748993787075   243.5212804512604
0.5237730240626238   126.67570341846917   234.2233128755077
0.5391276639805903   119.01287397398616   225.3830583129895
0.5549324320192869   111.8799269061482   216.963670513463
0.5712005238854289   105.07730750925772   208.9136647493113
0.5879455221237613   98.58818167474284   201.21867912954374
0.6051814074573895   92.50617636930247   193.8847027942413
0.622922570460556   86.82810405094015   186.89599296622467
0.6411838235736077   81.4681032756602   180.21396325985896
0.6599804134701901   76.39256725229957   173.82252988217203
0.6793280337869897   71.62570293654143   167.72130128915876
0.6992428382266549   67.15513000456647   161.88963896250556
0.7197414540448374   62.951304524190206   156.31003831548387
0.7408409959326054   58.99434018213724   150.97144767452633
0.7625590803058332   55.271618225289416   145.86030820671402
0.7849138400134885   51.77101175524683   140.9639146675777
0.8079239394770964   48.4808458736895   136.27037618307588
0.8316085902740278   45.38989847249568   131.76855880378153
0.8559875671776167   42.48739882655877   127.44803255504435
0.8810812246675007   39.76302422769601   123.29902260217612
0.9069105139239728   37.20680510442292   119.31219320830239
0.9334970003205227   34.80886771164958   115.47808270307567
0.960862881429187   32.55978812205341   111.78768325091016
0.9890310055537336   30.45068111906427   108.23260643473297
1.0180248908061487   28.473170660824685   104.80503901366353
1.047868744742366   26.61936189564536   101.49770235900337
1.0785874845736239   24.881814652382108   98.30381523249572
1.1102067579703248   23.2535184172262   95.21705908981372
1.1427529644757777   21.72789190556288   92.23140330781786
1.1762532775476793   20.29878313775469   89.34090603888062
1.210735667245765   18.960390211089678   86.54001306409383
1.246228923584555   17.70723517878126   83.82358156868285
1.2827626805706884   16.534147923028183   81.18685305455863
1.3203674409449337   15.436250678503777   78.62542842137464
1.3590746016495152   14.408943192032964   76.13524499889431
1.3989164800420282   13.44788833341667   73.71255599139307
1.4399263408778291   12.548991716724512   71.35393810833818
1.4821384240834183   11.708388593268124   69.05627888030598
1.525587973344019   10.92244181113872   66.81672055653873
1.5703112655292182   10.18773002255086   64.63264184276687
1.6163456409812174   9.501035723057798   62.501643565505205
1.6637295346910133   8.85933389117637   60.421535195523475
1.7125025083885144   8.259781202844671   58.39032213684301
1.7627052835733923   7.6997058030195475   56.406211207469624
1.814379775514258   7.176597693625234   54.46785053245532
1.8675691282445197   6.688099471343455   52.57422075752773
1.922317750584177   6.231997506101777   50.72439206673246
1.9786713532176083   5.806213677901012   48.91751144577404
2.0366769868582977   5.408797552658378   47.152796814616316
2.0963830815323896   5.037918974072861   45.429531356448955
2.1578394870138577   4.691861052055323   43.74705803318961
2.2210975144450407   4.369013344842281   42.10481418779486
2.286209979177315   4.067864492841243   40.50257758802995
2.3532312448676476   3.7869973957306295   38.940252091592825
2.4222172688678643   3.525084270176106   37.417712663708
2.4932256489445366   3.2808812704650054   35.93480443379624
2.5663156713684585   3.0532234111459267   34.49134268692127
2.641548360413907   2.84101977964397   33.08711294726903
2.7189865293089923   2.643249023550314   31.721871152565175
2.798694832679631   2.458955542510575   30.39543004085054
2.8807398205309562   2.287246624265362   29.10790010122888
2.9651899938111903   2.1272869142323345   27.85937568330658
3.05211586160442   1.9782944358736767   26.64984191248562
3.1415899999999994   1.8395373527443057   25.47918195033991
