0.01   21726.733393435283   21707.29082300388
0.010293154462191829   21997.860008530206   21976.530235260205
0.010594902878253955   22262.29129620407   22238.90224240729
0.010905497183778876   22519.37193629591   22493.73623071296
0.011225196699963396   22768.437286233217   22740.35219359542
0.011554268350120923   23008.800774067495   22978.047805830676
0.011892986882540897   23239.7419699364   23206.086197936263
0.012241635099881474   23460.532650711353   23423.722842917156
0.012600504095286909   23670.43692601746   23630.20534313704
0.012969893495426888   23868.67862108401   23824.737313825677
0.013350111710660605   24054.464802386028   24006.50422197755
0.013741476192534558   24227.006403335745   24174.696016181817
0.014144313698828986   24385.49966602777   24328.487216757007
0.01455896056637426   24529.11651216625   24467.026588711025
0.014985762991865008   24657.039755721733   24589.47483554134
0.01542507732090645   24768.462966791496   24695.003909955856
0.015877270345534218   24862.55781937412   24782.75947130736
0.016342719610456153   24938.505992742175   24851.8969515029
0.016821813728271667   24995.519858745876   24901.604801179117
0.017314952703931925   25032.825151307967   24931.08444884433
0.017822548268711737   25049.65944960774   24939.548277888247
0.01834502422397195   25045.305669424055   24926.257399329123
0.018882816794999403   25019.09632271103   24890.525372442025
0.019436374995219892   24970.405958962005   24831.706303000767
0.02000616100108813   24898.6688361312   24749.217317484065
0.020592650537967844   24803.39024959519   24642.552409191667
0.021196333277324068   24684.164408786248   24511.30515589963
0.02181771324555934   24540.680284551745   24355.1751497718
0.022457309244835088   24372.713101623514   24173.95505903289
0.02311565528622961   24180.149265100586   23967.55742858644
0.023793301035594242   23963.050359552402   23736.08404860461
0.024490812272480036   23721.590656938355   23479.757500349937
0.025208771362518027   23456.045479117893   23198.909032699878
0.0259477777436476   23166.91996110818   22894.13288761734
0.02670844842659881   22854.92570438102   22566.257218088096
0.027491418510046592   22520.857289841115   22216.194964695696
0.028297341710866907   22165.67890769708   21845.037346492685
0.029126890909937666   21790.71247012959   21454.257985362063
0.029980758713939952   21397.375218356145   21045.424753933625
0.030859658033628758   20987.138516181076   20620.15427435495
0.031764322679055976   20561.86954199271   20180.48492756557
0.03269550797224261   20123.686158365163   19728.715933966574
0.033653991377811755   19674.654216321916   19267.075614527814
0.03464057315210884   19216.956862939493   18797.89492294724
0.03565607701135116   18753.149269398768   18323.86827841468
0.036701350819364466   18285.7074319843   17847.588104884722
0.03777726729548091   17817.00666536708   17371.51683042456
0.038884724743189276   17349.933144989136   16898.55180580015
0.04002464780014597   16887.531636725565   16431.699055273875
0.041197988210172884   16432.55868225484   15973.66254976675
0.04240572561788674   15987.290645321253   15526.648731400628
0.04364886838662332   15553.353035520782   15092.193156794203
0.04492845444033957   15132.130355494699   14671.587076437794
0.04624555213019635   14725.00887288959   14266.080755750632
0.04760126112654554   14334.647192979004   13877.846044927466
0.04899671333706607   13964.105855985343   13509.321398961736
0.05043307385181555   13616.027464915109   13162.584656836178
0.05191154191598653   13290.672637625137   12837.532210528225
0.053433351931179485   12985.973715010965   12531.932173156796
0.05499977448602865   12699.908958469583   12243.623840278506
0.05661211741704101   12430.418233788174   11970.443260933513
0.05827172690053434   12175.37618027765   11710.19725858315
0.05997998857658587   11932.721256916631   11460.786294714972
0.06173832870592997   11699.611774456122   11219.545504560389
0.0635482153607709   11472.83893958498   10983.569842146211
0.06541115965050462   11249.075596891144   10749.96902212403
0.06732871698337338   11024.274959638347   10515.50538437275
0.06930248836510605   10794.452445071875   10277.091660207336
0.07133412173562886   10555.098261549672   10031.606112867841
0.07342531334496233   10301.693341172995   9776.108361528823
0.07557780916945323   10030.300035467633   9508.24340461967
0.07779340636952398   9737.657503451013   9226.280230578888
0.08007395479015682   9422.146328185776   8929.95011877612
0.08242135850536496   9084.033414460182   8620.639596212595
0.08483757740794096   8725.558378576097   8300.850477747577
0.08732462884580919   8350.96633132881   7974.189733377933
0.08988458930634863   7965.991065499046   7645.232086269534
0.09251959615009227   7577.329208130273   7319.094573085941
0.09523184939525078   7192.235551111464   7000.607690531514
0.09802361355455057   6817.955901171957   6694.250118683103
0.10089721952591899   6461.928895885427   6404.414095706353
0.10385506653859616   6130.654059781251   6134.559780317631
0.10689962415629803   5830.133399286667   5886.7434059375255
0.11003343433910281   5564.511992411811   5662.161800487887
0.11325911356578279   5335.523670647711   5461.063882352569
0.11657935501835284   5141.859553363121   5281.53791703138
0.11999693083066039   4979.076384532113   5119.420786080921
0.12351469440289359   4839.771805637919   4970.0282818561345
0.12713558278394044   4714.880432945461   4828.430891514347
0.13086261912358757   4594.213900156468   4689.409537891136
0.13469891519660646   4467.9528827878485   4548.639791259326
0.13864767400083483   4327.552830301397   4403.072692663662
0.14271219243142114   4167.180964788968   4251.34848893291
0.14689586403346616   3984.901941557463   4094.124715058485
0.1512021818353596   3782.9796603714562   3933.4566859606093
0.15563474126517718   3567.618503189378   3772.2293947262856
0.16019724315257297   3348.005651569132   3614.3653389088245
0.1648934968186736   3135.1456730301607   3463.526163385498
0.1697274232565544   2940.19040450115   3323.1868590761037
0.17470305840495237   2771.9296619167476   3194.9618471812046
0.17982455651794954   2634.1158087392264   3078.001225968469
0.18509619363343993   2524.3328915206744   2971.4722504338524
0.19052237114327647   2435.4233323089784   2872.254265647269
0.19610761946807834   2357.80331947916   2776.834638389104
0.20185660183976684   2280.795279844361   2683.347385565083
0.20777411819498756   2194.209658111977   2589.848839216363
0.21386510918267082   2091.929549245648   2496.653872021903
0.22013466028907505   1975.0700377135156   2404.0283646942003
0.22658800608375756   1850.9501773011511   2313.6439092121304
0.23323053459001789   1729.3504552015918   2227.250446110048
0.2400677917834628   1619.6000093003665   2145.5784058062595
0.24710548622244882   1527.9510687970035   2069.3023090643605
0.25434949381426813   1454.8874744723744   1997.4836481177517
0.2618058627210567   1395.0533053154684   1929.703560863855
0.2694808184095226   1339.800727280162   1864.5906170211997
0.27738076884870827   1280.627125878451   1800.813712095658
0.2855123098601282   1213.235959802068   1738.8273717458028
0.29388223062474755   1139.839428514052   1678.7391456519247
0.3024975193514008   1066.6541464783934   1621.3415867985168
0.31136536911138296   1000.3198880678634   1566.220723772384
0.3204931838440838   944.7194528698133   1514.3852575248995
0.32988858453867975   898.4158093534762   1464.7258691773422
0.3395594155970457   856.1745234418505   1417.4317647586493
0.34951375138319807   812.80809869459   1371.7853920449918
0.3597599029647371   766.2323117748289   1327.3249270348906
0.37030642505191835   718.7762551957694   1284.860165543682
0.3811621231401457   674.6308691289472   1244.218929710298
0.3923360608618501   636.1144173499845   1205.2746662887566
0.4038375675538918   602.3487651422477   1168.318896434655
0.41567624604680364   570.2943982373667   1132.8538808124285
0.42786198068238046   537.7217595462866   1098.3992692188388
0.4404049455663077   505.09528799194646   1065.1640174966271
0.4533156130627191   474.4349184302234   1033.352346635794
0.4666047625377753   446.8986069258743   1002.973598729334
0.4802834893595659   421.7173420833592   973.9213302038938
0.49436321416184764   397.4060263219186   945.8733324545476
0.5088556923793517   373.5004389580673   918.6251323857697
0.5237730240626238   350.8110784040152   892.4282098262555
0.5391276639805903   329.9426613390906   867.3199842452282
0.5549324320192869   310.54518510266263   843.153562495015
0.5712005238854289   291.9598179153044   819.7239909448845
0.5879455221237613   274.15072966696795   797.0408633659623
0.6051814074573895   257.4687446636206   775.1618082903935
0.622922570460556   241.92043230553583   754.0554668228777
0.6411838235736077   227.2073666309445   733.5665873963968
0.6599804134701901   213.22859584785752   713.6721575281232
0.6793280337869897   200.09909335862488   694.3980228386272
0.6992428382266549   187.78906740241217   675.6967045892957
0.7197414540448374   176.18905819806542   657.5079143683291
0.7408409959326054   165.25579738035694   639.7968046584126
0.7625590803058332   154.9573858474702   622.5345319939286
0.7849138400134885   145.26277345326318   605.6943530071075
0.8079239394770964   136.14181054421425   589.2515050409903
0.8316085902740278   127.56528923083886   573.1830960745111
0.8559875671776167   119.50497370201029   557.468001658086
0.8810812246675007   111.93302765444888   542.0862306275402
0.9069105139239728   104.82135795076438   527.0181024426133
0.9334970003205227   98.14317508197821   512.2454460608583
0.960862881429187   91.87318015717553   497.75173985850427
0.9890310055537336   85.98748566834247   483.5220299529682
1.0180248908061487   80.46354028248396   469.5428534859839
1.047868744742366   75.280057464568   455.80216616386014
1.0785874845736239   70.41695378635187   442.28935472582685
1.1102067579703248   65.85541415943686   428.99699374971146
1.1427529644757777   61.57779039685755   415.9205462767845
1.1762532775476793   57.56738837660144   403.05624968423905
1.210735667245765   53.80841651991142   390.4009789573444
1.246228923584555   50.28594320487126   377.952206413243
1.2827626805706884   46.985855708248685   365.7079618495176
1.3203674409449337   43.8948206591568   353.6667930398413
1.3590746016495152   41.000240709737916   341.8282313622253
1.3989164800420282   38.29019080029059   330.19552707358287
1.4399263408778291   35.75341231485212   318.7731593723273
1.4821384240834183   33.379294460335416   307.5652783704497
1.525587973344019   31.15783997994938   296.5756953030103
1.5703112655292182   29.07963241441377   285.80787884815766
1.6163456409812174   27.135804907889362   275.2649523841667
1.6637295346910133   25.318010500593694   264.9496950611019
1.7125025083885144   23.61839387327239   254.8656231038559
1.7627052835733923   22.029564467235076   245.018361917743
1.814379775514258   20.54457084125408   235.4130103812017
1.8675691282445197   19.15687634586549   226.05372636843455
1.922317750584177   17.86033602090239   216.9437703786363
1.9786713532176083   16.64917465558833   208.08555039226846
2.0366769868582977   15.517965961907391   199.48066760939784
2.0963830815323896   14.461612649741399   191.12997615544916
2.1578394870138577   13.475324250187885   183.03392074783946
2.2210975144450407   12.554600512303681   175.19252389580447
2.286209979177315   11.695218661418703   167.60509769095594
2.3532312448676476   10.893217326290335   160.2702829966822
2.4222172688678643   10.144881161562424   153.186103154606
2.4932256489445366   9.446726315000664   146.35001654328968
2.5663156713684585   8.795486697461282   139.7589677666606
2.641548360413907   8.188101939475203   133.40943111150543
2.7189865293089923   7.621709813164375   127.2974257514937
2.798694832679631   7.093629517052317   121.41859318344434
2.8807398205309562   6.60134819826109   115.7682592426265
2.9651899938111903   6.142511034595092   110.34147508292665
3.05211586160442   5.714911861055151   105.13305602402743
3.1415899999999994   5.316484306586368   100.13761828529235
