0.01   4383.837094807754   4383.7122041458
0.010293154462191829   4426.462329528364   4426.336762606647
0.010594902878253955   4467.111926781051   4466.98572495555
0.010905497183778876   4505.64296818091   4505.516139812632
0.011225196699963396   4541.912355987981   4541.784876273641
0.011554268350120923   4575.771629359681   4575.643459591661
0.011892986882540897   4607.067726763347   4606.938833212458
0.012241635099881474   4635.648965940079   4635.5193209881145
0.012600504095286909   4661.36325382013   4661.232826602679
0.012969893495426888   4684.052440131576   4683.921164248782
0.013350111710660605   4703.5601353663515   4703.427901848695
0.013741476192534558   4719.733920304487   4719.600573081454
0.014144313698828986   4732.419000337469   4732.284270356325
0.01455896056637426   4741.460886531087   4741.324341134088
0.014985762991865008   4746.712192832486   4746.573235369995
0.01542507732090645   4748.030930476409   4747.888814967545
0.015877270345534218   4745.276772853368   4745.130640421775
0.016342719610456153   4738.318693074665   4738.167582491953
0.016821813728271667   4727.03707857682   4726.879912234485
0.017314952703931925   4711.321612959538   4711.156977454222
0.017822548268711737   4691.073830902193   4690.899848964343
0.01834502422397195   4666.210506841995   4666.0248560670525
0.018882816794999403   4636.666087145613   4636.466159959174
0.019436374995219892   4602.395137144119   4602.178351540539
0.02000616100108813   4563.370775186424   4563.134631225863
0.020592650537967844   4519.586888016636   4519.328998364155
0.021196333277324068   4471.071875744274   4470.790077024925
0.02181771324555934   4417.881096256306   4417.5735092084715
0.022457309244835088   4360.089608529581   4359.754651969707
0.02311565528622961   4297.81047273104   4297.447175015271
0.023793301035594242   4231.206418089765   4230.814917835388
0.024490812272480036   4160.459010650264   4160.040551161287
0.025208771362518027   4085.7734319518227   4085.3303516339856
0.0259477777436476   4007.4258839476506   4006.9619229333175
0.02670844842659881   3925.7230400206518   3925.243369893218
0.027491418510046592   3840.976542704651   3840.487623838038
0.028297341710866907   3753.556325203599   3753.0660880153478
0.029126890909937666   3663.9042672078212   3663.4223797532527
0.029980758713939952   3572.4527647792347   3571.9904171091243
0.030859658033628758   3479.63604966661   3479.205677742967
0.031764322679055976   3385.9670324620865   3385.581957581506
0.03269550797224261   3291.9561885039866   3291.6303621788916
0.033653991377811755   3198.0786613616124   3197.826437868189
0.03464057315210884   3104.878549933513   3104.7136205989473
0.03565607701135116   3012.9681247270846   3012.902499026785
0.036701350819364466   2922.8997695966823   2922.943852902349
0.03777726729548091   2835.142964327438   2835.305516407075
0.038884724743189276   2750.0339690977457   2750.321490981473
0.04002464780014597   2667.844678316107   2668.2614868709165
0.041197988210172884   2588.8190636339696   2589.367301175803
0.04240572561788674   2513.395314058104   2514.069685341313
0.04364886838662332   2442.1625063170954   2442.946196118023
0.04492845444033957   2375.640854782841   2376.506794026949
0.04624555213019635   2314.00942479671   2314.9228105043903
0.04760126112654554   2256.862796956415   2257.7845041778505
0.04899671333706607   2203.763761993027   2204.6509475008393
0.05043307385181555   2154.293689383339   2155.099728116333
0.05191154191598653   2108.027922102598   2108.7020569957745
0.053433351931179485   2064.566203837716   2065.0537965773146
0.05499977448602865   2023.3907654977522   2023.636235535499
0.05661211741704101   1983.8545685275758   1983.8046047225487
0.05827172690053434   1945.3122779330492   1944.9173830003494
0.05997998857658587   1906.957685243144   1906.1796153600317
0.06173832870592997   1867.967816166773   1866.7824078259612
0.0635482153607709   1827.439564171325   1825.845088486412
0.06541115965050462   1784.4086502029809   1782.4335563121535
0.06732871698337338   1738.0323719753765   1735.7393258550633
0.06930248836510605   1687.6237146811557   1685.1165256530355
0.07133412173562886   1632.7467244013417   1630.1677166556328
0.07342531334496233   1573.3661715498322   1570.893154190288
0.07557780916945323   1509.7762010704107   1507.6094209740709
0.07779340636952398   1442.749829470025   1441.0929669971292
0.08007395479015682   1373.3063282096734   1372.3596062126892
0.08242135850536496   1302.7132968703434   1302.6690219254588
0.08483757740794096   1232.3402587719943   1233.3553495045928
0.08732462884580919   1163.5932118075273   1165.7685858188495
0.08988458930634863   1097.9607993020225   1101.328590387572
0.09251959615009227   1036.7721309402846   1041.2970065666968
0.09523184939525078   981.2653392885036   986.8179306809702
0.09802361355455057   932.3866638421631   938.7516064919222
0.10089721952591899   890.5664366875794   897.4550978241974
0.10385506653859616   855.7520402107789   862.8253148609705
0.10689962415629803   827.1915586939484   834.0901250195813
0.11003343433910281   803.6490350890232   810.0422868872603
0.11325911356578279   783.4733573994841   789.1086442618349
0.11657935501835284   764.7596181460257   769.5061807618372
0.11999693083066039   745.5793840094615   749.462253138384
0.12351469440289359   724.1391007607434   727.3647252907839
0.12713558278394044   699.0899075759834   702.0287831405035
0.13086261912358757   669.750240845199   672.913775510813
0.13469891519660646   636.2409715875214   640.2253993034883
0.13864767400083483   599.4922927568919   604.8611556509412
0.14271219243142114   561.0970583502035   568.2763676943913
0.14689586403346616   523.129563485575   532.3243185667394
0.1512021818353596   487.8351451037767   498.9718696406148
0.15563474126517718   457.1375586956993   469.8389529509739
0.16019724315257297   432.06422036257067   445.70105498108984
0.1648934968186736   412.4867698576117   426.37599348428796
0.1697274232565544   397.35641044091386   410.85515602051737
0.17470305840495237   385.05873200975907   397.6875698100614
0.17982455651794954   373.58815011671646   385.1950433811287
0.18509619363343993   360.8160308025356   371.6616606373063
0.19052237114327647   345.20210875061787   355.8838300253254
0.19610761946807834   326.5062958365419   337.7522357403279
0.20185660183976684   305.75468394264124   318.2316996603029
0.20777411819498756   284.6629900617254   298.6671714524496
0.21386510918267082   265.1220862092441   280.53684067024517
0.22013466028907505   248.65110209271236   264.9503877681082
0.22658800608375756   235.7293812875926   252.1556612220851
0.23323053459001789   225.71202709411068   241.6257035485658
0.2400677917834628   217.1420812866622   232.1932044407035
0.24710548622244882   208.27927484974987   222.6098110190758
0.25434949381426813   197.9419816763677   212.08436234398454
0.2618058627210567   186.1366412033754   200.7295693959522
0.2694808184095226   173.8002750162958   189.22224974200293
0.27738076884870827   162.2485788906788   178.4250127537514
0.2855123098601282   152.51560164488495   169.00376143119382
0.29388223062474755   144.68357376119852   160.93877408217483
0.3024975193514008   137.9642368531826   153.64979745129511
0.31136536911138296   131.30017332413757   146.48807043719452
0.3204931838440838   124.00750931095408   139.13891464436264
0.32988858453867975   116.25374176480994   131.6658201818004
0.3395594155970457   108.78480780473939   124.53483579916585
0.34951375138319807   102.22519356188468   118.05940009420615
0.3597599029647371   96.64936984787505   112.25137174341106
0.37030642505191835   91.57496509873374   106.8087269685851
0.3811621231401457   86.45817123554508   101.4756512203708
0.3923360608618501   81.19617448933926   96.23244916980833
0.4038375675538918   76.1126822134232   91.21484498467451
0.41567624604680364   71.53658736727293   86.56846669735828
0.42786198068238046   67.45535191114134   82.26241591332324
0.4404049455663077   63.596517100806274   78.16878281055757
0.4533156130627191   59.77178211989699   74.22001747385002
0.4666047625377753   56.07161367308353   70.44752028319807
0.4802834893595659   52.65686558676629   66.90084283573121
0.49436321416184764   49.53106441524571   63.57723219485478
0.5088556923793517   46.565199691554064   60.418758632187874
0.5237730240626238   43.70135497895873   57.402523677834566
0.5391276639805903   40.99787522473899   54.54881580198591
0.5549324320192869   38.49177196003566   51.85791729826277
0.5712005238854289   36.138392063335964   49.31128191198077
0.5879455221237613   33.897162835850594   46.89281695881634
0.6051814074573895   31.78382686513782   44.602116000445335
0.622922570460556   29.80919879323257   42.43741231366734
0.6411838235736077   27.953706198035572   40.38927143467913
0.6599804134701901   26.20512984701711   38.44886000761836
0.6793280337869897   24.55843493205247   36.610722457417594
0.6992428382266549   23.00880459084493   34.86969733377118
0.7197414540448374   21.55152326796347   33.22085211137175
0.7408409959326054   20.18198979025726   31.65947681719692
0.7625590803058332   18.89572827848208   30.18107743623992
0.7849138400134885   17.688349555979894   28.78133855328731
0.8079239394770964   16.555309780504846   27.45595043514994
0.8316085902740278   15.49217910600367   26.20075885237278
0.8559875671776167   14.494784685729472   25.011848810520423
0.8810812246675007   13.559196441402467   23.88553097258009
0.9069105139239728   12.68171314421368   22.818328543238756
0.9334970003205227   11.858849293237435   21.806964908805856
0.960862881429187   11.087322749227644   20.848351984831456
0.9890310055537336   10.364056201849966   19.93956071750896
1.0180248908061487   9.686189207074445   19.077775277012304
1.047868744742366   9.051025813065067   18.260338895314664
1.0785874845736239   8.456017490181877   17.484755963207117
1.1102067579703248   7.89875608093592   16.748681709369812
1.1427529644757777   7.376967007468244   16.04991257131808
1.1762532775476793   6.888502733596462   15.386377210029694
1.210735667245765   6.4313364116719915   14.756127353160402
1.246228923584555   6.003551952584096   14.157283342417493
1.2827626805706884   5.603337362897761   13.58800946651994
1.3203674409449337   5.228985992917403   13.046584038103767
1.3590746016495152   4.878891422282847   12.53139793525694
1.3989164800420282   4.551541981273387   12.040946521834242
1.4399263408778291   4.245515541583599   11.573822196147207
1.4821384240834183   3.9594745654939048   11.128707515683246
1.525587973344019   3.692161418927931   10.704365976576554
1.5703112655292182   3.442394135049372   10.299593835298273
1.6163456409812174   3.209062049110343   9.913231081938353
1.6637295346910133   2.9911215500174153   9.544195981636255
1.7125025083885144   2.7875922780243334   9.191480297217828
1.7627052835733923   2.59755352519612   8.854143812061892
1.814379775514258   2.420140822978659   8.531309304091415
1.8675691282445197   2.254542708470605   8.222157930581195
1.922317750584177   2.0999975445227816   7.925918481610946
1.9786713532176083   1.955790032079395   7.641828457513213
2.0366769868582977   1.821249113921073   7.369161927403905
2.0963830815323896   1.695745700270022   7.107244878220005
2.1578394870138577   1.5786901664816608   6.855451386380519
2.2210975144450407   1.469529989894301   6.613200059318008
2.286209979177315   1.3677475197686477   6.379950776448044
2.3532312448676476   1.272857873560847   6.155201703497975
2.4222172688678643   1.1844072397474403   5.938492025496631
2.4932256489445366   1.1019714832468221   5.72940985922509
2.5663156713684585   1.025153471455243   5.527574136004582
2.641548360413907   0.9535812669112526   5.332629111004526
2.7189865293089923   0.8869066142130724   5.144242664510787
2.798694832679631   0.8248035108902632   4.96210472722318
2.8807398205309562   0.7669668581206828   4.785925818818939
2.9651899938111903   0.7131111649136777   4.615435146241678
3.05211586160442   0.6629681059310525   4.450348036380281
3.1415899999999994   0.616285175406217   4.290353300314408
