0.01   1859.699228970357   1859.6091465465913
0.010293154462191829   1874.8078716176553   1874.7170165003968
0.010594902878253955   1888.912517557024   1888.821031134974
0.010905497183778876   1901.952408879053   1901.8603835746255
0.011225196699963396   1913.867226321307   1913.7746953714957
0.011554268350120923   1924.597300783353   1924.504240209322
0.011892986882540897   1934.0801095499592   1933.9864763996602
0.012241635099881474   1942.2520974967597   1942.157854150672
0.012600504095286909   1949.0515162313106   1948.9566312319962
0.012969893495426888   1954.4174311785246   1954.3218895374876
0.013350111710660605   1958.2886239833763   1958.1924478411174
0.013741476192534558   1960.6064926247168   1960.509744157123
0.014144313698828986   1961.3152860686914   1961.218058990392
0.01455896056637426   1960.3589043299626   1960.2612560721861
0.014985762991865008   1957.6835513914823   1957.5854712997202
0.01542507732090645   1953.2401320208603   1953.141542106742
0.015877270345534218   1946.9836393416933   1946.8844156719936
0.016342719610456153   1938.8730234734255   1938.7730289103276
0.016821813728271667   1928.8732499127627   1928.7723382239174
0.017314952703931925   1916.9559139411679   1916.8539268436143
0.017822548268711737   1903.099733401731   1902.996476783607
0.01834502422397195   1887.2908855774308   1887.1861233940588
0.018882816794999403   1869.5234281688568   1869.4168868613447
0.019436374995219892   1849.8025633289571   1849.6939596077589
0.02000616100108813   1828.145311310707   1828.03438355297
0.020592650537967844   1804.577115658341   1804.4636277988222
0.021196333277324068   1779.1345997324738   1779.018363648922
0.02181771324555934   1751.874550236505   1751.755510937431
0.022457309244835088   1722.864161599327   1722.7424136437596
0.02311565528622961   1692.1783004808785   1692.0540795026657
0.023793301035594242   1659.9148761233237   1659.7885473091076
0.024490812272480036   1626.1915005482683   1626.0635459820612
0.025208771362518027   1591.129197101329   1591.0002036618441
0.0259477777436476   1554.862042240654   1554.7327363362806
0.02670844842659881   1517.5580289169939   1517.4294042841495
0.027491418510046592   1479.3877966601342   1479.2611086045442
0.028297341710866907   1440.5196533055123   1440.3963779181888
0.029126890909937666   1401.1540194070137   1401.0357724757155
0.029980758713939952   1361.506399327813   1361.3948746445474
0.030859658033628758   1321.7776706177026   1321.6746131817129
0.031764322679055976   1282.17326396178   1282.080423105097
0.03269550797224261   1242.9266017374991   1242.845660793024
0.033653991377811755   1204.2535192560822   1204.186081737083
0.03464057315210884   1166.3500840485608   1166.2976406159821
0.03565607701135116   1129.428979145891   1129.3926337876126
0.036701350819364466   1093.6965189093362   1093.676887970228
0.03777726729548091   1059.33077297169   1059.32804657442
0.038884724743189276   1026.4773241541322   1026.4911357088688
0.04002464780014597   995.2479503975915   995.2771224568215
0.041197988210172884   965.7350906361215   965.7777114929445
0.04240572561788674   938.0156638077688   938.0690828374821
0.04364886838662332   912.1530455329234   912.2132902993065
0.04492845444033957   888.2002753486173   888.2619240799612
0.04624555213019635   866.1936864275827   866.2500328256127
0.04760126112654554   845.9836189332159   846.027345480656
0.04899671333706607   827.2702496416834   827.2939737648134
0.05043307385181555   809.7747177326661   809.7709915167858
0.05191154191598653   793.2559864293951   793.2171845063928
0.053433351931179485   777.5056718717906   777.4239087468384
0.05499977448602865   762.3185008477951   762.1857941703468
0.05661211741704101   747.3929688890041   747.2023646006247
0.05827172690053434   732.3938882708414   732.1400351211951
0.05997998857658587   716.9701071808231   716.6499542316218
0.06173832870592997   700.7054094231447   700.3197357782944
0.0635482153607709   683.2145516508886   682.7682622897604
0.06541115965050462   664.1661589865123   663.6695440345823
0.06732871698337338   643.2964409549053   642.7653027710184
0.06930248836510605   620.537942842425   619.9928745626886
0.07133412173562886   595.9871027093603   595.4524504476633
0.07342531334496233   569.8918391092118   569.393397673159
0.07557780916945323   542.6346383097518   542.1974390851501
0.07779340636952398   514.6982550523588   514.3456555676545
0.08007395479015682   486.6328969502318   486.3857377427495
0.08242135850536496   459.00532826291646   458.8786244350628
0.08483757740794096   432.36619914786235   432.3672743588626
0.08732462884580919   407.2899039709761   407.416691220719
0.08988458930634863   384.2977317689058   384.5374387833888
0.09251959615009227   363.8545259747117   364.1803390155289
0.09523184939525078   346.2499345994009   346.6239536678211
0.09802361355455057   331.53042773134416   331.90660223623803
0.10089721952591899   319.5327478671738   319.8606192942523
0.10385506653859616   309.7971168014902   310.02695396823634
0.10689962415629803   301.7190322387916   301.8083390580769
0.11003343433910281   294.5613487762229   294.4820395348462
0.11325911356578279   287.54864918434595   287.2915426682687
0.11657935501835284   279.9393137739082   279.5178883791977
0.11999693083066039   271.11056680760186   270.56417108084145
0.12351469440289359   260.6838277609429   260.0726379330609
0.12713558278394044   248.56738503326434   247.96450143627902
0.13086261912358757   234.9911352215095   234.47344193677037
0.13469891519660646   220.44242629083104   220.08005203103127
0.13864767400083483   205.624716547455   205.467211741296
0.14271219243142114   191.39770032135482   191.46021163630436
0.14689586403346616   178.63473411376177   178.89076603888904
0.1512021818353596   167.92682762743576   168.30534079767241
0.15563474126517718   159.41223244181143   159.82397237839558
0.16019724315257297   152.81438194975794   153.17141296106027
0.1648934968186736   147.61562453237676   147.83828925899954
0.1697274232565544   143.15796208564714   143.20550287517767
0.17470305840495237   138.64347036875412   138.52310560454183
0.17982455651794954   133.3247387486333   133.0990140944831
0.18509619363343993   126.84877008455003   126.6179077913298
0.19052237114327647   119.41027883972778   119.27513879189087
0.19610761946807834   111.52739627487813   111.56368137544696
0.20185660183976684   103.84865955201225   104.08299858897352
0.20777411819498756   97.01632118000484   97.41044523182835
0.21386510918267082   91.41465945238765   91.88810140356746
0.22013466028907505   87.01134117648976   87.46615441878245
0.22658800608375756   83.43856502031717   83.8010292999749
0.23323053459001789   80.11724939652129   80.37150389671234
0.2400677917834628   76.48848791591217   76.68717893000475
0.24710548622244882   72.3482410915011   72.57354966704065
0.25434949381426813   67.87079371232636   68.20079715851345
0.2618058627210567   63.42488925343937   63.8887239717005
0.2694808184095226   59.43048140292893   60.00012412231154
0.27738076884870827   56.097071721986886   56.699871035005856
0.2855123098601282   53.29816508067504   53.87281955682861
0.29388223062474755   50.73172329297002   51.25673936602987
0.3024975193514008   48.09757475514624   48.60588452214283
0.31136536911138296   45.293920495093445   45.842533740414666
0.3204931838440838   42.47612669555877   43.096964281825045
0.32988858453867975   39.86178152578245   40.54279412150169
0.3395594155970457   37.56524578243454   38.268365768339535
0.34951375138319807   35.53039605499776   36.22123842985854
0.3597599029647371   33.59307109271462   34.27018931542999
0.37030642505191835   31.64720039321829   32.33730822954256
0.3811621231401457   29.72531018232696   30.449173591654652
0.3923360608618501   27.92143394004793   28.6743850492987
0.4038375675538918   26.28643031462854   27.04780478289452
0.41567624604680364   24.777648447743697   25.534965931511525
0.42786198068238046   23.328626810689688   24.087210784121947
0.4404049455663077   21.921199434030047   22.692708334081093
0.4533156130627191   20.58997917270906   21.375007969490092
0.4666047625377753   19.356888391656597   20.14618230761104
0.4802834893595659   18.20499251047765   18.993281959088154
0.49436321416184764   17.107415520984944   17.897782101052385
0.5088556923793517   16.06292848817595   16.858118360229373
0.5237730240626238   15.08311320440541   15.88070124904659
0.5391276639805903   14.165887449451837   14.962363013866417
0.5549324320192869   13.29966664403447   14.09514000542917
0.5712005238854289   12.480374126743236   13.275674914925292
0.5879455221237613   11.710340090228678   12.504109541721336
0.6051814074573895   10.986655007631828   11.777691399506674
0.622922570460556   10.305417689356691   11.093052603780567
0.6411838235736077   9.664317152856734   10.448017071706492
0.6599804134701901   9.061180433488522   9.84042388798886
0.6793280337869897   8.493931011134212   9.268195321149033
0.6992428382266549   7.960591562532034   8.729357764386927
0.7197414540448374   7.459280393706579   8.222037603268124
0.7408409959326054   6.988207903337797   7.74445714493885
0.7625590803058332   6.545673086468097   7.294930619001348
0.7849138400134885   6.1300568923695815   6.87185986045049
0.8079239394770964   5.739809573155142   6.4737293049192886
0.8316085902740278   5.3734604425512895   6.09910385344082
0.8559875671776167   5.029618308116861   5.746625701073295
0.8810812246675007   4.706967590798183   5.415010727011725
0.9069105139239728   4.404264604281913   5.103045000354651
0.9334970003205227   4.120333989796196   4.809581403088996
0.960862881429187   3.854065412046458   4.533536848093104
0.9890310055537336   3.6044108518715543   4.273891602817232
1.0180248908061487   3.3703808753194915   4.029683730206494
1.047868744742366   3.1510413356431353   3.80000483750868
1.0785874845736239   2.945510555855954   3.583997426954255
1.1102067579703248   2.7529566357955115   3.3808523480969326
1.1427529644757777   2.572594878671964   3.189806347013054
1.1762532775476793   2.4036852787286485   3.0101397784935022
1.210735667245765   2.245529696432452   2.841174942816426
1.246228923584555   2.0974699980719858   2.682273483113891
1.2827626805706884   1.9588862856476557   2.532833865927514
1.3203674409449337   1.829194832548395   2.392289427227718
1.3590746016495152   1.70784611470099   2.260106509404757
1.3989164800420282   1.5943229384949549   2.1357826808986236
1.4399263408778291   1.4881386617058026   2.018845009951404
1.4821384240834183   1.388835506709032   1.9088480130087981
1.525587973344019   1.2959829533894218   1.8053722877876437
1.5703112655292182   1.2091762114144204   1.708023482446507
1.6163456409812174   1.1280347743515233   1.6164308858384304
1.6637295346910133   1.052201048305767   1.5302460748117543
1.7125025083885144   0.9813390516170571   1.449141631248686
1.7627052835733923   0.9151331802572203   1.3728098847326633
1.814379775514258   0.8532869697979648   1.3009603815572404
1.8675691282445197   0.7955219962009634   1.2333188089497467
1.922317750584177   0.7415769295413167   1.1696278789694305
1.9786713532176083   0.6912065427392238   1.1096463875989588
2.0366769868582977   0.6441807678349788   1.0531482103199488
2.0963830815323896   0.6002838039257785   0.9999213590546592
2.1578394870138577   0.5593132732361951   0.9497670845409114
2.2210975144450407   0.5210793374811132   0.9024979062375355
2.286209979177315   0.4854039078295729   0.8579362089957453
2.3532312448676476   0.45212010802775393   0.8159156738389278
2.4222172688678643   0.4210716129300703   0.7762807501425457
2.4932256489445366   0.3921120064869702   0.7388859323253671
2.5663156713684585   0.36510417694559494   0.703595086490103
2.641548360413907   0.33991974740398356   0.6702808209685605
2.7189865293089923   0.31643863195759314   0.6388224397112998
2.798694832679631   0.294548645064526   0.6091033693646065
2.8807398205309562   0.2741447697630822   0.5810144784184712
2.9651899938111903   0.2551286791391989   0.554454186694686
3.05211586160442   0.23740833016563276   0.5293278986765324
3.1415899999999994   0.22089758058428177   0.5055474824253228
