0.01   20325.88769297917   20321.366776938456
0.010293154462191829   20514.1114192043   20509.201038224674
0.010594902878253955   20692.3702396476   20687.037908355876
0.010905497183778876   20859.992523210738   20854.204842881278
0.011225196699963396   21016.275068307943   21009.995369502216
0.011554268350120923   21160.50717913852   21153.694675715833
0.011892986882540897   21291.985331369408   21284.595203224595
0.012241635099881474   21409.98327505944   21401.967294034584
0.012600504095286909   21513.74800663049   21505.05532061148
0.012969893495426888   21602.541737779295   21593.11911847429
0.013350111710660605   21675.636142070365   21665.42770040914
0.013741476192534558   21732.27792096798   21721.223201180834
0.014144313698828986   21771.73104327092   21759.764774032956
0.01455896056637426   21793.29248645241   21780.34488430421
0.014985762991865008   21796.25529347057   21782.251244479543
0.01542507732090645   21779.91961399432   21764.778096082104
0.015877270345534218   21743.636381699136   21727.271043826182
0.016342719610456153   21686.79834552596   21669.117176566884
0.016821813728271667   21608.81569289367   21589.718857218817
0.017314952703931925   21509.16146253418   21488.541761593442
0.017822548268711737   21387.384213372094   21365.128104134947
0.01834502422397195   21243.091837701737   21219.079336841944
0.018882816794999403   21075.967085410965   21050.072358204718
0.019436374995219892   20885.789098619323   20857.882081902706
0.02000616100108813   20672.445036581754   20642.393998464504
0.020592650537967844   20435.940819151416   20403.61581505065
0.021196333277324068   20176.393689462417   20141.668611212852
0.02181771324555934   19894.044449233807   19856.79984020031
0.022457309244835088   19589.328813140568   19549.460629998965
0.02311565528622961   19262.829510191437   19220.25358854979
0.023793301035594242   18915.239003362327   18869.892185459415
0.024490812272480036   18547.468838333392   18499.316948088726
0.025208771362518027   18160.68929240601   18109.737469130527
0.0259477777436476   17756.157398205978   17702.449487224683
0.02670844842659881   17335.26031956719   17278.88049183952
0.027491418510046592   16899.76974626645   16840.857793532017
0.028297341710866907   16451.570952316724   16390.322788889294
0.029126890909937666   15992.547348979899   15929.208981840555
0.029980758713939952   15524.922895680143   15459.791162788106
0.030859658033628758   15051.226439622402   14984.648646299018
0.031764322679055976   14573.860847045933   14506.225756069487
0.03269550797224261   14095.239010035437   14026.9691573908
0.033653991377811755   13618.181866023539   13549.729741441713
0.03464057315210884   13145.369579795837   13077.209128999808
0.03565607701135116   12679.2377734642   12611.853303079044
0.036701350819364466   12222.624715902764   12156.470580588675
0.03777726729548091   11778.519864284455   11713.993549005469
0.038884724743189276   11349.48963969392   11286.934093250511
0.04002464780014597   10937.620249868438   10877.319608306212
0.041197988210172884   10544.454753101743   10486.619464811305
0.04240572561788674   10171.215472974296   10115.988019983224
0.04364886838662332   9818.99179683869   9766.437077854673
0.04492845444033957   9489.794691445055   9439.729370163112
0.04624555213019635   9185.94306656791   9137.86716152852
0.04760126112654554   8909.36054200982   8862.498065858837
0.04899671333706607   8659.73393971903   8613.138661964498
0.05043307385181555   8434.327993765262   8386.991141849541
0.05191154191598653   8230.547982902935   8181.404020916326
0.053433351931179485   8046.019203809197   7993.926840045282
0.05499977448602865   7878.537752308594   7822.2573067945195
0.05661211741704101   7726.0190999269325   7664.22207205676
0.05827172690053434   7585.473945269574   7516.861220458464
0.05997998857658587   7453.374185820953   7376.7585881765835
0.06173832870592997   7326.006601602913   7240.3945858411425
0.0635482153607709   7198.547362923618   7103.399764432179
0.06541115965050462   7066.151064327482   6961.456959651642
0.06732871698337338   6923.505070105621   6810.04285507675
0.06930248836510605   6765.281817262677   6644.757313445164
0.07133412173562886   6587.083579395835   6462.221861542345
0.07342531334496233   6385.611608835054   6260.209348663582
0.07557780916945323   6159.457619996995   6038.110667297709
0.07779340636952398   5909.535077962779   5797.282622797481
0.08007395479015682   5638.359656938227   5540.56013045379
0.08242135850536496   5350.0915998606215   5272.310178127863
0.08483757740794096   5050.355283101857   4997.618328739432
0.08732462884580919   4745.808386021955   4722.016293983457
0.08988458930634863   4443.699154420296   4451.591379966244
0.09251959615009227   4151.383246690886   4192.335889928577
0.09523184939525078   3876.899682850633   3950.1056473904428
0.09802361355455057   3627.0229997389174   3729.7060128867897
0.10089721952591899   3407.742186150731   3535.0995217318564
0.10385506653859616   3222.8159966161734   3368.3697860508905
0.10689962415629803   3073.074649352582   3228.6703946265698
0.11003343433910281   2956.73362048834   3113.6038877235837
0.11325911356578279   2869.1845019958655   3019.166496371043
0.11657935501835284   2803.6519387449002   2939.856781439045
0.11999693083066039   2751.8729281100264   2869.306937902447
0.12351469440289359   2704.259034039529   2800.8277118442693
0.12713558278394044   2651.1549174487627   2728.3316601728347
0.13086261912358757   2583.7326627849598   2646.8264179233142
0.13469891519660646   2495.7169468103157   2553.163219100507
0.13864767400083483   2384.3678081425223   2446.807306211659
0.14271219243142114   2250.9519806395533   2329.668098829822
0.14689586403346616   2100.8363147157384   2205.6860628514614
0.1512021818353596   1943.325271102655   2081.1564478825617
0.15563474126517718   1790.2542454230772   1962.792046293189
0.16019724315257297   1653.0656317759465   1855.5545858305088
0.1648934968186736   1539.6663881425309   1762.6861946634576
0.1697274232565544   1452.8007679576979   1685.4502971136355
0.17470305840495237   1390.768092464819   1620.304472735307
0.17982455651794954   1348.584074732676   1564.9550450344984
0.18509619363343993   1317.919548243701   1515.069697807471
0.19052237114327647   1287.677748307162   1465.510989126411
0.19610761946807834   1247.399254733283   1412.270177127139
0.20185660183976684   1191.509158147367   1354.4252470126844
0.20777411819498756   1120.3725647062804   1292.8650905291356
0.21386510918267082   1039.4880114368707   1230.3300482776554
0.22013466028907505   957.9095750717981   1170.0403226923459
0.22658800608375756   885.3229869247028   1114.7996920809405
0.23323053459001789   827.9956343144987   1065.8933167902405
0.2400677917834628   786.9795135963677   1023.3283374750482
0.24710548622244882   758.239081259292   984.1981984493034
0.25434949381426813   733.7828446756117   947.1222581252902
0.2618058627210567   705.4429667174353   910.5783485907782
0.2694808184095226   669.0261952135774   873.2956971330356
0.27738076884870827   625.3045396946723   836.0881109068407
0.2855123098601282   579.4634616600327   799.8566623437878
0.29388223062474755   538.3543766556849   766.4889562547106
0.3024975193514008   505.9059459988483   735.2440506495095
0.31136536911138296   481.4866042274146   706.6899259979762
0.3204931838440838   460.91222422995196   679.5129885527126
0.32988858453867975   439.01542359113904   653.3758034463136
0.3395594155970457   413.42793108320967   627.5855340540804
0.34951375138319807   385.7977683322401   602.5903338817204
0.3597599029647371   359.74078536206986   578.9340586147574
0.37030642505191835   337.97783169801966   556.7907805229228
0.3811621231401457   320.19758696177155   535.9256301250764
0.3923360608618501   303.7724470970305   516.0791682855472
0.4038375675538918   286.45956031034325   496.9176746185913
0.41567624604680364   268.2730788440008   478.33941519316227
0.42786198068238046   250.9642506016427   460.6440954036556
0.4404049455663077   235.86908763494992   443.99889041691176
0.4533156130627191   222.61700560437228   428.19837634649286
0.4666047625377753   209.82420485573127   413.0199311737895
0.4802834893595659   196.91004422399502   398.46338015958366
0.49436321416184764   184.46554883097028   384.48429792185874
0.5088556923793517   173.19801676061593   371.2577556269196
0.5237730240626238   162.94631171455993   358.67754947470144
0.5391276639805903   153.1071822030835   346.5754795119231
0.5549324320192869   143.55059163173732   334.9871445919024
0.5712005238854289   134.59914355752989   323.9033605349409
0.5879455221237613   126.36164782843707   313.3405145988971
0.6051814074573895   118.59435854119054   303.21843672666375
0.622922570460556   111.17088626031303   293.49109958921264
0.6411838235736077   104.20632763160786   284.1598302801805
0.6599804134701901   97.69460250834776   275.25456325775303
0.6793280337869897   91.56939638550446   266.6965885242892
0.6992428382266549   85.8093464068512   258.4680029349293
0.7197414540448374   80.39450983944292   250.55254721704623
0.7408409959326054   75.30587130405164   242.9348831417803
0.7625590803058332   70.52531356184272   235.60053595509424
0.7849138400134885   66.03558797292284   228.53584078200626
0.8079239394770964   61.82027409371697   221.72774037887282
0.8316085902740278   57.86360960378389   215.1616359295031
0.8559875671776167   54.1505405999313   208.82215364172743
0.8810812246675007   50.66682454784404   202.69496684847368
0.9069105139239728   47.398994379392086   196.76676974902549
0.9334970003205227   44.334320502389374   191.0252072190859
0.960862881429187   41.46077436449848   185.4588107085218
0.9890310055537336   38.76699352153495   180.0569371295956
1.0180248908061487   36.2422479668548   174.8096480458415
1.047868744742366   33.87640815532099   169.70766210397366
1.0785874845736239   31.659914648538077   164.7423907837829
1.1102067579703248   29.583748817276245   159.90590020793107
1.1427529644757777   27.639404830897117   155.19087187207265
1.1762532775476793   25.818862906630876   150.5905664039011
1.210735667245765   24.114563739091196   146.0987907816068
1.246228923584555   22.519381829023942   141.7099161930041
1.2827626805706884   21.02660166232016   137.41887170111548
1.3203674409449337   19.62989969823208   133.2210364036751
1.3590746016495152   18.32332343190539   129.1122070229107
1.3989164800420282   17.101271097857065   125.0885747787264
1.4399263408778291   15.958472374539326   121.1467034930157
1.4821384240834183   14.88997004463989   117.28350969171973
1.525587973344019   13.891101517868492   113.49650035098477
1.5703112655292182   12.957481281030741   109.78405675423949
1.6163456409812174   12.084987839321458   106.14482709872269
1.6637295346910133   11.269749090182296   102.57761904569486
1.7125025083885144   10.508128063441289   99.08138819026442
1.7627052835733923   9.796709415171222   95.65522678796259
1.814379775514258   9.132286639922286   92.29835273188802
1.8675691282445197   8.511850058037838   89.01031794478772
1.922317750584177   7.932575549931741   85.79150013079166
1.9786713532176083   7.391813407504838   82.64239178564613
2.0366769868582977   6.8870780302067995   79.56341199339624
2.0963830815323896   6.416038262457322   76.5549055325677
2.1578394870138577   5.976508262002263   73.61714219945084
2.2210975144450407   5.566438872854837   70.75031634976497
2.286209979177315   5.183909087487574   67.95464087292812
2.3532312448676476   4.827116885533676   65.23072738546085
2.4222172688678643   4.49437384690485   62.57917642805878
2.4932256489445366   4.184098980257452   60.000400121012554
2.5663156713684585   3.8948121397148627   57.4946308638805
2.641548360413907   3.6251278259066706   55.0619303381653
2.7189865293089923   3.3737493507508654   52.702198626896845
2.798694832679631   3.13946363963958   50.415228333728656
2.8807398205309562   2.9211379820990624   48.201021370299934
2.9651899938111903   2.7177133189250084   46.059546328759076
3.05211586160442   2.5281984368427097   43.99055190669916
3.1415899999999994   2.3516658169630653   41.99358307416744
