0.01   8661.046836248159   8660.340748526212
0.010293154462191829   8764.943179387776   8764.18527332134
0.010594902878253955   8865.57184363342   8864.757450107996
0.010905497183778876   8962.644555032486   8961.768351758497
0.011225196699963396   9055.860877210001   9054.917092177644
0.011554268350120923   9144.909042199959   9143.891664440762
0.011892986882540897   9229.475696027439   9228.378499365308
0.012241635099881474   9309.241065018003   9308.057537823375
0.012600504095286909   9383.86658313427   9382.589672675518
0.012969893495426888   9453.011678107   9451.633752029886
0.013350111710660605   9516.337725588171   9514.85055579351
0.013741476192534558   9573.495344749486   9571.889723834842
0.014144313698828986   9624.131202516499   9622.396699565494
0.01455896056637426   9667.899716883067   9666.024700960183
0.014985762991865008   9704.455256366458   9702.427024868468
0.01542507732090645   9733.443905998303   9731.248917782112
0.015877270345534218   9754.523379142558   9752.14734626391
0.016342719610456153   9767.365502879775   9764.793327020474
0.016821813728271667   9771.644305954273   9768.859136244428
0.017314952703931925   9767.048080727174   9764.03097766308
0.017822548268711737   9753.28914902701   9750.019219324238
0.01834502422397195   9730.100686994974   9726.555187767672
0.018882816794999403   9697.237433308848   9693.391885391158
0.019436374995219892   9654.486028071497   9650.314437427858
0.02000616100108813   9601.66948600243   9597.144617621123
0.020592650537967844   9538.654002632044   9533.747741587158
0.021196333277324068   9465.347097312553   9460.030776823258
0.02181771324555934   9381.699388613897   9375.944178321295
0.022457309244835088   9287.729863203884   9281.508257808355
0.02311565528622961   9183.5237737754   9176.810920819815
0.023793301035594242   9069.211159154953   9061.985143549164
0.024490812272480036   8944.992723697875   8937.23569467704
0.025208771362518027   8811.186326089197   8802.887175000757
0.0259477777436476   8668.160466860443   8659.31519524784
0.02670844842659881   8516.329509534226   8506.941332492765
0.027491418510046592   8356.253493771066   8346.33547641119
0.028297341710866907   8188.581281767107   8178.157471483597
0.029126890909937666   8013.975447424387   8003.080062836295
0.029980758713939952   7833.2075621418535   7821.88529858345
0.030859658033628758   7647.229246355277   7635.536381544028
0.031764322679055976   7456.9831725658305   7444.986325041503
0.03269550797224261   7263.409955370066   7251.184714175563
0.033653991377811755   7067.623571712972   7055.253993318719
0.03464057315210884   6870.751452528492   6858.32877604468
0.03565607701135116   6673.843296534418   6661.464112402153
0.036701350819364466   6478.097480278423   6465.856573038787
0.03777726729548091   6284.8850266090385   6272.867761481069
0.038884724743189276   6095.446560599689   6083.728718909757
0.04002464780014597   5910.841226872316   5899.489116396744
0.041197988210172884   5731.84724182748   5720.9168788220395
0.04240572561788674   5559.10029131032   5548.637919569175
0.04364886838662332   5393.177088946873   5383.217920675663
0.04492845444033957   5235.125598820347   5225.657350151545
0.04624555213019635   5086.314549156986   5077.251844977514
0.04760126112654554   4947.9483864260865   4939.140194982548
0.04899671333706607   4820.447382393926   4811.6942047669
0.05043307385181555   4703.009441395012   4694.086559014104
0.05191154191598653   4594.7805523612005   4585.4415663655345
0.053433351931179485   4494.922736961278   4484.898861983636
0.05499977448602865   4402.554553026414   4391.552396221852
0.05661211741704101   4316.8410038681395   4304.544012768702
0.05827172690053434   4236.653879547702   4222.741567260403
0.05997998857658587   4160.577404276464   4144.744776694626
0.06173832870592997   4087.18070169943   4069.1495070763467
0.0635482153607709   4014.639673757985   3994.2095107634823
0.06541115965050462   3941.0828042368776   3918.149556763796
0.06732871698337338   3864.3975473099276   3839.0131679510723
0.06930248836510605   3782.3054202287503   3754.728530233421
0.07133412173562886   3692.7514573843064   3663.472709698967
0.07342531334496233   3593.9584963062816   3563.738432715217
0.07557780916945323   3484.699529983081   3454.549521174542
0.07779340636952398   3364.5905840833625   3335.74819511359
0.08007395479015682   3234.028076601999   3207.8949174679205
0.08242135850536496   3094.4943548362594   3072.5604944736638
0.08483757740794096   2948.1135413409193   2931.8415637999287
0.08732462884580919   2797.633115049455   2788.3373778718797
0.08988458930634863   2646.1321632934896   2644.9012792330245
0.09251959615009227   2496.8442242434216   2504.4677601506105
0.09523184939525078   2353.2980046878506   2370.076444542167
0.09802361355455057   2218.6833110096727   2244.4296535518342
0.10089721952591899   2096.111286819273   2130.0734682980947
0.10385506653859616   1988.03341129694   2028.9301739039988
0.10689962415629803   1895.8323142886982   1941.7414843225263
0.11003343433910281   1819.7843001726553   1868.3805902837826
0.11325911356578279   1758.5953511674402   1807.562479569823
0.11657935501835284   1709.798069367307   1756.9699301883252
0.11999693083066039   1669.8851076929955   1713.3984401086213
0.12351469440289359   1634.597844692331   1673.2873238989343
0.12713558278394044   1599.4361003035367   1633.051019717852
0.13086261912358757   1559.9746540075437   1589.3071821000417
0.13469891519660646   1512.5934670247127   1539.451255117633
0.13864767400083483   1455.0554588702564   1482.2100717412104
0.14271219243142114   1386.9398766994516   1417.7859948711337
0.14689586403346616   1309.802853239515   1347.4510557114197
0.1512021818353596   1226.9477277554386   1274.088149874093
0.15563474126517718   1143.0798867883595   1201.269512370764
0.16019724315257297   1063.6278273606313   1132.600553375895
0.1648934968186736   993.5937545896755   1071.4519693005736
0.1697274232565544   936.1152678395745   1019.7050323348384
0.17470305840495237   891.6911111072429   976.8377633747637
0.17982455651794954   858.547142078305   941.6534630980814
0.18509619363343993   833.3501504614106   911.5400723175604
0.19052237114327647   811.5450060622096   883.5222417338939
0.19610761946807834   787.8602097434521   854.4664660641027
0.20185660183976684   757.9140397936219   821.903008311548
0.20777411819498756   720.1219880465422   785.3936219562179
0.21386510918267082   676.0676402976037   746.6375251170869
0.22013466028907505   629.4411898998153   707.3670672265711
0.22658800608375756   584.90684590006   670.2301343210967
0.23323053459001789   546.6712504483835   637.0886048748258
0.2400677917834628   516.791378883743   608.9159139949761
0.24710548622244882   494.55351438693924   584.6385368356202
0.25434949381426813   476.93040015296424   562.799792668171
0.2618058627210567   459.6480164396634   541.4167228139208
0.2694808184095226   439.1563670311735   518.9967026177353
0.27738076884870827   414.5460293328646   495.8394132025842
0.2855123098601282   387.4821742508613   472.325844031781
0.29388223062474755   361.12947858471125   449.9161145289308
0.3024975193514008   338.5495342328932   429.5447876308528
0.31136536911138296   320.74201863605674   411.2279775744502
0.3204931838440838   306.3187524377222   394.53290041184613
0.32988858453867975   292.6751480707189   378.4454251366348
0.3395594155970457   277.5959369749942   362.41520418749445
0.34951375138319807   260.8310301858533   346.5699595251626
0.3597599029647371   243.9907198426217   331.2867348704616
0.37030642505191835   228.93243004395453   316.96644579015
0.3811621231401457   216.37786637504   303.7134536946519
0.3923360608618501   205.44499206603194   291.27295569158895
0.4038375675538918   194.6145389135104   279.2764290781939
0.41567624604680364   183.20259769628433   267.6096118659384
0.42786198068238046   171.79862508524587   256.41449156149463
0.4404049455663077   161.39705456186783   245.8523475456943
0.4533156130627191   152.29250728404645   235.86189983741804
0.4666047625377753   143.89741369701622   226.39558043529615
0.4802834893595659   135.55044094993008   217.3058053827646
0.49436321416184764   127.28830663909159   208.57462360001455
0.5088556923793517   119.57326415730115   200.282050886082
0.5237730240626238   112.5869475283729   192.44733710575875
0.5391276639805903   106.04167121226699   184.9730654329818
0.5549324320192869   99.67880043978026   177.81938522927527
0.5712005238854289   93.5942495456061   170.986875221755
0.5879455221237613   87.95521082905051   164.49351957176654
0.6051814074573895   82.70021947230059   158.31857891052772
0.622922570460556   77.68571554513814   152.40866995779245
0.6411838235736077   72.92601663652883   146.75779462985426
0.6599804134701901   68.46774072641391   141.39218762009273
0.6793280337869897   64.27294275643641   136.27136108711676
0.6992428382266549   60.322963504032444   131.3781878134941
0.7197414540448374   56.60424118575662   126.70170248507856
0.7408409959326054   53.10392452734377   122.23150540657745
0.7625590803058332   49.80983766551971   117.95773201628037
0.7849138400134885   46.7104466823343   113.87102410481084
0.8079239394770964   43.79482770034578   109.96250264025811
0.8316085902740278   41.0526713589592   106.22343800896988
0.8559875671776167   38.47435319193451   102.6442855461966
0.8810812246675007   36.05076488822696   99.21577558321293
0.9069105139239728   33.77324867159062   95.92925433840195
0.9334970003205227   31.63357945961908   92.77663909259233
0.960862881429187   29.623947373951914   89.75037700778537
0.9890310055537336   27.73694062564932   86.84340727583763
1.0180248908061487   25.965528732246415   84.04912580240847
1.047868744742366   24.30302766147008   81.3612045608989
1.0785874845736239   22.74306541494781   78.77338271648732
1.1102067579703248   21.2796128257844   76.27977959948315
1.1427529644757777   19.9069735215542   73.87491996144945
1.1762532775476793   18.619767112454138   71.55370539063166
1.210735667245765   17.412913119339525   69.31138809388901
1.246228923584555   16.28161561670519   67.14354682611368
1.2827626805706884   15.221348649219719   65.04606165807617
1.3203674409449337   14.227845624027111   63.01496166684946
1.3590746016495152   13.29708606375358   61.04637704187673
1.3989164800420282   12.425277616559514   59.13671180754118
1.4399263408778291   11.60884383843808   57.282639538075074
1.4821384240834183   10.844412913375294   55.481085950929
1.525587973344019   10.128806887455243   53.729212862150945
1.5703112655292182   9.4590313990681   52.02440336555147
1.6163456409812174   8.832265748220523   50.36425322122767
1.6637295346910133   8.245851626269864   48.7466328239378
1.7125025083885144   7.69728529687701   47.16964780566782
1.7627052835733923   7.1842110310714915   45.631558848179814
1.814379775514258   6.704412959577832   44.130770419879504
1.8675691282445197   6.255807281904134   42.665822069723646
1.922317750584177   5.836434871477933   41.235380198185965
1.9786713532176083   5.444454259459422   39.838230254840454
2.0366769868582977   5.0781348038168534   38.47329131134098
2.0963830815323896   4.7358493156012775   37.13975013351747
2.1578394870138577   4.416069143535542   35.83694059212717
2.2210975144450407   4.117359162191856   34.56425281149764
2.286209979177315   3.8383723308064974   33.321128469402446
2.3532312448676476   3.5778445446951435   32.10705672893664
2.4222172688678643   3.334589768652396   30.921570303430986
2.4932256489445366   3.10749543825666   29.764241648328046
2.5663156713684585   2.895518642888171   28.634772183192183
2.641548360413907   2.697683405781007   27.53325505786842
2.7189865293089923   2.513074718257322   26.459834567896053
2.798694832679631   2.3408343616136578   25.414598777171598
2.8807398205309562   2.1801575803713504   24.397581838043582
2.9651899938111903   2.0302899346246823   23.40876636378753
3.05211586160442   1.890524323079058   22.448085842129792
3.1415899999999994   1.760198158588512   21.51542675926491
