0.01   19777.59970180051   19771.16945894318
0.010293154462191829   19969.372202047514   19962.37290576463
0.010594902878253955   20152.481721188105   20144.863370557046
0.010905497183778876   20326.329158896137   20318.034667492513
0.011225196699963396   20490.301447759997   20481.268051960385
0.011554268350120923   20643.759556669298   20633.921642535854
0.011892986882540897   20786.06566719152   20775.35526745759
0.012241635099881474   20916.583617227963   20904.93017205457
0.012600504095286909   21034.648897988915   21021.97625215837
0.012969893495426888   21139.59268068158   21125.817914698444
0.013350111710660605   21230.760625335217   21215.794301780814
0.013741476192534558   21307.494421406514   21291.240651015552
0.014144313698828986   21369.126643444735   21351.483129062744
0.01455896056637426   21415.01314095299   21395.871633902447
0.014985762991865008   21444.53118608652   21423.777400252064
0.01542507732090645   21457.052360406407   21434.56350535222
0.015877270345534218   21451.97463590403   21427.61924238321
0.016342719610456153   21428.7380506585   21402.37678132253
0.016821813728271667   21386.811029224093   21358.29604142499
0.017314952703931925   21325.695360822174   21294.869834650643
0.017822548268711737   21244.94952668908   21211.648933768654
0.01834502422397195   21144.192936853604   21108.246569648487
0.018882816794999403   21023.107396337316   20984.34012755904
0.019436374995219892   20881.44515540329   20839.679241912367
0.02000616100108813   20719.036279429758   20674.093255328902
0.020592650537967844   20535.821367374283   20487.523878336226
0.021196333277324068   20331.844777306545   20280.018542230762
0.02181771324555934   20107.234369855098   20051.710358302316
0.022457309244835088   19862.245572547363   19802.867069577533
0.02311565528622961   19597.316289511546   19533.951976880566
0.023793301035594242   19312.976493084912   19245.52314372531
0.024490812272480036   19009.853311601622   18938.237428106146
0.025208771362518027   18688.829939163876   18613.01522885502
0.0259477777436476   18350.94035478184   18270.9308320523
0.02670844842659881   17997.26651307845   17913.10553909571
0.027491418510046592   17629.09704846477   17540.87505472917
0.028297341710866907   17248.01278705422   17155.879367712914
0.029126890909937666   16855.606060739796   16759.76648392982
0.029980758713939952   16453.51897037476   16354.229635997923
0.030859658033628758   16043.789088633162   15941.356350333028
0.031764322679055976   15628.517897005579   15523.292652012507
0.03269550797224261   15209.698354640579   15102.068670527051
0.033653991377811755   14789.500679596053   14679.884464521223
0.03464057315210884   14370.28579355388   14259.123256150413
0.03565607701135116   13954.227568079012   13841.97400709221
0.036701350819364466   13543.437016304371   13430.545640412223
0.03777726729548091   13140.38794826899   13027.262354672845
0.038884724743189276   12747.416706526741   12634.40088026233
0.04002464780014597   12366.558217553129   12253.938226771876
0.041197988210172884   11999.313644225496   11887.305286579278
0.04240572561788674   11646.744376162886   11535.485471550552
0.04364886838662332   11309.741201412071   11199.298048620147
0.04492845444033957   10989.345182188437   10879.660845319315
0.04624555213019635   10687.262655289796   10578.006106474126
0.04760126112654554   10405.121218748794   10295.685996942846
0.04899671333706607   10143.947621040545   10033.499339184316
0.05043307385181555   9901.856056208573   9789.508961836853
0.05191154191598653   9675.947011621354   9560.834776837246
0.053433351931179485   9463.589403640282   9344.86522251363
0.05499977448602865   9262.523451207531   9139.36542347674
0.05661211741704101   9070.73513925013   8942.349328390894
0.05827172690053434   8886.080177794478   8751.744651295854
0.05997998857658587   8705.561122400552   8564.778232280902
0.06173832870592997   8526.15984689645   8378.691392927494
0.0635482153607709   8344.408797421234   8190.462210061256
0.06541115965050462   8156.406330990933   7996.819919686082
0.06732871698337338   7958.439815057545   7794.73525664734
0.06930248836510605   7746.730667946434   7581.312733633392
0.07133412173562886   7518.123128829281   7354.247459244921
0.07342531334496233   7271.069979981859   7112.858772151227
0.07557780916945323   7005.14464428318   6857.428499462451
0.07779340636952398   6722.001029166116   6589.899494141236
0.08007395479015682   6424.551649260512   6313.14260633596
0.08242135850536496   6117.481815442816   6031.368703863255
0.08483757740794096   5806.147727757775   5749.199414424804
0.08732462884580919   5496.464054194351   5471.482799282648
0.08988458930634863   5194.234268722852   5202.776961905082
0.09251959615009227   4905.34953229708   4947.401147584259
0.09523184939525078   4635.444519623154   4709.165566676301
0.09802361355455057   4389.751310784169   4491.348200225757
0.10089721952591899   4171.978113850844   4295.947380104811
0.10385506653859616   3984.4702136544934   4123.761100619372
0.10689962415629803   3826.7010676411555   3973.650851126352
0.11003343433910281   3695.8439688529047   3842.8731911752175
0.11325911356578279   3586.3368748947323   3726.755712561085
0.11657935501835284   3491.2251909082147   3619.9245620467914
0.11999693083066039   3402.3901778361214   3517.150521238881
0.12351469440289359   3311.8230599479953   3413.485103939075
0.12713558278394044   3212.168873540164   3304.5794240492855
0.13086261912358757   3098.00343124749   3188.1893342304506
0.13469891519660646   2966.6562357443677   3063.7353023864325
0.13864767400083483   2818.7743914654284   2932.213450471336
0.14271219243142114   2658.2643766380374   2796.5467334621735
0.14689586403346616   2491.485876582616   2660.8526853572102
0.1512021818353596   2326.5809074454564   2529.55453106711
0.15563474126517718   2172.564161855697   2406.7504881455156
0.16019724315257297   2037.4971318506873   2296.186921382389
0.1648934968186736   1925.7890395142924   2198.769537883331
0.1697274232565544   1836.9623283974977   2113.2463713895972
0.17470305840495237   1766.5282680561138   2036.975782666988
0.17982455651794954   1707.8333272854888   1966.3760613107902
0.18509619363343993   1653.09076427036   1898.0163911817194
0.19052237114327647   1594.0011665368645   1828.8170477952951
0.19610761946807834   1524.201903938824   1757.2313258363927
0.20185660183976684   1442.4958171732872   1684.4822445943635
0.20777411819498756   1353.0025113058757   1611.1122675690203
0.21386510918267082   1262.4984736759566   1539.9637220803124
0.22013466028907505   1178.0941331410315   1473.290940364457
0.22658800608375756   1105.5978708881216   1411.7885062583566
0.23323053459001789   1047.1608523307104   1356.1185730761306
0.2400677917834628   1000.3752640033266   1304.56351776428
0.24710548622244882   959.7998100704499   1255.54912649312
0.25434949381426813   918.8937100846141   1207.8318161283385
0.2618058627210567   872.9553973125617   1161.1630799040786
0.2694808184095226   821.8758171612377   1114.9122616807185
0.27738076884870827   769.1189387501286   1070.249129508978
0.2855123098601282   719.3165337123063   1027.6780602037013
0.29388223062474755   676.3026668156256   988.2670569985189
0.3024975193514008   640.6062914363599   950.6836574914836
0.31136536911138296   609.4251279230149   915.3443313613312
0.3204931838440838   579.0396269423289   881.2937504706114
0.32988858453867975   546.9395437480379   848.5627211714125
0.3395594155970457   513.4967689828752   816.66999831603
0.34951375138319807   481.26233264104985   786.3469217045388
0.3597599029647371   452.37040656201685   757.7782221353759
0.37030642505191835   427.1412098006369   730.4684946496482
0.3811621231401457   404.05998829682915   704.528565011522
0.3923360608618501   381.28303884502697   679.638877304266
0.4038375675538918   358.3644493822035   655.6670806812535
0.41567624604680364   336.28607500408043   632.7686244916656
0.42786198068238046   316.0739743894631   611.0065102737657
0.4404049455663077   297.75142525967107   590.2691933870428
0.4533156130627191   280.48701180379334   570.4417061311176
0.4666047625377753   263.6696994925526   551.4037622445805
0.4802834893595659   247.50047198031592   533.1566637080833
0.49436321416184764   232.4398746135182   515.7422185873165
0.5088556923793517   218.51282341265588   499.14498000869287
0.5237730240626238   205.35468618047904   483.2313151396738
0.5391276639805903   192.76604882075554   467.9400578729983
0.5549324320192869   180.87672170033716   453.3066432306875
0.5712005238854289   169.78112666661178   439.3039643773126
0.5879455221237613   159.35794613178982   425.8759648706668
0.6051814074573895   149.48276350865729   412.970426947615
0.622922570460556   140.17426063610642   400.57455368745184
0.6411838235736077   131.44729398510304   388.6802447175697
0.6599804134701901   123.24330232093996   377.2332656622125
0.6793280337869897   115.52191445222518   366.21835630307254
0.6992428382266549   108.25739309410858   355.6142423572754
0.7197414540448374   101.42555593672479   345.3957495374448
0.7408409959326054   95.00323235955263   335.53940595149214
0.7625590803058332   88.96824586742666   326.02332169188867
0.7849138400134885   83.29939426415606   316.8270786740876
0.8079239394770964   77.97642788079327   307.9316297799136
0.8316085902740278   72.98002133731381   299.31919534649205
0.8559875671776167   68.29149596696153   290.972570863583
0.8810812246675007   63.89274997573487   282.87481911357077
0.9069105139239728   59.766656645073105   275.0101395884313
0.9334970003205227   55.897049261408604   267.3638746681414
0.960862881429187   52.268670686395915   259.92243833701036
0.9890310055537336   48.867125363866876   252.67325091339129
1.0180248908061487   45.67883365872634   245.60467918603652
1.047868744742366   42.69099133483883   238.70597129868565
1.0785874845736239   39.89157618569816   231.96703087630974
1.1102067579703248   37.26928687847351   225.378415676855
1.1427529644757777   34.81345480636551   218.9314682158526
1.1762532775476793   32.5140106373062   212.61827969321624
1.210735667245765   30.36145403274618   206.43165061900606
1.246228923584555   28.346824637538912   200.3650540136132
1.2827626805706884   26.461674307530732   194.41260085111415
1.3203674409449337   24.698038840232776   188.56909828550508
1.3590746016495152   23.048400707627255   182.83069506893565
1.3989164800420282   21.505675671206735   177.1943714402137
1.4399263408778291   20.06319753431104   171.657476282982
1.4821384240834183   18.714695217533496   166.2177025069476
1.525587973344019   17.45427090184983   160.87306664794352
1.5703112655292182   16.276379264560294   155.62188888156032
1.6163456409812174   15.175807761927631   150.4627733834019
1.6637295346910133   14.1476577448666   145.39489833921013
1.7125025083885144   13.187326181652828   140.41904029350135
1.7627052835733923   12.290489544701446   135.53636060754752
1.814379775514258   11.453088059796272   130.74794951479237
1.8675691282445197   10.671310533257037   126.05482133508364
1.922317750584177   9.941579982713105   121.4579100324615
1.9786713532176083   9.260540034080185   116.95806507999735
2.0366769868582977   8.62504204628963   112.55604861834443
2.0963830815323896   8.0321319728168   108.25293812708902
2.1578394870138577   7.479037777748964   104.05065487666657
2.2210975144450407   6.963161099815001   99.95095666207826
2.286209979177315   6.48206725081568   95.9552729244231
2.3532312448676476   6.033475356217719   92.06471813983941
2.4222172688678643   5.615249055974461   88.28010568026127
2.4932256489445366   5.225387736209066   84.60196205006645
2.5663156713684585   4.862018303262859   81.03054931654457
2.641548360413907   4.523389247412539   77.5662626965844
2.7189865293089923   4.207863465922211   74.20973512667211
2.798694832679631   3.9139083161017147   70.96125351932184
2.8807398205309562   3.640089065115034   67.8207377242425
2.9651899938111903   3.3850629488681427   64.7877690703752
3.05211586160442   3.147573565973771   61.86161844033499
3.1415899999999994   2.926445589914029   59.04127372392973
