0.01   13249.936848394549   13247.856141368822
0.010293154462191829   13396.296002325804   13394.03789205215
0.010594902878253955   13536.98411832106   13534.531981012418
0.010905497183778876   13671.539767688648   13668.876075636848
0.011225196699963396   13799.49925128096   13796.605615148157
0.011554268350120923   13920.386571958597   13917.24359075088
0.011892986882540897   14033.697573863074   14030.28440992136
0.012241635099881474   14138.926016773128   14135.220371134306
0.012600504095286909   14235.567762988929   14231.545841584028
0.012969893495426888   14323.101676680913   14318.737329118401
0.013350111710660605   14401.001619305383   14396.265867765173
0.013741476192534558   14468.75252829488   14463.613647860304
0.014144313698828986   14525.837678819076   14520.261380394868
0.01455896056637426   14571.725855823395   14565.675569465257
0.014985762991865008   14605.902326025742   14599.33940453685
0.01542507732090645   14627.872983338559   14620.75669314194
0.015877270345534218   14637.146328861854   14629.432291196925
0.016342719610456153   14633.25031463494   14624.889943846794
0.016821813728271667   14615.747905237575   14606.68875049692
0.017314952703931925   14584.23200174598   14574.417639501185
0.017822548268711737   14538.323808849775   14527.693484311034
0.01834502422397195   14477.690763657572   14466.179884138892
0.018882816794999403   14402.052843716068   14389.593701244776
0.019436374995219892   14311.19112877358   14297.714092869675
0.02000616100108813   14204.94772537331   14190.382191576322
0.020592650537967844   14083.227487737251   14067.50273215217
0.021196333277324068   13946.029154235175   13929.076789399318
0.02181771324555934   13793.455882010963   13775.212776061704
0.022457309244835088   13625.679525924064   13606.088654159676
0.02311565528622961   13442.960997340713   13421.972858889505
0.023793301035594242   13245.736607116125   13223.313449538016
0.024490812272480036   13034.53484653942   13010.652016162883
0.025208771362518027   12809.943400123926   12784.589612734519
0.0259477777436476   12572.733452114979   12545.916894119315
0.02670844842659881   12323.856824484072   12295.611039968326
0.027491418510046592   12064.293440842792   12034.676053490646
0.028297341710866907   11795.116307213646   11764.207642391098
0.029126890909937666   11517.708339108922   11485.611102036175
0.029980758713939952   11233.49221366523   11200.329290016014
0.030859658033628758   10943.853047295097   10909.764924319097
0.031764322679055976   10650.376311635704   10615.522233674272
0.03269550797224261   10354.783889937567   10319.341960941938
0.033653991377811755   10058.680603165063   10022.84408968203
0.03464057315210884   9763.716193432761   9727.683969165317
0.03565607701135116   9471.935457684523   9435.890633888317
0.036701350819364466   9185.274079591356   9149.380029207021
0.03777726729548091   8905.433618370324   8869.834203073444
0.038884724743189276   8633.73397724961   8598.551352987944
0.04002464780014597   8371.194576870494   8336.528424881124
0.041197988210172884   8118.6873212647815   8084.616493911946
0.04240572561788674   7877.352289184028   7843.902132271541
0.04364886838662332   7649.179800933523   7616.2403549033015
0.04492845444033957   7436.061732773143   7403.38870568427
0.04624555213019635   7239.352357559079   7206.5866886064805
0.04760126112654554   7058.351696725537   7025.067453914025
0.04899671333706607   6891.693258206574   6857.417028696595
0.05043307385181555   6738.108619165767   6702.32261722612
0.05191154191598653   6596.267646002646   6558.4149758660715
0.053433351931179485   6464.88457665065   6424.372148505054
0.05499977448602865   6342.544422767587   6298.758759319975
0.05661211741704101   6227.180812372517   6179.536230786445
0.05827172690053434   6116.697478014511   6064.650007865518
0.05997998857658587   6008.599125612662   5951.7254154667435
0.06173832870592997   5900.026808983177   5838.1004766319
0.0635482153607709   5788.043041633052   5721.095253264555
0.06541115965050462   5669.2110829606145   5597.691716491038
0.06732871698337338   5540.29703665698   5465.096729009941
0.06930248836510605   5398.4840875478385   5320.978907297803
0.07133412173562886   5241.517643285003   5163.554335253304
0.07342531334496233   5068.429844922312   4992.358212053112
0.07557780916945323   4879.257651232774   4807.849099187571
0.07779340636952398   4675.75733071134   4611.956219232221
0.08007395479015682   4460.6762129969875   4407.397716665147
0.08242135850536496   4237.9366874346715   4197.826971885078
0.08483757740794096   4011.895223565393   3987.189367756445
0.08732462884580919   3787.38213658321   3779.768651431687
0.08988458930634863   3569.4981969436376   3579.856310697737
0.09251959615009227   3363.297722438548   3391.540989173983
0.09523184939525078   3173.4342286101128   3218.3630656130367
0.09802361355455057   3004.108060269897   3063.328352971763
0.10089721952591899   2857.9103408799706   2928.052666628685
0.10385506653859616   2736.057737123453   2812.9657486737397
0.10689962415629803   2637.2584185238297   2716.356235866212
0.11003343433910281   2558.668106212504   2635.362774054427
0.11325911356578279   2495.370726715565   2565.9131846526234
0.11657935501835284   2441.4592303053173   2503.238012735381
0.11999693083066039   2390.2553312651435   2442.1118110164125
0.12351469440289359   2334.9939445017435   2377.7838440854584
0.12713558278394044   2269.7416406998077   2306.447168944711
0.13086261912358757   2190.214528249191   2225.668466182661
0.13469891519660646   2094.7820966274944   2134.931976198539
0.13864767400083483   1984.6959677267366   2035.6292207741294
0.14271219243142114   1863.9420003531407   1931.0525079999397
0.14689586403346616   1738.8175832830427   1825.8879777115903
0.1512021818353596   1617.2389943647179   1725.0121094496362
0.15563474126517718   1507.1998949899305   1633.1850996840576
0.16019724315257297   1414.5742937917155   1553.603297955589
0.1648934968186736   1341.5767654066076   1486.5597499162482
0.1697274232565544   1286.7123253180462   1430.4839769786372
0.17470305840495237   1245.7817703046512   1382.716111884694
0.17982455651794954   1212.637937395252   1339.175466349818
0.18509619363343993   1179.6304047806727   1295.7824279481747
0.19052237114327647   1139.3488613132595   1249.1079464791944
0.19610761946807834   1087.6558385599926   1197.8050471013964
0.20185660183976684   1025.2749503922505   1142.7565148233175
0.20777411819498756   956.7481426694525   1086.5592866767608
0.21386510918267082   888.6603335090892   1032.5030742691881
0.22013466028907505   827.8884994955426   983.0330664146328
0.22658800608375756   778.8804734158897   939.7486254298685
0.23323053459001789   742.107792725838   901.8181573853693
0.2400677917834628   714.2078459326672   868.0868143610278
0.24710548622244882   689.2539283127161   835.7105655489489
0.25434949381426813   661.1398264737729   802.7621897115914
0.2618058627210567   626.8807712360469   769.4783696295917
0.2694808184095226   587.6890313780692   735.5552160486714
0.27738076884870827   547.6454503504933   702.5688193323172
0.2855123098601282   511.7295901652405   672.1247421799092
0.29388223062474755   482.81609152920714   644.1693098869049
0.3024975193514008   460.0227454371506   618.6814896227779
0.31136536911138296   439.9094558162964   594.363396330924
0.3204931838440838   418.64864198004074   570.7577680154071
0.32988858453867975   394.61199500377836   547.3625779725344
0.3395594155970457   369.3829090803497   524.6484872943969
0.34951375138319807   345.87303723840404   503.14567281683156
0.3597599029647371   325.95867242146755   483.16756035336317
0.37030642505191835   309.17037531825963   464.2847706939859
0.3811621231401457   293.3344503050673   446.2049667903924
0.3923360608618501   276.77660080541943   428.8379765274324
0.4038375675538918   259.73870363317906   412.02009303834296
0.41567624604680364   243.67466956165126   396.01346618594664
0.42786198068238046   229.55709685978806   380.93975554141656
0.4404049455663077   216.9021368346374   366.60443747208035
0.4533156130627191   204.60763632399744   352.885754605462
0.4666047625377753   192.2849081824905   339.67641253963853
0.4802834893595659   180.51443751186335   327.0654058878066
0.49436321416184764   169.8153940694825   315.0938486783
0.5088556923793517   159.9738432548246   303.7246294021338
0.5237730240626238   150.4880153061304   292.8067142584368
0.5391276639805903   141.31220883938835   282.34695207549123
0.5549324320192869   132.7319053468264   272.3798137590764
0.5712005238854289   124.7909156734884   262.8881264061443
0.5879455221237613   117.26888041924923   253.80131167473775
0.6051814074573895   110.08533846980355   245.09102153072564
0.622922570460556   103.34575941254006   236.7734538954321
0.6411838235736077   97.02979998344202   228.8313746145074
0.6599804134701901   91.07585600084542   221.2220913626949
0.6793280337869897   85.46426772938975   213.92781386617966
0.6992428382266549   80.17813747811023   206.9329958331626
0.7197414540448374   75.20112012729861   200.2229553551262
0.7408409959326054   70.51743371416423   193.78382196803295
0.7625590803058332   66.11186625031868   187.6024872359251
0.7849138400134885   61.96975691187307   181.6664834466583
0.8079239394770964   58.076581496963314   175.96247717060433
0.8316085902740278   54.41810655248298   170.47653428491827
0.8559875671776167   50.98084892731303   165.19561959629425
0.8810812246675007   47.752056474067494   160.10759045052654
0.9069105139239728   44.719671184581024   155.20113295479672
0.9334970003205227   41.87229401404784   150.46570355309234
0.960862881429187   39.19915132666067   145.89147546094105
0.9890310055537336   36.690068393763184   141.46924601052834
1.0180248908061487   34.33548152834988   137.1900338911161
1.047868744742366   32.12637284086788   133.0452724603229
1.0785874845736239   30.054212379645644   129.0270119216671
1.1102067579703248   28.11093436417663   125.12788108465206
1.1427529644757777   26.288914668781   121.34104984487452
1.1762532775476793   24.58094919299896   117.66019469242646
1.210735667245765   22.980233099377916   114.07946694858732
1.246228923584555   21.48033868961918   110.5934449642482
1.2827626805706884   20.07518869108447   107.19703737591249
1.3203674409449337   18.759047962536854   103.88553186492105
1.3590746016495152   17.52650934179899   100.65460198310524
1.3989164800420282   16.372476326206982   97.50028447391306
1.4399263408778291   15.292146561317674   94.41895808524417
1.4821384240834183   14.280996109010488   91.40732371595321
1.525587973344019   13.334764464781843   88.46238598277299
1.5703112655292182   12.449439938366716   85.58160044892357
1.6163456409812174   11.621245616367938   82.76310994417129
1.6637295346910133   10.846627463021939   80.00530381641542
1.7125025083885144   10.122242185594338   77.30672449974922
1.7627052835733923   9.444945524942778   74.66605739171503
1.814379775514258   8.811781138221368   72.08212105774734
1.8675691282445197   8.219970048059158   69.55385773429616
1.922317750584177   7.666900609603519   67.08032869435483
1.9786713532176083   7.150117678245646   64.6609738705767
2.0366769868582977   6.6673133477986575   62.29570293836736
2.0963830815323896   6.216320746204355   59.98444878058719
2.1578394870138577   5.7951060239710666   57.72712492045814
2.2210975144450407   5.401760575412787   55.5236234572853
2.286209979177315   5.034493686334211   53.37381314614924
2.3532312448676476   4.6916255868293195   51.27753762550622
2.4222172688678643   4.3715810150950185   49.23463825419382
2.4932256489445366   4.072885198967776   47.24539084174783
2.5663156713684585   3.7941570357571646   45.31037316808972
2.641548360413907   3.5341011972069802   43.43000403008743
2.7189865293089923   3.2915030203394595   41.60453552054224
2.798694832679631   3.0652237605129002   39.834062750544405
2.8807398205309562   2.8541961017370143   38.118533610723375
2.9651899938111903   2.6574199120360342   36.4577585148763
3.05211586160442   2.473957392585568   34.8513882158918
3.1415899999999994   2.3029232065493996   33.29868226609826
