0.01   16358.417712318138   16355.801450759258
0.010293154462191829   16513.54348127632   16510.70668524991
0.010594902878253955   16660.796929085976   16657.720173125243
0.010905497183778876   16799.633032211113   16796.294580375816
0.011225196699963396   16929.491363189747   16925.867527730938
0.011554268350120923   17049.779758394325   17045.845648050716
0.011892986882540897   17159.907118363255   17155.63680228371
0.012241635099881474   17259.28658105291   17254.65301715957
0.012600504095286909   17347.31121354214   17342.285014160876
0.012969893495426888   17423.372567811548   17417.921452610157
0.013350111710660605   17486.878445011072   17480.967351368854
0.013741476192534558   17537.23478127888   17530.825735982726
0.014144313698828986   17573.835014443448   17566.886861854317
0.01455896056637426   17596.096738976652   17588.565322321923
0.014985762991865008   17603.46403900859   17595.30218527967
0.01542507732090645   17595.38395144257   17586.540021768233
0.015877270345534218   17571.331415387598   17561.74899860589
0.016342719610456153   17530.826520531253   17520.444864383997
0.016821813728271667   17473.426561723827   17462.18059173434
0.017314952703931925   17398.7266666608   17386.546926368028
0.017822548268711737   17306.38082048859   17293.19411497019
0.01834502422397195   17196.108730193257   17181.83882125915
0.018882816794999403   17067.704300255533   17052.27239206743
0.019436374995219892   16921.0358238804   16904.36137985
0.02000616100108813   16756.04933512703   16738.051175232216
0.020592650537967844   16572.808091871128   16553.408066216325
0.021196333277324068   16371.49606782167   16350.62281740123
0.02181771324555934   16152.378938507427   16129.968829946536
0.022457309244835088   15915.83639185485   15891.835771368898
0.02311565528622961   15662.456047582717   15636.827590504487
0.023793301035594242   15392.925004605724   15365.649138262472
0.024490812272480036   15108.003141476958   15079.078174464006
0.025208771362518027   14808.683612499462   14778.131662038317
0.0259477777436476   14496.150673288295   14464.02192142633
0.02670844842659881   14171.614206967819   14137.985091871287
0.027491418510046592   13836.416543495892   13801.390063006154
0.028297341710866907   13492.255454003198   13455.96601942151
0.029126890909937666   13140.844990313693   13103.455960708461
0.029980758713939952   12783.857009415186   12745.556612106882
0.030859658033628758   12423.225309264077   12384.223441355842
0.031764322679055976   12060.997403595524   12021.521881505389
0.03269550797224261   11699.068095562436   11659.360243513838
0.033653991377811755   11339.433720210438   11299.73735982148
0.03464057315210884   10984.526736937043   10945.068616090964
0.03565607701135116   10636.6003820206   10597.587152097425
0.036701350819364466   10297.613494076035   10259.230937127079
0.03777726729548091   9969.062005223195   9931.466262741118
0.038884724743189276   9652.11299239714   9615.427458241078
0.04002464780014597   9347.757976169272   9312.07591030378
0.041197988210172884   9057.418069103549   9022.756299030892
0.04240572561788674   8783.43899492458   8749.651657498076
0.04364886838662332   8527.976213523274   8494.762821300186
0.04492845444033957   8292.41609872788   8259.348483134201
0.04624555213019635   8075.72036201965   8042.301871054445
0.04760126112654554   7876.294913849353   7841.979140618212
0.04899671333706607   7692.651378451601   7656.841513472902
0.05043307385181555   7523.221542560646   7485.256871845205
0.05191154191598653   7366.510215238896   7325.664858926048
0.053433351931179485   7220.795571225255   7176.308128768825
0.05499977448602865   7083.6294841640865   7034.769879948619
0.05661211741704101   6952.568436539941   6898.655598137973
0.05827172690053434   6824.626074198965   6765.1366709070635
0.05997998857658587   6696.47910305854   6631.128718734944
0.06173832870592997   6564.645618915026   6493.46665885417
0.0635482153607709   6425.0971439165605   6348.599743269355
0.06541115965050462   6274.0926218181   6193.3029638646785
0.06732871698337338   6108.358028931122   6024.949815930003
0.06930248836510605   5925.3185623153295   5841.57435794021
0.07133412173562886   5723.899550798599   5642.572907822891
0.07342531334496233   5504.178268138576   5428.378670012832
0.07557780916945323   5268.247726672009   5201.417988395063
0.07779340636952398   5019.287289198901   4964.968822409531
0.08007395479015682   4761.816170800984   4723.141981092006
0.08242135850536496   4500.86104321835   4480.408300234443
0.08483757740794096   4241.9557437289395   4241.694527211203
0.08732462884580919   3991.03683008509   4011.9618960150483
0.08988458930634863   3753.8480925897165   3795.8215259478943
0.09251959615009227   3535.7974271169255   3597.326721485128
0.09523184939525078   3341.6330070751064   3419.8555523375253
0.09802361355455057   3174.258697064239   3265.174540756063
0.10089721952591899   3034.9953485573296   3133.7128853747963
0.10385506653859616   2922.2809698236465   3023.4390602754083
0.10689962415629803   2832.7977946957376   2931.0670549055785
0.11003343433910281   2760.983119594203   2851.9222251517076
0.11325911356578279   2700.065802423143   2780.5335431948274
0.11657935501835284   2642.478194385877   2711.095295478176
0.11999693083066039   2580.4828534360136   2638.2960338410826
0.12351469440289359   2507.3075009534123   2557.768507516897
0.12713558278394044   2418.0619700389516   2466.612633096612
0.13086261912358757   2310.8165711430856   2364.168546170807
0.13469891519660646   2186.947539032396   2252.4789541924533
0.13864767400083483   2050.9519411743213   2135.1579631695313
0.14271219243142114   1910.0070193220677   2017.0000813323095
0.14689586403346616   1773.115547189531   1903.9451335712465
0.1512021818353596   1649.3580302524203   1801.066203060428
0.15563474126517718   1545.3353263753545   1711.6713528473097
0.16019724315257297   1463.478871610735   1636.656678523609
0.1648934968186736   1402.138680135705   1573.8975449336012
0.1697274232565544   1356.6865245596946   1520.060593256898
0.17470305840495237   1320.2155581562633   1471.258297340304
0.17982455651794954   1284.0362937419027   1422.511305518319
0.18509619363343993   1239.7715497443608   1370.576366344232
0.19052237114327647   1182.776947490661   1313.8675503981249
0.19610761946807834   1113.7949099531427   1252.812804044432
0.20185660183976684   1037.8115871780808   1190.6135203169026
0.20777411819498756   962.2189207534935   1130.7011337480915
0.21386510918267082   894.7728809942652   1075.9110386851373
0.22013466028907505   840.4877673689411   1027.962903979292
0.22658800608375756   799.9400956609909   985.7973639868231
0.23323053459001789   769.4334237129324   948.3162649871218
0.2400677917834628   742.3260086330661   912.6190599801203
0.24710548622244882   711.7777002189912   876.5195658708426
0.25434949381426813   674.4238671871068   839.3583866503865
0.2618058627210567   631.5039375651884   802.1420394218885
0.2694808184095226   587.5306768978206   766.0949459405745
0.27738076884870827   548.1100796759762   732.3563696483053
0.2855123098601282   516.4627533352541   701.9094489950932
0.29388223062474755   491.6740047940351   673.7131433043046
0.3024975193514008   469.9495737146295   647.1233904866331
0.31136536911138296   446.99427022281935   621.0982364585376
0.3204931838440838   420.95102527575193   595.490670397083
0.32988858453867975   393.52854787788414   570.7004096985679
0.3395594155970457   367.9499283963363   547.2093557450715
0.34951375138319807   346.35071858628027   525.3293480077247
0.3597599029647371   328.2459559522194   504.7230095743741
0.37030642505191835   311.23143689382226   485.0485749795477
0.3811621231401457   293.42250348156347   466.0110015566231
0.3923360608618501   275.04772678788026   447.6674670882075
0.4038375675538918   257.7137273486196   430.16562488621963
0.41567624604680364   242.52287174265024   413.7413032995744
0.42786198068238046   228.9657450652285   398.1725608460942
0.4404049455663077   215.81072514983995   383.2058970543698
0.4533156130627191   202.61012002086832   368.88971614330814
0.4666047625377753   189.99278666315462   355.1990114574917
0.4802834893595659   178.54874475096662   342.19238180136233
0.49436321416184764   168.05273641043507   329.85120991284305
0.5088556923793517   157.94455331679518   318.01609860993295
0.5237730240626238   148.1622439926566   306.65978077643945
0.5391276639805903   139.02250536909207   295.85808233410023
0.5549324320192869   130.5822916884815   285.5671982749052
0.5712005238854289   122.59741094642256   275.7231527174262
0.5879455221237613   114.9740079746684   266.29037057976376
0.6051814074573895   107.82686607647425   257.2780711721802
0.622922570460556   101.14525838018663   248.69040687539353
0.6411838235736077   94.85155110157517   240.46506690120341
0.6599804134701901   88.92318586094102   232.58108491147885
0.6793280337869897   83.34260187281883   225.0219507717348
0.6992428382266549   78.09268521519576   217.77204653952367
0.7197414540448374   73.15680257518837   210.8165936455282
0.7408409959326054   68.51882860879013   204.14160345161685
0.7625590803058332   64.16313577906215   197.7337476892762
0.7849138400134885   60.07396558783333   191.57854546959263
0.8079239394770964   56.235655794641545   185.66060505787826
0.8316085902740278   52.633399808726296   179.96551786718544
0.8559875671776167   49.25323220392447   174.47986714005222
0.8810812246675007   46.08198263828092   169.19115645145465
0.9069105139239728   43.107232217566356   164.08774429091162
0.9334970003205227   40.31727217637541   159.15878415856972
0.960862881429187   37.70107418035597   154.39412964249817
0.9890310055537336   35.24833169956404   149.7839309722385
1.0180248908061487   32.94936099509064   145.31880728482378
1.047868744742366   30.795010100263582   140.99005077286444
1.0785874845736239   28.776632259325226   136.78958517097158
1.1102067579703248   26.88606113275046   132.70992480316553
1.1427529644757777   25.115586981016076   128.74413697717992
1.1762532775476793   23.457933806859334   124.88580739411961
1.210735667245765   21.906233934915548   121.12898502577055
1.246228923584555   20.453994032259086   117.46805868554237
1.2827626805706884   19.095091486034296   113.89782565675954
1.3203674409449337   17.823761099451367   110.41350865929145
1.3590746016495152   16.634575695331492   107.01073113476777
1.3989164800420282   15.522427660742482   103.68549418357614
1.4399263408778291   14.482511398785368   100.43415499036495
1.4821384240834183   13.510306650312298   97.25340671699475
1.525587973344019   12.601562719155446   94.14041790258933
1.5703112655292182   11.75228352635373   91.09308068827903
1.6163456409812174   10.958713121798343   88.10956847017731
1.6637295346910133   10.217322103222571   85.18823541716208
1.7125025083885144   9.524794774367885   82.32760499811799
1.7627052835733923   8.878016969185188   79.52635887817101
1.814379775514258   8.274064512107774   76.78332614659493
1.8675691282445197   7.71019226361602   74.09747721523871
1.922317750584177   7.183822353893248   71.46820731905522
1.9786713532176083   6.6925340073528465   68.89545857746984
2.0366769868582977   6.234056822391283   66.37921221173319
2.0963830815323896   5.806262082476661   63.91943636048325
2.1578394870138577   5.407154312234987   61.51608322047462
2.2210975144450407   5.034863307247839   59.16908633988663
2.286209979177315   4.6876366131313505   56.878358070070796
2.3532312448676476   4.363832546688067   54.6438110785848
2.4222172688678643   4.0619156851026235   52.465822785313655
2.4932256489445366   3.780449677463952   50.34511647532116
2.5663156713684585   3.5180888224764466   48.28225060915569
2.641548360413907   3.2735725615500444   46.277607123309444
2.7189865293089923   3.045720374756819   44.33140089406176
2.798694832679631   2.8334269599040494   42.4436893022092
2.8807398205309562   2.6356576808294347   40.6143818412502
2.9651899938111903   2.4514434966470735   38.84321874285517
3.05211586160442   2.2798708891159785   37.12952890606559
3.1415899999999994   2.120083307812093   35.47242331976768
