0.01   432.49892982638266   432.49168321705986
0.010293154462191829   437.81205866735803   437.80471837261695
0.010594902878253955   442.97599070816426   442.96858538926404
0.010905497183778876   447.97719546447206   447.96973470873326
0.011225196699963396   452.80199779926085   452.79446947148557
0.011554268350120923   457.4363982403888   457.4287733366008
0.011892986882540897   461.86522237547655   461.8574830476328
0.012241635099881474   466.072895855738   466.06504478493076
0.012600504095286909   470.04380908456955   470.03586954383786
0.012969893495426888   473.76186284191505   473.75386280019546
0.013350111710660605   477.21051477558984   477.20247031177945
0.013741476192534558   480.3733545281908   480.36526868231
0.014144313698828986   483.23393841973814   483.225804811481
0.01455896056637426   485.7752604546956   485.76707612219917
0.014985762991865008   487.98051634874645   487.97228450807705
0.01542507732090645   489.8333069013322   489.825036422893
0.015877270345534218   491.3169401092085   491.30863724805323
0.016342719610456153   492.41478560197555   492.40644812924586
0.016821813728271667   493.11096928334604   493.1025863300345
0.017314952703931925   493.3901730103757   493.381729784016
0.017822548268711737   493.237359051714   493.2288472231652
0.01834502422397195   492.6385215309122   492.62994067079273
0.018882816794999403   491.5808800556937   491.5722356584772
0.019436374995219892   490.0528059124742   490.04409352520287
0.02000616100108813   488.04406601780437   488.03526383627957
0.020592650537967844   485.5460568486582   485.5371262621234
0.021196333277324068   482.5521504419444   482.5430459792638
0.02181771324555934   479.0579117118999   479.0485955308451
0.022457309244835088   475.06086119793605   475.0513043613886
0.02311565528622961   470.56090784282253   470.5510895660689
0.023793301035594242   465.5619793209324   465.5518829600103
0.024490812272480036   460.0706563630183   460.06026821571896
0.025208771362518027   454.0956491166433   454.0849587301037
0.0259477777436476   447.6505105560513   447.639515779955
0.02670844842659881   440.75354235555034   440.7422542146278
0.027491418510046592   433.42474900385383   433.4131912321537
0.028297341710866907   425.68754638825754   425.67575749241695
0.029126890909937666   417.5731499171614   417.5611918084727
0.029980758713939952   409.11469879178856   409.1026567306379
0.030859658033628758   400.3461757017705   400.3341560271868
0.031764322679055976   391.30995701635584   391.29808723234163
0.03269550797224261   382.0534317444599   382.04185948269185
0.033653991377811755   372.62231529522205   372.6112051666001
0.03464057315210884   363.0647846119445   363.05431598199624
0.03565607701135116   353.436475505628   353.42684147845756
0.036701350819364466   343.7904491912612   343.78185376712344
0.03777726729548091   334.1773945103024   334.1700457534835
0.038884724743189276   324.6588470875002   324.6529224399733
0.04002464780014597   315.2976879981315   315.29332055929405
0.041197988210172884   306.14990484040027   306.14718780429445
0.04240572561788674   297.26007417728835   297.25906714346934
0.04364886838662332   288.6597076785145   288.6604434642361
0.04492845444033957   280.37539967174877   280.37788811169514
0.04624555213019635   272.43569142688926   272.43990053290844
0.04760126112654554   264.895993019995   264.9017358112409
0.04899671333706607   257.81512978423416   257.82204331023274
0.05043307385181555   251.24128803599677   251.24885602632733
0.05191154191598653   245.1623063162221   245.16991576493106
0.053433351931179485   239.52498456255424   239.53196445695326
0.05499977448602865   234.279596622757   234.28522152437307
0.05661211741704101   229.3785030519916   229.3819958031735
0.05827172690053434   224.77624308494674   224.77677743989568
0.05997998857658587   220.42753037622106   220.42424035676055
0.06173832870592997   216.2675742850874   216.25960449063024
0.0635482153607709   212.2264637594534   212.21299266300932
0.06541115965050462   208.22814584244077   208.20844012093173
0.06732871698337338   204.18093346429575   204.15444879264868
0.06930248836510605   199.9945577940387   199.9609840833138
0.07133412173562886   195.56628914871024   195.52574425604683
0.07342531334496233   190.7972327659599   190.7503215617304
0.07557780916945323   185.60821071051672   185.5560442210902
0.07779340636952398   179.94019865947337   179.88438462516646
0.08007395479015682   173.77445589779003   173.71715754176233
0.08242135850536496   167.12980483977123   167.0737303961194
0.08483757740794096   160.07239770174286   160.02041508777134
0.08732462884580919   152.70497693040414   152.65980032395444
0.08988458930634863   145.15900220553567   145.1231474625256
0.09251959615009227   137.57783217011456   137.55350861316506
0.09523184939525078   130.1157126644071   130.10442836925233
0.09802361355455057   122.92640925825721   122.92879401812688
0.10089721952591899   116.16661354674372   116.18227859320955
0.10385506653859616   109.97050657090328   109.99787893006147
0.10689962415629803   104.4570016794318   104.49287802686219
0.11003343433910281   99.6944573976086   99.73442733353275
0.11325911356578279   95.69735669952085   95.73622088472509
0.11657935501835284   92.40800592272592   92.44015865783939
0.11999693083066039   89.71230775429154   89.73211722430365
0.12351469440289359   87.43798780689477   87.44079418153925
0.12713558278394044   85.38783361342624   85.37057604902004
0.13086261912358757   83.34801202036051   83.30986241662941
0.13469891519660646   81.11694643293853   81.05959634122826
0.13864767400083483   78.52887598164658   78.45682985996578
0.14271219243142114   75.48245406944734   75.40306599667929
0.14689586403346616   71.9650175408927   71.88704339198594
0.1512021818353596   68.05080330604369   67.98304433792498
0.15563474126517718   63.89083014061787   63.840899964870566
0.16019724315257297   59.6953363497327   59.66826192268364
0.1648934968186736   55.70947324666562   55.70589631588678
0.1697274232565544   52.16298354774179   52.178629417667835
0.17470305840495237   49.2063444723441   49.23280002596911
0.17982455651794954   46.86799667928931   46.894351487751244
0.18509619363343993   45.06060633484953   45.075814703371336
0.19052237114327647   43.6226944237334   43.61806063403619
0.19610761946807834   42.34813959755074   42.319261733458085
0.20185660183976684   41.00397518209159   40.9528886450352
0.20777411819498756   39.389516443966265   39.32494825572747
0.21386510918267082   37.42676346696996   37.36153477271302
0.22013466028907505   35.18983848056662   35.13623632323117
0.22658800608375756   32.85031159093519   32.81728351069806
0.23323053459001789   30.6133960251282   30.602304664120307
0.2400677917834628   28.666900186618342   28.671851881557707
0.24710548622244882   27.104604576178268   27.113017147210638
0.25434949381426813   25.894705066325443   25.894411345613516
0.2618058627210567   24.90139915485906   24.883733113513987
0.2694808184095226   23.936984818504445   23.901550216969834
0.27738076884870827   22.84093164905222   22.79655609740389
0.2855123098601282   21.57015435158265   21.52922755150723
0.29388223062474755   20.201699591935338   20.174476974898973
0.3024975193514008   18.871515976660138   18.860440332750795
0.31136536911138296   17.711182755045463   17.71078267029357
0.3204931838440838   16.768250303202223   16.76658747434622
0.32988858453867975   15.981302437811596   15.970801805514137
0.3395594155970457   15.237562310414969   15.217256309824077
0.34951375138319807   14.44222208095914   14.41889188668118
0.3597599029647371   13.5815263138031   13.564203255860013
0.37030642505191835   12.724176043833594   12.717316813375623
0.3811621231401457   11.949037664471085   11.949456512710622
0.3923360608618501   11.285794438869667   11.286250055046066
0.4038375675538918   10.69874823449939   10.694830373969147
0.41567624604680364   10.12405399812914   10.11746855736615
0.42786198068238046   9.532073534955858   9.528280777041529
0.4404049455663077   8.946648958205605   8.948994687867032
0.4533156130627191   8.407759621626013   8.41445906146599
0.4666047625377753   7.927964943079554   7.9349320116600826
0.4802834893595659   7.483223925146974   7.48902660779873
0.49436321416184764   7.04709274973092   7.053932251382787
0.5088556923793517   6.619754729994184   6.62999219075144
0.5237730240626238   6.21939038279981   6.232582424424468
0.5391276639805903   5.852923675716687   5.867015845410623
0.5549324320192869   5.509251449398479   5.523668966298258
0.5712005238854289   5.177914604616417   5.1939115018526305
0.5879455221237613   4.86210660616882   4.880300309936412
0.6051814074573895   4.567954558749441   4.5875623179329335
0.622922570460556   4.292995870761067   4.313425736487062
0.6411838235736077   4.031686677825923   4.053310517541341
0.6599804134701901   3.783985699486731   3.8071252345032796
0.6793280337869897   3.551914040932028   3.576185711030779
0.6992428382266549   3.3346837504879505   3.3597303618416943
0.7197414540448374   3.129525173363949   3.1554572079963696
0.7408409959326054   2.935932464683974   2.962816399449909
0.7625590803058332   2.753424885139568   2.781285219329224
0.7849138400134885   2.581521278161457   2.6103481115732725
0.8079239394770964   2.4197429481239228   2.4494986779539816
0.8316085902740278   2.2676161876331387   2.298241386801192
0.8559875671776167   2.1246744630938026   2.1560930055727376
0.8810812246675007   1.990442224352221   2.0225697218067946
0.9069105139239728   1.8644072294666263   1.8971651902964788
0.9334970003205227   1.7460769935592313   1.7793940440645681
0.960862881429187   1.6349888551722738   1.668799498524066
0.9890310055537336   1.5307081103577083   1.5649516896839668
1.0180248908061487   1.4328262693042375   1.4674461080100463
1.047868744742366   1.3409594270279022   1.3759021224722237
1.0785874845736239   1.2547468276204226   1.2899616607860023
1.1102067579703248   1.173853965729926   1.2092915939492792
1.1427529644757777   1.097972004065599   1.133583155441616
1.1762532775476793   1.026808943602351   1.0625446137874759
1.210735667245765   0.9600882413089259   0.9958999868646444
1.246228923584555   0.8975481196571569   0.933388322644568
1.2827626805706884   0.838940896606943   0.8747630009093481
1.3203674409449337   0.7840323363559601   0.8197910564807714
1.3590746016495152   0.7326009441347175   0.768252477774546
1.3989164800420282   0.6844363509935815   0.7199389610778723
1.4399263408778291   0.6393393114661872   0.6746536453249389
1.4821384240834183   0.5971220916865045   0.6322111006978816
1.525587973344019   0.5576078730446844   0.5924367340367214
1.5703112655292182   0.5206301596607463   0.5551662058380138
1.6163456409812174   0.4860322150021334   0.5202448740800958
1.6637295346910133   0.4536665264249666   0.4875272640436117
1.7125025083885144   0.42339431552527634   0.45687669388008373
1.7627052835733923   0.3950851449182915   0.42816541504119576
1.814379775514258   0.3686163577763376   0.40127346869050096
1.8675691282445197   0.3438725950986595   0.37608792440767935
1.922317750584177   0.3207453895344622   0.3525025092816291
1.9786713532176083   0.29913277981263486   0.33041725330142213
2.0366769868582977   0.27893894477510656   0.30973814993416626
2.0963830815323896   0.2600738561377529   0.29037683159137256
2.1578394870138577   0.24245291514596815   0.2722502482247776
2.2210975144450407   0.22599658844972395   0.25528035367525775
2.286209979177315   0.21063021542024943   0.2393938579419588
2.3532312448676476   0.19628374342606922   0.22452196410272554
2.4222172688678643   0.18289145687273917   0.21060011121162542
2.4932256489445366   0.170391721184522   0.1975677300263144
2.5663156713684585   0.15872674097566813   0.18536801110957618
2.641548360413907   0.14784233288522475   0.1739476834076216
2.7189865293089923   0.13768776837129842   0.1632567347434445
2.798694832679631   0.12821557693217078   0.15324820320267188
2.8807398205309562   0.1193812573945437   0.14387810601071338
2.9651899938111903   0.11114309514831207   0.13510526582590704
3.05211586160442   0.10346199718605525   0.12689113757979234
3.1415899999999994   0.0963013361439558   0.11919964533436421
