0.01   12342.45378482301   12341.017715900905
0.010293154462191829   12469.326578513439   12467.778943995625
0.010594902878253955   12590.751000080838   12589.082096205564
0.010905497183778876   12706.323829106403   12704.522943737054
0.011225196699963396   12815.623630546657   12813.679109563443
0.011554268350120923   12918.226943432444   12916.126215324619
0.011892986882540897   13013.709944283315   13011.439537524348
0.012241635099881474   13101.627170534206   13099.172689551742
0.012600504095286909   13181.524466269258   13178.870601603357
0.012969893495426888   13252.954636539253   13250.08520927751
0.013350111710660605   13315.46718690803   13312.364763076468
0.013741476192534558   13368.601365882136   13365.246558570252
0.014144313698828986   13411.908350451993   13408.279817067249
0.01455896056637426   13444.951358380553   13441.025851256369
0.014985762991865008   13467.284323890934   13463.036554383387
0.01542507732090645   13478.472973898584   13473.875660344354
0.015877270345534218   13478.108340432378   13473.132353108434
0.016342719610456153   13465.796025261612   13460.409822869706
0.016821813728271667   13441.156945312812   13435.32590812429
0.017314952703931925   13403.847137163637   13397.533796472866
0.017822548268711737   13353.559868817625   13346.72407873469
0.01834502422397195   13290.022024337197   13282.62072486961
0.018882816794999403   13213.00477313123   13204.992275426815
0.019436374995219892   13122.329852147443   13113.658383152231
0.02000616100108813   13017.882834802358   13008.503982570379
0.020592650537967844   12899.61357969215   12889.479585580964
0.021196333277324068   12767.529568435804   12756.593893315801
0.02181771324555934   12621.718273137642   12609.936890875531
0.022457309244835088   12462.381198570998   12449.71503968842
0.02311565528622961   12289.786278715736   12276.201932758991
0.023793301035594242   12104.269082562301   12089.739629012456
0.024490812272480036   11906.325385404241   11890.835510668861
0.025208771362518027   11696.557519921536   11680.106087383
0.0259477777436476   11475.609871260758   11458.209459066979
0.02670844842659881   11244.26115217383   11225.939372909597
0.027491418510046592   11003.487463790367   10984.289447060351
0.028297341710866907   10754.287121619163   10734.274384760933
0.029126890909937666   10497.7007967977   10476.95041608266
0.029980758713939952   10235.040293988586   10213.648111382228
0.030859658033628758   9967.678243467773   9945.758253588687
0.031764322679055976   9696.926553222009   9674.608066041614
0.03269550797224261   9424.226708626698   9401.650463891086
0.033653991377811755   9151.166644748135   9128.480810111094
0.03464057315210884   8879.216894608691   8856.574610261641
0.03565607701135116   8609.825590541202   8587.37930469095
0.036701350819364466   8344.755786130288   8322.641280206672
0.03777726729548091   8085.687747516863   8064.020993956216
0.038884724743189276   7834.08571508832   7812.963799900349
0.04002464780014597   7591.0577955366225   7570.554088130341
0.041197988210172884   7357.415558500929   7337.576681927438
0.04240572561788674   7133.840722830082   7114.689280976033
0.04364886838662332   6921.189372460717   6902.701600024615
0.04492845444033957   6720.970080129978   6703.012484320364
0.04624555213019635   6534.6250282026085   6516.955066599631
0.04760126112654554   6363.148774619836   6345.431735697788
0.04899671333706607   6205.599190712121   6187.454700712902
0.05043307385181555   6060.366830501478   6041.387761298544
0.05191154191598653   5925.984330852382   5905.738603646042
0.053433351931179485   5801.087950560035   5779.124038635902
0.05499977448602865   5684.416740029836   5660.2664114100835
0.05661211741704101   5574.610599574225   5547.802979579701
0.05827172690053434   5469.7140779498595   5439.822861805746
0.05997998857658587   5367.741219294899   5334.3976546741715
0.06173832870592997   5266.360354857501   5229.321043764616
0.0635482153607709   5162.899268563459   5122.115455291229
0.06541115965050462   5054.695238587779   5010.357805855594
0.06732871698337338   4938.782091700213   4891.453046263551
0.06930248836510605   4812.47830728177   4763.097471294739
0.07133412173562886   4673.8111700971995   4623.699682911359
0.07342531334496233   4521.4500934411635   4472.2756091316305
0.07557780916945323   4355.382100777355   4309.156495341356
0.07779340636952398   4176.5228368214985   4135.516278956666
0.08007395479015682   3987.220280202032   3953.7003169599207
0.08242135850536496   3790.5488460116408   3766.62288578599
0.08483757740794096   3590.336020192628   3577.856873421751
0.08732462884580919   3390.584429748366   3391.0258918826344
0.08988458930634863   3195.5524091312536   3209.792213182658
0.09251959615009227   3009.573369067748   3037.779961893637
0.09523184939525078   2836.861474262281   2878.460173058641
0.09802361355455057   2680.9511023313985   2734.4673300617874
0.10089721952591899   2544.769903594074   2607.686616004903
0.10385506653859616   2429.503588448771   2498.7146272203795
0.10689962415629803   2334.929671376661   2407.052946388577
0.11003343433910281   2258.682295470401   2330.2675651866793
0.11325911356578279   2197.1682556067863   2264.9507740443455
0.11657935501835284   2145.356890854735   2206.9501552719066
0.11999693083066039   2097.7170840889785   2151.888516305093
0.12351469440289359   2048.446517377736   2095.351204163162
0.12713558278394044   1992.2384339137282   2033.6228240626278
0.13086261912358757   1925.0549767313073   1964.1553897561155
0.13469891519660646   1844.810071741794   1885.966428114528
0.13864767400083483   1751.9119269515272   1799.9085465788748
0.14271219243142114   1649.0637990784817   1708.3534549329665
0.14689586403346616   1540.971387294249   1614.8492347022675
0.1512021818353596   1433.8632727265492   1523.681804341087
0.15563474126517718   1334.6091767348469   1439.2387329664748
0.16019724315257297   1248.9166229989767   1365.0312292682497
0.1648934968186736   1179.6577286347322   1302.031191866309
0.1697274232565544   1126.3926058553004   1249.382412769528
0.17470305840495237   1086.117848163559   1205.0112635697196
0.17982455651794954   1054.1894626805251   1165.5332332339055
0.18509619363343993   1024.6492495319992   1127.4786508022685
0.19052237114327647   991.0723928859945   1087.3618994214926
0.19610761946807834   948.9142025806036   1043.3447001181544
0.20185660183976684   897.554627041133   995.9848869003115
0.20777411819498756   839.9499777630724   946.5982738915828
0.21386510918267082   781.0950575852922   898.0896828653679
0.22013466028907505   726.576102538402   852.9664464788412
0.22658800608375756   680.8821829017309   812.8978202782299
0.23323053459001789   645.473667347518   778.2814315166548
0.2400677917834628   618.5079734472891   747.5612982486084
0.24710548622244882   595.7601304381208   719.0766530723766
0.25434949381426813   572.084341795964   690.8320184476884
0.2618058627210567   544.062869403596   661.6282449969124
0.2694808184095226   511.68668202991597   631.9881138515696
0.27738076884870827   477.5748851711927   602.8117381329083
0.2855123098601282   445.5856978882909   575.4145044896212
0.29388223062474755   418.76546358899947   550.3155502071243
0.3024975193514008   397.3584493207055   527.5227807537094
0.31136536911138296   379.16014106637715   506.1044721927506
0.3204931838440838   361.12264833883364   485.47243379911805
0.32988858453867975   341.2330519214704   465.0480503311238
0.3395594155970457   319.95987285640626   445.11194081993165
0.34951375138319807   299.3988895701046   426.14648547934746
0.3597599029647371   281.35007563281783   408.47415829697655
0.37030642505191835   266.0776300570685   391.7867457617447
0.3811621231401457   252.2275197690183   376.0012067882257
0.3923360608618501   238.25461884862574   360.82077931722404
0.4038375675538918   223.8459499200762   346.1186866045356
0.41567624604680364   209.88457750034328   332.096363226133
0.42786198068238046   197.31182198233114   318.87167967260757
0.4404049455663077   186.1104313071629   306.35483962822815
0.4533156130627191   175.53944681962543   294.4122614783685
0.4666047625377753   165.0569445555422   282.9315391296549
0.4802834893595659   154.9018723490787   271.96968569971193
0.49436321416184764   145.5171715536637   261.5519627144716
0.5088556923793517   136.9273552916868   251.67665469570593
0.5237730240626238   128.78304511737167   242.23801687198622
0.5391276639805903   120.91887865206017   233.19703086413517
0.5549324320192869   113.48741134392718   224.58420796531928
0.5712005238854289   106.59221043206202   216.3873407780301
0.5879455221237613   100.11850371776254   208.5686465077272
0.6051814074573895   93.95426570240447   201.08412751727568
0.622922570460556   88.1372338988261   193.9348437141149
0.6411838235736077   82.70058006480954   187.11821349268894
0.6599804134701901   77.59498096043743   180.61171955269972
0.6793280337869897   72.77887797093949   174.38595203843485
0.6992428382266549   68.2396578773264   168.42671338017658
0.7197414540448374   63.96482209444153   162.72060998877146
0.7408409959326054   59.942041873479276   157.25500230659955
0.7625590803058332   56.159206190389476   152.01795821575024
0.7849138400134885   52.60446278491089   146.99820956173332
0.8079239394770964   49.266250503552314   142.18510819213176
0.8316085902740278   46.132875481550826   137.56790734972768
0.8559875671776167   43.192156997502   133.1350247900869
0.8810812246675007   40.43249924719841   128.87547104837148
0.9069105139239728   37.8430019572629   124.77900918452147
0.9334970003205227   35.41341795594808   120.83610003257941
0.960862881429187   33.13411342132718   117.0378520481699
0.9890310055537336   30.996030630599048   113.37597533169634
1.0180248908061487   28.99065581643511   109.84273308972348
1.047868744742366   27.110081343534507   106.43067612606934
1.0785874845736239   25.346969410445038   103.13257866855838
1.1102067579703248   23.6943855212922   99.94171208276221
1.1427529644757777   22.14577076415768   96.85183056291447
1.1762532775476793   20.694924210862343   93.85713868466684
1.210735667245765   19.335985921801047   90.95226161327393
1.246228923584555   18.063420553325003   88.13221770974178
1.2827626805706884   16.87199996797999   85.39238703032314
1.3203674409449337   15.756768358105948   82.72840665036315
1.3590746016495152   14.713039689135382   80.13618386890948
1.3989164800420282   13.736401695188631   77.61194687215567
1.4399263408778291   12.822701331802682   75.15222674651756
1.4821384240834183   11.96803051176117   72.7538391320023
1.525587973344019   11.168712556035537   70.41386712412857
1.5703112655292182   10.421289328951149   68.12964528846825
1.6163456409812174   9.722509313718975   65.89878589382842
1.6637295346910133   9.069317574685458   63.71940351790658
1.7125025083885144   8.458843134147832   61.589898680684485
1.7627052835733923   7.888387667293099   59.50881159916037
1.814379775514258   7.355415743075908   57.47481277323629
1.8675691282445197   6.857545573109633   55.48669447566626
1.922317750584177   6.392540242048797   53.543362562422516
1.9786713532176083   5.958299397653863   51.643828574815345
2.0366769868582977   5.552850806455957   49.787292535381475
2.0963830815323896   5.174341575441904   47.973367218104066
2.1578394870138577   4.821033227113668   46.20176458463157
2.2210975144450407   4.491295495079138   44.472203189556055
2.286209979177315   4.183599889116585   42.784405683517505
2.3532312448676476   3.8965136206733613   41.13809642984666
2.4222172688678643   3.6286938702208613   39.53299923745796
2.4932256489445366   3.378882384988194   37.96883644787861
2.5663156713684585   3.145901386686708   36.445532425088764
2.641548360413907   2.928649484012026   34.96339470304374
2.7189865293089923   2.72609484808256   33.52267318937939
2.798694832679631   2.5372707663424294   32.12350482868428
2.8807398205309562   2.361271745476683   30.765919903995737
2.9651899938111903   2.197249830517608   29.44984837298715
3.05211586160442   2.0444111294900753   28.175126204784505
3.1415899999999994   1.902012417396633   26.941496949443472
