0.01   6154.193984373566   6153.787238136653
0.010293154462191829   6232.760505148962   6232.32649808102
0.010594902878253955   6309.603466390327   6309.138862840991
0.010905497183778876   6384.5539900651665   6384.05487074805
0.011225196699963396   6457.432071822559   6456.894633408918
0.011554268350120923   6528.052616520852   6527.473415133789
0.011892986882540897   6596.228329229483   6595.60428004365
0.012241635099881474   6661.764974380587   6661.092684835893
0.012600504095286909   6724.461625738587   6723.7366862834815
0.012969893495426888   6784.116488375336   6783.33341769159
0.013350111710660605   6840.524740355376   6839.677202217379
0.013741476192534558   6893.471904230412   6892.5534887844715
0.014144313698828986   6942.742574353928   6941.746985919625
0.01455896056637426   6988.1228410657795   6987.043868680896
0.014985762991865008   7029.394068741167   7028.224818682978
0.01542507732090645   7066.335934940401   7065.068276424271
0.015877270345534218   7098.732778747557   7097.357342640433
0.016342719610456153   7126.370855375768   7124.8771539972395
0.016821813728271667   7149.0344440688805   7147.411127403407
0.017314952703931925   7166.51477437551   7164.749707176757
0.017822548268711737   7178.611880595727   7176.692175373969
0.01834502422397195   7185.131064445397   7183.042952686177
0.018882816794999403   7185.887041850214   7183.615854781875
0.019436374995219892   7180.708049524649   7178.238302726186
0.02000616100108813   7169.438151052502   7166.753432200849
0.020592650537967844   7151.939089245023   7149.021844392226
0.021196333277324068   7128.090303968315   7124.921943126713
0.02181771324555934   7097.792361743216   7094.353551354565
0.022457309244835088   7060.978053832559   7057.249637851447
0.02311565528622961   7017.60502674854   7013.568434276114
0.023793301035594242   6967.653350846812   6963.290771669196
0.024490812272480036   6911.147762356778   6906.442881307405
0.025208771362518027   6848.159078750506   6843.0978233810365
0.0259477777436476   6778.7807643407705   6773.351424043784
0.02670844842659881   6703.143333579143   6697.337053741356
0.027491418510046592   6621.453015597647   6615.265313531525
0.028297341710866907   6533.945278309538   6527.376284415065
0.029126890909937666   6440.876239715381   6433.93064552491
0.029980758713939952   6342.592129635614   6335.280282348435
0.030859658033628758   6239.503614461993   6231.842142734371
0.031764322679055976   6132.024605632938   6124.036000616226
0.03269550797224261   6020.60795214406   6012.320367409164
0.033653991377811755   5905.793967262378   5897.241332400253
0.03464057315210884   5788.121024744751   5779.342497477774
0.03565607701135116   5668.129286421298   5659.168320414488
0.036701350819364466   5546.517153997025   5537.4184776111115
0.03777726729548091   5424.035741539816   5414.843673053364
0.038884724743189276   5301.38546181627   5292.143606113755
0.04002464780014597   5179.147609030922   5169.900436536129
0.041197988210172884   5057.749118709342   5048.544569315277
0.04240572561788674   4937.572758050693   4928.4619108071465
0.04364886838662332   4819.0508092363425   4810.082954657461
0.04492845444033957   4703.040322707994   4694.238247449113
0.04624555213019635   4590.478361888457   4581.83202621492
0.04760126112654554   4482.197449201353   4473.66719738095
0.04899671333706607   4378.606766607854   4370.132331174665
0.05043307385181555   4279.688402664532   4271.1978546095115
0.05191154191598653   4185.397860895949   4176.80900026284
0.053433351931179485   4095.5709025485853   4086.7921407678036
0.05499977448602865   4009.7535768253765   4000.6848567776447
0.05661211741704101   3927.4774257142285   3918.0110248873325
0.05827172690053434   3848.224806345842   3838.2502377223664
0.05997998857658587   3771.298332258092   3760.7137762152543
0.06173832870592997   3696.014496798761   3684.728767495735
0.0635482153607709   3621.6409088049127   3609.586398023385
0.06541115965050462   3547.3627344349857   3534.5127276391754
0.06732871698337338   3472.3892620936676   3458.7627440553642
0.06930248836510605   3395.7627176393257   3381.461863666847
0.07133412173562886   3316.5147351060564   3301.7369987506286
0.07342531334496233   3233.707765081316   3218.7690641542486
0.07557780916945323   3146.435115491082   3131.7952279488004
0.07779340636952398   3054.035247748121   3040.280779644011
0.08007395479015682   2956.227654991382   2944.0507291577046
0.08242135850536496   2853.0944249158265   2843.267177996292
0.08483757740794096   2745.4172135073977   2738.768256687129
0.08732462884580919   2634.301981110162   2631.661173057574
0.08988458930634863   2521.3726004250925   2523.473252296993
0.09251959615009227   2408.3641670136094   2415.8010323207445
0.09523184939525078   2297.1386208060076   2310.3253763484922
0.09802361355455057   2189.466222734519   2208.594220064006
0.10089721952591899   2086.997159224809   2112.000756240225
0.10385506653859616   1991.2517042573004   2021.7730710891667
0.10689962415629803   1903.5008884155798   1938.907568408921
0.11003343433910281   1824.5591493507789   1863.9222593561847
0.11325911356578279   1754.820353087639   1796.9590850398383
0.11657935501835284   1693.6890336067893   1737.3550531619212
0.11999693083066039   1639.9798353217702   1683.9756295566622
0.12351469440289359   1591.5817619950517   1634.9521315587451
0.12713558278394044   1546.0945338345834   1588.2538370177426
0.13086261912358757   1500.9391178702238   1541.8043645412286
0.13469891519660646   1453.825750756269   1493.8417332111862
0.13864767400083483   1402.9673660976089   1443.0925811243949
0.14271219243142114   1347.3581499155798   1389.0032155096503
0.14689586403346616   1287.0142389125524   1331.7794062174014
0.1512021818353596   1222.9300826525846   1272.3300231843425
0.15563474126517718   1156.9550333511413   1212.1622080653108
0.16019724315257297   1091.435567459911   1153.0435471383084
0.1648934968186736   1028.881278054743   1096.7863226700704
0.1697274232565544   971.6634862860742   1044.9479468105615
0.17470305840495237   921.5825569503055   998.5425203655398
0.17982455651794954   879.2361896943444   957.8123875111569
0.18509619363343993   843.6184909465693   921.8429855744137
0.19052237114327647   812.5173592222767   888.9942079745344
0.19610761946807834   783.3517193508061   857.5597033514035
0.20185660183976684   753.7502083159318   826.1044173819005
0.20777411819498756   721.7965583402508   793.59778824897
0.21386510918267082   686.5387971689935   759.6802168955161
0.22013466028907505   648.6640600400366   724.8959439087745
0.22658800608375756   610.2882647347731   690.5906150623684
0.23323053459001789   573.8038309306963   658.0432038839159
0.2400677917834628   541.0139954637768   628.1391293132674
0.24710548622244882   512.8251914600608   601.0261795565564
0.25434949381426813   488.8851097543552   576.5290006475644
0.2618058627210567   467.6368326988145   553.6947883993644
0.2694808184095226   447.045601399594   531.5591249332699
0.27738076884870827   425.5242902754254   509.41942507024896
0.2855123098601282   402.54440780238843   487.2804887874359
0.29388223062474755   378.9918892946173   465.480580799232
0.3024975193514008   356.42414474820924   444.7585245200299
0.31136536911138296   336.01964631551346   425.34023234470584
0.3204931838440838   318.1888885431886   407.3786546918323
0.32988858453867975   302.3234969209825   390.52465707480604
0.3395594155970457   287.18345092943196   374.3789133880401
0.34951375138319807   271.8846208923212   358.6287206376639
0.3597599029647371   256.3346018137667   343.3166446950904
0.37030642505191835   241.17439980235577   328.6361369721159
0.3811621231401457   227.19817046174182   314.76665985783336
0.3923360608618501   214.60955225414725   301.69340713678395
0.4038375675538918   203.01315646583808   289.28383800282165
0.41567624604680364   191.83188886792234   277.3874225908394
0.42786198068238046   180.7940251491998   265.92712206132904
0.4404049455663077   170.1222294823365   254.97977263124056
0.4533156130627191   160.16893817847358   244.57781076636962
0.4666047625377753   150.99606037706326   234.70006832443673
0.4802834893595659   142.3797250660739   225.291065362918
0.49436321416184764   134.08934349506836   216.2909638338345
0.5088556923793517   126.12956497750132   207.6873848808031
0.5237730240626238   118.63729180738368   199.4930783044422
0.5391276639805903   111.64702222671326   191.6969725569493
0.5549324320192869   105.05477381190722   184.26148601819486
0.5712005238854289   98.77530447896761   177.1575230126616
0.5879455221237613   92.8252477982059   170.37967088557565
0.6051814074573895   87.23751113973054   163.9216232407198
0.622922570460556   81.98023554690646   157.76265881649326
0.6411838235736077   77.00607687327111   151.87930688211125
0.6599804134701901   72.30707096830955   146.26328825288894
0.6793280337869897   67.88674924150996   140.90615596805
0.6992428382266549   63.724009189072326   135.78845046184497
0.7197414540448374   59.79994284034015   130.9022815356722
0.7408409959326054   56.103858970592036   126.23406180426612
0.7625590803058332   52.624090479411215   121.77081838427108
0.7849138400134885   49.3489269864441   117.50182612985759
0.8079239394770964   46.26722018597729   113.41699234779581
0.8316085902740278   43.36836218828319   109.50681574223019
0.8559875671776167   40.64226429933527   105.7623482547153
0.8810812246675007   38.07933626271103   102.17515958042608
0.9069105139239728   35.67046504359134   98.73721361154104
0.9334970003205227   33.4069887770611   95.44019952938605
0.960862881429187   31.28068331004381   92.27598061314264
0.9890310055537336   29.283747526638688   89.23696184721035
1.0180248908061487   27.408784753843136   86.31605363468265
1.047868744742366   25.64878472331342   83.50663569124583
1.0785874845736239   23.997106120865006   80.80252386294069
1.1102067579703248   22.447459716827584   78.19793897600867
1.1427529644757777   20.993891048350132   75.68732464945072
1.1762532775476793   19.630763769175196   73.26514892328568
1.210735667245765   18.352747007627972   70.92622266874982
1.246228923584555   17.154801033753238   68.66572579484396
1.2827626805706884   16.032163107100754   66.47918172355823
1.3203674409449337   14.98033388214437   64.36243396565914
1.3590746016495152   13.995064359190907   62.31162459647548
1.3989164800420282   13.072343203020518   60.323167566953785
1.4399263408778291   12.208382779705412   58.393644193590184
1.4821384240834183   11.399608907488744   56.51982498693868
1.525587973344019   10.642651629284783   54.69872765729597
1.5703112655292182   9.934334583651202   52.92760299547589
1.6163456409812174   9.271664815209785   51.203920182012865
1.6637295346910133   8.651823051601857   49.525353148480264
1.7125025083885144   8.072154430778909   47.88976788430286
1.7627052835733923   7.530159247678241   46.295260714647654
1.814379775514258   7.023483700758416   44.74026059951353
1.8675691282445197   6.549913305733317   43.22336184935607
1.922317750584177   6.107365544157848   41.74327498594576
1.9786713532176083   5.693882528034247   40.29881937065159
2.0366769868582977   5.307624032429454   38.88891617961202
2.0963830815323896   4.946860880583309   37.512581692728496
2.1578394870138577   4.6099686276663   36.16892631194851
2.2210975144450407   4.295420702238319   34.85728065909209
2.286209979177315   4.001783015624302   33.577174542992
2.3532312448676476   3.727709739994351   32.328174266641675
2.4222172688678643   3.4719382118356585   31.10987174686931
2.4932256489445366   3.2332840566345267   29.92188169156905
2.5663156713684585   3.010636579680073   28.763838883168255
2.641548360413907   2.802954409904433   27.635395567911925
2.7189865293089923   2.6092617699004825   26.536285937454124
2.798694832679631   2.4286460390806184   25.466593850858647
2.8807398205309562   2.2602522286597955   24.426458852668496
2.9651899938111903   2.103278846790725   23.415947772602923
3.05211586160442   1.956974750727623   22.4350585201626
3.1415899999999994   1.8206361685282777   21.483724002786786
