0.01   935.3793155814172   935.3389694901324
0.010293154462191829   946.4356636340128   946.39501475676
0.010594902878253955   957.1735730581537   957.1325503792444
0.010905497183778876   967.5669163246157   967.525377880891
0.011225196699963396   977.588074035628   977.5459146343637
0.011554268350120923   987.2085252550762   987.165740759288
0.011892986882540897   996.3996232165101   996.3563148385366
0.012241635099881474   1005.131955477263   1005.0882743190806
0.012600504095286909   1013.3747664607777   1013.3308040192578
0.012969893495426888   1021.0972748577095   1021.0530485254108
0.013350111710660605   1028.2688047716622   1028.2242661537505
0.013741476192534558   1034.8580473316258   1034.8131570144897
0.014144313698828986   1040.8337400740547   1040.7885013065797
0.01455896056637426   1046.16521698097   1046.1196764022611
0.014985762991865008   1050.8215185125866   1050.7757423914509
0.01542507732090645   1054.7710522364707   1054.7250909765098
0.015877270345534218   1057.983165954052   1057.9370508881507
0.016342719610456153   1060.4282657094334   1060.3820081451165
0.016821813728271667   1062.0772077777376   1062.0307954752623
0.017314952703931925   1062.9021359231322   1062.8555319505356
0.017822548268711737   1062.8769866958464   1062.8301299352693
0.01834502422397195   1061.9773281547866   1061.9301439687292
0.018882816794999403   1060.1805094883198   1060.132921873691
0.019436374995219892   1057.466257407727   1057.4181901587667
0.02000616100108813   1053.8170894032928   1053.768467808075
0.020592650537967844   1049.2190874495045   1049.1698433695972
0.021196333277324068   1043.6614637115952   1043.6115371993747
0.02181771324555934   1037.1366408233937   1037.0859802834611
0.022457309244835088   1029.6425973904002   1029.5911548939016
0.02311565528622961   1021.1826372464719   1021.1303645554467
0.023793301035594242   1011.7634186186046   1011.7102676807983
0.024490812272480036   1001.3969831486334   1001.3429194802351
0.025208771362518027   990.1048130424505   990.0498540277981
0.0259477777436476   977.9124992127823   977.8567193198436
0.02670844842659881   964.8491379775518   964.7926664473067
0.027491418510046592   950.955319537476   950.8983428092002
0.028297341710866907   936.2796619453278   936.2224234307647
0.029126890909937666   920.8722999537592   920.8150953474624
0.029980758713939952   904.7907409606321   904.7339284742548
0.030859658033628758   888.1071863601736   888.0512153121892
0.031764322679055976   870.8947907639031   870.8401967727588
0.03269550797224261   853.2270481359611   853.1744409138649
0.033653991377811755   835.1926142059014   835.1426510064645
0.03464057315210884   816.8853845657568   816.8387528660852
0.03565607701135116   798.3944337056365   798.3518430409589
0.036701350819364466   779.8126598026696   779.7747862493728
0.03777726729548091   761.2426149137622   761.2100144908263
0.038884724743189276   742.7805245972568   742.7536326130686
0.04002464780014597   724.5164556178486   724.495606365525
0.041197988210172884   706.5451315302412   706.5306350635726
0.04240572561788674   688.9573405463078   688.9495131285659
0.04364886838662332   671.8344560834782   671.8336099591818
0.04492845444033957   655.2406282950384   655.2465792829327
0.04624555213019635   639.2211181794445   639.2325602646076
0.04760126112654554   623.8148649355493   623.8294321728164
0.04899671333706607   609.0549081107393   609.069538309986
0.05043307385181555   594.9648552739694   594.9771550777352
0.05191154191598653   581.5634658871306   581.5720554093508
0.053433351931179485   568.859870885223   568.8642063465924
0.05499977448602865   556.7662900447053   556.7654188252611
0.05661211741704101   545.1332689469056   545.1250265364686
0.05827172690053434   533.8226260529328   533.8037558048455
0.05997998857658587   522.724174654561   522.6908947664972
0.06173832870592997   511.7491467552834   511.69755611842504
0.0635482153607709   500.80951606656356   500.73580276024853
0.06541115965050462   489.78122220890776   489.68274171569175
0.06732871698337338   478.53446457207315   478.4101080185544
0.06930248836510605   466.9349487273582   466.78550324447843
0.07133412173562886   454.8324256985712   454.661231721896
0.07342531334496233   442.0980720562291   441.91080094038387
0.07557780916945323   428.64668516009357   428.4506817941263
0.07779340636952398   414.4280648630334   414.23191944189875
0.08007395479015682   399.48442091934106   399.2974964029597
0.08242135850536496   383.9197189540624   383.7516998520604
0.08483757740794096   367.91846285307304   367.7785192516646
0.08732462884580919   351.71944495703565   351.6156306329496
0.08988458930634863   335.5787780763759   335.5180834462319
0.09251959615009227   319.7524022265064   319.74068399855537
0.09523184939525078   304.48280726323105   304.52316301041026
0.09802361355455057   289.9897807607239   290.0816604685489
0.10089721952591899   276.4807341557173   276.6186343047715
0.10385506653859616   264.1242431780481   264.29719100270006
0.10689962415629803   253.04361269525864   253.23441808138142
0.11003343433910281   243.27409861034687   243.46221288470244
0.11325911356578279   234.72723036785993   234.8928524417539
0.11657935501835284   227.2103479000332   227.33585333442
0.11999693083066039   220.41339000166298   220.4848787102263
0.12351469440289359   213.98602358963308   213.99535288952617
0.12713558278394044   207.56875280703193   207.51542660414384
0.13086261912358757   200.851308063985   200.7447961920932
0.13469891519660646   193.60289163295656   193.46220044154023
0.13864767400083483   185.70390146407553   185.55533083777124
0.14271219243142114   177.1821395638139   177.05525500026226
0.14689586403346616   168.19330052776456   168.11735368844433
0.1512021818353596   159.00011694381595   159.00065217074575
0.15563474126517718   149.91614318334044   150.01004655543812
0.16019724315257297   141.2722537439378   141.46196993042415
0.1648934968186736   133.38408553966588   133.6546936643943
0.1697274232565544   126.49517549689253   126.81673346490038
0.17470305840495237   120.66667516727085   121.00059545485769
0.17982455651794954   115.73228342893378   116.04480002675145
0.18509619363343993   111.37658947823438   111.64447353855165
0.19052237114327647   107.26004189211025   107.47278615425421
0.19610761946807834   103.08615393612605   103.25315322719193
0.20185660183976684   98.61092033057488   98.76355527561475
0.20777411819498756   93.71565312101701   93.89585065777926
0.21386510918267082   88.51150276903644   88.7578805747582
0.22013466028907505   83.28969468786008   83.62383544958942
0.22658800608375756   78.35051182669025   78.7741302290497
0.23323053459001789   73.90424691663445   74.39705922343671
0.2400677917834628   70.05090222703532   70.57800699881304
0.24710548622244882   66.73609798211888   67.26319341794473
0.25434949381426813   63.753974006722295   64.25925297558852
0.2618058627210567   60.86276300124708   61.34789482062517
0.2694808184095226   57.87323530485693   58.36128899647428
0.27738076884870827   54.72806589986143   55.25450381122395
0.2855123098601282   51.54837805665358   52.133694988185226
0.29388223062474755   48.51768854244061   49.1645795509296
0.3024975193514008   45.760964937229886   46.452182340703
0.31136536911138296   43.320363510453554   44.02913910219321
0.3204931838440838   41.118429839554054   41.82298706990842
0.32988858453867975   39.01189118345214   39.71294546750336
0.3395594155970457   36.90928422304616   37.619595684387704
0.34951375138319807   34.80366924028989   35.54197808422219
0.3597599029647371   32.76653655294092   33.53844841507458
0.37030642505191835   30.88158341974334   31.677083379182385
0.3811621231401457   29.162034661639396   29.965759728369616
0.3923360608618501   27.563823419610646   28.366674727933354
0.4038375675538918   26.028472737844968   26.83306885828794
0.41567624604680364   24.530296686248825   25.345053221544312
0.42786198068238046   23.092359493077442   23.920735935934964
0.4404049455663077   21.74692660223059   22.584085921620492
0.4533156130627191   20.496054703134337   21.334506968487812
0.4666047625377753   19.3172248992432   20.15444044051978
0.4802834893595659   18.189657045806925   19.028154090780415
0.49436321416184764   17.11362082296453   17.955245429487398
0.5088556923793517   16.100136918284495   16.943069770752686
0.5237730240626238   15.149751706286656   15.990796917191599
0.5391276639805903   14.252569357864806   15.090539063073754
0.5549324320192869   13.401147655778676   14.236953408778435
0.5712005238854289   12.59603324376115   13.429412068841062
0.5879455221237613   11.83841837378179   12.667953602185978
0.6051814074573895   11.124574125084443   11.949277807149185
0.622922570460556   10.45019193057833   11.269898701175885
0.6411838235736077   9.813802979246168   10.62820394789248
0.6599804134701901   9.214584875497566   10.022902678920257
0.6793280337869897   8.650082158686274   9.45183278110138
0.6992428382266549   8.118282586146462   8.913065447458957
0.7197414540448374   7.6171477197911335   8.404634912290097
0.7408409959326054   7.145459338662056   7.92517451168183
0.7625590803058332   6.701636720926688   7.473133921341019
0.7849138400134885   6.284116641272307   7.047001455228656
0.8079239394770964   5.891418690440428   6.645342020850199
0.8316085902740278   5.522141158910336   6.266793885881401
0.8559875671776167   5.174957111067966   5.910065522244149
0.8810812246675007   4.84861064172508   5.5739325316050365
0.9069105139239728   4.541913656924873   5.257234904483149
0.9334970003205227   4.253750997024431   4.958880238219982
0.960862881429187   3.9830751747667477   4.677839701871041
0.9890310055537336   3.728892522259107   4.413137693331607
1.0180248908061487   3.490260371076944   4.163849226897752
1.047868744742366   3.266284864320557   3.929097768780596
1.0785874845736239   3.0561188288809547   3.7080531198601245
1.1102067579703248   2.858959709080971   3.4999293495198076
1.1427529644757777   2.6740471934225005   3.303982799031001
1.1762532775476793   2.500658743035925   3.119510233040735
1.210735667245765   2.338110033994935   2.9458468514365492
1.246228923584555   2.1857548088506817   2.782364384252759
1.2827626805706884   2.0429829601810283   2.6284693226600497
1.3203674409449337   1.9092186840684717   2.4836012119336828
1.3590746016495152   1.7839187151977587   2.347231006176058
1.3989164800420282   1.6665706408821286   2.218859484822101
1.4399263408778291   1.5566913605975212   2.0980155808751184
1.4821384240834183   1.4538256935214064   1.984254595778399
1.525587973344019   1.3575446720680258   1.8771573028441215
1.5703112655292182   1.2674440965365654   1.7763287157707346
1.6163456409812174   1.1831432171892289   1.681396784429008
1.6637295346910133   1.1042834780804607   1.5920111502080465
1.7125025083885144   1.0305273203640808   1.5078419592918904
1.7627052835733923   0.9615570409148747   1.428578718745929
1.814379775514258   0.8970735950136282   1.3539284207195912
1.8675691282445197   0.8367955401699035   1.2836142752137167
1.922317750584177   0.7804582530364861   1.2173760915529692
1.9786713532176083   0.7278130033687095   1.1549694210541683
2.0366769868582977   0.6786260576042273   1.096164625917892
2.0963830815323896   0.632677828652013   1.0407460000791258
2.1578394870138577   0.5897620698291353   0.9885109394684379
2.2210975144450407   0.5496851012533731   0.9392689458690275
2.286209979177315   0.512264968851091   0.892838235060656
2.3532312448676476   0.4773308332234083   0.8490464445172079
2.4222172688678643   0.44472242772778964   0.8077323170225048
2.4932256489445366   0.4142894376133476   0.7687450068386763
2.5663156713684585   0.3858909109251951   0.7319433799844611
2.641548360413907   0.3593947021346575   0.6971953630425177
2.7189865293089923   0.33467694683354626   0.6643773370487845
2.798694832679631   0.31162160756960455   0.6333730038297684
2.8807398205309562   0.29012016432797716   0.6040705741039206
2.9651899938111903   0.2700709719011512   0.5763648101590302
3.05211586160442   0.2513787700036317   0.5501576157854787
3.1415899999999994   0.2339543039546699   0.5253575133602838
