0.01   11820.967716026844   11820.380307524643
0.010293154462191829   11913.36713947272   11912.750735324818
0.010594902878253955   11999.584257449347   11998.937953775488
0.010905497183778876   12079.237045639475   12078.559532624648
0.011225196699963396   12151.941973988234   12151.231186660603
0.011554268350120923   12217.320507002356   12216.57362467668
0.011892986882540897   12274.980160582665   12274.193842329747
0.012241635099881474   12324.514391367831   12323.685039924236
0.012600504095286909   12365.526524947583   12364.650313505987
0.012969893495426888   12397.625651695847   12396.698462670933
0.013350111710660605   12420.409474644452   12419.426639382404
0.013741476192534558   12433.487725973813   12432.443984940848
0.014144313698828986   12436.48914249912   12435.378652050214
0.01455896056637426   12429.039568480754   12427.85561312776
0.014985762991865008   12410.771279269382   12409.506071047797
0.01542507732090645   12381.345866315301   12379.990596306734
0.015877270345534218   12340.44758860021   12338.99222745371
0.016342719610456153   12287.77190217741   12286.204633236655
0.016821813728271667   12223.050609812428   12221.357851957893
0.017314952703931925   12146.057473935462   12144.224011545928
0.017822548268711737   12056.599164207479   12054.608176410193
0.01834502422397195   11954.52518060737   11952.358364802507
0.018882816794999403   11839.738378455728   11837.376176577229
0.019436374995219892   11712.201293241   11709.62327009397
0.02000616100108813   11571.940786725307   11569.1261108681
0.020592650537967844   11419.044310339823   11415.972044918823
0.021196333277324068   11253.668521269863   11250.318262242878
0.02181771324555934   11076.077723293676   11072.431975571157
0.022457309244835088   10886.61238535657   10882.657453077773
0.02311565528622961   10685.6730011169   10681.399105290375
0.023793301035594242   10473.786250187894   10469.19006916069
0.024490812272480036   10251.609469916153   10246.696852738547
0.025208771362518027   10019.84350785991   10014.629037096593
0.0259477777436476   9779.269728501287   9773.776921540955
0.02670844842659881   9530.876655050604   9525.140656510821
0.027491418510046592   9275.698850655424   9269.765957188276
0.028297341710866907   9014.774326952886   9008.700650781731
0.029126890909937666   8749.346772132163   8743.199775495481
0.029980758713939952   8480.793557726662   8474.652618290316
0.030859658033628758   8210.418497603707   8204.372666327765
0.031764322679055976   7939.556537594503   7933.702377345819
0.03269550797224261   7669.746545928484   7664.186239691454
0.033653991377811755   7402.428686338718   7397.268074470899
0.03464057315210884   7138.928421108442   7134.27435939882
0.03565607701135116   6880.830559658898   6876.780745487985
0.036701350819364466   6629.748619382925   6626.386806525464
0.03777726729548091   6387.061850655668   6384.459101774513
0.038884724743189276   6153.8682117848175   6152.0811267492145
0.04002464780014597   5930.962060053883   5930.028794334601
0.041197988210172884   5718.971541944756   5718.913979816967
0.04240572561788674   5518.50078021222   5519.319920025359
0.04364886838662332   5330.748545245824   5332.379480234828
0.04492845444033957   5157.004221059951   5159.306434152406
0.04624555213019635   4998.295163204356   5001.064050880671
0.04760126112654554   4854.253768178199   4857.24533989546
0.04899671333706607   4723.407140296631   4726.356654098227
0.05043307385181555   4604.394350406975   4607.017142195052
0.05191154191598653   4495.945875128161   4497.93115781415
0.053433351931179485   4396.871191152144   4397.876632498643
0.05499977448602865   4306.018133013063   4305.674056881816
0.05661211741704101   4221.716119589148   4219.656517535363
0.05827172690053434   4142.107230628201   4137.985392064931
0.05997998857658587   4065.1806137873905   4058.693222902558
0.06173832870592997   3988.4003084674805   3979.3433383453653
0.0635482153607709   3909.2525363510053   3897.5393683989396
0.06541115965050462   3824.9005166559195   3810.6399997523004
0.06732871698337338   3732.559654065727   3716.0870672494802
0.06930248836510605   3629.975501373114   3611.8926395833746
0.07133412173562886   3515.458439473777   3496.64820421591
0.07342531334496233   3388.2797115110307   3369.8433610760885
0.07557780916945323   3248.709694717953   3231.8923176691605
0.07779340636952398   3098.129888142342   3084.289057234543
0.08007395479015682   2938.8974781492407   2929.4575255455047
0.08242135850536496   2774.0643450317657   2770.351018435362
0.08483757740794096   2607.0519345278713   2610.1810480662575
0.08732462884580919   2441.671834912556   2452.5083673711943
0.08988458930634863   2281.8211215004994   2300.8797200685926
0.09251959615009227   2131.6525391621813   2158.903394065514
0.09523184939525078   1994.6824083074787   2029.574331425118
0.09802361355455057   1874.0763263951137   1915.4724227030713
0.10089721952591899   1771.7254541731777   1818.0078672394186
0.10385506653859616   1688.1583697119825   1737.264127787232
0.10689962415629803   1622.32964375504   1672.0281637626429
0.11003343433910281   1571.8732890975934   1619.9817577350248
0.11325911356578279   1533.132946182513   1577.7199547794132
0.11657935501835284   1501.750519437512   1541.346037171551
0.11999693083066039   1472.6929847655506   1506.6389840521624
0.12351469440289359   1440.8969086351844   1469.5208669009942
0.12713558278394044   1401.7961577004633   1426.4646535227098
0.13086261912358757   1352.1154856423266   1375.1124773171894
0.13469891519660646   1290.4888751126973   1314.7890447294492
0.13864767400083483   1217.6377523355152   1246.5517360242648
0.14271219243142114   1136.3857069986143   1172.979753638233
0.14689586403346616   1051.50862254778   1097.7573194253653
0.1512021818353596   969.1043639415724   1025.4986079053126
0.15563474126517718   895.1038282531385   960.585578526337
0.16019724315257297   833.6312084691265   905.4692972567935
0.1648934968186736   786.1360973941672   860.6089532458205
0.1697274232565544   751.6770976517691   825.2670136100172
0.17470305840495237   727.573873612829   796.9503662041836
0.17982455651794954   709.5060342697832   772.5817265932297
0.18509619363343993   691.7775393287158   748.3923918911693
0.19052237114327647   668.9722568605239   720.9394779406049
0.19610761946807834   638.1633812007974   688.9702712209765
0.20185660183976684   599.6383743332561   653.3943647433887
0.20777411819498756   556.2338120526373   615.6361211709725
0.21386510918267082   512.6189044107896   578.7942791710182
0.22013466028907505   473.7542610114016   545.4854302492888
0.22658800608375756   442.87616145801223   517.2939429549165
0.23323053459001789   420.48318415994004   494.01656668769454
0.2400677917834628   404.46654265269024   474.2822298722085
0.24710548622244882   390.7274009901283   455.8751652469775
0.25434949381426813   375.03893450150014   436.74578892182836
0.2618058627210567   355.24491883401845   416.3538253592974
0.2694808184095226   331.7937643583232   395.0078585209754
0.27738076884870827   307.34891543904246   374.0336888779123
0.2855123098601282   285.4079129614823   354.6684500975799
0.29388223062474755   267.9943216686557   337.8483984233701
0.3024975193514008   254.74753571252427   322.6602010122196
0.31136536911138296   243.50800286749282   308.63019883130636
0.3204931838440838   231.62873380209862   294.89449100373395
0.32988858453867975   217.89346370136587   280.94517427755926
0.3395594155970457   203.16563104491158   267.2886579709887
0.34951375138319807   189.30466224007304   254.4164310264204
0.3597599029647371   177.68918048193362   242.6287510478532
0.37030642505191835   168.1490740202077   231.69352182075767
0.3811621231401457   159.32817646272287   221.34012528890267
0.3923360608618501   150.07439080157624   211.30332408276095
0.4038375675538918   140.40768470320063   201.5470503166237
0.41567624604680364   131.22483797727935   192.30460821068516
0.42786198068238046   123.2094860601379   183.6921860410518
0.4404049455663077   116.15729112555566   175.5961280721678
0.4533156130627191   109.35912244776684   167.85433831710685
0.4666047625377753   102.51698236774254   160.4262850632375
0.4802834893595659   95.93899710639967   153.35341222736466
0.49436321416184764   89.98449794128764   146.69155323717456
0.5088556923793517   84.56625489820631   140.3996531512403
0.5237730240626238   79.37199594790765   134.39110448670885
0.5391276639805903   74.33647505584898   128.66249970624375
0.5549324320192869   69.62625408491397   123.2300421032435
0.5712005238854289   65.29405616635245   118.08999756547679
0.5879455221237613   61.21275695871768   113.20211674740074
0.6051814074573895   57.31900151606033   108.54270453482555
0.622922570460556   53.665959292950504   104.11509170944161
0.6411838235736077   50.26400527755768   99.92255068095379
0.6599804134701901   47.0643056433432   95.9308657978812
0.6793280337869897   44.05588598056165   92.12978838900662
0.6992428382266549   41.22906962777685   88.51018418795049
0.7197414540448374   38.574475747181516   85.06334974840674
0.7408409959326054   36.08303204119865   81.78099448266838
0.7625590803058332   33.74598432770383   78.65522324662209
0.7849138400134885   31.554879860923354   75.67846639496577
0.8079239394770964   29.501233103818496   72.8426654785501
0.8316085902740278   27.57670492242708   70.139556216815
0.8559875671776167   25.77343837676188   67.56140506522858
0.8810812246675007   24.084040886721237   65.10099163270023
0.9069105139239728   22.50155742405799   62.751571068360384
0.9334970003205227   21.01944522832928   60.50683947092714
0.960862881429187   19.631551748579   58.360896774880686
0.9890310055537336   18.332132562031934   56.30809317657611
1.0180248908061487   17.115818432625755   54.343017373079924
1.047868744742366   15.97754567191663   52.460615108593984
1.0785874845736239   14.912538329504072   50.656169563916954
1.1102067579703248   13.916293508841669   48.925276805022804
1.1427529644757777   12.984567301491857   47.26382322696857
1.1762532775476793   12.113361141925562   45.66796141940837
1.210735667245765   11.298901923992677   44.133955131327866
1.246228923584555   10.537629750049183   42.658137492677106
1.2827626805706884   9.826196837932526   41.23708753346978
1.3203674409449337   9.161456380751641   39.86762563188479
1.3590746016495152   8.540451220035104   38.546796202561524
1.3989164800420282   7.960403102592003   37.27185182651206
1.4399263408778291   7.418702496542582   36.04023830253274
1.4821384240834183   6.912899056365815   34.8495509283214
1.525587973344019   6.440692518929827   33.69750545224984
1.5703112655292182   5.99992381929459   32.581979842027216
1.6163456409812174   5.58856688276328   31.501008635301663
1.6637295346910133   5.204720879039142   30.452772491458013
1.7125025083885144   4.846602893799065   29.435588545125384
1.7627052835733923   4.512540997382863   28.447901606482144
1.814379775514258   4.200967629706626   27.48830154996687
1.8675691282445197   3.910413356525752   26.555542160484567
1.922317750584177   3.6395011659001963   25.648478087041322
1.9786713532176083   3.3869409546558873   24.766050560497277
2.0366769868582977   3.1515243028296833   23.907281884736722
2.0963830815323896   2.932119542371887   23.071270255240236
2.1578394870138577   2.727667104723269   22.25718489844491
2.2210975144450407   2.537174798315595   21.464288302949026
2.286209979177315   2.3597131889443568   20.691976872657527
2.3532312448676476   2.194412699368081   19.939703510982905
2.4222172688678643   2.040460075974638   19.206959385811725
2.4932256489445366   1.8970948714603872   18.493271183391258
2.5663156713684585   1.7636061373284277   17.79819848061866
2.641548360413907   1.6393293144143757   17.12133122862887
2.7189865293089923   1.5236436495056858   16.462338668106188
2.798694832679631   1.4159702293016634   15.821097863716972
2.8807398205309562   1.3157681294566412   15.197515868958
2.9651899938111903   1.2225317159452198   14.591479148195884
3.05211586160442   1.1357884467188768   14.002854559787117
3.1415899999999994   1.0550968017447568   13.431490347000953
