0.01   958.2230093782039   958.1954580988256
0.010293154462191829   971.2857457177961   971.2580387716412
0.010594902878253955   984.1265121718458   984.0986442545047
0.010905497183778876   996.719778484053   996.6917233050616
0.011225196699963396   1009.0387846115929   1009.010539617547
0.011554268350120923   1021.0560911921112   1021.0276920816626
0.011892986882540897   1032.7437914440595   1032.7153121754227
0.012241635099881474   1044.0724382907863   1044.0439569089226
0.012600504095286909   1055.0111485961233   1054.982713749156
0.012969893495426888   1065.5287231911516   1065.5003514256668
0.013350111710660605   1075.5934382159514   1075.5651261309472
0.013741476192534558   1085.1724613332988   1085.1442246940194
0.014144313698828986   1094.2327626342528   1094.2046443392344
0.01455896056637426   1102.741294026629   1102.713361695298
0.014985762991865008   1110.6638680815906   1110.636179022312
0.01542507732090645   1117.9657740063376   1117.9383525105277
0.015877270345534218   1124.612743752518   1124.585579881301
0.016342719610456153   1130.570651554128   1130.5437135036
0.016821813728271667   1135.805237203645   1135.7784960991273
0.017314952703931925   1140.2830741407306   1140.2565070576977
0.017822548268711737   1143.9717185558636   1143.9453089688761
0.01834502422397195   1146.8391283864432   1146.8128678666985
0.018882816794999403   1148.8543842098284   1148.8282731980366
0.019436374995219892   1149.9882632662766   1149.9623103029007
0.02000616100108813   1150.2137223545074   1150.187912049677
0.020592650537967844   1149.5061751322964   1149.4804276835498
0.021196333277324068   1147.8433489319925   1147.8175180138155
0.02181771324555934   1145.2059042110968   1145.1798015786212
0.022457309244835088   1141.579041391779   1141.5525360717318
0.02311565528622961   1136.951249154937   1136.924292996788
0.023793301035594242   1131.3141638056566   1131.2867863810905
0.024490812272480036   1124.6661552860185   1124.6383881026618
0.025208771362518027   1117.0117693647958   1116.9835830010356
0.0259477777436476   1108.3587007906294   1108.3300048734964
0.02670844842659881   1098.7206027398727   1098.6913156309388
0.027491418510046592   1088.1217059196358   1088.0919321446706
0.028297341710866907   1076.590083665044   1076.5601354837736
0.029126890909937666   1064.1574604509926   1064.1278377760632
0.029980758713939952   1050.8696116181227   1050.840893912248
0.030859658033628758   1036.7803751558954   1036.7531597726188
0.031764322679055976   1021.9445691213615   1021.9194665702755
0.03269550797224261   1006.4246381094689   1006.4023214487576
0.033653991377811755   990.294975735506   990.2762652306707
0.03464057315210884   973.6298241466935   973.6156821388913
0.03565607701135116   956.5060182218348   956.4975040334637
0.036701350819364466   939.023723799607   939.0218051848029
0.03777726729548091   921.2878291635782   921.2933197485924
0.038884724743189276   903.3972099194452   903.4107839731657
0.04002464780014597   885.4342897118719   885.456708837255
0.041197988210172884   867.4643089856058   867.4966615445012
0.04240572561788674   849.5476598633401   849.5913448135676
0.04364886838662332   831.7564240246934   831.8127864556337
0.04492845444033957   814.2158519089476   814.2849461398952
0.04624555213019635   797.0544674506776   797.1348819207299
0.04760126112654554   780.3865314053207   780.4755847016925
0.04899671333706607   764.2672250739422   764.3620575960232
0.05043307385181555   748.7089629685918   748.8073050520044
0.05191154191598653   733.7210648011165   733.8212071915348
0.053433351931179485   719.2835323696843   719.383889031566
0.05499977448602865   705.3304231520223   705.4288586872714
0.05661211741704101   691.7954907751538   691.8892995302544
0.05827172690053434   678.6001179169729   678.6860900829445
0.05997998857658587   665.6419682692244   665.716469545012
0.06173832870592997   652.8224112849327   652.8814495693398
0.0635482153607709   640.0345994894075   640.0742618159178
0.06541115965050462   627.1654565629796   627.1823005256613
0.06732871698337338   614.1046003725895   614.0959657250686
0.06930248836510605   600.7227955319289   600.6881349444952
0.07133412173562886   586.8952382420058   586.8364006755997
0.07342531334496233   572.4976172571727   572.4192992093555
0.07557780916945323   557.4115707578161   557.3215657533855
0.07779340636952398   541.5580773670771   541.4668794598548
0.08007395479015682   524.9074005258104   524.8277192603086
0.08242135850536496   507.48977311896823   507.4358494626154
0.08483757740794096   489.42723713840127   489.41397159473775
0.08732462884580919   470.8957091681277   470.9376357595972
0.08988458930634863   452.1450105871701   452.25498658322726
0.09251959615009227   433.44360474358587   433.6323481725538
0.09523184939525078   415.07353692195306   415.34921763930885
0.09802361355455057   397.2993637022892   397.66599064888567
0.10089721952591899   380.3599730651555   380.816250727791
0.10385506653859616   364.4650470989723   365.002959225802
0.10689962415629803   349.78193862026325   350.38697593862474
0.11003343433910281   336.41235689010335   337.06295827114076
0.11325911356578279   324.38950573067774   325.05900116498947
0.11657935501835284   313.6095011611928   314.2711516612328
0.11999693083066039   303.87262590780506   304.5022795357616
0.12351469440289359   294.85245741635566   295.43183777418284
0.12713558278394044   286.17636631020207   286.6975611922819
0.13086261912358757   277.4617671043089   277.930070447804
0.13469891519660646   268.38400048657894   268.8167014080381
0.13864767400083483   258.71526834109386   259.1432295987934
0.14271219243142114   248.35279163757335   248.8202948040304
0.14689586403346616   237.35122111834713   237.9057410641985
0.1512021818353596   225.90921191568412   226.59447550446114
0.15563474126517718   214.33685967204647   215.18749988212366
0.16019724315257297   203.002003150084   204.03790775829125
0.1648934968186736   192.2687409838804   193.4881800058412
0.1697274232565544   182.45481542825434   183.83364121992625
0.17470305840495237   173.77586586137636   175.2690094487727
0.17982455651794954   166.270047947687   167.82034858878097
0.18509619363343993   159.7430887708777   161.3013683796932
0.19052237114327647   153.8184119018336   155.35383475276484
0.19610761946807834   148.08174317069395   149.58867914042142
0.20185660183976684   142.19740042519047   143.69760813327034
0.20777411819498756   135.9437717798724   137.48343527137493
0.21386510918267082   129.25322859814918   130.9017131988898
0.22013466028907505   122.28401518016217   124.09403640302325
0.22658800608375756   115.38810282306602   117.3820830268541
0.23323053459001789   108.93011008956836   111.09721284441707
0.2400677917834628   103.13766764239371   105.43398799332567
0.24710548622244882   98.07296357525031   100.43771446363591
0.25434949381426813   93.62125946941552   95.99964556186669
0.2618058627210567   89.50974719405448   91.87232408223443
0.2694808184095226   85.43855043541619   87.79429382907107
0.27738076884870827   81.218738381495   83.6124554521329
0.2855123098601282   76.83709006666658   79.31446488155257
0.29388223062474755   72.47156107923101   75.05942585347682
0.3024975193514008   68.36127081091769   71.04787927247035
0.31136536911138296   64.64981368445461   67.39735128568685
0.3204931838440838   61.337351728399085   64.09369848221905
0.32988858453867975   58.295474332572674   61.03505304862415
0.3395594155970457   55.33623758241923   58.06230785402491
0.34951375138319807   52.360684349467775   55.102492325670454
0.3597599029647371   49.40108593034693   52.18266056342618
0.37030642505191835   46.5696640685029   49.39340656374271
0.3811621231401457   43.96647740089449   46.80769677591533
0.3923360608618501   41.58705316250963   44.416366084893895
0.4038375675538918   39.34926285580581   42.15720355560937
0.41567624604680364   37.17653068710174   39.97238814770035
0.42786198068238046   35.0534625621148   37.852093910769085
0.4404049455663077   33.02715135342005   35.83051755842862
0.4533156130627191   31.140448135187867   33.93527435709837
0.4666047625377753   29.38320147829842   32.1566746749456
0.4802834893595659   27.71517619849751   30.46622592423791
0.49436321416184764   26.111458963621473   28.84612692662433
0.5088556923793517   24.583002802482028   27.303456500641246
0.5237730240626238   23.146841474227575   25.847697667506793
0.5391276639805903   21.79916271354284   24.47438675947075
0.5549324320192869   20.521489445317613   23.170890076791306
0.5712005238854289   19.306019507617034   21.931428597850438
0.5879455221237613   18.157325604121862   20.75765866263208
0.6051814074573895   17.07663523669519   19.64881485067235
0.622922570460556   16.056336593948302   18.599084742958677
0.6411838235736077   15.09056851385714   17.604042631691314
0.6599804134701901   14.17901009357434   16.66251414537462
0.6793280337869897   13.32043348073005   15.772558195919181
0.6992428382266549   12.510543444495548   14.930633423736818
0.7197414540448374   11.746407591628008   14.133963578537825
0.7408409959326054   11.026273510015825   13.380667056063977
0.7625590803058332   10.347904423083092   12.668594136039184
0.7849138400134885   9.709037293459474   11.99556169031588
0.8079239394770964   9.107521440724378   11.359491926566736
0.8316085902740278   8.541313602347746   10.758408350467217
0.8559875671776167   8.008473173139821   10.190431783492532
0.8810812246675007   7.507157622080213   9.653776449074098
0.9069105139239728   7.0356231642094205   9.146750868714081
0.9334970003205227   6.592228754566046   8.66776213572355
0.960862881429187   6.175416489489674   8.215298225997172
0.9890310055537336   5.78370512476922   7.787921928827141
1.0180248908061487   5.415687042561816   7.384267899495509
1.047868744742366   5.070025280997316   7.003039752560152
1.0785874845736239   4.745450630105131   6.643007203883523
1.1102067579703248   4.440758557154559   6.303002806054788
1.1427529644757777   4.154803897108877   5.981914198190701
1.1762532775476793   3.8864999076568205   5.678684481756447
1.210735667245765   3.6348178059768435   5.3923137442877
1.246228923584555   3.3987840934124005   5.121856359342095
1.2827626805706884   3.177477935914592   4.866418308129275
1.3203674409449337   2.9700286426231544   4.625154605434396
1.3590746016495152   2.775613240533228   4.397266807813414
1.3989164800420282   2.593454075237296   4.181996273361105
1.4399263408778291   2.4228165147217213   3.9786177160309086
1.4821384240834183   2.2630069647486706   3.7864469340332123
1.525587973344019   2.1133708247539236   3.604839841131419
1.5703112655292182   1.97329050654812   3.4331901356968504
1.6163456409812174   1.8421835378779068   3.2709271005167
1.6637295346910133   1.7195007483997191   3.117513526590043
1.7125025083885144   1.604724496247333   2.9724430468988787
1.7627052835733923   1.4973667415035645   2.8352332492357037
1.814379775514258   1.3969677146683015   2.705427981355328
1.8675691282445197   1.303094585856354   2.5825989397976112
1.922317750584177   1.2153400068772287   2.4663439366565316
1.9786713532176083   1.133320721868963   2.356285252620149
2.0366769868582977   1.0566762453476575   2.2520680964010484
2.0963830815323896   0.9850676026754618   2.153359036546631
2.1578394870138577   0.9181759731373871   2.0598356406253284
2.2210975144450407   0.8557015060016405   1.971181216878618
2.286209979177315   0.7973625403937816   1.8870993210301203
2.3532312448676476   0.7428945929477053   1.8073137244634825
2.4222172688678643   0.692049369841124   1.7315669039719206
2.4932256489445366   0.6445938312115664   1.6596186535393997
2.5663156713684585   0.6003093055007037   1.591244807603654
2.641548360413907   0.5589907281390936   1.5262356546142575
2.7189865293089923   0.5204461925871169   1.4643928928304992
2.798694832679631   0.4844957973143616   1.405530565139735
2.8807398205309562   0.450970760712268   1.3494751217391587
2.9651899938111903   0.41971277897669096   1.296064510680625
3.05211586160442   0.3905734177196509   1.2451473393527304
3.1415899999999994   0.36341353548674693   1.196582102629531
