0.01   4314.803072761291   4314.625936369876
0.010293154462191829   4376.869581090454   4376.680797130873
0.010594902878253955   4438.002792250448   4437.801077676553
0.010905497183778876   4498.079338075163   4497.8633451924525
0.011225196699963396   4556.972620542913   4556.740942285032
0.011554268350120923   4614.552654002041   4614.303811553512
0.011892986882540897   4670.6800791947535   4670.41240747549
0.012241635099881474   4725.209780845879   4724.9213683077605
0.012600504095286909   4777.994534226408   4777.683218196009
0.012969893495426888   4828.882492722145   4828.545890149973
0.013350111710660605   4877.71561693951   4877.3511798085
0.013741476192534558   4924.334449547271   4923.939473197161
0.014144313698828986   4968.577726055716   4968.149338113587
0.01455896056637426   5010.2758270719605   5009.810896568261
0.014985762991865008   5049.25642691147   5048.751532164841
0.01542507732090645   5085.348211886778   5084.7996424940675
0.015877270345534218   5118.377557063586   5117.781188545029
0.016342719610456153   5148.168055636373   5147.519186514993
0.016821813728271667   5174.5463163038485   5173.839665414471
0.017314952703931925   5197.341756380656   5196.571474373617
0.017822548268711737   5216.3821630510465   5215.541842459061
0.01834502422397195   5231.499496459074   5230.582194380391
0.018882816794999403   5242.532843800739   5241.531107330431
0.019436374995219892   5249.327769460821   5248.233530532869
0.02000616100108813   5251.737410685113   5250.541886771574
0.020592650537967844   5249.625358668314   5248.319099279704
0.021196333277324068   5242.868056830552   5241.441042799341
0.02181771324555934   5231.358873873586   5229.800718461015
0.022457309244835088   5215.005875582647   5213.305930416336
0.02311565528622961   5193.732685762362   5191.880144480131
0.023793301035594242   5167.49089279595   5165.475184992399
0.024490812272480036   5136.258008169442   5134.069124848424
0.025208771362518027   5100.028482848649   5097.657063422622
0.0259477777436476   5058.825718212208   5056.263483842495
0.02670844842659881   5012.721684468735   5009.962443655094
0.027491418510046592   4961.8095577571685   4958.849370949673
0.028297341710866907   4906.202586205956   4903.039814651592
0.029126890909937666   4846.078155388319   4842.714126236708
0.029980758713939952   4781.655771376613   4778.095104437283
0.030859658033628758   4713.164828323858   4709.415287272474
0.031764322679055976   4640.876739574938   4636.949522516123
0.03269550797224261   4565.137119332994   4561.047582290367
0.033653991377811755   4486.298186793884   4482.065616469165
0.03464057315210884   4404.721276692339   4400.3684400869715
0.03565607701135116   4320.868890668599   4316.421050882012
0.036701350819364466   4235.237654609518   4230.721921649301
0.03777726729548091   4148.301117123431   4143.746106689219
0.038884724743189276   4060.530423079232   4055.9658132544705
0.04002464780014597   3972.4047195015764   3967.860764829454
0.041197988210172884   3884.3738313463286   3879.8810991470427
0.04240572561788674   3796.8766257451907   3792.464890356996
0.04364886838662332   3710.4492693387906   3706.142092289288
0.04492845444033957   3625.630175688434   3621.4433766708185
0.04624555213019635   3542.9087751297316   3538.850909627506
0.04760126112654554   3462.732224715359   3458.7999267671466
0.04899671333706607   3385.509327569983   3381.681780186943
0.05043307385181555   3311.6087040709945   3307.8487697431
0.05191154191598653   3241.250914035418   3237.5073790527686
0.053433351931179485   3174.3159352753933   3170.527052404257
0.05499977448602865   3110.633674248516   3106.7283910473016
0.05661211741704101   3049.9768149311562   3045.8766379182352
0.05827172690053434   2991.9335875601246   2987.5566545499514
0.05997998857658587   2936.0825584400327   2931.344702917177
0.06173832870592997   2881.936341408366   2876.757181338386
0.0635482153607709   2828.894115522489   2823.2060649568807
0.06541115965050462   2776.365004899734   2770.1155908294477
0.06732871698337338   2723.6420993869024   2716.809243054857
0.06930248836510605   2669.993138490291   2662.591823677826
0.07133412173562886   2614.6412856550514   2606.737652273809
0.07342531334496233   2556.7397805095475   2548.46943991996
0.07557780916945323   2495.5175513078657   2487.0929912451493
0.07779340636952398   2430.2874411230487   2422.0201481290387
0.08007395479015682   2360.5543342064325   2352.8441552312493
0.08242135850536496   2286.2043897566505   2279.5178186345943
0.08483757740794096   2207.414508314363   2202.2715309345353
0.08732462884580919   2124.872825064263   2121.846855192468
0.08988458930634863   2039.5408829576793   2039.2067115851096
0.09251959615009227   1952.7362266458679   1955.5814783979774
0.09523184939525078   1865.8906745738464   1872.3047872294696
0.09802361355455057   1780.5062227931148   1790.7769626069905
0.10089721952591899   1698.0934450513466   1712.3404959785894
0.10385506653859616   1620.0310270642822   1638.191519737931
0.10689962415629803   1547.5742165606466   1569.3833884168032
0.11003343433910281   1481.7575138288203   1506.7577622298263
0.11325911356578279   1423.1636051934354   1450.6944326841926
0.11657935501835284   1371.9374869539388   1401.1833286752658
0.11999693083066039   1327.4573657190797   1357.5610480818884
0.12351469440289359   1288.5441985136556   1318.7093899910315
0.12713558278394044   1253.4392634805085   1283.0459288291245
0.13086261912358757   1220.0872830236265   1248.7941794766218
0.13469891519660646   1186.4020146499854   1214.2216067579225
0.13864767400083483   1150.4902738982278   1177.846312702892
0.14271219243142114   1110.945749267266   1138.6160747635959
0.14689586403346616   1067.048662749767   1096.0641500787356
0.1512021818353596   1018.9367448700202   1050.4451523130745
0.15563474126517718   967.6478950800919   1002.7393536613989
0.16019724315257297   914.9005167843761   954.3892381446158
0.1648934968186736   862.8292061908728   907.0796968019267
0.1697274232565544   813.6948201145747   862.474092648912
0.17470305840495237   769.5413855917988   821.942173566708
0.17982455651794954   731.6959911312867   786.4106371616353
0.18509619363343993   700.2805479984474   755.7179398363047
0.19052237114327647   674.1335580671182   728.8569301256667
0.19610761946807834   651.2453658715048   704.3588770416711
0.20185660183976684   629.3513141205043   680.6059118359834
0.20777411819498756   606.3180239084187   656.2128453646648
0.21386510918267082   580.5261010477282   630.3251565425957
0.22013466028907505   551.5135174410577   602.7458840915151
0.22658800608375756   520.3523640804548   574.2794778947507
0.23323053459001789   489.11906843022257   546.301509163563
0.2400677917834628   459.9401132510834   520.0859638492758
0.24710548622244882   434.38488210882065   496.40817077036417
0.25434949381426813   413.0485257502303   475.5204069724804
0.2618058627210567   395.22915347663064   456.7195815030944
0.2694808184095226   379.2159962939175   439.1583897819352
0.27738076884870827   363.09648957434547   421.8496919448623
0.2855123098601282   345.53323453152876   404.09792970944585
0.29388223062474755   326.4394517751672   386.0100966475701
0.3024975193514008   306.97869373457456   368.2408655646893
0.31136536911138296   288.69030356867876   351.48742795818845
0.3204931838440838   272.6479120865904   336.01869967533247
0.32988858453867975   258.9914253109027   321.94684787983937
0.3395594155970457   246.79599751603334   308.7410437009289
0.34951375138319807   234.79015278164903   295.92487974698906
0.3597599029647371   222.2434549391434   283.2294898474709
0.37030642505191835   209.32947339589526   270.8176536031085
0.3811621231401457   196.92086085086171   258.96398524042706
0.3923360608618501   185.7668788598789   247.86277851969112
0.4038375675538918   175.8936468913799   237.47149706031408
0.41567624604680364   166.7349141039714   227.59644454970987
0.42786198068238046   157.6600475354131   218.05134034179474
0.4404049455663077   148.54943922594924   208.81067603152053
0.4533156130627191   139.7966557173812   199.99450882009762
0.4666047625377753   131.77756044670875   191.6584647434548
0.4802834893595659   124.45781078392166   183.76816972193475
0.49436321416184764   117.50304203036782   176.23111171281846
0.5088556923793517   110.70477439030324   168.99359973613915
0.5237730240626238   104.16303261400303   162.07330667992144
0.5391276639805903   98.07236860607682   155.50666450158548
0.5549324320192869   92.41802331807894   149.258753950884
0.5712005238854289   87.04501601622044   143.294407009004
0.5879455221237613   81.88480593212147   137.5946995055155
0.6051814074573895   77.0062904302402   132.16033247556538
0.622922570460556   72.4465085071234   126.99188421171081
0.6411838235736077   68.14547506890094   122.0607273169219
0.6599804134701901   64.05524374297937   117.35107775907493
0.6793280337869897   60.19197040959132   112.86186077366348
0.6992428382266549   56.56336138391212   108.58437832063194
0.7197414540448374   53.14099292847451   104.4978635253911
0.7408409959326054   49.911598672260844   100.59769058021621
0.7625590803058332   46.865593205306105   96.8760723141954
0.7849138400134885   43.99389481038415   93.32347962199216
0.8079239394770964   41.28774794224417   89.93095142127531
0.8316085902740278   38.73872297110425   86.69005772832293
0.8559875671776167   36.33871462991794   83.5928651742668
0.8810812246675007   34.07993928760432   80.63190494095001
0.9069105139239728   31.95488284751154   77.80006307825343
0.9334970003205227   29.956149632744236   75.09029185697341
0.960862881429187   28.076658514646706   72.49588633847803
0.9890310055537336   26.30969650262097   70.01056426792329
1.0180248908061487   24.648901491035364   67.62843671484943
1.047868744742366   23.088245690340557   65.34398095468053
1.0785874845736239   21.622019727435415   63.15201541294598
1.1102067579703248   20.24481888824042   61.04765829034453
1.1427529644757777   18.95155029509859   59.02602847890021
1.1762532775476793   17.73740769786169   57.082322421776446
1.210735667245765   16.597836332897206   55.21205683056789
1.246228923584555   15.528521008321642   53.41105324473973
1.2827626805706884   14.525375239893048   51.67541638632242
1.3203674409449337   13.58453074751753   50.00151428147095
1.3590746016495152   12.70232729880304   48.38595966393244
1.3989164800420282   11.875299934660719   46.825509684605024
1.4399263408778291   11.100166748914772   45.3169550518076
1.4821384240834183   10.373827090829595   43.857293086351284
1.525587973344019   9.693353550346846   42.44374148886748
1.5703112655292182   9.055983182945544   41.073723462830024
1.6163456409812174   8.459109112289983   39.744854034165
1.6637295346910133   7.900272499317436   38.45492744956727
1.7125025083885144   7.377154792923388   37.201911053561645
1.7627052835733923   6.887569977648336   35.98396815610071
1.814379775514258   6.429458003230644   34.79942047387817
1.8675691282445197   6.000878354741281   33.64671957871329
1.922317750584177   5.600003653701642   32.524438690027104
1.9786713532176083   5.225113560513032   31.431265087762835
2.0366769868582977   4.874588968170492   30.365992997352695
2.0963830815323896   4.546906445694553   29.3275178864237
2.1578394870138577   4.240631977016122   28.314864078870613
2.2210975144450407   3.954416053836731   27.32718170028918
2.286209979177315   3.686990368867144   26.363695092241574
2.3532312448676476   3.43716330098682   25.42369504069557
2.4222172688678643   3.20381554346851   24.506534274939145
2.4932256489445366   2.985895961876592   23.61162315603092
2.5663156713684585   2.78241767099825   22.738425539273056
2.641548360413907   2.59245493804338   21.886539155135093
2.7189865293089923   2.4151410284768344   21.0558975952772
2.798694832679631   2.2496626386118646   20.246485767167517
2.8807398205309562   2.0952562779320294   19.458261498205392
2.9651899938111903   1.951205423318266   18.691156449362094
3.05211586160442   1.816837819329626   17.945077059802298
3.1415899999999994   1.691522918354418   17.219905519080083
