0.01   10093.322412528201   10091.02333092023
0.010293154462191829   10229.77489859319   10227.26442021707
0.010594902878253955   10363.339857921315   10360.599431499437
0.010905497183778876   10493.701532676203   10490.710518393545
0.011225196699963396   10620.536668630779   10617.272136775215
0.011554268350120923   10743.515999380377   10739.952714700798
0.011892986882540897   10862.294302600889   10858.404825321984
0.012241635099881474   10976.516736885076   10972.271488966298
0.012600504095286909   11085.825857133912   11081.19314263389
0.012969893495426888   11189.852491985252   11184.79824775072
0.013350111710660605   11288.210196132464   11282.69757387979
0.013741476192534558   11380.511641681589   11374.50102267116
0.014144313698828986   11466.368748544108   11459.817690820433
0.01455896056637426   11545.380712099795   11538.243313953879
0.014985762991865008   11617.146239007578   11609.373000688067
0.01542507732090645   11681.270644207798   11672.808602580173
0.015877270345534218   11737.355377229338   11728.147935053943
0.016342719610456153   11784.998660692661   11774.985418853988
0.016821813728271667   11823.811216833248   11812.92822217689
0.017314952703931925   11853.415906241822   11841.595407567476
0.017822548268711737   11873.441011405956   11860.609810921707
0.01834502422397195   11883.532660136705   11869.612081727288
0.018882816794999403   11883.360242484077   11868.266659884568
0.019436374995219892   11872.61742396782   11856.26332005519
0.02000616100108813   11851.025279030655   11833.320259235466
0.020592650537967844   11818.33629291408   11799.187809221641
0.021196333277324068   11774.344198092222   11753.658036695364
0.02181771324555934   11718.896087910898   11696.576521123128
0.022457309244835088   11651.87966968893   11627.830265149403
0.02311565528622961   11573.227934707902   11547.3529050027
0.023793301035594242   11482.960553165844   11455.169026517777
0.024490812272480036   11381.161500478078   11351.370061939502
0.025208771362518027   11267.957016115482   11236.09054506742
0.0259477777436476   11143.567819274635   11109.562241575783
0.02670844842659881   11008.336812865427   10972.14278014273
0.027491418510046592   10862.647964958605   10824.231360768312
0.028297341710866907   10706.944297773825   10666.287185794645
0.029126890909937666   10541.845126656433   10498.950206582389
0.029980758713939952   10368.035222100347   10322.926643647515
0.030859658033628758   10186.2137162069   10138.936164258306
0.031764322679055976   9997.237773704068   9947.858041890426
0.03269550797224261   9802.117185222174   9750.725353543949
0.033653991377811755   9601.840144048598   9548.547449660258
0.03464057315210884   9397.42293475108   9342.359101648599
0.03565607701135116   9190.057316789593   9133.366982423544
0.036701350819364466   8980.914346476311   8922.754208243787
0.03777726729548091   8771.108492401187   8711.643867368526
0.038884724743189276   8561.947420177183   8501.337135316513
0.04002464780014597   8354.83130413219   8293.217091318387
0.041197988210172884   8151.039686836032   8088.54565496183
0.04240572561788674   7951.622698643698   7888.355110017894
0.04364886838662332   7757.278378083988   7693.3256209612
0.04492845444033957   7568.595352443031   7504.028496544239
0.04624555213019635   7386.16957714795   7321.03443706612
0.04760126112654554   7211.146757693614   7145.393262056474
0.04899671333706607   7044.86052411999   6978.314126611095
0.05043307385181555   6888.474206390593   6820.846367814138
0.05191154191598653   6741.924013852559   6672.866561129434
0.053433351931179485   6603.917908345661   6533.078850247098
0.05499977448602865   6473.1994860290215   6400.2268847193145
0.05661211741704101   6348.601053084644   6273.151701485774
0.05827172690053434   6229.033344549658   6150.782242286046
0.05997998857658587   6113.443897198365   6032.08981642987
0.06173832870592997   6000.4224762349895   5915.739219053428
0.0635482153607709   5888.390726633891   5800.25748865713
0.06541115965050462   5775.719291189128   5684.154166667044
0.06732871698337338   5660.447007847767   5565.702845559003
0.06930248836510605   5540.666339048739   5443.251014314864
0.07133412173562886   5414.33069763487   5315.12772218924
0.07342531334496233   5279.464086453057   5179.774491761428
0.07557780916945323   5134.5630625462645   5036.088266202534
0.07779340636952398   4978.626872520193   4883.435760515598
0.08007395479015682   4811.578248668428   4722.0388716074
0.08242135850536496   4634.384178468664   4553.082904842151
0.08483757740794096   4448.898114628267   4378.402062352382
0.08732462884580919   4257.8446564375845   4200.45894399023
0.08988458930634863   4064.4369391893442   4022.0696884111394
0.09251959615009227   3872.1403761892784   3846.202238979408
0.09523184939525078   3684.4777818635853   3675.6701642558046
0.09802361355455057   3504.817470523262   3513.0575118096367
0.10089721952591899   3336.4751546610923   3360.826456198066
0.10385506653859616   3182.2055769787653   3220.900135252534
0.10689962415629803   3044.2058042012527   3094.4066466628574
0.11003343433910281   2923.649179305594   2981.773770903057
0.11325911356578279   2820.134585983704   2882.41108946957
0.11657935501835284   2731.826466253272   2794.5842190133053
0.11999693083066039   2655.3062101196706   2715.287628090694
0.12351469440289359   2586.142787003689   2641.134782779705
0.12713558278394044   2519.444922306023   2568.678364824174
0.13086261912358757   2450.3761512919973   2494.712840621132
0.13469891519660646   2374.8310761137177   2416.758957836811
0.13864767400083483   2289.880070731377   2333.312525462138
0.14271219243142114   2194.463820896005   2244.184520100186
0.14689586403346616   2089.5868791717103   2150.501900926501
0.1512021818353596   1978.1138654330855   2054.4496389581827
0.15563474126517718   1864.3232789018446   1958.8631573502455
0.16019724315257297   1753.3164818241596   1866.7892427848385
0.1648934968186736   1650.3749897375487   1780.9883164211462
0.1697274232565544   1559.948480579087   1703.6672813203763
0.17470305840495237   1484.362988184174   1635.5820433974661
0.17982455651794954   1422.8748595982481   1575.43619667611
0.18509619363343993   1372.0392589292217   1521.3992401879123
0.19052237114327647   1327.10707367272   1470.6293404896614
0.19610761946807834   1283.0567787259151   1420.7045555845204
0.20185660183976684   1235.1321000812304   1369.6379398639197
0.20777411819498756   1180.0826855860314   1316.2632587389685
0.21386510918267082   1117.9064626475704   1261.7429410716522
0.22013466028907505   1051.9566948496565   1207.0760809595336
0.22658800608375756   987.0199068259194   1154.3619923325632
0.23323053459001789   927.5300145759614   1105.1816487022238
0.2400677917834628   876.5778724611251   1060.1656075965006
0.24710548622244882   834.7558939273667   1019.4055248900436
0.25434949381426813   799.8014721881824   981.5586569220873
0.2618058627210567   767.6374873990387   945.3369411343352
0.2694808184095226   734.2569449947631   909.7329509302363
0.27738076884870827   697.2720744450082   874.0956841150226
0.2855123098601282   657.3944617304463   838.9257112863405
0.29388223062474755   617.5493806212062   805.0417892074894
0.3024975193514008   580.8088682418295   773.0625607789555
0.31136536911138296   549.1164592822661   743.0263347187915
0.3204931838440838   522.1446461039924   715.0144128118081
0.32988858453867975   497.52946920311416   688.1612360495758
0.3395594155970457   472.8099993876754   662.3240853161063
0.34951375138319807   446.869992569514   637.0441489869181
0.3597599029647371   420.5291078216412   612.7565393118033
0.37030642505191835   395.7112856806977   589.6195146221712
0.3811621231401457   373.5888623128293   567.6794869264664
0.3923360608618501   353.8731253967228   546.8171775638394
0.4038375675538918   335.28289068029   526.8999383620309
0.41567624604680364   316.7245713268545   507.7072193527754
0.42786198068238046   298.2663831502583   489.25379175627546
0.4404049455663077   280.772135564427   471.6450472471237
0.4533156130627191   264.79561050836037   454.8587588648613
0.4666047625377753   250.08770073719316   438.85808374981366
0.4802834893595659   235.9922044095771   423.5338688425625
0.49436321416184764   222.25505187456662   408.8230252481499
0.5088556923793517   209.1591977232379   394.73227717013566
0.5237730240626238   196.98940315441905   381.2986233253619
0.5391276639805903   185.6266421428749   368.45083484665275
0.5549324320192869   174.79170193589744   356.1369369501268
0.5712005238854289   164.42880873380093   344.314899991104
0.5879455221237613   154.66852410188005   333.0026674888421
0.6051814074573895   145.52592830821712   322.1801817477404
0.622922570460556   136.8799610767124   311.79783860886664
0.6411838235736077   128.6722209924457   301.823281859577
0.6599804134701901   120.93556978050046   292.261057437431
0.6793280337869897   113.6583180137864   283.08394405462303
0.6992428382266549   106.7963478117573   274.26544716476377
0.7197414540448374   100.32110191222053   265.7904264333074
0.7408409959326054   94.21351112069947   257.6394370661331
0.7625590803058332   88.45543241740845   249.7941200164506
0.7849138400134885   83.02935763611104   242.23730925299935
0.8079239394770964   77.91841610088198   234.95294896251207
0.8316085902740278   73.1063742821641   227.92601736758385
0.8559875671776167   68.57762969106146   221.14245009207818
0.8810812246675007   64.31694562864605   214.5885078492642
0.9069105139239728   60.30933086515059   208.25036208854084
0.9334970003205227   56.540529805438524   202.11504911653176
0.960862881429187   52.997039769527575   196.17051734326165
0.9890310055537336   49.666074360696655   190.40556683666085
1.0180248908061487   46.535528426198375   184.809793875689
1.047868744742366   43.593944552498805   179.37354002311253
1.0785874845736239   40.83048553891571   174.08782009679825
1.1102067579703248   38.23495767268183   168.94396196355595
1.1427529644757777   35.797748234952316   163.93370462439043
1.1762532775476793   33.50974914757039   159.04943056805973
1.210735667245765   31.362332985728507   154.28413370600128
1.246228923584555   29.347330936809726   149.63138379215832
1.2827626805706884   27.457011518049388   145.0852934010385
1.3203674409449337   25.68406004660822   140.64048717624925
1.3590746016495152   24.021555105102923   136.29215673214935
1.3989164800420282   22.462937874745727   132.0363172338692
1.4399263408778291   21.00200979551495   127.86946364554285
1.4821384240834183   19.632919751239168   123.788429550464
1.525587973344019   18.350146260957423   119.79036765043368
1.5703112655292182   17.148480461176337   115.87273107689751
1.6163456409812174   16.023009853246652   112.03325539999334
1.6637295346910133   14.969102785691883   108.26994670239186
1.7125025083885144   13.982393326701665   104.58152632268227
1.7627052835733923   13.058767021083865   100.96768240044277
1.814379775514258   12.194348067552538   97.4282237009225
1.8675691282445197   11.385486536211276   93.96298246920746
1.922317750584177   10.628746134896883   90.57180853563798
1.9786713532176083   9.920892569199294   87.25456360302073
2.0366769868582977   9.258882472393116   84.01111572452761
2.0963830815323896   8.639852697798297   80.84137905506594
2.1578394870138577   8.06110815485223   77.74586138201906
2.2210975144450407   7.520113703449218   74.72538769543186
2.286209979177315   7.0144870745574694   71.78061720663062
2.3532312448676476   6.541990188380457   68.91203844686093
2.4222172688678643   6.100520887872857   66.11997568789286
2.4932256489445366   5.688105112418699   63.40459558020175
2.5663156713684585   5.302889490661656   60.765913973258534
2.641548360413907   4.9431351940737835   58.20393571614298
2.7189865293089923   4.607213919312461   55.71909309641249
2.798694832679631   4.293597939147536   53.31172827932713
2.8807398205309562   4.000853112332098   50.981920123563384
2.9651899938111903   3.7276335061583383   48.729503397741986
3.05211586160442   3.472676299772626   46.554087790840086
3.1415899999999994   3.234796955708497   44.455076591335654
