0.01   4826.243859354134   4826.0073441128025
0.010293154462191829   4895.402732658681   4895.148737188897
0.010594902878253955   4963.417029196553   4963.143770730178
0.010905497183778876   5030.143949987902   5029.849564210804
0.011225196699963396   5095.4327221259155   5095.1152015336675
0.011554268350120923   5159.122627317068   5158.779730813817
0.011892986882540897   5221.049572682353   5220.6788151481105
0.012241635099881474   5281.045766643292   5280.644417069508
0.012600504095286909   5338.934986548819   5338.500071052307
0.012969893495426888   5394.537239639354   5394.065543528555
0.013350111710660605   5447.671032127312   5447.159100108306
0.013741476192534558   5498.14731870862   5497.591398396378
0.014144313698828986   5545.769477457738   5545.165458944808
0.01455896056637426   5590.340896716719   5589.684314549217
0.014985762991865008   5631.664014459769   5630.95001926571
0.01542507732090645   5669.535391786736   5668.758626884751
0.015877270345534218   5703.752569321301   5702.90715139332
0.016342719610456153   5734.116461069365   5733.1959799026035
0.016821813728271667   5760.426107365257   5759.423390672076
0.017314952703931925   5782.48099529283   5781.387925123132
0.017822548268711737   5800.087485179246   5798.895020964729
0.01834502422397195   5813.058787176675   5811.757070832005
0.018882816794999403   5821.213806313531   5819.792389837472
0.019436374995219892   5824.381689340833   5822.8296249025125
0.02000616100108813   5822.404059686817   5820.709934632058
0.020592650537967844   5815.138729597316   5813.290374811585
0.021196333277324068   5802.459972150303   5800.44432702478
0.02181771324555934   5784.258251729304   5782.061467886292
0.022457309244835088   5760.448310310046   5758.056269222103
0.02311565528622961   5730.97699580367   5728.376222338124
0.023793301035594242   5695.811746145562   5692.989609084729
0.024490812272480036   5654.943950088864   5651.888839515398
0.025208771362518027   5608.4171094487665   5605.119087114264
0.0259477777436476   5556.308674309388   5552.759788018727
0.02670844842659881   5498.715779461646   5494.910116891352
0.027491418510046592   5435.78855790184   5431.722991449369
0.028297341710866907   5367.744552963566   5363.419768081236
0.029126890909937666   5294.818651299516   5290.239102604005
0.029980758713939952   5217.273352900819   5212.4472790964855
0.030859658033628758   5135.465537511028   5130.405718434888
0.031764322679055976   5049.782547326792   5044.506300316344
0.03269550797224261   4960.612745327876   4955.141543082177
0.033653991377811755   4868.4233646192215   4862.782391087662
0.03464057315210884   4773.761544389736   4767.97921129465
0.03565607701135116   4677.156879634629   4671.26437117377
0.036701350819364466   4579.137661792575   4573.168201498563
0.03777726729548091   4480.295379044718   4474.282700511284
0.038884724743189276   4381.205502753227   4375.18328429657
0.04002464780014597   4282.406471322672   4276.407916921812
0.041197988210172884   4184.466002803619   4178.5204201147535
0.04240572561788674   4087.963973598966   4082.094193304735
0.04364886838662332   3993.430331866356   3987.653056736255
0.04492845444033957   3901.386079984913   3895.70856542075
0.04624555213019635   3812.4173246376527   3806.8274752494513
0.04760126112654554   3727.073204318359   3721.539392878714
0.04899671333706607   3645.798430948328   3640.2712333312256
0.05043307385181555   3568.639184042126   3563.0532023703067
0.05191154191598653   3495.481779221191   3489.757040695498
0.053433351931179485   3426.18698235168   3420.2304926322786
0.05499977448602865   3360.400493050976   3354.1107975759114
0.05661211741704101   3297.6938843211688   3290.9632912646925
0.05827172690053434   3237.6074323865705   3230.3253298127665
0.05997998857658587   3179.4952108313114   3171.5586614173817
0.06173832870592997   3122.700667831246   3114.0171511518156
0.0635482153607709   3066.4716269917135   3056.9713534798984
0.06541115965050462   3009.957412697321   2999.606125098407
0.06732871698337338   2952.29352904306   2941.1006463942254
0.06930248836510605   2892.468383214105   2880.5122932611716
0.07133412173562886   2829.509370500129   2816.944379767394
0.07342531334496233   2762.468650400208   2749.5561823122816
0.07557780916945323   2690.5187131488815   2677.6319282159166
0.07779340636952398   2613.1778959761214   2600.800153146905
0.08007395479015682   2530.257278760472   2518.9670676278542
0.08242135850536496   2442.125615838736   2432.5601123075667
0.08483757740794096   2349.519430809116   2342.343077208681
0.08732462884580919   2253.6958243414424   2249.568870672666
0.08988458930634863   2156.136571352472   2155.667533792804
0.09251959615009227   2058.5618898884677   2062.2256325755034
0.09523184939525078   1962.7543377886652   1970.8611121030096
0.09802361355455057   1870.48082896007   1883.1648573892708
0.10089721952591899   1783.3881490563645   1800.5603114123771
0.10385506653859616   1703.0028455758109   1724.3090853769265
0.10689962415629803   1630.4604051486892   1655.3106770402585
0.11003343433910281   1566.5074132368582   1594.1048326201733
0.11325911356578279   1511.0835293097584   1540.4617633735095
0.11657935501835284   1463.513010266783   1493.617955075633
0.11999693083066039   1422.2255027725287   1452.1160566560616
0.12351469440289359   1385.1576425036676   1414.1200407531862
0.12713558278394044   1349.8720076670077   1377.5288008790592
0.13086261912358757   1313.8882005847815   1340.311986119024
0.13469891519660646   1274.9981280600823   1300.7340124066918
0.13864767400083483   1231.526306667955   1257.5502635784449
0.14271219243142114   1182.674613998272   1210.2863855771934
0.14689586403346616   1128.6994388633473   1159.377244407264
0.1512021818353596   1070.880961670392   1105.977524435913
0.15563474126517718   1011.3307049288424   1051.7538985374133
0.16019724315257297   952.6758730108246   998.8211454795382
0.1648934968186736   897.6951217367731   949.2121037397862
0.1697274232565544   848.8199513603882   904.5639497420293
0.17470305840495237   807.4972024912693   865.8255597955522
0.17982455651794954   773.6923270596343   832.7147906996852
0.18509619363343993   745.906597696111   803.8764955383817
0.19052237114327647   721.7225592391585   777.5781368755013
0.19610761946807834   698.4118225904774   751.950188160049
0.20185660183976684   673.3533534564307   725.3672044827173
0.20777411819498756   644.6316645821713   696.6626511666434
0.21386510918267082   611.8960872734203   665.8362173770112
0.22013466028907505   576.6368268733826   634.051539808765
0.22658800608375756   541.403455644231   602.8899742551902
0.23323053459001789   508.76422331366405   573.878262927925
0.2400677917834628   480.6131263294862   547.8902340546659
0.24710548622244882   457.5499091645157   525.1532634030414
0.25434949381426813   438.5433057441287   504.88148599049066
0.2618058627210567   421.4197963900301   485.8328722616563
0.2694808184095226   403.8182573550659   466.8739450299968
0.27738076884870827   384.1823541530784   447.1673868717226
0.2855123098601282   362.6107668341193   427.08325984482576
0.29388223062474755   340.6501162007749   407.36685679648383
0.3024975193514008   320.20813860304315   388.81620893576553
0.31136536911138296   302.59179960108594   371.9651879255023
0.3204931838440838   287.82849503896205   356.51304968435267
0.32988858453867975   274.63570649384   342.10691490082957
0.3395594155970457   261.43564789211524   328.0052688120331
0.34951375138319807   247.38267391589758   313.9732872872856
0.3597599029647371   232.83091517102199   300.22352788723066
0.37030642505191835   218.95870788805877   287.14527345455826
0.3811621231401457   206.6584080965162   274.9435056331338
0.3923360608618501   195.88415911177188   263.5176579744912
0.4038375675538918   185.84521205143204   252.67303669996065
0.41567624604680364   175.74932592412245   242.13798521580006
0.42786198068238046   165.5328256903542   231.91905513169206
0.4404049455663077   155.76075498867593   222.1846953508788
0.4533156130627191   146.89896789632758   212.99147397718463
0.4666047625377753   138.84963248118498   204.2977660727704
0.4802834893595659   131.1482353488335   195.98446733925107
0.49436321416184764   123.55658115673633   187.989641775842
0.5088556923793517   116.25578956260257   180.34558760544866
0.5237730240626238   109.50156363697526   173.09917905252598
0.5391276639805903   103.24717207776963   166.20747280532112
0.5549324320192869   97.27465641972016   159.62339256935883
0.5712005238854289   91.51704210765725   153.32052633726283
0.5879455221237613   86.08620926029326   147.3148632600629
0.6051814074573895   81.02431229385546   141.60454178591826
0.622922570460556   76.2408299069422   136.1549027472722
0.6411838235736077   71.67981898022056   130.94355853340568
0.6599804134701901   67.37611628772734   125.97662556297328
0.6793280337869897   63.33760646760059   121.24211791975083
0.6992428382266549   59.52577516096803   116.72122886540802
0.7197414540448374   55.92608966761084   112.40530560756017
0.7408409959326054   52.52869720793847   108.28474014606795
0.7625590803058332   49.32428957693553   104.34952912270506
0.7849138400134885   46.30376822608935   100.59023300115535
0.8079239394770964   43.45826402055464   96.99794169443435
0.8316085902740278   40.779071820520365   93.5641718048996
0.8559875671776167   38.25723649655091   90.28044721214886
0.8810812246675007   35.88401179872264   87.13861398927688
0.9069105139239728   33.651106754823104   84.13102304164403
0.9334970003205227   31.55066451503739   81.2504962433143
0.960862881429187   29.575241275842018   78.49029442423873
0.9890310055537336   27.717786135471016   75.84408774502175
1.0180248908061487   25.971622229806655   73.30592541556504
1.047868744742366   24.33045966789912   70.86997053193667
1.0785874845736239   22.78839079192658   68.5303360622266
1.1102067579703248   21.339813609521137   66.28148873308608
1.1427529644757777   19.979412582161732   64.11826714279768
1.1762532775476793   18.702146310271917   62.03585522433261
1.210735667245765   17.503235568601347   60.02975786924252
1.246228923584555   16.378151696560003   58.095778518660644
1.2827626805706884   15.322603931691686   56.22996994149352
1.3203674409449337   14.332518661988582   54.428404078350376
1.3590746016495152   13.40403783821864   52.68730646503506
1.3989164800420282   12.533515352792033   51.00317422475811
1.4399263408778291   11.717506591464947   49.37275850451501
1.4821384240834183   10.952758363763786   47.793047298337164
1.525587973344019   10.236199258777232   46.26124965709817
1.5703112655292182   9.564930414215222   44.77478117620766
1.6163456409812174   8.936216716551929   43.33125535726252
1.6637295346910133   8.347478382506921   41.92847588515747
1.7125025083885144   7.796282822953184   40.564415073723794
1.7627052835733923   7.2803369344062565   39.23720189635212
1.814379775514258   6.797479751285015   37.94511220687327
1.8675691282445197   6.3456754367603425   36.68655961632212
1.922317750584177   5.923006600175226   35.460086958731466
1.9786713532176083   5.52766774425894   34.26436214135112
2.0366769868582977   5.157957468368169   33.09820867815762
2.0963830815323896   4.812274014254643   31.960576387569372
2.1578394870138577   4.4891111421939645   30.850505769607622
2.2210975144450407   4.1870527968425995   29.767121729469395
2.286209979177315   3.904768025514814   28.70962803215838
2.3532312448676476   3.6410061595015177   27.67730199888673
2.4222172688678643   3.394592248376685   26.669489653620687
2.4932256489445366   3.1644237706504694   25.685732868011858
2.5663156713684585   2.9494678165102877   24.7259546183291
2.641548360413907   2.748754341095163   23.7901164559602
2.7189865293089923   2.5613721353736705   22.878155430734903
2.798694832679631   2.3864655060153104   21.989984670850298
2.8807398205309562   2.2232311227150716   21.12549400231788
2.9651899938111903   2.070915026100846   20.284550605740108
3.05211586160442   1.9288093767581842   19.466989576133244
3.1415899999999994   1.79624447888733   18.672479494515027
