0.01   20496.22891189942   20491.252337018297
0.010293154462191829   20681.072236563483   20675.66138434049
0.010594902878253955   20856.482156533024   20850.60032077139
0.010905497183778876   21021.829090184285   21015.435142575236
0.011225196699963396   21176.483101802132   21169.531618053697
0.011554268350120923   21319.789043049637   21312.231445734746
0.011892986882540897   21451.081175922776   21442.866483518814
0.012241635099881474   21569.702811213225   21560.777798574316
0.012600504095286909   21674.986819294256   21665.295100893167
0.012969893495426888   21766.23849985763   21755.718667047044
0.013350111710660605   21842.776788906212   21831.362403006868
0.013741476192534558   21903.93638001659   21891.55618736381
0.014144313698828986   21949.033983496203   21935.61186347898
0.01455896056637426   21977.397749723754   21962.852949902244
0.014985762991865008   21988.389544338017   21972.637099395604
0.01542507732090645   21981.380558468056   21964.32993310315
0.015877270345534218   21955.745167553072   21937.29829132617
0.016342719610456153   21910.90406716244   21890.95588025824
0.016821813728271667   21846.324662780502   21824.76354036821
0.017314952703931925   21761.49645812157   21738.20315603219
0.017822548268711737   21655.96331558642   21630.811492782665
0.01834502422397195   21529.33990131001   21502.197352658804
0.018882816794999403   21381.30656274694   21352.035617167054
0.019436374995219892   21211.614453130955   21180.072526328084
0.02000616100108813   21020.10091437535   20986.142202165174
0.020592650537967844   20806.702084005366   20770.180260432473
0.021196333277324068   20571.47507314951   20532.248049394067
0.02181771324555934   20314.578899083433   20272.511276524117
0.022457309244835088   20036.27649270916   19991.24186152731
0.02311565528622961   19737.011437393325   19688.900620025222
0.023793301035594242   19417.38251131847   19366.109624496516
0.024490812272480036   19078.080032578   19023.583419304334
0.025208771362518027   18719.96268309144   18662.211710523017
0.0259477777436476   18344.16258127168   18283.172384960882
0.02670844842659881   17951.897934060875   17887.729690768665
0.027491418510046592   17544.467126406642   17477.226884872438
0.028297341710866907   17123.507469095886   17053.35588218504
0.029126890909937666   16690.819433797493   16617.97362201503
0.029980758713939952   16248.18100692973   16172.90842676388
0.030859658033628758   15797.58537062579   15720.204096537871
0.031764322679055976   15341.390788960527   15262.273574576579
0.03269550797224261   14881.862992444992   14801.428874495006
0.033653991377811755   14421.198000179327   14339.90256239666
0.03464057315210884   13961.942196625727   13880.266944896368
0.03565607701135116   13506.607992008336   13425.050978650028
0.036701350819364466   13057.457432607142   12976.524703791152
0.03777726729548091   12616.939001622824   12537.113156403342
0.038884724743189276   12187.760757174252   12109.466853153883
0.04002464780014597   11772.297732064086   11695.903915798399
0.041197988210172884   11372.51879726281   11298.331263162372
0.04240572561788674   10989.82711993088   10918.055875351609
0.04364886838662332   10625.308982752082   10556.067733020252
0.04492845444033957   10279.877187704431   10213.189638325928
0.04624555213019635   9954.979696244454   9890.671080397591
0.04760126112654554   9652.507796743317   9590.115379592626
0.04899671333706607   9374.09790829555   9312.900537756752
0.05043307385181555   9119.86035677162   9058.958833723675
0.05191154191598653   8887.096735625995   8825.5428237595
0.053433351931179485   8673.019158870957   8609.831691677833
0.05499977448602865   8475.125905153363   8409.28269431725
0.05661211741704101   8291.187728528996   8221.608708277228
0.05827172690053434   8119.147997600031   8044.700162205528
0.05997998857658587   7956.353078668653   7875.967890432507
0.06173832870592997   7799.446558596714   7712.254691077352
0.0635482153607709   7645.079067786288   7550.45811027268
0.06541115965050462   7489.009193551452   7386.841222821611
0.06732871698337338   7326.902724753356   7217.661167361042
0.06930248836510605   7154.332554804947   7039.289218699285
0.07133412173562886   6966.857505193739   6848.267599173359
0.07342531334496233   6761.053677226057   6642.1195316592175
0.07557780916945323   6534.967115413066   6419.804285752427
0.07779340636952398   6288.007908181608   6181.390450150789
0.08007395479015682   6021.72333075875   5928.705466858672
0.08242135850536496   5739.024155678369   5664.679415696866
0.08483757740794096   5444.736427048148   5393.92074301034
0.08732462884580919   5144.359047303711   5121.302402223424
0.08988458930634863   4844.015517867898   4851.858146695664
0.09251959615009227   4550.086214148368   4590.650396628904
0.09523184939525078   4268.955148891297   4342.576332313469
0.09802361355455057   4007.2619146197753   4112.17178840333
0.10089721952591899   3770.631953331258   3903.1186856606896
0.10385506653859616   3563.3731045654636   3717.8169099951947
0.10689962415629803   3388.162712303789   3557.4296927198097
0.11003343433910281   3244.4049850255656   3420.495080450059
0.11325911356578279   3129.553117909407   3304.264023745835
0.11657935501835284   3038.0919446928633   3204.2475027742553
0.11999693083066039   2963.1353296015436   3115.1536435731973
0.12351469440289359   2896.51467592354   3031.0787391322397
0.12713558278394044   2829.6198831408105   2946.6329061870065
0.13086261912358757   2754.350161173299   2857.2044711286544
0.13469891519660646   2664.095486074781   2759.3402211370235
0.13864767400083483   2555.1707029384374   2651.647465456107
0.14271219243142114   2427.2223843578886   2534.8956412058787
0.14689586403346616   2283.362539084448   2411.9543980708772
0.1512021818353596   2129.855393676013   2287.3159089308706
0.15563474126517718   1975.5910128306232   2165.7952245260935
0.16019724315257297   1830.6727523751651   2051.96475124153
0.1648934968186736   1704.058150721801   1949.9596686165778
0.1697274232565544   1600.8804839635375   1862.0407014528419
0.17470305840495237   1521.3324752434316   1785.5234183684793
0.17982455651794954   1461.8735443167886   1719.324730152154
0.18509619363343993   1416.5141323275116   1659.6739498668946
0.19052237114327647   1377.0341697164547   1602.8644821669757
0.19610761946807834   1333.93487212172   1545.4795226631925
0.20185660183976684   1279.7243035881231   1484.7718887822093
0.20777411819498756   1212.2574680896976   1421.1140479539927
0.21386510918267082   1134.5445173607523   1357.0299953842384
0.22013466028907505   1052.9726372376188   1293.9528124541275
0.22658800608375756   975.5432176370483   1234.3267313326253
0.23323053459001789   909.3322958222383   1180.1289321777604
0.2400677917834628   857.5025723009352   1131.1866478646261
0.24710548622244882   818.5843313082769   1087.0660303378993
0.25434949381426813   787.4045338366005   1045.7454396368353
0.2618058627210567   756.7266164627382   1005.6706850735901
0.2694808184095226   720.9079304938406   965.9198437600317
0.27738076884870827   678.753592606596   926.093859437835
0.2855123098601282   632.983440056917   887.5229393743666
0.29388223062474755   588.6962115905644   850.9253246858898
0.3024975193514008   550.7236028856125   816.5216459850856
0.31136536911138296   520.418234430067   784.6219272137683
0.3204931838440838   495.51299534729475   754.6026606513261
0.32988858453867975   471.96279507505733   725.9905450056433
0.3395594155970457   446.3836855854473   697.9088246207592
0.34951375138319807   418.5326669209842   670.9923853144111
0.3597599029647371   390.84588655144114   645.154188637465
0.37030642505191835   366.0109537339528   620.6184783896625
0.3811621231401457   345.03889455489076   597.5618897265556
0.3923360608618501   326.5826229144567   575.6856904099
0.4038375675538918   308.45348984525384   554.7283349341783
0.41567624604680364   289.7240116444617   534.4884809473594
0.42786198068238046   271.2185627230974   515.0857523035248
0.4404049455663077   254.29524500285552   496.6822184098437
0.4533156130627191   239.30652262022596   479.2078346237044
0.4666047625377753   225.45928888011053   462.5367332435257
0.4802834893595659   211.8596316282447   446.5500036860748
0.49436321416184764   198.5673208341025   431.200056000542
0.5088556923793517   186.15500306599222   416.5507417029393
0.5237730240626238   174.83730041592702   402.62925520345414
0.5391276639805903   164.24096461132828   389.3034495993136
0.5549324320192869   154.04302775324547   376.5020650072078
0.5712005238854289   144.34989009554457   364.2281274933139
0.5879455221237613   135.34493036849855   352.49876227650765
0.6051814074573895   126.94719244408417   341.28278979124826
0.622922570460556   118.98232745100174   330.49328351354904
0.6411838235736077   111.45361474727206   320.1305593159755
0.6599804134701901   104.41385943087654   310.194545860937
0.6793280337869897   97.8217305029681   300.6672798524877
0.6992428382266549   91.61764063911065   291.498903948245
0.7197414540448374   85.78185516436496   282.66923213610613
0.7408409959326054   80.29624541415357   274.1601785143045
0.7625590803058332   75.1431541955647   265.95477851237234
0.7849138400134885   70.30543286887718   258.0371144823585
0.8079239394770964   65.76647123134937   250.39224692080464
0.8316085902740278   61.510188409438214   243.0060859321186
0.8559875671776167   57.52032501923827   235.86381216154507
0.8810812246675007   53.78066485887825   228.94997344234673
0.9069105139239728   50.27592602658304   222.25016170765807
0.9334970003205227   46.991745956631625   215.7510219502628
0.960862881429187   43.91462615766346   209.44018299493953
0.9890310055537336   41.03188032066364   203.30619417301517
1.0180248908061487   38.33158825736103   197.33846726718883
1.047868744742366   35.80265155304076   191.52722176189087
1.0785874845736239   33.43474966713022   185.8634355852761
1.1102067579703248   31.218146297287902   180.33880207174815
1.1427529644757777   29.14365004981886   174.94568837438666
1.1762532775476793   27.202587513171565   169.67709677728882
1.210735667245765   25.38677737550604   164.5266287231143
1.246228923584555   23.688505330150484   159.48845377386422
1.2827626805706884   22.100482396970584   154.55747440494687
1.3203674409449337   20.61581591653545   149.72940473855581
1.3590746016495152   19.228021153008132   145.00040146603232
1.3989164800420282   17.93100176861059   140.3670047115024
1.4399263408778291   16.71902793519471   135.82611599403617
1.4821384240834183   15.586715579315253   131.37497704959247
1.525587973344019   14.529006717288585   127.01115124864774
1.5703112655292182   13.541152374252155   122.7328763722775
1.6163456409812174   12.618696186864604   118.53942496209322
1.6637295346910133   11.75745402023362   114.43027586201069
1.7125025083885144   10.953497832072225   110.40498427123269
1.7627052835733923   10.2031409009076   106.4631724585806
1.814379775514258   9.50292383777608   102.60452068818381
1.8675691282445197   8.849601344595417   98.82875865964375
1.922317750584177   8.24012930734609   95.13596528580472
1.9786713532176083   7.671652404736115   91.52706767097203
2.0366769868582977   7.141494018029135   88.00298956351524
2.0963830815323896   6.647145796057735   84.56448083405576
2.1578394870138577   6.186257585217072   81.21212199756341
2.2210975144450407   5.756627923216961   77.94632904613175
2.286209979177315   5.35619506794598   74.76735856594459
2.3532312448676476   4.983028078475285   71.67543693736366
2.4222172688678643   4.635317793068349   68.67107564146022
2.4932256489445366   4.3113709971959615   65.75465118313137
2.5663156713684585   4.00960369651382   62.926296316671966
2.641548360413907   3.7285343327884632   60.185914777088634
2.7189865293089923   3.4667774015707145   57.53319602051069
2.798694832679631   3.2230374492722684   54.96762989506528
2.8807398205309562   2.996103909526164   52.48858239758103
2.9651899938111903   2.784847446043698   50.095533759742544
3.05211586160442   2.5882127477377055   47.787832033976805
3.1415899999999994   2.40521311951889   45.56460688001021
