0.01   23528.085840355565   23523.388837045826
0.010293154462191829   23672.32733250098   23667.303855200942
0.010594902878253955   23802.701279310357   23797.323900890235
0.010905497183778876   23918.513213897906   23912.750970779773
0.011225196699963396   24019.067151536427   24012.886434707303
0.011554268350120923   24103.638261588185   24097.005087053694
0.011892986882540897   24171.51750124434   24164.398028178606
0.012241635099881474   24222.019522448973   24214.37987115989
0.012600504095286909   24254.449551683658   24246.252368099023
0.012969893495426888   24268.125553926446   24259.328142871338
0.013350111710660605   24262.40603789486   24252.96059108804
0.013741476192534558   24236.661834520837   24226.516207082266
0.014144313698828986   24190.25499521115   24179.353910506346
0.01455896056637426   24122.59842915166   24110.883987800582
0.014985762991865008   24033.16057345852   24020.572144218335
0.01542507732090645   23921.433408861103   23907.904517301555
0.015877270345534218   23786.966290780467   23772.42389122731
0.016342719610456153   23629.388546670794   23613.75380149298
0.016821813728271667   23448.39420493417   23431.582604997508
0.017314952703931925   23243.74305359959   23225.664493173706
0.017822548268711737   23015.29102540973   22995.85091708618
0.01834502422397195   22762.998085314197   22742.099217371142
0.018882816794999403   22486.937181549492   22464.483428106025
0.019436374995219892   22187.29235620567   22163.19056619506
0.02000616100108813   21864.363025682713   21838.524412323994
0.020592650537967844   21518.622867335424   21490.96613688645
0.021196333277324068   21150.707135511366   21121.16116899743
0.02181771324555934   20761.358628214817   20729.86349272271
0.022457309244835088   20351.488731719433   20318.001813489685
0.02311565528622961   19922.27875199848   19886.789178619245
0.023793301035594242   19475.014292232303   19437.544060010558
0.024490812272480036   19011.074917908365   18971.67793489173
0.025208771362518027   18532.183107464036   18490.950978651093
0.0259477777436476   18040.245168040903   17997.30838005548
0.02670844842659881   17537.160084226824   17492.68390899499
0.027491418510046592   17025.04565886259   16979.233103231727
0.028297341710866907   16506.394286220297   16459.493770869096
0.029126890909937666   15983.615949569219   15935.915110907066
0.029980758713939952   15459.072395136705   15410.890231427411
0.030859658033628758   14935.577214008792   14887.255543313084
0.031764322679055976   14415.930855324696   14367.8266781447
0.03269550797224261   13902.655351348358   13855.1339974941
0.033653991377811755   13398.401916167166   13351.821258925342
0.03464057315210884   12905.998923999392   12860.693401567742
0.03565607701135116   12427.906481758953   12384.185476143284
0.036701350819364466   11966.33305526227   11924.467775068746
0.03777726729548091   11523.657555223695   11483.828432088565
0.038884724743189276   11101.986068714436   11064.279787094078
0.04002464780014597   10703.024834595395   10667.44493427917
0.041197988210172884   10327.925850366308   10294.359944743903
0.04240572561788674   9977.398240355758   9945.595728064138
0.04364886838662332   9651.96453294168   9621.554389729064
0.04492845444033957   9351.954218707599   9322.424420490492
0.04624555213019635   9077.450563876786   9048.062746114074
0.04760126112654554   8828.472536317697   8798.26697490118
0.04899671333706607   8604.571498567897   8572.409859117197
0.05043307385181555   8402.133880851492   8366.886771490594
0.05191154191598653   8216.534926147871   8177.152613783739
0.053433351931179485   8043.694461916656   7999.195838380224
0.05499977448602865   7880.838351416906   7830.272998557029
0.05661211741704101   7725.834184824468   7668.267928956917
0.05827172690053434   7576.045749394463   7510.644340525525
0.05997998857658587   7426.646414604796   7352.967235158052
0.06173832870592997   7272.626960815   7190.686369668361
0.0635482153607709   7108.799677734877   7019.2801140231495
0.06541115965050462   6929.862002390208   6834.309645863947
0.06732871698337338   6731.4662221658   6632.2648953989565
0.06930248836510605   6510.944820500449   6411.317013213772
0.07133412173562886   6266.940165652539   6170.7989434483525
0.07342531334496233   6001.020335064332   5912.758757830195
0.07557780916945323   5716.229986544257   5640.463948245344
0.07779340636952398   5417.568557732506   5358.700882010883
0.08007395479015682   5110.769930982909   5072.720904463741
0.08242135850536496   4801.929375899178   4787.926631191161
0.08483757740794096   4497.135328239595   4509.540215166855
0.08732462884580919   4203.6083058410295   4243.392545021832
0.08988458930634863   3928.302557598762   3994.93474002435
0.09251959615009227   3678.128882738737   3769.346400556629
0.09523184939525078   3458.305263505384   3570.0655437306173
0.09802361355455057   3272.445283704762   3398.9025505270524
0.10089721952591899   3120.9093703306585   3255.266199195542
0.10385506653859616   3001.288820874191   3136.417592564299
0.10689962415629803   2908.56179074166   3037.841438012889
0.11003343433910281   2835.813852401009   2953.7513908410688
0.11325911356578279   2774.7419335289856   2877.605144240019
0.11657935501835284   2716.5448153407374   2802.920910461609
0.11999693083066039   2652.326886949021   2723.952520811725
0.12351469440289359   2574.6854006796625   2636.143177244767
0.12713558278394044   2478.567382591016   2536.683577001323
0.13086261912358757   2362.4641092268525   2425.897071391422
0.13469891519660646   2228.0744486328367   2305.826014096335
0.13864767400083483   2080.2411177812573   2179.995840655757
0.14271219243142114   1927.1109093250761   2054.1111099217796
0.14689586403346616   1779.3387965737882   1934.3377273564506
0.1512021818353596   1647.1957968599172   1826.1907551989657
0.15563474126517718   1537.5062548076287   1732.9762861333054
0.16019724315257297   1451.7442405011736   1654.119560335569
0.1648934968186736   1387.6008986966535   1587.8048873340797
0.1697274232565544   1340.4202873110207   1530.549473508128
0.17470305840495237   1303.0924509879087   1478.3134765168645
0.17982455651794954   1266.1312154872342   1426.6130440170887
0.18509619363343993   1220.6876933028595   1371.8610437082045
0.19052237114327647   1162.6969071516855   1312.9332238870888
0.19610761946807834   1093.362155278967   1251.0608898918701
0.20185660183976684   1017.3136539817124   1188.8923174301076
0.20777411819498756   941.6390626178331   1128.9883107567941
0.21386510918267082   873.9013874331303   1074.0534001079657
0.22013466028907505   818.7344498217382   1025.0883305695584
0.22658800608375756   776.6268027484737   981.7055912746721
0.23323053459001789   744.3725210250191   942.595083075427
0.2400677917834628   715.6679251930731   905.3347909864575
0.24710548622244882   684.3328664004133   868.2003924454884
0.25434949381426813   647.7571149493815   831.1263683310281
0.2618058627210567   606.7493024165055   794.3736948001567
0.2694808184095226   564.8555405141154   758.762145294615
0.27738076884870827   526.8768067003552   725.6143452129178
0.2855123098601282   495.360757351766   695.0349566290224
0.29388223062474755   469.6517537066922   666.4297414219818
0.3024975193514008   446.9684571276297   639.5214007129345
0.31136536911138296   423.9034721395885   613.2647373303579
0.3204931838440838   399.02225386883924   588.2138231342999
0.32988858453867975   373.49541716362063   563.834090965753
0.3395594155970457   349.42404759496924   540.7103609052255
0.34951375138319807   328.3443225918329   519.0490723154923
0.3597599029647371   310.02073466636125   498.5432620212499
0.37030642505191835   292.905761045262   479.00233591762753
0.3811621231401457   275.77346429454815   460.237184849621
0.3923360608618501   258.66381793106507   442.33603610661453
0.4038375675538918   242.4544341260609   425.23839745352564
0.41567624604680364   227.76677585871084   409.066782330498
0.42786198068238046   214.39207674061396   393.7414248553715
0.4404049455663077   201.64413618388966   379.07848477733273
0.4533156130627191   189.25775929564384   365.06427330539015
0.4666047625377753   177.4729862719883   351.69695184398216
0.4802834893595659   166.56103010618256   338.9836192469176
0.49436321416184764   156.4324648685222   326.89011187167495
0.5088556923793517   146.82792743322364   315.3352112169304
0.5237730240626238   137.6819715918366   304.287291962234
0.5391276639805903   129.09271368987365   293.7579739423036
0.5549324320192869   121.07608420992756   283.72324628205087
0.5712005238854289   113.53085252061167   274.1322502470278
0.5879455221237613   106.40219946865717   264.95979451063624
0.6051814074573895   99.70464969265856   256.2021782819054
0.622922570460556   93.42567319058134   247.8310074524955
0.6411838235736077   87.52232942651096   239.82023161163426
0.6599804134701901   81.96740949504078   232.14682134974743
0.6793280337869897   76.75189195337867   224.7989271694023
0.6992428382266549   71.85776767619933   217.75897757146492
0.7197414540448374   67.26552099211588   211.00871978709918
0.7408409959326054   62.95683143545109   204.5311185302102
0.7625590803058332   58.91449817758038   198.31026682165262
0.7849138400134885   55.12236946017068   192.33130421462312
0.8079239394770964   51.56527668797556   186.5803417628713
0.8316085902740278   48.229013073628174   181.04430821855735
0.8559875671776167   45.10053193414679   175.71031004043678
0.8810812246675007   42.16764799134786   170.56600478332146
0.9069105139239728   39.41882576995883   165.5998926239207
0.9334970003205227   36.84314942180357   160.8012594839137
0.960862881429187   34.43029453993144   156.1601228442967
0.9890310055537336   32.17050083062361   151.6671821200066
1.0180248908061487   30.054542203390092   147.3137513374276
1.047868744742366   28.073647212514814   143.09135796211027
1.0785874845736239   26.21950059644936   138.99180809579317
1.1102067579703248   24.484275273808   135.00749864215754
1.1427529644757777   22.86060695895472   131.13139109958144
1.1762532775476793   21.341568257168667   127.35697675035999
1.210735667245765   19.920644108527526   123.6782446977446
1.246228923584555   18.59170862619126   120.08965293540486
1.2827626805706884   17.349008837166124   116.58612777159153
1.3203674409449337   16.187144769202558   113.16304878143474
1.3590746016495152   15.101039864783482   109.81618396600206
1.3989164800420282   14.08592201903768   106.5416648046173
1.4399263408778291   13.137306425567093   103.33596642000289
1.4821384240834183   12.250979305822446   100.19588896038071
1.525587973344019   11.422982481636069   97.11854024154509
1.5703112655292182   10.649598012619279   94.10146571487384
1.6163456409812174   9.927333354683054   91.14286447345836
1.6637295346910133   9.252910358515262   88.24119393041927
1.7125025083885144   8.623253133084111   85.39508331953387
1.7627052835733923   8.035476179126709   82.60332312626149
1.814379775514258   7.486873172773802   79.86485479729147
1.8675691282445197   6.974906367088221   77.17876069543307
1.922317750584177   6.497196410937316   74.54436378768412
1.9786713532176083   6.051512269528925   71.96165633999448
2.0366769868582977   5.635763105036484   69.43082905517224
2.0963830815323896   5.247990139596344   66.95206076450596
2.1578394870138577   4.886358657415156   64.52551518823631
2.2210975144450407   4.549150465167418   62.151337960659355
2.286209979177315   4.234756786525692   59.82965379657189
2.3532312448676476   3.941671484550403   57.560599640641655
2.4222172688678643   3.668484032176892   55.344650663915765
2.4932256489445366   3.41387416116365   53.1824065775574
2.5663156713684585   3.1766068230654296   51.07434593956389
2.641548360413907   2.9555268764818825   49.020826840595674
2.7189865293089923   2.749554084804388   47.02209121325488
2.798694832679631   2.557678414576022   45.078269309360515
2.8807398205309562   2.378955662771282   43.1893945663218
2.9651899938111903   2.2125043570222807   41.35565380341918
3.05211586160442   2.0575015463314266   39.57735502209293
3.1415899999999994   1.9131778268172575   37.85463767877236
