0.01   14311.511922914267   14310.450161356363
0.010293154462191829   14401.963086117275   14400.852575863048
0.010594902878253955   14484.032580314559   14482.871747813715
0.010905497183778876   14557.264359521043   14556.050573125756
0.011225196699963396   14621.208568359212   14619.937951079286
0.011554268350120923   14675.423872779304   14674.091371940387
0.011892986882540897   14719.456850338078   14718.056813920015
0.012241635099881474   14752.858351641435   14751.384816660599
0.012600504095286909   14775.198075246413   14773.644794974438
0.012969893495426888   14786.045087936358   14784.405291691957
0.013350111710660605   14784.958315333537   14783.224323785736
0.013741476192534558   14771.522017424879   14769.685255420476
0.014144313698828986   14745.346715053232   14743.397672604937
0.01455896056637426   14706.046864323731   14703.974606177635
0.014985762991865008   14653.264977138477   14651.05703861712
0.01542507732090645   14586.685872047054   14584.328355321362
0.015877270345534218   14506.02252553554   14503.499612450654
0.016342719610456153   14411.016577947725   14408.309963363647
0.016821813728271667   14301.462971466579   14298.552042590472
0.017314952703931925   14177.212579390542   14174.074772322345
0.017822548268711737   14038.168634362275   14034.780138547014
0.01834502422397195   13884.296654748801   13880.632820433004
0.018882816794999403   13715.630519810713   13711.666213599923
0.019436374995219892   13532.293103712005   13528.003834956882
0.02000616100108813   13334.495223399348   13329.858168634551
0.020592650537967844   13122.518465129662   13117.51274994129
0.021196333277324068   12896.740329467042   12891.348108032134
0.02181771324555934   12657.686144314739   12651.895365086722
0.022457309244835088   12405.957492648122   12399.76232426192
0.02311565528622961   12142.223163725745   12135.624174207169
0.023793301035594242   11867.339091267988   11860.347665360518
0.024490812272480036   11582.29181761954   11574.93264017441
0.025208771362518027   11288.092124664941   11280.40202032706
0.0259477777436476   10985.872517128944   10977.900561336295
0.02670844842659881   10677.01034265643   10668.819634657553
0.027491418510046592   10362.880169137537   10354.54623157442
0.028297341710866907   10044.843217944192   10036.452182213372
0.029126890909937666   9724.533735515754   9716.183359953387
0.029980758713939952   9403.654598202322   9395.453400000777
0.030859658033628758   9083.773954761198   9075.838502177647
0.031764322679055976   8766.527258581918   8758.977407242282
0.03269550797224261   8453.747098791964   8446.700084415903
0.033653991377811755   8147.082352263377   8140.6513418415825
0.03464057315210884   7848.024416094261   7842.316208945446
0.03565607701135116   7558.257711123064   7553.361833598978
0.036701350819364466   7279.370859797268   7275.357053302662
0.03777726729548091   7012.687600033218   7009.6080750483
0.038884724743189276   6759.273842327303   6757.147079756378
0.04002464780014597   6519.962207126142   6518.752509078659
0.041197988210172884   6295.410447191376   6295.034357154589
0.04240572561788674   6086.163773327658   6086.4931091723265
0.04364886838662332   5892.803252154956   5893.650288870063
0.04492845444033957   5715.848851810432   5716.967440043547
0.04624555213019635   5555.625975094264   5556.7185876900485
0.04760126112654554   5410.900661070193   5411.631592090222
0.04899671333706607   5279.487470271151   5279.491094958626
0.05043307385181555   5159.399997451096   5158.2819082676215
0.05191154191598653   5048.888991478335   5046.229345497748
0.053433351931179485   4946.395983949574   4941.752302326971
0.05499977448602865   4850.34820010287   4843.267044181753
0.05661211741704101   4758.37300628057   4748.458290484781
0.05827172690053434   4667.90296514297   4654.843155878122
0.05997998857658587   4576.122414354795   4559.740143305935
0.06173832870592997   4479.658707676627   4459.997853328982
0.0635482153607709   4375.342910218754   4352.688160060283
0.06541115965050462   4260.230755443423   4235.1879417112505
0.06732871698337338   4131.841400706083   4105.339088018889
0.06930248836510605   3988.9816543183115   3962.2318972240537
0.07133412173562886   3831.503828397154   3805.941290574567
0.07342531334496233   3660.770318170737   3637.954279800983
0.07557780916945323   3479.3062267424184   3460.8253807299925
0.07779340636952398   3290.280001026922   3277.6975233637518
0.08007395479015682   3097.250453854075   3092.0368765708595
0.08242135850536496   2904.4721683105245   2907.805402019562
0.08483757740794096   2716.321714268496   2728.979860336866
0.08732462884580919   2537.3898775646157   2559.625908067598
0.08988458930634863   2371.972993232785   2403.4362141275146
0.09251959615009227   2224.1566027695735   2263.778032198281
0.09523184939525078   2096.647792141078   2142.761816173846
0.09802361355455057   1990.7705327771325   2041.1293057619384
0.10089721952591899   1906.0874684523112   1958.1367724778845
0.10385506653859616   1840.2870684268553   1891.4225948950843
0.10689962415629803   1789.682086218925   1837.5293247590969
0.11003343433910281   1749.5456008668439   1792.2009639191576
0.11325911356578279   1714.3416958036785   1750.6826803470108
0.11657935501835284   1678.365764856113   1708.2790542926614
0.11999693083066039   1636.1239993075487   1660.7226567750663
0.12351469440289359   1583.411541146054   1604.9862055432084
0.12713558278394044   1517.8204090061338   1539.5605387055075
0.13086261912358757   1439.25206807274   1464.7678889455012
0.13469891519660646   1349.8610457988386   1382.803526336825
0.13864767400083483   1253.9936246974278   1297.2832365892484
0.14271219243142114   1157.8240490574985   1212.8980913811665
0.14689586403346616   1068.4100128126893   1134.8594661263933
0.1512021818353596   991.5145304924149   1066.707611515393
0.15563474126517718   929.9371842423591   1010.3138646684125
0.16019724315257297   883.5078851266445   964.964431178828
0.1648934968186736   849.9679880978483   928.3165350490387
0.1697274232565544   825.4796187814371   897.8374839047669
0.17470305840495237   804.4352600042063   869.5613750501911
0.17982455651794954   780.3532830211045   839.4858088847271
0.18509619363343993   748.6783370188158   804.9412870444894
0.19052237114327647   708.3705996670028   765.7670631097296
0.19610761946807834   661.4383986788341   723.7947609445035
0.20185660183976684   612.0100809130641   681.7081451556767
0.20777411819498756   565.4087402822901   642.1641591565406
0.21386510918267082   526.0869648630143   607.5310369452956
0.22013466028907505   495.8508154421083   578.2278267771707
0.22658800608375756   473.7179713232751   553.6207579282777
0.23323053459001789   456.24038998663684   531.5837108303507
0.2400677917834628   438.73410449527756   509.8213025901486
0.24710548622244882   417.89319033063185   487.0154825457545
0.25434949381426813   393.0791735225629   463.1441999196943
0.2618058627210567   365.95696314751774   439.2069725094534
0.2694808184095226   339.85618892127945   416.528515822113
0.27738076884870827   317.7089606617486   395.9162838158775
0.2855123098601282   300.1861172218981   377.70726539199717
0.29388223062474755   285.8984463667449   361.0769396273529
0.3024975193514008   272.31390379505376   345.07023630677685
0.31136536911138296   257.4178625876271   329.1192024237197
0.3204931838440838   241.19297220236464   313.54751553361046
0.32988858453867975   225.08603127721204   298.48961124799695
0.3395594155970457   210.69827686519727   284.4471916541783
0.34951375138319807   198.59456802714703   271.5550159582146
0.3597599029647371   187.92776753229256   259.41755613420685
0.37030642505191835   177.42187143781769   247.76631351534144
0.3811621231401457   166.58560378286697   236.5037304028845
0.3923360608618501   155.89856764451952   225.7246345132993
0.4038375675538918   146.14606546232852   215.5772349361853
0.41567624604680364   137.49603846781446   206.04761984274464
0.42786198068238046   129.49272073826117   197.02567060275214
0.4404049455663077   121.64277695739938   188.37852724763587
0.4533156130627191   113.9915332980777   180.14100135693715
0.4666047625377753   106.85251470951764   172.3374322659796
0.4802834893595659   100.33333273794013   164.95744341973943
0.49436321416184764   94.22439603475665   157.95397568155946
0.5088556923793517   88.35685757260839   151.27337095558383
0.5237730240626238   82.78999863941348   144.9219588748315
0.5391276639805903   77.61411483413613   138.90345625335283
0.5549324320192869   72.78308928122915   133.18978153503437
0.5712005238854289   68.20714116058807   127.75129439847564
0.5879455221237613   63.88544416180282   122.57589817116457
0.6051814074573895   59.84538161814155   117.66844924844621
0.622922570460556   56.05531631936962   112.99744394367525
0.6411838235736077   52.49251649003946   108.55273430170686
0.6599804134701901   49.144446637113184   104.32507989531685
0.6793280337869897   45.99952459187688   100.30232928335145
0.6992428382266549   43.04665997629568   96.47306963361098
0.7197414540448374   40.27524433879291   92.82659378479522
0.7408409959326054   37.67514217845974   89.35285271035042
0.7625590803058332   35.23668084213987   86.0424114247338
0.7849138400134885   32.95062209911958   82.88638512104147
0.8079239394770964   30.80795059432666   79.87612568462231
0.8316085902740278   28.79999010940372   77.00332079228154
0.8559875671776167   26.91856658111987   74.26019176281142
0.8810812246675007   25.15598378788858   71.63946020090471
0.9069105139239728   23.504996484064662   69.13431242931287
0.9334970003205227   21.95878498482754   66.73836669031986
0.960862881429187   20.510932235704757   64.44563373788473
0.9890310055537336   19.155429562662285   62.250244387833455
1.0180248908061487   17.886648882942758   60.146435210091674
1.047868744742366   16.69928543099727   58.12882163404789
1.0785874845736239   15.58833904377615   56.19238511707984
1.1102067579703248   14.549098244009103   54.33244628676494
1.1427529644757777   13.577125033301314   52.54464031310374
1.1762532775476793   12.668240304942975   50.82489310099757
1.210735667245765   11.818504492448874   49.16929888954839
1.246228923584555   11.024202229497584   47.574041279068666
1.2827626805706884   10.281840324586101   46.0355560872604
1.3203674409449337   9.588136261846588   44.55053182459506
1.3590746016495152   8.940006203575711   43.11589189427079
1.3989164800420282   8.334553624065688   41.728778272266766
1.4399263408778291   7.769058545670017   40.38653650660239
1.4821384240834183   7.240967702801438   39.086684089612405
1.525587973344019   6.747885387883302   37.826868708606504
1.5703112655292182   6.2875632977182585   36.60490359635597
1.6163456409812174   5.857891762537355   35.41876564502648
1.6637295346910133   5.456891643098797   34.26658479824433
1.7125025083885144   5.0827066677108155   33.14663423990561
1.7627052835733923   4.733596187792268   32.0573213000564
1.814379775514258   4.407928249571272   30.997197575051306
1.8675691282445197   4.104172870729535   29.96501471500055
1.922317750584177   3.820896288219572   28.959645283393908
1.9786713532176083   3.5567552967866085   27.980049360776388
2.0366769868582977   3.310491783628636   27.025269080891302
2.0963830815323896   3.080927573460181   26.094423470290153
2.1578394870138577   2.8669595678194706   25.186703559014138
2.2210975144450407   2.6675550530169407   24.30138018300951
2.286209979177315   2.4817467028782065   23.437881425749833
2.3532312448676476   2.308629188568745   22.595723079459958
2.4222172688678643   2.147355770242872   21.774454899128084
2.4932256489445366   1.9971346371483194   20.973657728685286
2.5663156713684585   1.857225464151946   20.192941039604126
2.641548360413907   1.726936175144182   19.431940563723856
2.7189865293089923   1.6056199714574535   18.690328391773473
2.798694832679631   1.492673335375293   17.967970523360776
2.8807398205309562   1.3875328010075196   17.264850396227516
2.9651899938111903   1.2896716393163647   16.580924934697478
3.05211586160442   1.1985975469124883   15.916122377972256
3.1415899999999994   1.1138504901345694   15.270343671792746
