0.01   10396.144546626867   10392.266299076824
0.010293154462191829   10541.892096534808   10537.652368699913
0.010594902878253955   10685.202713445226   10680.567841602127
0.010905497183778876   10825.791240081346   10820.722735258132
0.011225196699963396   10963.36488411447   10957.819588082246
0.011554268350120923   11097.612594463642   11091.544331294715
0.011892986882540897   11228.213439835268   11221.573688823306
0.012241635099881474   11354.841999407992   11347.579919231937
0.012600504095286909   11477.161331255924   11469.222525233725
0.012969893495426888   11594.82169432851   11586.146637049056
0.013350111710660605   11707.470668029464   11697.994615620635
0.013741476192534558   11814.751223869243   11804.404180921187
0.014144313698828986   11916.290880968347   11904.99736518576
0.01455896056637426   12011.714047035737   11999.39312031768
0.014985762991865008   12100.646929497641   12087.212307191028
0.01542507732090645   12182.708495017232   12168.06781413968
0.015877270345534218   12257.51297919186   12241.567197194356
0.016342719610456153   12324.681117350818   12307.32476888327
0.016821813728271667   12383.838195141887   12364.959203592578
0.017314952703931925   12434.607748683098   12414.086243029518
0.017822548268711737   12476.623525314913   12454.332029967083
0.01834502422397195   12509.533395548919   12485.337328571355
0.018882816794999403   12532.996338315605   12506.753790946637
0.019436374995219892   12546.686619183638   12518.24854480161
0.02000616100108813   12550.299712310733   12519.510789524877
0.020592650537967844   12543.558102931647   12510.257351072865
0.021196333277324068   12526.217296262645   12490.23839564277
0.02181771324555934   12498.061574255109   12459.233968930226
0.022457309244835088   12458.908470974196   12417.058926539425
0.02311565528622961   12408.633323269687   12363.589262229327
0.023793301035594242   12347.156675349303   12298.748498254201
0.024490812272480036   12274.43399561376   12222.496562315255
0.025208771362518027   12190.491802179977   12134.867615317678
0.0259477777436476   12095.44522737839   12035.988359567737
0.02670844842659881   11989.447635268285   11926.025156252907
0.027491418510046592   11872.7047506891   11805.1989751388
0.028297341710866907   11745.554332126605   11673.869566103564
0.029126890909937666   11608.393835374676   11532.45871724108
0.029980758713939952   11461.64842590022   11381.416207650307
0.030859658033628758   11305.877795747312   11221.329599284001
0.031764322679055976   11141.776776614208   11052.924467918318
0.03269550797224261   10970.048151354526   10876.933226584404
0.033653991377811755   10791.434332107703   10694.128535946491
0.03464057315210884   10606.8227098565   10505.433810807033
0.03565607701135116   10417.112467497449   10311.783023656651
0.036701350819364466   10223.190253752893   10114.09356571743
0.03777726729548091   10026.178735845602   9913.503837070273
0.038884724743189276   9827.354582742086   9711.293912484074
0.04002464780014597   9627.921106460954   9508.667614413353
0.041197988210172884   9428.869128804843   9306.623832518464
0.04240572561788674   9230.782572785522   9105.777583022415
0.04364886838662332   9034.151035633899   8906.649546681312
0.04492845444033957   8839.51425416681   8709.797077401883
0.04624555213019635   8648.227335636988   8516.49663880646
0.04760126112654554   8462.019242051087   8328.348569927433
0.04899671333706607   8282.466724552278   8146.807562448958
0.05043307385181555   8110.374301804513   7972.595267444417
0.05191154191598653   7945.314259572108   7805.266244631731
0.053433351931179485   7786.75997217419   7644.284352255243
0.05499977448602865   7634.138292082217   7489.072218499243
0.05661211741704101   7486.5654164120415   7338.760728507306
0.05827172690053434   7343.123584847993   7192.452494628899
0.05997998857658587   7202.889475595963   7049.256069873591
0.06173832870592997   7064.693773911894   6908.082720778267
0.0635482153607709   6927.365153403305   6767.853118525707
0.06541115965050462   6789.723119026965   6627.50797294507
0.06732871698337338   6650.457211906664   6485.926461343988
0.06930248836510605   6508.318959867378   6342.057159312913
0.07133412173562886   6361.849850438582   6194.7476305872515
0.07342531334496233   6209.516009307683   6042.8308547364695
0.07557780916945323   6049.976492057312   5885.344702811875
0.07779340636952398   5882.102078762283   5721.587237458992
0.08007395479015682   5705.181706246643   5551.210924936835
0.08242135850536496   5519.444806368551   5374.7163589768725
0.08483757740794096   5325.660834719902   5193.007972624361
0.08732462884580919   5125.847998567318   5007.9134200011895
0.08988458930634863   4922.464546828876   4821.554769474671
0.09251959615009227   4718.593348406871   4636.507814179374
0.09523184939525078   4517.312380356736   4455.2495400252965
0.09802361355455057   4321.649638069151   4279.985996935106
0.10089721952591899   4134.329711403204   4112.611552651559
0.10385506653859616   3957.784816841483   3954.721861574561
0.10689962415629803   3794.0421336174427   3807.4817569603983
0.11003343433910281   3644.713062709539   3671.679506077212
0.11325911356578279   3510.3405530559953   3547.272970028414
0.11657935501835284   3390.593648630185   3433.567540454642
0.11999693083066039   3283.414372512066   3328.8353339196537
0.12351469440289359   3185.7177918900757   3230.76452907079
0.12713558278394044   3093.304703543218   3136.5012236915113
0.13086261912358757   3001.889657003695   3043.274913648071
0.13469891519660646   2907.52255806454   2948.719153747099
0.13864767400083483   2807.265200325326   2851.4495913986734
0.14271219243142114   2699.417129183837   2751.010779695434
0.14689586403346616   2583.9705323389285   2647.7823799757703
0.1512021818353596   2462.5882204558984   2542.9825664620216
0.15563474126517718   2338.294136949637   2438.5082119084605
0.16019724315257297   2214.970570783418   2336.6246029352737
0.1648934968186736   2096.62851624748   2239.341726022139
0.1697274232565544   1987.0017467158796   2148.231862654669
0.17470305840495237   1889.0560342949218   2064.302801052052
0.17982455651794954   1804.1663329334986   1987.7340413734114
0.18509619363343993   1731.114488513018   1917.4669713112517
0.19052237114327647   1666.2808081634832   1851.5508942256122
0.19610761946807834   1605.1242945566853   1787.9315467781087
0.20185660183976684   1543.6724619807449   1725.2360342018553
0.20777411819498756   1479.0418438035242   1662.6060747505232
0.21386510918267082   1409.669942042632   1599.5769466536522
0.22013466028907505   1336.2206618690354   1536.7615369663583
0.22658800608375756   1261.917122703862   1475.6721879466834
0.23323053459001789   1190.8887248788938   1417.3609626643831
0.2400677917834628   1126.1485270781716   1362.4821665272616
0.24710548622244882   1069.045543010197   1311.2135984900383
0.25434949381426813   1019.1790162842507   1263.0222443187224
0.2618058627210567   974.2142924906702   1217.1890717347947
0.2694808184095226   930.949466397997   1172.8907795887344
0.27738076884870827   886.8148732360527   1129.8653972481075
0.2855123098601282   840.8243786514859   1087.667874810122
0.29388223062474755   794.0956903066304   1046.8320716937637
0.3024975193514008   749.1430708735937   1007.6777416472363
0.31136536911138296   707.8993133232179   970.5041335305549
0.3204931838440838   670.9185111316442   935.2091549593172
0.32988858453867975   637.4463183157554   901.5383632143521
0.3395594155970457   605.6346610003088   869.303640064445
0.34951375138319807   574.0080124888889   838.1209439498574
0.3597599029647371   542.397661271767   808.1314460411869
0.37030642505191835   511.6431353719301   779.3211843122044
0.3811621231401457   482.9188779631703   751.8385234203927
0.3923360608618501   456.6257678816443   725.6051252187182
0.4038375675538918   432.1661150138772   700.5168233073786
0.41567624604680364   408.72077696335253   676.4361622012644
0.42786198068238046   385.85395427254736   653.3010822073558
0.4404049455663077   363.8119548875695   631.111401787785
0.4533156130627191   343.08547583954436   609.8816579015346
0.4666047625377753   323.77856605547015   589.5855286526995
0.4802834893595659   305.58380337308193   570.1469956799804
0.49436321416184764   288.1692716096377   551.4771147366354
0.5088556923793517   271.5148871215991   533.5561031326074
0.5237730240626238   255.76760520484905   516.3707255983301
0.5391276639805903   240.98389704924202   499.9129718717212
0.5549324320192869   227.01418224673566   484.1193535743378
0.5712005238854289   213.73837498572982   468.9400684331895
0.5879455221237613   201.1540703266526   454.35639746789076
0.6051814074573895   189.2900503598617   440.35595751120906
0.622922570460556   178.09886418027924   426.8993751766461
0.6411838235736077   167.5102940926079   413.9425013624516
0.6599804134701901   157.5008816960557   401.47441484020294
0.6793280337869897   148.06085097062268   389.4726745104283
0.6992428382266549   139.15627240469027   377.9026054335842
0.7197414540448374   130.75183308001036   366.7402852936953
0.7408409959326054   122.82548393284242   355.96797016132666
0.7625590803058332   115.35320708598422   345.56415126564445
0.7849138400134885   108.31094330837897   335.50657121294955
0.8079239394770964   101.67572505405731   325.7744867692334
0.8316085902740278   95.4256864083676   316.3485886156117
0.8559875671776167   89.5400188382418   307.2109061398927
0.8810812246675007   83.99892813383573   298.34472009850214
0.9069105139239728   78.78359255166083   289.734482407558
0.9334970003205227   73.87612798782635   281.3656676694613
0.960862881429187   69.2596002351805   273.2240047283677
0.9890310055537336   64.91794697112375   265.29582341766826
1.0180248908061487   60.83590133001925   257.5685030016687
1.047868744742366   56.99895891487654   250.03041687732303
1.0785874845736239   53.39334619249545   242.67087485989404
1.1102067579703248   50.00598970882045   235.480069794039
1.1427529644757777   46.824486119853496   228.4490283734301
1.1762532775476793   43.83706337191801   221.5697228879893
1.210735667245765   41.03254122705572   214.83524546690526
1.246228923584555   38.40032955597093   208.2393858781591
1.2827626805706884   35.93040496708813   201.77652841329999
1.3203674409449337   33.61328393300262   195.44161914351142
1.3590746016495152   31.43999693807149   189.23013466175658
1.3989164800420282   29.402063627163425   183.13805211192897
1.4399263408778291   27.491468721583235   177.16189489916678
1.4821384240834183   25.700636537235145   171.29964840133374
1.525587973344019   24.02241059883874   165.55030765451778
1.5703112655292182   22.450034897160283   159.91303366985372
1.6163456409812174   20.977133572649876   154.38711987149398
1.6637295346910133   19.597691427046136   148.97197837259665
1.7125025083885144   18.306035293321134   143.66712652093386
1.7627052835733923   17.096816236268225   138.47217388850763
1.814379775514258   15.964991799113141   133.38728778123587
1.8675691282445197   14.905808479208048   128.4141045782725
1.922317750584177   13.914788670675426   123.55430720196317
1.9786713532176083   12.98771632598587   118.80930353971857
2.0366769868582977   12.120622777120232   114.1802344417848
2.0963830815323896   11.309773243418876   109.66798219049835
2.1578394870138577   10.55165399889053   105.27317938933588
2.2210975144450407   9.842960038050352   100.9962461779804
2.286209979177315   9.180581222221633   96.8378874191339
2.3532312448676476   8.561592293342233   92.79894789246504
2.4222172688678643   7.983244848979944   88.87991634870392
2.4932256489445366   7.442957319560942   85.08092986086287
2.5663156713684585   6.938305388713061   81.40179675552251
2.641548360413907   6.467012923307971   77.84201942620874
2.7189865293089923   6.026943389004957   74.40081690780518
2.798694832679631   5.616092878630834   71.07721004292516
2.8807398205309562   5.232585251744327   67.87020928758523
2.9651899938111903   4.874660461565582   64.77861017975015
3.05211586160442   4.5406666590151525   61.80095111593468
3.1415899999999994   4.2290539608993445   58.93553915182252
