0.01   4278.400687404235   4278.271030966209
0.010293154462191829   4338.713539854661   4338.575969179439
0.010594902878253955   4398.021887024607   4397.875394469254
0.010905497183778876   4456.2014110329455   4456.045099280083
0.011225196699963396   4513.123681308276   4512.956725923476
0.011554268350120923   4568.650350174319   4568.471775802226
0.011892986882540897   4622.638337391156   4622.446942601117
0.012241635099881474   4674.942256793824   4674.736610096297
0.012600504095286909   4725.410858613524   4725.18935737783
0.012969893495426888   4773.887128874021   4773.648064971912
0.013350111710660605   4820.212735340829   4819.954300567837
0.013741476192534558   4864.226206209668   4863.946485940863
0.014144313698828986   4905.756840689332   4905.453783478343
0.01455896056637426   4944.632179135059   4944.3035930668875
0.014985762991865008   4980.680336412246   4980.323879442563
0.01542507732090645   5013.7254180934715   5013.338377531341
0.015877270345534218   5043.589426871251   5043.168543904496
0.016342719610456153   5070.097416162721   5069.638883229549
0.016821813728271667   5093.07550722629   5092.575056555396
0.017314952703931925   5112.346959003319   5111.800088165957
0.017822548268711737   5127.739750625707   5127.141776839001
0.01834502422397195   5139.088603238115   5138.434633212235
0.018882816794999403   5146.23296166957   5145.517363541644
0.019436374995219892   5149.019581177649   5148.235687969574
0.02000616100108813   5147.305745274525   5146.445891014427
0.020592650537967844   5140.961205725201   5140.01705197727
0.021196333277324068   5129.870014809502   5128.833138133997
0.02181771324555934   5113.930430389073   5112.792442641514
0.022457309244835088   5093.057468565867   5091.810068935024
0.02311565528622961   5067.1938200985405   5065.828778053002
0.023793301035594242   5036.30401563722   5034.813204405812
0.024490812272480036   5000.37042609727   4998.745907033307
0.025208771362518027   4959.410285957696   4957.644945346348
0.0259477777436476   4913.4826401210175   4911.571039165278
0.02670844842659881   4862.665648101031   4860.60409496429
0.027491418510046592   4807.064470939672   4804.851197304479
0.028297341710866907   4746.850806118187   4744.486859861204
0.029126890909937666   4682.225505929485   4679.714937401678
0.029980758713939952   4613.402897433381   4610.752633857028
0.030859658033628758   4540.6607108235885   4537.88097463446
0.031764322679055976   4464.33864138178   4461.443334223433
0.03269550797224261   4384.778873217054   4381.785288196271
0.033653991377811755   4302.349254043298   4299.277722229517
0.03464057315210884   4217.513751386432   4214.387235687475
0.03565607701135116   4130.742946237918   4127.5866605285
0.036701350819364466   4042.4916544042985   4039.3327351014996
0.03777726729548091   3953.272695312177   3950.14042686947
0.038884724743189276   3863.631871699455   3860.557758628267
0.04002464780014597   3774.078221874683   3771.0955930281893
0.041197988210172884   3685.1004707136076   3682.24150002355
0.04240572561788674   3597.1966177525637   3594.4853294251566
0.04364886838662332   3510.828148036956   3508.279924970722
0.04492845444033957   3426.425210312233   3424.0472383309198
0.04624555213019635   3344.508765919253   3342.297448550929
0.04760126112654554   3265.627184315863   3263.5671990381625
0.04899671333706607   3190.2692628019704   3188.3346702602844
0.05043307385181555   3118.676506329533   3116.8303065167943
0.05191154191598653   3050.803743271538   3048.9969147694837
0.053433351931179485   2986.584762007945   2984.757129455095
0.05499977448602865   2925.8320713873827   2923.9138651375442
0.05661211741704101   2868.2024489251708   2866.115961078053
0.05827172690053434   2813.353591970894   2811.0140844648063
0.05997998857658587   2760.8038910553364   2758.124331404432
0.06173832870592997   2709.983317285208   2706.8778580887247
0.0635482153607709   2660.30620201825   2656.6948499033474
0.06541115965050462   2611.0464456574564   2606.870359077332
0.06732871698337338   2561.4768208869286   2556.702725866978
0.06930248836510605   2510.75479291705   2505.395669002422
0.07133412173562886   2457.995529283615   2452.1226684672192
0.07342531334496233   2402.334449486026   2396.0872529551666
0.07557780916945323   2342.93204300657   2336.5283830220637
0.07779340636952398   2279.149378945832   2272.8878872519253
0.08007395479015682   2210.6081850640994   2204.8721324619355
0.08242135850536496   2137.2788440742906   2132.520949830264
0.08483757740794096   2059.556493619658   2056.279635085532
0.08732462884580919   1978.2251677088163   1976.9394018188125
0.08988458930634863   1894.41269480582   1895.5963490282816
0.09251959615009227   1809.4973377559556   1813.5851764324157
0.09523184939525078   1724.9690089631265   1732.3270883143073
0.09802361355455057   1642.4325386602047   1653.2857356839838
0.10089721952591899   1563.3706300739589   1577.7901214363947
0.10385506653859616   1489.263613290469   1507.1239492948926
0.10689962415629803   1421.3467858934596   1442.3361586164494
0.11003343433910281   1360.5680606924482   1384.1789852383065
0.11325911356578279   1307.3754308898144   1332.9425618838077
0.11657935501835284   1261.621505768487   1288.360961971728
0.11999693083066039   1222.4371736283297   1249.5684549381187
0.12351469440289359   1188.407545474426   1215.2444270651338
0.12713558278394044   1157.5832530873859   1183.6194176738113
0.13086261912358757   1127.8398894487725   1152.8438704800433
0.13469891519660646   1097.040465712067   1121.1381930525022
0.13864767400083483   1063.325339108907   1087.0016192621683
0.14271219243142114   1025.3961584765314   1049.4809561704567
0.14689586403346616   982.7319274676628   1008.3032806945341
0.1512021818353596   935.7552176927447   963.9360897400419
0.15563474126517718   885.7801799098826   917.5684105192981
0.16019724315257297   834.7847746827026   870.8571262668514
0.1648934968186736   785.1383593451658   825.6825774241973
0.1697274232565544   739.2534483771416   783.841822407681
0.17470305840495237   699.1055835271184   746.6772503216904
0.17982455651794954   665.658227452393   714.7940494902919
0.18509619363343993   638.5323786876853   687.764177809856
0.19052237114327647   616.1962562761325   664.262952125918
0.19610761946807834   596.4695812218429   642.6413537286692
0.20185660183976684   576.9529234715732   621.1968820595733
0.20777411819498756   555.4022336950368   598.4480843401452
0.21386510918267082   530.3960602562902   573.7133459547138
0.22013466028907505   502.04612986284263   547.1020466535122
0.22658800608375756   471.954675656653   519.822638601111
0.23323053459001789   442.403466511421   493.40641775648504
0.2400677917834628   415.55878546530636   469.1301627843177
0.24710548622244882   392.88396213049316   447.73264264034805
0.25434949381426813   374.5628839131138   429.1782639759011
0.2618058627210567   359.3840529136691   412.636128543463
0.2694808184095226   345.32916136313605   396.86252303548366
0.27738076884870827   330.3967398643036   380.8329225137721
0.2855123098601282   313.5174008718016   364.1278989244452
0.29388223062474755   295.1580329965097   347.09586673612404
0.3024975193514008   276.82172677391713   330.47014923614586
0.31136536911138296   260.1410594644007   315.11520082867975
0.3204931838440838   246.06559866740042   301.1522530749051
0.32988858453867975   234.2941615890352   288.5778547820879
0.3395594155970457   223.53485506033684   276.66688634613314
0.34951375138319807   212.47702599280902   264.89353091774325
0.3597599029647371   200.59792501972845   253.1477347868703
0.37030642505191835   188.46120668882548   241.669114642863
0.3811621231401457   177.1472198585487   230.83770731979618
0.3923360608618501   167.27617495468883   220.77284321449216
0.4038375675538918   158.618133099623   211.42046354344032
0.41567624604680364   150.3845229592936   202.4605336383806
0.42786198068238046   141.98034462217436   193.7160790660645
0.4404049455663077   133.52489159758403   185.2680219208614
0.4533156130627191   125.57250707147202   177.25631287546878
0.4666047625377753   118.44304738037081   169.71967788839882
0.4802834893595659   111.92977643415772   162.592992489826
0.49436321416184764   105.61370623393853   155.75664226618034
0.5088556923793517   99.37203902536505   149.17680526896604
0.5237730240626238   93.43578394504627   142.91135283660378
0.5391276639805903   87.98746095040016   136.98638547590383
0.5549324320192869   82.92387161513531   131.34796399596095
0.5712005238854289   78.0528069096257   125.9582572635689
0.5879455221237613   73.36715173016893   120.80804722455694
0.6051814074573895   68.97835844845845   115.91252271262402
0.622922570460556   64.89110616120334   111.26262719608559
0.6411838235736077   61.01354888710451   106.82278042410535
0.6599804134701901   57.318204963904506   102.58617728766407
0.6793280337869897   53.84571314963468   98.55489359111704
0.6992428382266549   50.587857532635475   94.71389030501709
0.7197414540448374   47.51532981971166   91.05222172355164
0.7408409959326054   44.614213889567736   87.56088737398312
0.7625590803058332   41.8769200170375   84.23125941821235
0.7849138400134885   39.29614105308124   81.05517480418595
0.8079239394770964   36.86467870267103   78.02491259893938
0.8316085902740278   34.57546847905352   75.13316880081683
0.8559875671776167   32.42159924832981   72.37303123558037
0.8810812246675007   30.396066168669158   69.73774779612626
0.9069105139239728   28.49160036103872   67.22052519536038
0.9334970003205227   26.70126055901497   64.81493746159938
0.960862881429187   25.018489552388182   62.51495531151401
0.9890310055537336   23.43709346160677   60.31491913538667
1.0180248908061487   21.951222120022788   58.20951398950568
1.047868744742366   20.555350504229782   56.193746435278484
1.0785874845736239   19.244273270400615   54.262871367530884
1.1102067579703248   18.01314677841441   52.41210546563064
1.1427529644757777   16.85740866586276   50.63685157630585
1.1762532775476793   15.772731512353776   48.93281902977779
1.210735667245765   14.755012674985883   47.29600185985101
1.246228923584555   13.800364487032075   45.72265845056151
1.2827626805706884   12.905104735968397   44.209292821949006
1.3203674409449337   12.065747056640344   42.75263223102458
1.3590746016495152   11.278982458415644   41.34947203174962
1.3989164800420282   10.541672697970128   39.99666648273991
1.4399263408778291   9.85085426441034   38.691284658429915
1.4821384240834183   9.203730151727807   37.430603987524925
1.525587973344019   8.597661327717848   36.21209570064228
1.5703112655292182   8.030158579945933   35.03341147227957
1.6163456409812174   7.4988747265310165   33.89237114163178
1.6637295346910133   7.001597474379849   32.786943796817575
1.7125025083885144   6.5362428525121645   31.71522181183344
1.7627052835733923   6.10084748515757   30.675433707446896
1.814379775514258   5.693561971519162   29.665940374959305
1.8675691282445197   5.312644790236731   28.685226526622497
1.922317750584177   4.956456490713426   27.731892766993216
1.9786713532176083   4.623454160720793   26.804648223760015
2.0366769868582977   4.3121860011050135   25.90230392046928
2.0963830815323896   4.021284875956068   25.023768643561272
2.1578394870138577   3.749464672028187   24.168041573897685
2.2210975144450407   3.4955168870459907   23.33420494912072
2.286209979177315   3.2583062318717326   22.521418762667274
2.3532312448676476   3.036766446225405   21.728915780211146
2.4222172688678643   2.829896335021539   20.95599681776101
2.4932256489445366   2.6367560308381766   20.202027961616633
2.5663156713684585   2.4564646235933765   19.46656869943438
2.641548360413907   2.2881972002521946   18.74943699362413
2.7189865293089923   2.1311794347418247   18.050471264936856
2.798694832679631   1.984684490367746   17.36950537965131
2.8807398205309562   1.8480303045524   16.706368409763638
2.9651899938111903   1.7205770128771383   16.06088442410028
3.05211586160442   1.6017245065526273   15.432872310239821
3.1415899999999994   1.490908964932378   14.822113129679092
