0.01   19259.429778175487   19256.81491503659
0.010293154462191829   19406.61250761529   19403.800509216217
0.010594902878253955   19543.671671331762   19540.64523242445
0.010905497183778876   19670.016835441133   19666.75947773346
0.011225196699963396   19785.05029657776   19781.54563915527
0.011554268350120923   19888.143720420085   19884.37333600236
0.011892986882540897   19978.6743214822   19974.617409104176
0.012241635099881474   20056.03145623609   20051.664912877302
0.012600504095286909   20119.586597702968   20114.885269480277
0.012969893495426888   20168.710372802507   20163.647268112392
0.013350111710660605   20202.798411171952   20197.344832256145
0.013741476192534558   20221.24977192374   20215.37528346391
0.014144313698828986   20223.443507327713   20217.115736257965
0.01455896056637426   20208.79013271971   20201.974933624406
0.014985762991865008   20176.737271863007   20169.3986016258
0.01542507732090645   20126.734825017204   20118.832101365897
0.015877270345534218   20058.264149559527   20049.751218036083
0.016342719610456153   19970.86461745279   19961.69018513719
0.016821813728271667   19864.114527622525   19854.222635379305
0.017314952703931925   19737.62242758872   19726.95297676841
0.017822548268711737   19591.068905150194   19579.55833008588
0.01834502422397195   19424.211804838647   19411.79351739332
0.018882816794999403   19236.87450929373   19223.47794012536
0.019436374995219892   19028.963965398187   19014.51489814241
0.02000616100108813   18800.48274904703   18784.904467708635
0.020592650537967844   18551.54670053475   18534.763070581965
0.021196333277324068   18282.390133381472   18264.329045935967
0.02181771324555934   17993.350154212523   17973.94466042824
0.022457309244835088   17684.888661679033   17664.079450090547
0.02311565528622961   17357.664739264015   17335.40747807747
0.023793301035594242   17012.456201693276   16988.72351350344
0.024490812272480036   16650.135789996482   16624.91757190046
0.025208771362518027   16271.809475650547   16245.121068650311
0.0259477777436476   15878.788536774424   15850.677323335414
0.02670844842659881   15472.433104308173   15442.976379668948
0.027491418510046592   15054.242486422543   15023.548993583232
0.028297341710866907   14626.069025401559   14594.28923360983
0.029126890909937666   14189.798027617095   14157.121400479527
0.029980758713939952   13747.29012672347   13713.939451585189
0.030859658033628758   13300.754297589223   13266.984480595052
0.031764322679055976   12852.569530891955   12818.664254045305
0.03269550797224261   12404.94011887259   12371.204686252466
0.033653991377811755   11960.10839314302   11926.8633537636
0.03464057315210884   11520.644305421347   11488.220129781534
0.03565607701135116   11088.896649625269   11057.628018348745
0.036701350819364466   10666.970231302937   10637.187912675141
0.03777726729548091   10257.284272221093   10229.280743154884
0.038884724743189276   9862.22523493728   9836.239793225604
0.04002464780014597   9483.780443344693   9460.004735576831
0.041197988210172884   9123.537529897558   9102.103053216724
0.04240572561788674   8782.701288862349   8763.653478762173
0.04364886838662332   8462.205043836719   8445.512940674382
0.04492845444033957   8162.841489370207   8148.394127330585
0.04624555213019635   7885.792610937795   7873.295846947236
0.04760126112654554   7632.269693472079   7621.2217388658255
0.04899671333706607   7403.202325530464   7392.922518396556
0.05043307385181555   7197.454740793598   7187.158364104744
0.05191154191598653   7012.130692187971   7000.99015481748
0.053433351931179485   6844.56839609708   6831.714315897689
0.05499977448602865   6692.4060344633135   6676.927035832043
0.05661211741704101   6553.5364389780325   6534.479442569468
0.05827172690053434   6425.921622375245   6402.302535278226
0.05997998857658587   6306.547221495393   6277.454082302426
0.06173832870592997   6191.990207019358   6156.640244613751
0.0635482153607709   6078.581195503865   6036.4117967358725
0.06541115965050462   5961.709483979502   5912.6012831542275
0.06732871698337338   5836.8865117021105   5781.216785690231
0.06930248836510605   5699.587498649779   5638.440276190034
0.07133412173562886   5545.6505574843095   5480.874058977746
0.07342531334496233   5372.274144037492   5306.40899253752
0.07557780916945323   5178.019615398713   5114.186019542612
0.07779340636952398   4963.387062633632   4905.1656437491265
0.08007395479015682   4730.824693467961   4682.108216138654
0.08242135850536496   4483.894172772512   4448.582937096194
0.08483757740794096   4227.07760153325   4208.787612826992
0.08732462884580919   3965.9372141390013   3967.6757223917143
0.08988458930634863   3706.526491626115   3730.4802911751003
0.09251959615009227   3455.289110404887   3502.5541063648675
0.09523184939525078   3218.491038962512   3288.904852021894
0.09802361355455057   3002.555377710492   3094.3623655816814
0.10089721952591899   2812.3317114500574   2922.3833099226454
0.10385506653859616   2651.197044130523   2774.7921999964133
0.10689962415629803   2520.2801710351055   2651.7358508586285
0.11003343433910281   2418.0028528152307   2551.2392042364704
0.11325911356578279   2340.743106283723   2469.765019893804
0.11657935501835284   2283.011332198689   2402.397558783694
0.11999693083066039   2237.851255529605   2343.721192808881
0.12351469440289359   2197.54784571443   2288.0549534811007
0.12713558278394044   2153.9093358035284   2229.47968064016
0.13086261912358757   2099.6090574344066   2163.4145950945635
0.13469891519660646   2029.0772951071926   2086.9903226407855
0.13864767400083483   1939.6693127060905   1999.318574720987
0.14271219243142114   1831.9594295712818   1901.4965146712657
0.14689586403346616   1709.8351636024588   1796.6189596311854
0.1512021818353596   1580.3496574881704   1689.6350221828209
0.15563474126517718   1453.0969504791003   1586.7188936206585
0.16019724315257297   1337.790898412879   1493.3326534060145
0.1648934968186736   1241.3302248825537   1412.5302838813693
0.1697274232565544   1166.4166475291872   1345.1358122858137
0.17470305840495237   1112.0620756224678   1289.8371163205386
0.17982455651794954   1074.6772001448567   1243.4022829632802
0.18509619363343993   1048.0730627831867   1202.7169403979456
0.19052237114327647   1023.5556205023312   1163.0138633941526
0.19610761946807834   992.3014338095181   1120.450666477641
0.20185660183976684   949.1956308056147   1073.79199148606
0.20777411819498756   893.9084444544682   1023.2210454822664
0.21386510918267082   830.0902316850116   970.9187691637035
0.22013466028907505   764.4537981287987   919.8909488837861
0.22658800608375756   704.7406065166854   872.9366432884001
0.23323053459001789   656.4188277300947   831.4677382888874
0.2400677917834628   621.0027704080383   795.860362470625
0.24710548622244882   596.0569913595261   763.8442848918844
0.25434949381426813   575.7597489521171   734.0034839110524
0.2618058627210567   553.594359708328   704.4866316973278
0.2694808184095226   525.7787569817615   674.2356662738322
0.27738076884870827   492.21176311001693   644.1287303521623
0.2855123098601282   456.22320045514124   614.2677214626234
0.29388223062474755   423.00635031243496   586.5558288303415
0.3024975193514008   396.04160192192035   561.1168284466007
0.31136536911138296   375.436229338992   537.6898886364204
0.3204931838440838   358.5167748412421   515.9315439021698
0.32988858453867975   341.3921858671129   494.7549217035462
0.3395594155970457   321.81434251657777   474.04599072326727
0.34951375138319807   300.50332413380596   454.014917152728
0.3597599029647371   279.9001185276178   434.94415839479814
0.37030642505191835   262.215703899317   416.9904365780937
0.3811621231401457   247.66488456617208   400.26493254471114
0.3923360608618501   234.57822706614462   384.3692145735532
0.4038375675538918   221.19628244777746   369.11197073707126
0.41567624604680364   207.20527369666786   354.37390608036804
0.42786198068238046   193.6510137449268   340.32291493162893
0.4404049455663077   181.59873376808136   327.08865918869714
0.4533156130627191   171.02143821315246   314.55506724224966
0.4666047625377753   161.03114451986897   302.58306024474575
0.4802834893595659   151.07512985576065   291.1375872552782
0.49436321416184764   141.4131966631768   280.16965359924524
0.5088556923793517   132.5496613091343   269.78419948395157
0.5237730240626238   124.49534999490452   259.9351593333134
0.5391276639805903   116.86613586413492   250.51544388597478
0.5549324320192869   109.49211278708374   241.5078519311908
0.5712005238854289   102.54166876051517   232.91082991573182
0.5879455221237613   96.12499019604748   224.73650097665637
0.6051814074573895   90.11394580326345   216.93818276949077
0.622922570460556   84.39749855489983   209.467296751828
0.6411838235736077   79.0172622799603   202.31772671560313
0.6599804134701901   74.00006786058839   195.51544487038532
0.6793280337869897   69.28850484268578   189.01038564545706
0.6992428382266549   64.8595388534748   182.7807044816978
0.7197414540448374   60.69852829093522   176.81215349747282
0.7408409959326054   56.79134407713924   171.0913196175203
0.7625590803058332   53.12437796439311   165.6055704739606
0.7849138400134885   49.684547242277674   160.3430041355899
0.8079239394770964   46.459296211548036   155.29240237403374
0.8316085902740278   43.43650399675081   150.44291707814776
0.8559875671776167   40.60406517270674   145.78269897405715
0.8810812246675007   37.950357332814164   141.30008173656353
0.9069105139239728   35.46444797253362   136.9842085139038
0.9334970003205227   33.136054881271924   132.82497419179532
0.960862881429187   30.95550833574131   128.81297134051732
0.9890310055537336   28.913715456913845   124.93944078044616
1.0180248908061487   27.002132131887954   121.19620778780529
1.047868744742366   25.212791214611517   117.57542817160464
1.0785874845736239   23.538231827460656   114.06965322729394
1.1102067579703248   21.971419938199045   110.67196611938674
1.1427529644757777   20.505725323291543   107.3759498605456
1.1762532775476793   19.134900570217088   104.17565472520802
1.210735667245765   17.853061000222926   101.06556833723589
1.246228923584555   16.654665137872495   98.04058639682204
1.2827626805706884   15.534485687748811   95.09593014039093
1.3203674409449337   14.487593411928765   92.22711870654331
1.3590746016495152   13.509355455901103   89.43002198335955
1.3989164800420282   12.595419385974573   86.70084433850563
1.4399263408778291   11.7416971498035   84.036105103238
1.4821384240834183   10.944349885791887   81.43262039563446
1.525587973344019   10.199773544237672   78.8874867346176
1.5703112655292182   9.504585802577912   76.39818082499335
1.6163456409812174   8.855613600191319   73.96266138897279
1.6637295346910133   8.249879732835359   71.5791076801028
1.7125025083885144   7.684591235507606   69.24587223981031
1.7627052835733923   7.1571285654800345   66.96147049781592
1.814379775514258   6.665035376227366   64.72457077162076
1.8675691282445197   6.206008853248709   62.533984619679465
1.922317750584177   5.777890510602505   60.388764186120696
1.9786713532176083   5.3786573791589225   58.28849785091503
2.0366769868582977   5.006414155214853   56.23292220399863
2.0963830815323896   4.659385587792907   54.221795803630584
2.1578394870138577   4.33590921194999   52.25489549166092
2.2210975144450407   4.034428496059499   50.332012822984716
2.286209979177315   3.753486381425796   48.45295061279412
2.3532312448676476   3.4917190443675743   46.61755832932486
2.4222172688678643   3.247849228546229   44.82598518621479
2.4932256489445366   3.020681764935264   43.078469517872335
2.5663156713684585   2.809099067063829   41.37517784666466
2.641548360413907   2.6120562687070854   39.716205768758115
2.7189865293089923   2.4285766499371464   38.10157999279217
2.798694832679631   2.257747339001123   36.53126049167143
2.8807398205309562   2.098715345143166   35.00515761808329
2.9651899938111903   1.9506848543053188   33.52337187859613
3.05211586160442   1.812913104614854   32.0861086378873
3.1415899999999994   1.6847059174790684   30.693443589261058
