0.01   19137.73659040305   19123.204180729266
0.010293154462191829   19386.602827661485   19370.64538961811
0.010594902878253955   19629.618126873906   19612.10854945546
0.010905497183778876   19866.180131485922   19846.981384588114
0.011225196699963396   20095.65411289831   20074.615292446488
0.011554268350120923   20317.39536575082   20294.351344415783
0.011892986882540897   20530.745403474393   20505.51691855461
0.012241635099881474   20735.007525283592   20707.401722252653
0.012600504095286909   20929.471600909626   20899.28239518865
0.012969893495426888   21113.42482500056   21080.433130915215
0.013350111710660605   21286.129354053242   21250.10074564769
0.013741476192534558   21446.824565937022   21407.50701104301
0.014144313698828986   21594.754626454116   21551.87898639242
0.01455896056637426   21729.16185471855   21682.441750656955
0.014985762991865008   21849.26289560373   21798.39250879987
0.01542507732090645   21954.282298331564   21898.93684440303
0.015877270345534218   22043.463124747395   21983.299952045592
0.016342719610456153   22116.046122217696   22050.702126488803
0.016821813728271667   22171.280574661323   22100.370869342787
0.017314952703931925   22208.449323145476   22131.569342858318
0.017822548268711737   22226.867100481424   22143.593519211692
0.01834502422397195   22225.874396222032   22135.763933002163
0.018882816794999403   22204.858665517204   22107.450715711762
0.019436374995219892   22163.2634780224   22058.08381038206
0.02000616100108813   22100.600985383477   21987.166175011687
0.020592650537967844   22016.45368509743   21894.27571753376
0.021196333277324068   21910.474975525955   21779.065952782577
0.02181771324555934   21782.422069127253   21641.300452790918
0.022457309244835088   21632.185357208575   21480.88347996356
0.02311565528622961   21459.74195834103   21297.81143186989
0.023793301035594242   21265.169800744618   21092.189501481374
0.024490812272480036   21048.75921076678   20864.36015597538
0.025208771362518027   20810.936528198396   20614.814264237713
0.0259477777436476   20552.20802119719   20344.12568036004
0.02670844842659881   20273.29794978282   20053.096749601675
0.027491418510046592   19975.2012737821   19742.812997488378
0.028297341710866907   19658.97709448922   19414.42386588685
0.029126890909937666   19325.79124452116   19069.18976536955
0.029980758713939952   18977.183374113927   18708.7736576226
0.030859658033628758   18614.802119589698   18334.94998494755
0.031764322679055976   18240.288262481412   17949.475493319886
0.03269550797224261   17855.61236168657   17554.42728696376
0.033653991377811755   17463.07082690235   17152.196719141462
0.03464057315210884   17064.865071974586   16745.06589639455
0.03565607701135116   16663.15340031685   16335.261440297938
0.036701350819364466   16260.271974482992   15925.180142978845
0.03777726729548091   15858.458635646632   15517.106689695289
0.038884724743189276   15459.79223534963   15113.148901396238
0.04002464780014597   15066.592001003253   14715.584108020152
0.041197988210172884   14681.312088488243   14326.768627995878
0.04240572561788674   14306.167567045306   13948.816688842915
0.04364886838662332   13943.244735487722   13583.663279887382
0.04492845444033957   13594.709159332977   13233.184412357861
0.04624555213019635   13262.541157364465   12899.064863967644
0.04760126112654554   12948.312482270165   12582.602476213024
0.04899671333706607   12652.079720836426   12283.610079999591
0.05043307385181555   12373.296179872508   12001.321275606413
0.05191154191598653   12111.326244647993   11734.906925166768
0.053433351931179485   11864.701914283809   11482.78968489595
0.05499977448602865   11631.675316728852   11243.153724234953
0.05661211741704101   11410.388223532575   11014.117027483553
0.05827172690053434   11198.252754070572   10793.206438811483
0.05997998857658587   10992.644288452824   10577.95086476013
0.06173832870592997   10790.52049620365   10365.634691520725
0.0635482153607709   10588.401371451047   10153.286070986962
0.06541115965050462   10382.739615041533   9937.996101979064
0.06732871698337338   10169.351199712766   9716.620914825817
0.06930248836510605   9944.206821697466   9486.229675781704
0.07133412173562886   9703.394256413081   9244.170254885223
0.07342531334496233   9443.50280993326   8988.27970949498
0.07557780916945323   9162.54159724726   8717.886636200566
0.07779340636952398   8859.720189388909   8433.336936192247
0.08007395479015682   8536.453641755392   8136.4405351409405
0.08242135850536496   8195.613656041733   7829.951209106467
0.08483757740794096   7842.066084357081   7518.161603436053
0.08732462884580919   7481.539280556494   7205.753457988466
0.08988458930634863   7120.670125034749   6897.558661562491
0.09251959615009227   6766.407045067906   6598.368287976468
0.09523184939525078   6425.694100039704   6312.813316322235
0.09802361355455057   6105.059185366372   6044.667932132214
0.10089721952591899   5810.621810657106   5796.900933858824
0.10385506653859616   5546.916760638423   5571.600952459566
0.10689962415629803   5316.93029911902   5369.905762080669
0.11003343433910281   5120.455156883649   5190.317118700895
0.11325911356578279   4954.918324018126   5029.872517862284
0.11657935501835284   4814.317988737109   4884.405487323843
0.11999693083066039   4690.812439476374   4748.916681844093
0.12351469440289359   4575.070806489937   4617.816389711743
0.12713558278394044   4457.45632059583   4486.175514585492
0.13086261912358757   4329.194800031285   4350.08399216218
0.13469891519660646   4183.409093073754   4207.045290736069
0.13864767400083483   4016.554418650147   4056.6334709848284
0.14271219243142114   3829.132440115277   3900.2156587629124
0.14689586403346616   3625.651757126139   3740.5691759391234
0.1512021818353596   3413.977014207157   3581.579546341922
0.15563474126517718   3204.2528590620614   3428.037785447111
0.16019724315257297   3007.4966086934623   3284.034573947537
0.1648934968186736   2833.4510243819577   3151.764111456801
0.1697274232565544   2687.961237958813   3032.490881952044
0.17470305840495237   2571.1703189821624   2925.658352519975
0.17982455651794954   2477.810725154039   2827.774853374057
0.18509619363343993   2399.181139443543   2735.1980058227327
0.19052237114327647   2324.96975659226   2645.025922976707
0.19610761946807834   2244.6469864685105   2554.8660161419307
0.20185660183976684   2150.194272875282   2463.887490504042
0.20777411819498756   2039.7497351722905   2371.462125132189
0.21386510918267082   1918.500315994291   2280.08031945795
0.22013466028907505   1795.7495477316365   2191.8300592238397
0.22658800608375756   1681.4225709180575   2108.2283431644473
0.23323053459001789   1583.382718664814   2030.4332371956805
0.2400677917834628   1504.5463471152873   1958.0753015832927
0.24710548622244882   1441.5359421230921   1890.4946308217461
0.25434949381426813   1386.4537753126838   1825.7910576459017
0.2618058627210567   1330.155160805699   1762.8180205172787
0.2694808184095226   1266.004978190649   1700.6670553547165
0.27738076884870827   1193.8202939875393   1640.381642844394
0.2855123098601282   1119.0066276522994   1582.0530263817486
0.29388223062474755   1048.7932962135692   1526.3425679144525
0.3024975193514008   988.7500174406591   1473.7709657902703
0.31136536911138296   939.5356948252542   1423.730918786622
0.3204931838440838   896.6665572978233   1376.3418653407607
0.32988858453867975   854.1199993441828   1330.6683323982793
0.3395594155970457   808.141349138438   1286.0562888937275
0.34951375138319807   759.6019904316503   1243.2214427836857
0.3597599029647371   712.8475441659436   1202.155037175536
0.37030642505191835   671.5404034347785   1163.0066051012845
0.3811621231401457   636.0041769583437   1125.760045082726
0.3923360608618501   603.4327298837834   1090.270447283568
0.4038375675538918   570.6225905437338   1055.9880319447223
0.41567624604680364   536.9799837626873   1022.7161897830681
0.42786198068238046   504.50363139772634   990.7473096544293
0.4404049455663077   475.1539978844037   960.3457197058639
0.4533156130627191   448.8387342712983   931.327911109814
0.4666047625377753   423.84217565656877   903.3733128800286
0.4802834893595659   399.06428093694916   876.4278092956705
0.49436321416184764   375.06765470993855   850.3908786142835
0.5088556923793517   352.8926503371221   825.4941069696488
0.5237730240626238   332.52430462195986   801.6607664982014
0.5391276639805903   313.1394139299946   778.6414505748822
0.5549324320192869   294.38223683806905   756.4071041478675
0.5712005238854289   276.6529623870684   734.9638148487675
0.5879455221237613   260.1905373920931   714.3521116424088
0.6051814074573895   244.6882522486645   694.4689205564132
0.622922570460556   229.8898251669832   675.1784910753247
0.6411838235736077   215.91468062190057   656.5324280824061
0.6599804134701901   202.8304856098324   638.5193241855168
0.6793280337869897   190.51349921706557   621.0691270849591
0.6992428382266549   178.88329991249853   604.1454799703411
0.7197414540448374   167.90733744004396   587.7159567095109
0.7408409959326054   157.55778036499137   571.7508553239812
0.7625590803058332   147.80693237191397   556.2225350518827
0.7849138400134885   138.62737276954323   541.1052909164856
0.8079239394770964   129.9920222001184   526.3752030839258
0.8316085902740278   121.87242919528511   512.0088519669011
0.8559875671776167   114.23901448548907   497.9830958426119
0.8810812246675007   107.06370443286492   484.2765204729579
0.9069105139239728   100.32000558844211   470.86943926108427
0.9334970003205227   93.98291660082445   457.74380076686055
0.960862881429187   88.02884508183398   444.883103190757
0.9890310055537336   82.43552914274981   432.2723149970761
1.0180248908061487   77.18201900199317   419.89798106209525
1.047868744742366   72.24887195347263   407.7490762040976
1.0785874845736239   67.6177918049559   395.8161167998227
1.1102067579703248   63.27142616825146   384.0906239283044
1.1427529644757777   59.19332548936559   372.5650714216865
1.1762532775476793   55.367903561758304   361.2328369420331
1.210735667245765   51.78039917308212   350.088154610349
1.246228923584555   48.416838549417356   339.12608268342717
1.2827626805706884   45.26396743066483   328.3437472279361
1.3203674409449337   42.30920177372016   317.74112994733616
1.3590746016495152   39.54065684889723   307.3186615897866
1.3989164800420282   36.94711817926151   297.0769294148298
1.4399263408778291   34.51800690268628   287.0166553408189
1.4821384240834183   32.24334669487997   277.13867436302854
1.525587973344019   30.11373219951208   267.4439132767519
1.5703112655292182   28.120299311101977   257.93363566522385
1.6163456409812174   26.254699789598693   248.6117555284052
1.6637295346910133   24.50907116563601   239.4832889626466
1.7125025083885144   22.876008210649776   230.55265589920197
1.7627052835733923   21.3485383357483   221.82367490788263
1.814379775514258   19.92009819277021   213.29958074851262
1.8675691282445197   18.58451139987769   204.98304307643596
1.922317750584177   17.335967343772147   196.87618686951393
1.9786713532176083   16.168998338275617   188.98106229754475
2.0366769868582977   15.078457030050908   181.30032169227184
2.0963830815323896   14.059505701786497   173.83606467858843
2.1578394870138577   13.107599949645122   166.5896567911404
2.2210975144450407   12.218471868965675   159.56177387993245
2.286209979177315   11.388114132634096   152.75244662357542
2.3532312448676476   10.612764919865205   146.16110487574178
2.4222172688678643   9.888894038839378   139.7866390567239
2.4932256489445366   9.213195321285816   133.62772026201074
2.5663156713684585   8.582570874835465   127.68273728500814
2.641548360413907   7.994112971568776   121.94956208668083
2.7189865293089923   7.44509295455237   116.42558984561128
2.798694832679631   6.932950913616678   111.10778655073176
2.8807398205309562   6.4552858996979765   105.99273482916222
2.9651899938111903   6.009846654144443   101.07667787455824
3.05211586160442   5.594517616233191   96.35522936468578
3.1415899999999994   5.207297006146178   91.82248655085698
