0.01   198.65872452043047   198.6587133109835
0.010293154462191829   200.97318862290925   200.97318054497967
0.010594902878253955   203.21381623044863   203.2138075262388
0.010905497183778876   205.37422574962739   205.37421273857433
0.011225196699963396   207.447652950986   207.44763437537992
0.011554268350120923   209.42728233222104   209.42725950884673
0.011892986882540897   211.30631194494737   211.30628782535243
0.012241635099881474   213.07802551187498   213.07800232056724
0.012600504095286909   214.73575323188706   214.735732090515
0.012969893495426888   216.27280403091993   216.27278499369223
0.013350111710660605   217.68181813248293   217.68180083635764
0.013741476192534558   218.9551371948623   218.95512121033767
0.014144313698828986   220.0852289594853   220.08521379502315
0.01455896056637426   221.064678418401   221.06466360704323
0.014985762991865008   221.8861905248531   221.88617577416196
0.01542507732090645   222.5427147738321   222.54269998455692
0.015877270345534218   223.02739938245023   223.0273845566925
0.016342719610456153   223.33310914785693   223.3330937925031
0.016821813728271667   223.4528542140916   223.45283710790096
0.017314952703931925   223.38008244045415   223.38006163121244
0.017822548268711737   223.10864012599725   223.10861272004547
0.01834502422397195   222.63279980182597   222.63276170109765
0.018882816794999403   221.9474309813989   221.94737689696166
0.019436374995219892   221.04802367696186   221.04794733466417
0.02000616100108813   219.93060709451225   219.9305020127652
0.020592650537967844   218.59192765890538   218.59178739967282
0.021196333277324068   217.02956199409118   217.02938022182462
0.02181771324555934   215.24226274126087   215.24203354041546
0.022457309244835088   213.2299736146374   213.2296917856311
0.02311565528622961   210.9935600899164   210.99322118391035
0.023793301035594242   208.53515585382993   208.53475598707092
0.024490812272480036   205.85890821458258   205.85844343310163
0.025208771362518027   202.9700627205436   202.96952892139967
0.0259477777436476   199.874855721006   199.87424895639793
0.02670844842659881   196.58213559933117   196.58145537710917
0.027491418510046592   193.1027003635959   193.10195177927048
0.028297341710866907   189.44791843225258   189.44711182515437
0.029126890909937666   185.63102913308532   185.63017919057415
0.029980758713939952   181.66882067586295   181.6679449320464
0.030859658033628758   177.57846336385686   177.5775816662969
0.031764322679055976   173.37739884232715   173.37653327455368
0.03269550797224261   169.08717880076802   169.0863560048163
0.033653991377811755   164.7308068862459   164.73005882073528
0.03464057315210884   160.33008378835362   160.32944689337955
0.03565607701135116   155.9081346941309   155.90764756723357
0.036701350819364466   151.49095560895296   151.49065582383918
0.03777726729548091   147.10273742848426   147.10266106836067
0.038884724743189276   142.76636486058962   142.76654584613382
0.04002464780014597   138.50864811541285   138.50911471267366
0.041197988210172884   134.3557907226505   134.3565647409857
0.04240572561788674   130.3307538983794   130.33185136130587
0.04364886838662332   126.4514176540669   126.45284554652643
0.04492845444033957   122.73048631881653   122.73223861954953
0.04624555213019635   119.17857526624562   119.18063430726673
0.04760126112654554   115.80655800478857   115.80889223878623
0.04899671333706607   112.63241079209854   112.63495934367307
0.05043307385181555   109.67427348400354   109.67694466437621
0.05191154191598653   106.94588973128025   106.94856506709691
0.053433351931179485   104.43240414073388   104.43495044890672
0.05499977448602865   102.10239777854947   102.10467442159506
0.05661211741704101   99.9269805201641   99.92883971302928
0.05827172690053434   97.88100628681441   97.88229367899642
0.05997998857658587   95.94222526405301   95.94278053867329
0.06173832870592997   94.08812793745317   94.08778759285265
0.0635482153607709   92.28645428950271   92.28506549504704
0.06541115965050462   90.50308921057929   90.50051539364932
0.06732871698337338   88.70033133598122   88.69646870505458
0.06930248836510605   86.83342696141246   86.82823083409188
0.07133412173562886   84.85965126117205   84.85314396907991
0.07342531334496233   82.73524715116761   82.7275485154927
0.07557780916945323   80.42158310104233   80.41291544592674
0.07779340636952398   77.89697597091217   77.88766841378423
0.08007395479015682   75.1532467699304   75.14372677109054
0.08242135850536496   72.20338714737683   72.19415038574999
0.08483757740794096   69.07696843498097   69.06854665066628
0.08732462884580919   65.82186926773322   65.81477980971424
0.08988458930634863   62.49674478429919   62.49145341850668
0.09251959615009227   59.16675006430764   59.16364570344762
0.09523184939525078   55.89709531368916   55.89646451436056
0.09802361355455057   52.755527429016055   52.757485778162994
0.10089721952591899   49.80684784540866   49.81129884559861
0.10385506653859616   47.113888481033676   47.120479044856175
0.10689962415629803   44.72335384756292   44.7314967422331
0.11003343433910281   42.66635229815749   42.67522277575925
0.11325911356578279   40.94530951436319   40.953917194918354
0.11657935501835284   39.53361403074267   39.54086902045417
0.11999693083066039   38.37585231231946   38.380724607436235
0.12351469440289359   37.39746914533359   37.39911179833406
0.12713558278394044   36.50920838816796   36.50709247969071
0.13086261912358757   35.6199228034304   35.61392874318392
0.13469891519660646   34.64245741432482   34.632959891942804
0.13864767400083483   33.50825208598387   33.496135542313034
0.14271219243142114   32.17717607442349   32.1637423819916
0.14689586403346616   30.646435234308363   30.63323473381725
0.1512021818353596   28.95117331787577   28.93989239356092
0.15563474126517718   27.157189631171786   27.14925258181913
0.16019724315257297   25.35422436013998   25.35045967256191
0.1648934968186736   23.64667512675294   23.647192838884504
0.1697274232565544   22.13330433180456   22.137253860897264
0.17470305840495237   20.875685518407288   20.881459852079995
0.17982455651794954   19.88089984871628   19.886501096939813
0.18509619363343993   19.10805279646221   19.11148442398148
0.19052237114327647   18.487872364815306   18.487563304585013
0.19610761946807834   17.934178156148846   17.929393240634536
0.20185660183976684   17.349242066213563   17.34038419327561
0.20777411819498756   16.649806052905088   16.638474342331403
0.21386510918267082   15.80689181198456   15.795386342589278
0.22013466028907505   14.855601759797272   14.846070589711392
0.22658800608375756   13.86746539743772   13.861415327905274
0.23323053459001789   12.925504144247357   12.923146861858454
0.2400677917834628   12.105334761689543   12.105558946053042
0.24710548622244882   11.444069942323862   11.44473158945363
0.25434949381426813   10.926009629371572   10.924857042512105
0.2618058627210567   10.49540803090499   10.491022232132627
0.2694808184095226   10.0762295178617   10.068621612112025
0.27738076884870827   9.604713364709552   9.5952686584187
0.2855123098601282   9.066598026572038   9.057576130287863
0.29388223062474755   8.493716092529073   8.4866902981035
0.3024975193514008   7.938859135707918   7.93436427995578
0.31136536911138296   7.453110908924863   7.449986740214227
0.3204931838440838   7.053490046415445   7.049943476398095
0.32988858453867975   6.7148697220720255   6.709479230081592
0.3395594155970457   6.394106700082416   6.3867692415311454
0.34951375138319807   6.055527023752971   6.047356871910569
0.3597599029647371   5.694752242618593   5.68727238548749
0.37030642505191835   5.338278057681615   5.332175209873043
0.3811621231401457   5.014690103143866   5.0094112361726255
0.3923360608618501   4.734175828462403   4.728550240162425
0.4038375675538918   4.483213241501299   4.476550580674822
0.41567624604680364   4.238595039548516   4.231183778893469
0.42786198068238046   3.9900648160656242   3.982778246477401
0.4404049455663077   3.7463646537726545   3.7397289160786986
0.4533156130627191   3.521209559631676   3.514950956041577
0.4666047625377753   3.318573207559668   3.312069796749057
0.4802834893595659   3.1299590565915842   3.123009991707732
0.49436321416184764   2.946391574818414   2.93934770103172
0.5088556923793517   2.7680215566880007   2.761253274111116
0.5237730240626238   2.600728508956706   2.5941855058722263
0.5391276639805903   2.446537882543876   2.4399320153312236
0.5549324320192869   2.3017203691080836   2.294985085593589
0.5712005238854289   2.162886575802402   2.1562244102331856
0.5879455221237613   2.0309795829667525   2.0244974346453
0.6051814074573895   1.9077476467712684   1.9013495704414505
0.622922570460556   1.7922921517623722   1.7859126874387894
0.6411838235736077   1.6828567149473865   1.67656586942012
0.6599804134701901   1.5793834213825373   1.5732381031819418
0.6793280337869897   1.4822258836641913   1.476201759206854
0.6992428382266549   1.3910086604939487   1.3850796629626108
0.7197414540448374   1.3050754085207001   1.2992592978041204
0.7408409959326054   1.2241162082359016   1.2184331574798233
0.7625590803058332   1.147883505750926   1.1423497056785368
0.7849138400134885   1.0761379895631167   1.070766125259826
0.8079239394770964   1.0086487313134   1.0034484154737926
0.8316085902740278   0.9451932720274001   0.9401714375261142
0.8559875671776167   0.8855576590585099   0.8807189136407105
0.8810812246675007   0.8295363562966388   0.8248833158724345
0.9069105139239728   0.7769274654175575   0.7724618459765383
0.9334970003205227   0.7275315753765138   0.7232554362876786
0.960862881429187   0.6811598177775406   0.6770754127702634
0.9890310055537336   0.6376340135409995   0.6337435664012735
1.0180248908061487   0.5967860894272599   0.593091615002042
1.047868744742366   0.558457525391464   0.5549606898665782
1.0785874845736239   0.522498831182397   0.5192008462370001
1.1102067579703248   0.4887690901575198   0.48567062844325937
1.1427529644757777   0.4571363705963959   0.4542373334267439
1.1762532775476793   0.42747702540546967   0.4247763816437211
1.210735667245765   0.39967419883235866   0.39717005182819975
1.246228923584555   0.3736174487478499   0.3713071141338432
1.2827626805706884   0.3492024343395326   0.34708251732516215
1.3203674409449337   0.3263306159499671   0.32439708730328415
1.3590746016495152   0.3049089668274658   0.303157236875375
1.3989164800420282   0.28484967866812   0.2832746601322599
1.4399263408778291   0.2660697003766932   0.26466577337073555
1.4821384240834183   0.24849061615006426   0.24725165339727806
1.525587973344019   0.2320385710757672   0.2309580410772649
1.5703112655292182   0.21664402716805586   0.21571508822699417
1.6163456409812174   0.20224152786192512   0.2014571120161846
1.6637295346910133   0.18876947412561634   0.18812236176545427
1.7125025083885144   0.17616991170691634   0.17565279761143107
1.7627052835733923   0.164388329875666   0.16399389038614742
1.814379775514258   0.15337347445548935   0.15309448072713192
1.8675691282445197   0.1430771607439111   0.14290653181880947
1.922317750584177   0.13345409775368058   0.13338491540982875
1.9786713532176083   0.12446172469741776   0.12448724657906737
2.0366769868582977   0.11606005595940143   0.11617372716315474
2.0963830815323896   0.10821153415475154   0.108406997279815
2.1578394870138577   0.10088089090678355   0.10115199459642633
2.2210975144450407   0.0940350081891899   0.0943758036244279
2.286209979177315   0.08764277191606981   0.08804747418145309
2.3532312448676476   0.08167498353834883   0.08213797771895687
2.4222172688678643   0.07610425729305648   0.07662011739796777
2.4932256489445366   0.07090491267807134   0.07146841663893759
2.5663156713684585   0.06605287293275705   0.06665901411849637
2.641548360413907   0.06152556921737737   0.06216956486991004
2.7189865293089923   0.05730185020538859   0.05797914717373535
2.798694832679631   0.05336190956915741   0.054068199671046153
2.8807398205309562   0.049687225137682915   0.050418477092782396
2.9651899938111903   0.046260444105856856   0.04701289736749628
3.05211586160442   0.04306530572602417   0.043835457208242064
3.1415899999999994   0.04008657613601289   0.040871167562008856
