0.01   3112.3082439413497   3112.127363098907
0.010293154462191829   3130.522439225321   3130.3403400665316
0.010594902878253955   3146.959913065035   3146.7767187827417
0.010905497183778876   3161.532537130528   3161.3484442685667
0.011225196699963396   3174.153275791341   3173.9685222546495
0.011554268350120923   3184.732920890802   3184.5476386874698
0.011892986882540897   3193.183921317809   3192.9980935247
0.012241635099881474   3199.421907752447   3199.235376348542
0.012600504095286909   3203.3608526363487   3203.1734988114504
0.012969893495426888   3204.9141036865103   3204.726012795605
0.013350111710660605   3203.9998844099146   3203.8113524705063
0.013741476192534558   3200.539818772332   3200.3512449522364
0.014144313698828986   3194.455318033701   3194.2668972413476
0.01455896056637426   3185.6736115148215   3185.4852806915524
0.014985762991865008   3174.129052918771   3173.9405132517145
0.01542507732090645   3159.758624001144   3159.5695518572315
0.015877270345534218   3142.5049135007825   3142.3150887522906
0.016342719610456153   3122.3202700795628   3122.129576726953
0.016821813728271667   3099.1660601769827   3098.974361912825
0.017314952703931925   3073.012052393368   3072.8189633668653
0.017822548268711737   3043.8395500630613   3043.6444208360786
0.01834502422397195   3011.6423614594455   3011.444333432355
0.018882816794999403   2976.4278584704903   2976.2261379171428
0.019436374995219892   2938.21694649609   2938.0109134111703
0.02000616100108813   2897.044275180234   2896.8334795599258
0.020592650537967844   2852.9647703500486   2852.7488233858876
0.021196333277324068   2806.054968746825   2805.833412676656
0.02181771324555934   2756.404794087518   2756.177105602915
0.022457309244835088   2704.122206656463   2703.8879019799624
0.02311565528622961   2649.349462100176   2649.10848318771
0.023793301035594242   2592.2440478193   2591.996833319819
0.024490812272480036   2532.9733545343943   2532.72080211711
0.025208771362518027   2471.7426064963292   2471.4860650309543
0.0259477777436476   2408.785943519338   2408.5271920677314
0.02670844842659881   2344.3374709764817   2344.078662444906
0.027491418510046592   2278.650897514286   2278.394576755775
0.028297341710866907   2212.031721454555   2211.7809605597304
0.029126890909937666   2144.7805562064177   2144.5388939614986
0.029980758713939952   2077.1881452071657   2076.959490169864
0.030859658033628758   2009.594344038506   2009.3828777171266
0.031764322679055976   1942.348837047832   1942.1589262079365
0.03269550797224261   1875.768395649735   1875.6045129354054
0.033653991377811755   1810.1783552780405   1810.0447721474497
0.03464057315210884   1745.9384020033892   1745.8387532681834
0.03565607701135116   1683.3677160414998   1683.305012245408
0.036701350819364466   1622.747236185355   1622.7239214640015
0.03777726729548091   1564.3622586466038   1564.3802330637777
0.038884724743189276   1508.4687553490585   1508.529442077553
0.04002464780014597   1455.2778180159853   1455.3821813150444
0.041197988210172884   1404.969518828634   1405.1158700958777
0.04240572561788674   1357.6987461855547   1357.8804611907528
0.04364886838662332   1313.5898185397166   1313.7958751317394
0.04492845444033957   1272.7096306856126   1272.926267401722
0.04624555213019635   1234.9848672763212   1235.2000617337908
0.04760126112654554   1200.3151726955741   1200.5194154165724
0.04899671333706607   1168.5849039223776   1168.7703952795728
0.05043307385181555   1139.4566514730452   1139.6122522802805
0.05191154191598653   1112.4923789087102   1112.6011284310819
0.053433351931179485   1087.2921669500788   1087.3320621723176
0.05499977448602865   1063.4856041433293   1063.433254837387
0.05661211741704101   1040.7298131450611   1040.562504778699
0.05827172690053434   1018.6672555568796   1018.3639383203957
0.05997998857658587   996.7595977651482   996.3055633527136
0.06173832870592997   974.4472949463682   973.8355172558097
0.0635482153607709   951.1431044636463   950.3763008182735
0.06541115965050462   926.2100694649835   925.3035271060517
0.06732871698337338   899.1084164156041   898.0892124549513
0.06930248836510605   869.4860234592977   868.3910743290865
0.07133412173562886   837.138350112897   836.0125079743024
0.07342531334496233   802.2019036672081   801.0953804145472
0.07557780916945323   765.0153775449954   763.9812503519948
0.07779340636952398   726.1581417236135   725.2514353321786
0.08007395479015682   686.3336904406011   685.6095958997678
0.08242135850536496   646.2845116667972   645.7935395288264
0.08483757740794096   606.7471179371394   606.5311252891082
0.08732462884580919   568.5612994211947   568.6443772527948
0.08988458930634863   532.5406416957735   532.9249124941609
0.09251959615009227   499.503003090455   500.1606685824301
0.09523184939525078   470.09836816075375   470.9733391075741
0.09802361355455057   444.80290701477537   445.812863505262
0.10089721952591899   423.743196342496   424.78900274711236
0.10385506653859616   406.6681231862797   407.6414414674295
0.10689962415629803   393.02541348669524   393.82052791316056
0.11003343433910281   381.97065022835164   382.4965019420457
0.11325911356578279   372.50950166034943   372.6985955315258
0.11657935501835284   363.57268622479415   363.39112779344634
0.11999693083066039   354.0910820620013   353.5560675132356
0.12351469440289359   343.1522568999206   342.3314946062917
0.12713558278394044   330.11897415184853   329.12202548449596
0.13086261912358757   314.780778991863   313.7605497787956
0.13469891519660646   297.32013739685345   296.452012474764
0.13864767400083483   278.28952093927614   277.7358894794855
0.14271219243142114   258.5925496298936   258.4739612107964
0.14689586403346616   239.41532601750495   239.7784569724524
0.1512021818353596   221.99156363828286   222.79119241890305
0.15563474126517718   207.24800711220107   208.35632807341437
0.16019724315257297   195.46735133582513   196.7180265764665
0.1648934968186736   186.38136843485856   187.59096240480162
0.1697274232565544   179.420268573209   180.41809875517342
0.17470305840495237   173.7759287158996   174.44682347732268
0.17982455651794954   168.37697207737043   168.70335399409024
0.18509619363343993   162.1402956994757   162.2209196545587
0.19052237114327647   154.46025022779457   154.4737970429948
0.19610761946807834   145.42912110846126   145.5799633460322
0.20185660183976684   135.5962576223706   136.06470913959993
0.20777411819498756   125.75933937182054   126.6177976539845
0.21386510918267082   116.80510962967881   118.01452383734706
0.22013466028907505   109.34857688808302   110.77021594615877
0.22658800608375756   103.4915324275311   104.9280113253057
0.23323053459001789   98.89032459598744   100.1846240151723
0.2400677917834628   94.8516346971871   95.93281175938294
0.24710548622244882   90.60396389381391   91.53561047583494
0.25434949381426813   85.7646949158317   86.68160391938443
0.2618058627210567   80.41889658290835   81.4841503664574
0.2694808184095226   74.94827630681532   76.24102499205362
0.27738076884870827   69.90118325332382   71.3952795102853
0.2855123098601282   65.6370954364879   67.21927305347471
0.29388223062474755   62.10610737639624   63.65734382718904
0.3024975193514008   58.99580711352506   60.44007234512052
0.31136536911138296   55.90947514582966   57.283890665442016
0.3204931838440838   52.6315264723781   54.02743124750142
0.32988858453867975   49.274112770801516   50.76378325158564
0.3395594155970457   46.08703259562367   47.676073534991254
0.34951375138319807   43.25722301281931   44.88824623343753
0.3597599029647371   40.78267234538184   42.390458386783514
0.37030642505191835   38.49064077032696   40.053575002994144
0.3811621231401457   36.221257015007964   37.77364334419067
0.3923360608618501   33.965406901165224   35.548699234277855
0.4038375675538918   31.81707525989371   33.437225638711716
0.41567624604680364   29.860332803221624   31.490025352485286
0.42786198068238046   28.07484550934642   29.687072695560992
0.4404049455663077   26.386040594973682   27.9807857748059
0.4533156130627191   24.750246038006335   26.347196337687738
0.4666047625377753   23.193045194661348   24.798416207498096
0.4802834893595659   21.746769308656546   23.34963678639075
0.49436321416184764   20.405339805898375   21.995070815579332
0.5088556923793517   19.137441841801646   20.71513913353503
0.5237730240626238   17.931808229024767   19.502935145541684
0.5391276639805903   16.79889968239689   18.36238601396084
0.5549324320192869   15.741256567635078   17.291741067804683
0.5712005238854289   14.74780351925628   16.28388914253994
0.5879455221237613   13.81036764664535   15.33370889000196
0.6051814074573895   12.929525049903482   14.438948176467274
0.622922570460556   12.104613505394077   13.59812296264916
0.6411838235736077   11.329759058531186   12.806770474880402
0.6599804134701901   10.601403453822691   12.061810638140978
0.6793280337869897   9.91801762241832   11.361024046933814
0.6992428382266549   9.277243210406601   10.701960962915324
0.7197414540448374   8.676477320198302   10.082160478545992
0.7408409959326054   8.113275099431698   9.49930099697366
0.7625590803058332   7.585340583100663   8.95119322011981
0.7849138400134885   7.09051746936631   8.435773185544278
0.8079239394770964   6.626780486807058   7.951095613667709
0.8316085902740278   6.192230654189786   7.495329128237718
0.8559875671776167   5.785116637701235   7.0667640005467245
0.8810812246675007   5.4038045859149495   6.663796050807918
0.9069105139239728   5.0467496450929845   6.28491086929678
0.9334970003205227   4.712491548225435   5.92867925619022
0.960862881429187   4.399650648917683   5.59375296490678
0.9890310055537336   4.10692408589179   5.278860602681909
1.0180248908061487   3.8330817416041127   4.982803595982326
1.047868744742366   3.576956567570505   4.704450707929718
1.0785874845736239   3.337443657375737   4.442735004307977
1.1102067579703248   3.1135037162222785   4.196652222710038
1.1427529644757777   2.9041596303973867   3.9652574088792165
1.1762532775476793   2.708492953366773   3.7476616391796793
1.210735667245765   2.5256405757715616   3.5430288993134695
1.246228923584555   2.3547915838981686   3.350573090175531
1.2827626805706884   2.1951848989932032   3.169554032224657
1.3203674409449337   2.0461065139823145   2.9992745683250437
1.3590746016495152   1.906885787980835   2.839079883129893
1.3989164800420282   1.7768928948256102   2.688355154743215
1.4399263408778291   1.655536487181396   2.546523184980157
1.4821384240834183   1.542261483087627   2.4130421603400816
1.525587973344019   1.4365469690189625   2.2874035301859768
1.5703112655292182   1.3379041288438638   2.1691281628707495
1.6163456409812174   1.2458742868796335   2.057762578131723
1.6637295346910133   1.1600273413929487   1.9528815196032219
1.7125025083885144   1.0799601032096116   1.8540867817304567
1.7627052835733923   1.005294694622984   1.761005465954074
1.814379775514258   0.9356770372255149   1.6732883491713733
1.8675691282445197   0.8707754241983856   1.5906083573803687
1.922317750584177   0.8102791365814046   1.5126576008337176
1.9786713532176083   0.7538970886799293   1.4391422550180597
2.0366769868582977   0.7013567636861727   1.3697866869130142
2.0963830815323896   0.6524031122015997   1.3043336267138037
2.1578394870138577   0.6067974782694057   1.242542874038611
2.2210975144450407   0.5643165879478443   1.1841900997319572
2.286209979177315   0.5247515970441287   1.1290657359042957
2.3532312448676476   0.48790717611231044   1.0769732452982288
2.4222172688678643   0.4536005792004752   1.027724687089886
2.4932256489445366   0.421660951562195   0.9811432785987452
2.5663156713684585   0.3919286298261252   0.9370643741453714
2.641548360413907   0.3642544330585028   0.8953345641774745
2.7189865293089923   0.33849899680532336   0.8558108421959905
2.798694832679631   0.3145321477560077   0.8183598379886816
2.8807398205309562   0.2922323334335157   0.7828567937485787
2.9651899938111903   0.27148622584427695   0.7491818439375098
3.05211586160442   0.252188082455611   0.7172213538395847
3.1415899999999994   0.2342391390623056   0.6868696917148862
