0.01   6188.494393804878   6188.309593002573
0.010293154462191829   6254.027621658625   6253.8368042869
0.010594902878253955   6316.854343455653   6316.656977706389
0.010905497183778876   6376.761026439378   6376.556660976607
0.011225196699963396   6433.531892807375   6433.320143991985
0.011554268350120923   6486.93913584198   6486.71955817856
0.011892986882540897   6536.7500854968885   6536.522110997225
0.012241635099881474   6582.733384001895   6582.4963213094
0.012600504095286909   6624.651923013422   6624.404993337291
0.012969893495426888   6662.259533069952   6662.001926525302
0.013350111710660605   6695.313479323294   6695.044363018275
0.013741476192534558   6723.574067741333   6723.292544130471
0.014144313698828986   6746.793294402741   6746.498149797331
0.01455896056637426   6764.726285413126   6764.415903681112
0.014985762991865008   6777.137942382674   6776.810309073663
0.01542507732090645   6783.795037658804   6783.447736120121
0.015877270345534218   6784.466153632431   6784.096363185935
0.016342719610456153   6778.934584707273   6778.539097262862
0.016821813728271667   6766.998332417058   6766.573494771726
0.017314952703931925   6748.463684024155   6748.005089964414
0.017822548268711737   6723.155398547259   6722.65783988378
0.01834502422397195   6690.921554795308   6690.379075832018
0.018882816794999403   6651.634225247215   6651.040267755701
0.019436374995219892   6605.191459859242   6604.539009356402
0.02000616100108813   6551.5202460008195   6550.801909692794
0.020592650537967844   6490.582651036359   6489.79087581968
0.021196333277324068   6422.386812761774   6421.514397940985
0.02181771324555934   6346.976056782788   6346.016306549461
0.022457309244835088   6264.429342424941   6263.376176599778
0.02311565528622961   6174.894204511712   6173.742874174635
0.023793301035594242   6078.574957668416   6077.322526688084
0.024490812272480036   5975.706069674083   5974.351389715428
0.025208771362518027   5866.581661885933   5865.12601576042
0.0259477777436476   5751.595680249424   5750.0443328515685
0.02670844842659881   5631.170244450636   5629.532390234778
0.027491418510046592   5505.753561255329   5504.042043814555
0.028297341710866907   5375.92360363359   5374.155262484651
0.029126890909937666   5242.320319474286   5240.5159007217235
0.029980758713939952   5105.569890949379   5103.753491411412
0.030859658033628758   4966.355742972719   4964.554846057396
0.031764322679055976   4825.471242682703   4823.717203721452
0.03269550797224261   4683.6748910622855   4682.002302285547
0.033653991377811755   4541.706764779734   4540.152351888669
0.03464057315210884   4400.501050430729   4399.1004509272825
0.03565607701135116   4261.0079472471   4259.794385832066
0.036701350819364466   4124.071721359624   4123.076016762727
0.03777726729548091   3990.4031283164027   3989.6535951505984
0.038884724743189276   3860.5750256146484   3860.097371842309
0.04002464780014597   3735.075935502599   3734.893481295246
0.041197988210172884   3614.416421096101   3614.5472320785284
0.04240572561788674   3499.537453382315   3499.978433395145
0.04364886838662332   3391.4138445634535   3392.1382331514187
0.04492845444033957   3290.8449066153735   3291.805709253854
0.04624555213019635   3197.942576689881   3199.076887032991
0.04760126112654554   3112.3585443756083   3113.590527852424
0.04899671333706607   3033.7552033198217   3034.9971003242863
0.05043307385181555   2961.6904297888645   2962.8409508642026
0.05191154191598653   2895.658220524131   2896.601409030285
0.053433351931179485   2835.1485558173067   2835.7552591372864
0.05499977448602865   2779.3611319630686   2779.495405424422
0.05661211741704101   2727.418191897846   2726.940011968634
0.05827172690053434   2678.345593641125   2677.1176065842583
0.05997998857658587   2630.9287773605415   2628.8290800614627
0.06173832870592997   2583.9378381177057   2580.8658977363066
0.0635482153607709   2535.849354049979   2531.751888395455
0.06541115965050462   2485.1070833309236   2479.9887401447677
0.06732871698337338   2430.166470604067   2424.111594591107
0.06930248836510605   2369.574275556653   2362.7592021072883
0.07133412173562886   2302.235509708414   2294.9317048001726
0.07342531334496233   2227.441528871384   2220.012691338946
0.07557780916945323   2145.135127238977   2138.0288151606005
0.07779340636952398   2055.8448859178466   2049.5748373138963
0.08007395479015682   1960.7360427800297   1955.8373312798908
0.08242135850536496   1861.384708948878   1858.3778996391457
0.08483757740794096   1759.77625441597   1759.1420213606705
0.08732462884580919   1658.1096120898862   1660.2441900702133
0.08988458930634863   1558.8083364739557   1563.9659372044773
0.09251959615009227   1464.194153077251   1472.4695489778267
0.09523184939525078   1376.6627770904638   1387.9604036490616
0.09802361355455057   1298.1563151634393   1312.1598628074557
0.10089721952591899   1230.1941389197336   1246.3194439132938
0.10385506653859616   1173.3860162082237   1190.8902189892397
0.10689962415629803   1127.5848065876448   1145.6421141613066
0.11003343433910281   1091.5690516204013   1109.3168132870226
0.11325911356578279   1063.4661682479957   1080.0776588913357
0.11657935501835284   1040.6832968097167   1055.5045498094582
0.11999693083066039   1020.2240644463886   1032.8935229817787
0.12351469440289359   998.931839399953   1009.4613382165006
0.12713558278394044   973.8020520840672   982.6215203170125
0.13086261912358757   942.5113413216445   950.5361628671473
0.13469891519660646   903.8000069732841   912.2579595144308
0.13864767400083483   857.7326104186982   867.971453870498
0.14271219243142114   805.7563788991285   819.2254924797625
0.14689586403346616   750.580631706047   768.2918502838697
0.1512021818353596   695.8373325280432   718.2174151975009
0.15563474126517718   645.3702017672434   672.2072087527042
0.16019724315257297   602.2640264050716   632.5498201692959
0.1648934968186736   568.0601437392048   600.2120846787564
0.1697274232565544   542.6093349286637   575.0303581139559
0.17470305840495237   524.4146532321462   555.4948147069829
0.17982455651794954   510.8873057344737   539.4848333696541
0.18509619363343993   498.5041623325987   524.2727605804613
0.19052237114327647   483.5524047120907   507.0799187667737
0.19610761946807834   463.5160030744671   486.3074112702735
0.20185660183976684   438.004160194334   461.92564738278475
0.20777411819498756   408.60122097503717   435.13713398790264
0.21386510918267082   378.2414607077689   408.2464224361441
0.22013466028907505   350.35463093612304   383.49926133809885
0.22658800608375756   327.5792176320633   362.60008115572555
0.23323053459001789   310.7177058679367   345.76901409960914
0.2400677917834628   298.70980741518093   332.27734689651965
0.24710548622244882   288.964751400763   320.15719733279576
0.25434949381426813   278.385493900202   307.66335358830565
0.2618058627210567   264.96066946003253   293.737688698916
0.2694808184095226   248.6287334254977   278.4136805202036
0.27738076884870827   231.03941202011006   262.74656770074085
0.2855123098601282   214.7233619952307   248.21657552708285
0.29388223062474755   201.5418563174644   235.70421375049239
0.3024975193514008   191.6148658554264   225.0305458185324
0.31136536911138296   183.5333649857612   215.47635941751452
0.3204931838440838   175.27484261787225   206.02749088577522
0.32988858453867975   165.57425488114325   196.14296844065788
0.3395594155970457   154.7925354966749   186.0832622559129
0.34951375138319807   144.34638763042713   176.48829923660657
0.3597599029647371   135.49477968113047   167.85499222359064
0.37030642505191835   128.37772912703653   160.07827616377816
0.3811621231401457   122.01853316209127   152.80452253890985
0.3923360608618501   115.34498907564283   145.66233276710452
0.4038375675538918   108.17059297502229   138.5682913839817
0.41567624604680364   101.17577269131164   131.78594675082144
0.42786198068238046   95.06572530489206   125.53680075523586
0.4404049455663077   89.80599928817728   119.73857356036008
0.4533156130627191   84.80935555944421   114.2066230438504
0.4666047625377753   79.69053290597525   108.83835855133086
0.4802834893595659   74.66452508212274   103.70351332862111
0.49436321416184764   70.10750316662585   98.88305456743649
0.5088556923793517   66.02505604271704   94.36724366446275
0.5237730240626238   62.122918210586825   90.05412242548454
0.5391276639805903   58.282024032878375   85.92475163944489
0.5549324320192869   54.65730239691811   82.01193280969154
0.5712005238854289   51.34534554160172   78.32198685489226
0.5879455221237613   48.23871719688229   74.82173571351731
0.6051814074573895   45.24779128615148   71.48111491441489
0.622922570460556   42.43070497158142   68.31491986745685
0.6411838235736077   39.80050207810308   65.31833485705289
0.6599804134701901   37.32641097000202   62.47175742782066
0.6793280337869897   34.99860416566523   59.76733408369938
0.6992428382266549   32.8089739966111   57.19824319726121
0.7197414540448374   30.749824168609774   54.75795762627743
0.7408409959326054   28.81385148533866   52.44023637378645
0.7625590803058332   26.994128211739135   50.23911602553202
0.7849138400134885   25.284097831086502   48.14874015724598
0.8079239394770964   23.677582851426774   46.163017077228446
0.8316085902740278   22.168726941755324   44.276110009511825
0.8559875671776167   20.751971804036806   42.48253682577043
0.8810812246675007   19.42204463168046   40.77714694800022
0.9069105139239728   18.173945888835263   39.15509984740632
0.9334970003205227   17.00293741994542   37.61184502333638
0.960862881429187   15.904530733072873   36.14310217840608
0.9890310055537336   14.874465032147587   34.74476430951277
1.0180248908061487   13.908693238072932   33.41284639246326
1.047868744742366   13.003390871494021   32.143605145314986
1.0785874845736239   12.154946666310574   30.933534638846858
1.1102067579703248   11.359951737270492   29.779349748624202
1.1427529644757777   10.615189221668633   28.677970858877742
1.1762532775476793   9.91762437988947   27.626509716672015
1.210735667245765   9.264395178700994   26.62224844445786
1.246228923584555   8.652803853156877   25.66250329541907
1.2827626805706884   8.080307994697542   24.744656237659793
1.3203674409449337   7.544511738148826   23.86626381274583
1.3590746016495152   7.043157959082757   23.025047743330717
1.3989164800420282   6.574120855270446   22.218882748755544
1.4399263408778291   6.135398878929487   21.44578536209804
1.4821384240834183   5.725108006563483   20.703903659129747
1.525587973344019   5.34147520719038   19.991495895017113
1.5703112655292182   4.982831675540229   19.306853895232262
1.6163456409812174   4.647607754700706   18.64835355111518
1.6637295346910133   4.334327812320758   18.014484710713365
1.7125025083885144   4.041604959829881   17.403843058931137
1.7627052835733923   3.7681360405996274   16.815122536860933
1.814379775514258   3.512696876745047   16.24710838448879
1.8675691282445197   3.274137762944898   15.698670745761165
1.922317750584177   3.0513788927722887   15.168746737559605
1.9786713532176083   2.843405769359957   14.656310401355405
2.0366769868582977   2.649266368133513   14.160403480405915
2.0963830815323896   2.4680676836409012   13.680138914192707
2.1578394870138577   2.298972243591839   13.214696021620176
2.2210975144450407   2.141194815980624   12.763316054630636
2.286209979177315   1.9939992995290488   12.325298085805981
2.3532312448676476   1.8566957988458408   11.899995916288763
2.4222172688678643   1.7286385152803576   11.486860623524732
2.4932256489445366   1.6092232886334947   11.085457048965088
2.5663156713684585   1.4978839515990592   10.695384066979589
2.641548360413907   1.3940899700870368   10.316265493550098
2.7189865293089923   1.2973443209582591   9.947748506788717
2.798694832679631   1.2071814864842336   9.58950215167766
2.8807398205309562   1.1231655598748727   9.24121592297338
2.9651899938111903   1.0448882917892515   8.90259355598254
3.05211586160442   0.9719650156062031   8.573277896511431
3.1415899999999994   0.9040343530528772   8.252877112080423
