0.01   10352.068407138606   10348.960802475769
0.010293154462191829   10500.23260719038   10496.831448783078
0.010594902878253955   10645.887020564393   10642.163965109834
0.010905497183778876   10788.72972085631   10784.65453201583
0.011225196699963396   10928.446359856729   10923.98659529868
0.011554268350120923   11064.701459760392   11059.8217101268
0.011892986882540897   11197.151749236658   11191.813505134382
0.012241635099881474   11325.447827696791   11319.609443285297
0.012600504095286909   11449.223544028782   11442.839995275417
0.012969893495426888   11568.102648492108   11561.12542329814
0.013350111710660605   11681.706431209515   11674.083566389992
0.013741476192534558   11789.644311131578   11781.320022669219
0.014144313698828986   11891.507502463697   11882.421536316882
0.01455896056637426   11986.886555050938   11976.974219249645
0.014985762991865008   12075.371703451043   12064.56387153515
0.01542507732090645   12156.539518480471   12144.762000087372
0.015877270345534218   12229.965917489239   12217.139375847273
0.016342719610456153   12295.234367917727   12281.274549472677
0.016821813728271667   12351.925344118876   12336.742328912842
0.017314952703931925   12399.61607288877   12383.113384858372
0.017822548268711737   12437.897492263322   12419.97246326414
0.01834502422397195   12466.374196630788   12446.918169137225
0.018882816794999403   12484.656498207456   12463.554175115009
0.019436374995219892   12492.373801866717   12469.50363849382
0.02000616100108813   12489.18087199359   12464.415823899319
0.020592650537967844   12474.758968487944   12447.966390804238
0.021196333277324068   12448.819014797624   12419.860844221439
0.02181771324555934   12411.105924931755   12379.83980358276
0.022457309244835088   12361.408191462886   12327.689514546159
0.02311565528622961   12299.571815171159   12263.257177185951
0.023793301035594242   12225.486984812911   12186.435893472108
0.024490812272480036   12139.091548893628   12097.16798598962
0.025208771362518027   12040.414957811881   11995.49035477554
0.0259477777436476   11929.558621024651   11881.514101061977
0.02670844842659881   11806.668922415478   11755.39661918075
0.027491418510046592   11671.987405212427   11617.395854593207
0.028297341710866907   11525.89106661301   11467.9137397851
0.029126890909937666   11368.802782035309   11307.39911576011
0.029980758713939952   11201.202204537592   11136.358428206413
0.030859658033628758   11023.754598304604   10955.489156012543
0.031764322679055976   10837.204801109221   10765.569443252343
0.03269550797224261   10642.309399729433   10567.387547688022
0.033653991377811755   10439.97710363611   10361.885735433765
0.03464057315210884   10231.295979630444   10150.1877778034
0.03565607701135116   10017.333124117387   9933.393112438598
0.036701350819364466   9799.16966954519   9712.611800557563
0.03777726729548091   9578.076054849498   9489.14096868154
0.038884724743189276   9355.31312323737   9264.264053933965
0.04002464780014597   9132.070287699702   9039.18770784618
0.041197988210172884   8909.713277299605   8815.274212371607
0.04240572561788674   8689.734759197929   8593.994975557665
0.04364886838662332   8473.499885119172   8376.692183032137
0.04492845444033957   8262.152526678052   8164.486061134961
0.04624555213019635   8056.455454460873   7958.1156776459275
0.04760126112654554   7857.038425011274   7758.18754012822
0.04899671333706607   7664.5078452846865   7565.277555293292
0.05043307385181555   7479.986575199633   7380.386405771016
0.05191154191598653   7304.85895099134   7204.725162517524
0.053433351931179485   7140.355017305503   7039.363882866843
0.05499977448602865   6986.564309190744   6884.2985849238385
0.05661211741704101   6842.106250991269   6738.140934829397
0.05827172690053434   6705.595996083713   6599.505973424462
0.05997998857658587   6575.756436949019   6467.12486722016
0.06173832870592997   6451.407983419269   6339.837865697436
0.0635482153607709   6331.428348058729   6216.547738894923
0.06541115965050462   6214.353470871151   6095.874446346357
0.06732871698337338   6098.4839951643135   5976.248381488427
0.06930248836510605   5982.097728559785   5856.113693264535
0.07133412173562886   5863.087967294847   5733.669866706803
0.07342531334496233   5739.382155640122   5607.179819635864
0.07557780916945323   5608.799413449141   5474.925554098104
0.07779340636952398   5469.198002233493   5335.292633435491
0.08007395479015682   5318.933086024379   5187.133898569069
0.08242135850536496   5156.941416943973   5029.84336430838
0.08483757740794096   4983.063879417626   4863.655739922525
0.08732462884580919   4798.356888752628   4689.960311639229
0.08988458930634863   4604.729199016103   4510.636731470364
0.09251959615009227   4405.090957045877   4328.109896900452
0.09523184939525078   4202.806959759532   4145.197594345636
0.09802361355455057   4001.5624297130867   3965.0139296606594
0.10089721952591899   3805.08416163479   3790.4238223611355
0.10385506653859616   3616.9509779268096   3623.997322766365
0.10689962415629803   3440.709344232306   3468.136098946879
0.11003343433910281   3279.336666088342   3324.7669831558082
0.11325911356578279   3135.178311500579   3195.071252191806
0.11657935501835284   3009.561099610474   3079.4789925460955
0.11999693083066039   2902.0610777531497   2977.1309703404568
0.12351469440289359   2810.8069133261824   2886.2535466512195
0.12713558278394044   2732.1815863701468   2803.9994529461737
0.13086261912358757   2661.5389533901534   2727.03238467587
0.13469891519660646   2593.7018287103233   2651.8933170792316
0.13864767400083483   2523.530250292575   2575.4973118236153
0.14271219243142114   2446.616856118337   2495.3178275169034
0.14689586403346616   2359.7734025344575   2409.8112548602994
0.1512021818353596   2261.778340828366   2319.369824331129
0.15563474126517718   2153.591045993787   2224.980580351567
0.16019724315257297   2038.1560458332656   2128.358783419651
0.1648934968186736   1919.9424409598596   2032.3792786899767
0.1697274232565544   1804.343650981839   1939.9279697841068
0.17470305840495237   1697.0107884958984   1853.7390863741791
0.17982455651794954   1602.750844477518   1775.5821555410641
0.18509619363343993   1524.1204177902237   1706.0806992459934
0.19052237114327647   1460.4306294032585   1644.6176640394337
0.19610761946807834   1408.145859148537   1588.4634632667262
0.20185660183976684   1362.3314378579398   1535.5274653001516
0.20777411819498756   1317.691764155134   1483.5216961702522
0.21386510918267082   1269.1064522404818   1431.2001720277513
0.22013466028907505   1212.992209065229   1377.2681478108304
0.22658800608375756   1149.2087698339963   1321.9131468053529
0.23323053459001789   1081.1869128048902   1266.8711884645459
0.2400677917834628   1013.9199102348815   1214.0559517620475
0.24710548622244882   952.1318568113965   1164.461344123653
0.25434949381426813   899.2054127391146   1118.9958217371886
0.2618058627210567   855.9616720246684   1076.8727070437615
0.2694808184095226   820.015093495261   1037.7052477123616
0.27738076884870827   787.241067097582   1000.1912338493319
0.2855123098601282   753.317519382594   963.3677690880634
0.29388223062474755   715.5979511070047   926.9996740245703
0.3024975193514008   674.7033241695369   891.4993553713847
0.31136536911138296   633.6246035385557   857.1271985536592
0.3204931838440838   595.6173705739106   824.4826768053421
0.32988858453867975   562.8454281125704   793.9334845791119
0.3395594155970457   535.0792183372428   764.8972877517232
0.34951375138319807   509.9010852725887   737.3939515857171
0.3597599029647371   484.6957723539535   710.6454496643955
0.37030642505191835   458.1859343340049   684.874029638724
0.3811621231401457   431.1426753184904   659.98062435547
0.3923360608618501   405.5746581048437   636.1722736243847
0.4038375675538918   382.775807083863   613.5527976924662
0.41567624604680364   362.52696010269375   592.1154476352342
0.42786198068238046   343.5115379122575   571.5336252209617
0.4404049455663077   324.5400899068087   551.7392078648114
0.4533156130627191   305.6220038922079   532.7109059282224
0.4666047625377753   287.64507261726084   514.4874248699759
0.4802834893595659   271.2257078489126   497.1082304945788
0.49436321416184764   256.1461037220151   480.54905040084014
0.5088556923793517   241.72179628702352   464.62769271730167
0.5237730240626238   227.6542321470748   449.3102923433251
0.5391276639805903   214.22110987905293   434.6324240465879
0.5549324320192869   201.73382032744493   420.5945727241508
0.5712005238854289   190.0903192928882   407.16407381411653
0.5879455221237613   178.99704846667754   394.26274686022333
0.6051814074573895   168.38070523562783   381.8465308131435
0.622922570460556   158.3752834076689   369.9392019352499
0.6411838235736077   149.00701543786562   358.5203280364046
0.6599804134701901   140.1531583436572   347.53920840263595
0.6793280337869897   131.74671480117496   336.96680504687606
0.6992428382266549   123.82064853809767   326.7933340082183
0.7197414540448374   116.3684710483471   317.00472968052026
0.7408409959326054   109.34219851479436   307.5779917886844
0.7625590803058332   102.71150506919714   298.48381188347133
0.7849138400134885   96.45710947277092   289.70314530607135
0.8079239394770964   90.5605341124638   281.2184908936991
0.8316085902740278   85.00393136397511   273.01348807050766
0.8559875671776167   79.77008894527107   265.0728414428615
0.8810812246675007   74.84243196302552   257.382251313725
0.9069105139239728   70.20502197380856   249.92834959633018
0.9334970003205227   65.84241453955862   242.69825990159924
0.960862881429187   61.73927573721893   235.6784029050763
0.9890310055537336   57.88092084355182   228.8557866161184
1.0180248908061487   54.25344991478953   222.21839273645693
1.047868744742366   50.843708605990216   215.75511651144234
1.0785874845736239   47.63925078804803   209.45571148496157
1.1102067579703248   44.62830288943201   203.31073864917886
1.1427529644757777   41.799730635637   197.31152103230772
1.1762532775476793   39.14305339293539   191.45019881978786
1.210735667245765   36.648426019635174   185.71973485581861
1.246228923584555   34.30652639489769   180.11371469776728
1.2827626805706884   32.10852405074982   174.62629734504762
1.3203674409449337   30.046057677956668   169.2521838124921
1.3590746016495152   28.111213399526658   163.98658744580757
1.3989164800420282   26.296503806248005   158.82520575766037
1.4399263408778291   24.594846340283404   153.7642564792586
1.4821384240834183   22.999529351108723   148.8011328857932
1.525587973344019   21.50420353774211   143.93401957274716
1.5703112655292182   20.102875964574245   139.16132679481322
1.6163456409812174   18.78989193867343   134.4816651527445
1.6637295346910133   17.55991747622173   129.89383074666534
1.7125025083885144   16.407922564523677   125.3967906324725
1.7627052835733923   15.329165191670047   120.98966856225269
1.814379775514258   14.319176075272969   116.6720385274205
1.8675691282445197   13.373744036453587   112.44480112736045
1.922317750584177   12.48890233104738   108.30906079164095
1.9786713532176083   11.66091552019474   104.26576463103467
2.0366769868582977   10.886266925090776   100.3157045042975
2.0963830815323896   10.16164669231421   96.45951942004494
2.1578394870138577   9.483940445126315   92.69769825858108
2.2210975144450407   8.850218470018744   89.03058888397095
2.286209979177315   8.257723837679205   85.45878436723403
2.3532312448676476   7.703862278531887   81.98327599512297
2.4222172688678643   7.186195833856912   78.60481173959086
2.4932256489445366   6.702434183455877   75.32385073684573
2.5663156713684585   6.250426169426969   72.140579720925
2.641548360413907   5.828151772603616   69.05492954482915
2.7189865293089923   5.4337145199207635   66.0665916947439
2.798694832679631   5.065334587341798   63.17505861024049
2.8807398205309562   4.7213448932810165   60.37989068953085
2.9651899938111903   4.4001825813476865   57.68058201579048
3.05211586160442   4.100380567427549   55.076373561064926
3.1415899999999994   3.8205619909609996   52.56627231297488
