0.01   21366.28613816187   21362.24774013522
0.010293154462191829   21539.169843032654   21534.7855752612
0.010594902878253955   21701.15742018683   21696.398161060573
0.010905497183778876   21851.56381232844   21846.39706861275
0.011225196699963396   21989.70662466078   21984.09664086523
0.011554268350120923   22114.868972116983   22108.777592692728
0.011892986882540897   22226.31745052035   22219.70474837978
0.012241635099881474   22323.3328825854   22316.157317959885
0.012600504095286909   22405.194799866254   22397.41239346333
0.012969893495426888   22471.161920830684   22462.72426843706
0.013350111710660605   22520.513627073564   22511.367827366128
0.013741476192534558   22552.55424727335   22542.643129218803
0.014144313698828986   22566.572184384157   22555.83433009672
0.01455896056637426   22561.87011980352   22550.240096147903
0.014985762991865008   22537.796278282076   22525.205057944717
0.01542507732090645   22493.726941651505   22480.100535187492
0.015877270345534218   22429.05544901556   22414.31229044701
0.016342719610456153   22343.23480634555   22327.286172910826
0.016821813728271667   22235.78325909783   22218.533993290792
0.017314952703931925   22106.26608422661   22087.61471458525
0.017822548268711737   21954.318892073014   21934.15840366846
0.01834502422397195   21779.664950611674   21757.884033469163
0.018882816794999403   21582.125438906583   21558.610308126506
0.019436374995219892   21361.625840066896   21336.2623055842
0.02000616100108813   21118.19332104809   21090.868317509892
0.020592650537967844   20851.973993583346   20822.57802815485
0.021196333277324068   20563.292347798288   20531.725549409693
0.02181771324555934   20252.599443121602   20218.774209864332
0.022457309244835088   19920.453753565107   19884.296161573046
0.02311565528622961   19567.634884944066   19529.09444833064
0.023793301035594242   19195.142778787675   19154.202060449912
0.024490812272480036   18804.06112658839   18760.735265327232
0.025208771362518027   18395.62283006322   18349.961345690557
0.0259477777436476   17971.420075078673   17923.516854798647
0.02670844842659881   17533.1389212454   17483.13148207908
0.027491418510046592   17082.489767150804   17030.555574136753
0.028297341710866907   16621.545078241354   16567.907374242357
0.029126890909937666   16152.637105515618   16097.567611224118
0.029980758713939952   15678.001351252076   15621.812963310198
0.030859658033628758   15199.93166392551   15142.97205677592
0.031764322679055976   14721.101967236822   14663.749415573713
0.03269550797224261   14244.060972831767   14186.716956384413
0.033653991377811755   13771.17345044247   13714.25326614957
0.03464057315210884   13305.268876173373   13249.17119583748
0.03565607701135116   12849.327891374749   12794.415700787735
0.036701350819364466   12405.950001261233   12352.550755627417
0.03777726729548091   11977.257477119327   11925.657077810254
0.038884724743189276   11564.793292142522   11515.221842687484
0.04002464780014597   11169.801842902742   11122.436948340903
0.041197988210172884   10793.439763502973   10748.397457268693
0.04240572561788674   10438.001989487671   10395.200138854414
0.04364886838662332   10106.168186782941   10065.273050789201
0.04492845444033957   9800.175210123778   9760.633987336414
0.04624555213019635   9520.073130498511   9481.185866626414
0.04760126112654554   9263.597737154952   9224.588137655686
0.04899671333706607   9028.56980011231   8988.59315226176
0.05043307385181555   8812.902355423801   8771.034344300027
0.05191154191598653   8614.55276591636   8569.775157887414
0.053433351931179485   8431.579921958715   8382.791069567467
0.05499977448602865   8261.240788603012   8207.34994957918
0.05661211741704101   8100.340678285582   8040.331260727639
0.05827172690053434   7945.554380549965   7878.545249180472
0.05997998857658587   7792.650804574429   7718.089451887179
0.06173832870592997   7637.3982117112855   7555.116675637047
0.0635482153607709   7474.955842523177   7385.419375806742
0.06541115965050462   7300.36041342131   7204.797534334566
0.06732871698337338   7109.309046723269   7009.779536846522
0.06930248836510605   6898.276141040349   6797.714359642227
0.07133412173562886   6665.191504207084   6567.328589680264
0.07342531334496233   6409.766953738107   6319.022010324637
0.07557780916945323   6133.583894649652   6054.704192500961
0.07779340636952398   5840.246402509476   5777.908871420686
0.08007395479015682   5534.70731217347   5493.361702340791
0.08242135850536496   5222.883659723164   5206.586860280395
0.08483757740794096   4911.409189401451   4923.228031263821
0.08732462884580919   4607.130656765271   4648.7998685619505
0.08988458930634863   4317.494353085416   4389.077456055407
0.09251959615009227   4049.027484943486   4148.983646190678
0.09523184939525078   3807.9754418662437   3932.773104182021
0.09802361355455057   3598.7176308735416   3743.1319421455573
0.10089721952591899   3423.352354087652   3580.5828236502584
0.10385506653859616   3281.2951294128065   3443.840337709682
0.10689962415629803   3169.2076117021315   3329.7257370712728
0.11003343433910281   3081.2555305355236   3233.1000828633278
0.11325911356578279   3010.0112693907818   3147.8278333972753
0.11657935501835284   2946.5882303503445   3067.5084948328426
0.11999693083066039   2881.7797136714876   2985.9142935477416
0.12351469440289359   2806.800688494619   2897.393440940171
0.12713558278394044   2714.7247096499464   2797.816627859585
0.13086261912358757   2601.7555932993587   2686.4036504646415
0.13469891519660646   2467.813913166202   2564.475002718547
0.13864767400083483   2316.6922567826177   2434.332684777853
0.14271219243142114   2155.7716209363434   2301.6130549756426
0.14689586403346616   1995.243689381335   2172.386460091143
0.1512021818353596   1846.2087187267323   2052.6348331347485
0.15563474126517718   1717.862951580834   1947.0303462552417
0.16019724315257297   1614.9992679483596   1856.8510310041188
0.1648934968186736   1537.4075508105398   1780.698389654942
0.1697274232565544   1481.0672394332114   1716.3152990484446
0.17470305840495237   1439.0744301795728   1658.5756862029452
0.17982455651794954   1401.8610284683293   1603.5785214742548
0.18509619363343993   1358.8956313950755   1546.5586597778206
0.19052237114327647   1302.6125167215853   1484.515929314388
0.19610761946807834   1231.3601314429861   1418.3269495363193
0.20185660183976684   1149.0378105729014   1350.9982691611813
0.20777411819498756   1063.234935554143   1284.2483853295919
0.21386510918267082   983.1674926428957   1221.9886840074312
0.22013466028907505   916.4224555517352   1166.015865094074
0.22658800608375756   865.8426731882086   1117.2622314824255
0.23323053459001789   829.1219393225471   1073.4487842751366
0.2400677917834628   799.7871164964038   1032.797946022934
0.24710548622244882   769.5208615892058   992.758108784611
0.25434949381426813   732.4929302311602   951.7460158954648
0.2618058627210567   687.9231767476275   911.5832053050198
0.2694808184095226   639.522728331937   871.5596442792955
0.27738076884870827   593.6503019262418   833.7618431394964
0.2855123098601282   555.5529082696711   799.1376961538408
0.29388223062474755   526.1343459652402   767.0008877263258
0.3024975193514008   502.2660703417138   737.0602022597983
0.31136536911138296   478.924593621079   708.2681700738642
0.3204931838440838   452.4739414176165   679.9655835461384
0.32988858453867975   423.25002769946957   652.6138589678559
0.3395594155970457   394.4844412103171   626.3605131124699
0.34951375138319807   369.40588171712704   601.8022325476396
0.3597599029647371   348.8213598159088   578.689403274134
0.37030642505191835   330.68531402159164   556.7864917735571
0.3811621231401457   312.32332544560205   535.7194988992909
0.3923360608618501   292.92723117597734   515.4121618515056
0.4038375675538918   273.8244955909534   495.902740963659
0.41567624604680364   256.7426309199664   477.50700680944186
0.42786198068238046   241.87328247921863   460.18998211488673
0.4404049455663077   228.0157019384915   443.6256762482708
0.4533156130627191   214.1276929647966   427.72535017829216
0.4666047625377753   200.49250014864552   412.47104272387816
0.4802834893595659   187.92976030909148   397.97375011740513
0.49436321416184764   176.60195200793896   384.23296198661035
0.5088556923793517   165.92399437144718   371.1014041564795
0.5237730240626238   155.53728737353026   358.474066337137
0.5391276639805903   145.68671229005895   346.42234531372696
0.5549324320192869   136.6139030975279   334.9539777628855
0.5712005238854289   128.15064494351373   324.009890830856
0.5879455221237613   120.07439535212688   313.5053693531719
0.6051814074573895   112.44108688793989   303.44688002585315
0.622922570460556   105.3381258329483   293.84304123433407
0.6411838235736077   98.68318816720209   284.6715246846337
0.6599804134701901   92.41566280592889   275.8712269904261
0.6793280337869897   86.51736098127846   267.42289853727584
0.6992428382266549   80.97145472318135   259.30955297988874
0.7197414540448374   75.76128692735803   251.51512936472847
0.7408409959326054   70.87045068194264   244.02443639011744
0.7625590803058332   66.28285740097888   236.8231003222618
0.7849138400134885   61.982569914264374   229.89708149848906
0.8079239394770964   57.952631389560885   223.2300942194118
0.8316085902740278   54.17637709903699   216.80564929863988
0.8559875671776167   50.63816379909965   210.60839646197533
0.8810812246675007   47.323308840829   204.62404792303835
0.9069105139239728   44.21803031647322   198.83930342957171
0.9334970003205227   41.309391051594744   193.24178184895067
0.960862881429187   38.585246185787064   187.81995867324113
0.9890310055537336   36.034242250682254   182.56302151946912
1.0180248908061487   33.645901902675   177.4605530647436
1.047868744742366   31.410388057897123   172.5027911042463
1.0785874845736239   29.31841320772558   167.68068540876783
1.1102067579703248   27.361212423579577   162.98585371407674
1.1427529644757777   25.530517389420528   158.41054139122525
1.1762532775476793   23.818531447028047   153.94758442366194
1.210735667245765   22.217905609039423   149.59037532162884
1.246228923584555   20.721703244140365   145.33281933531333
1.2827626805706884   19.32336389637858   141.16928803579606
1.3203674409449337   18.016715144687826   137.0946222777702
1.3590746016495152   16.795956273113394   133.10411227801632
1.3989164800420282   15.655637209900886   129.19347393165583
1.4399263408778291   14.59063856262915   125.35882659593408
1.4821384240834183   13.596152699369613   121.59667215294962
1.525587973344019   12.66766584878446   117.90388068661876
1.5703112655292182   11.800942445831009   114.278029133294
1.6163456409812174   10.992009388212798   110.71754604328994
1.6637295346910133   10.237138485301395   107.22110274495
1.7125025083885144   9.532832007572695   103.78754445623552
1.7627052835733923   8.87580922747088   100.41587909457712
1.814379775514258   8.262993686111024   97.10526629440359
1.8675691282445197   7.6915011511952045   93.85500660821157
1.922317750584177   7.158628149572925   90.6645518084426
1.9786713532176083   6.661839399569626   87.53397035617212
2.0366769868582977   6.198758237778564   84.46386898609595
2.0963830815323896   5.767159218121534   81.45483535616779
2.1578394870138577   5.3649589850394435   78.50740928305088
2.2210975144450407   4.990207572812565   75.62208016469926
2.286209979177315   4.641080209725211   72.79928459637566
2.3532312448676476   4.315869599838355   70.03940418774482
2.4222172688678643   4.012978869450922   67.3428249786715
2.4932256489445366   3.730916870515804   64.71058434055112
2.5663156713684585   3.468290159774791   62.14399795665694
2.641548360413907   3.223795172158707   59.6441382546109
2.7189865293089923   2.9962126761621217   57.211836741662005
2.798694832679631   2.7844025783351625   54.847696184055565
2.8807398205309562   2.587299026571581   52.55210301735097
2.9651899938111903   2.403905796712535   50.3252399002994
3.05211586160442   2.2332909203062647   48.167039470652085
3.1415899999999994   2.0745773406290593   46.076878225370905
