0.01   320.13593350463714   320.13514169316477
0.010293154462191829   323.9511070715299   323.9503139292238
0.010594902878253955   327.6630465583953   327.6622395641624
0.010905497183778876   331.2622362353307   331.26140448283985
0.011225196699963396   334.7386904521088   334.7378310805529
0.011554268350120923   338.0823198517313   338.0814384781641
0.011892986882540897   341.2829730527117   341.2820810660293
0.012241635099881474   344.330475471413   344.3295841879356
0.012600504095286909   347.2146557969944   347.21377570605284
0.012969893495426888   349.9252367205527   349.92437616306745
0.013350111710660605   352.4509598616484   352.45011583173647
0.013741476192534558   354.7801891662924   354.7793429642796
0.014144313698828986   356.90141082902335   356.9005280821154
0.01455896056637426   358.8031891564685   358.8022383729086
0.014985762991865008   360.4741790402728   360.47315835265164
0.01542507732090645   361.9033167575827   361.902256527365
0.015877270345534218   363.07971995237364   363.07867378569256
0.016342719610456153   363.9920750297053   363.9910736836532
0.016821813728271667   364.62928437379867   364.6283212194452
0.017314952703931925   364.980788289848   364.9798203382134
0.017822548268711737   365.03644146124236   365.03542035902944
0.01834502422397195   364.786586999115   364.7854905912957
0.018882816794999403   364.2223359000245   364.22116970844445
0.019436374995219892   363.3355975239173   363.33438463802156
0.02000616100108813   362.1190228205505   362.11777023778524
0.020592650537967844   360.56623361543865   360.5649254134622
0.021196333277324068   358.67196916256603   358.6705684778961
0.02181771324555934   356.4325652601477   356.4310358811484
0.022457309244835088   353.8458844544625   353.84420622465944
0.02311565528622961   350.9110501928292   350.9092190512908
0.023793301035594242   347.62908856278165   347.6271083172413
0.024490812272480036   344.00373849338064   344.00160251179295
0.025208771362518027   340.04020739672774   340.0378965539078
0.0259477777436476   335.745269438175   335.74275541802115
0.02670844842659881   331.1295788296935   331.12684727379553
0.027491418510046592   326.20621006677294   326.2032715425715
0.028297341710866907   320.9892123310362   320.9861008843606
0.029126890909937666   315.49596260207437   315.4927249996428
0.029980758713939952   309.74846363688   309.74514334724347
0.030859658033628758   303.76928738483707   303.7659231061039
0.031764322679055976   297.5821853523249   297.5788145439422
0.03269550797224261   291.21731270230606   291.2139915453407
0.033653991377811755   284.7062959471755   284.7031045812041
0.03464057315210884   278.07966271822954   278.076702053945
0.03565607701135116   271.3710785455451   271.3684522360096
0.036701350819364466   264.617519109385   264.6153146395568
0.03777726729548091   257.85369182862473   257.8519803451822
0.038884724743189276   251.11421623007553   251.11306156339228
0.04002464780014597   244.4408783374873   244.4403687186198
0.041197988210172884   237.87396268552106   237.8742156246386
0.04240572561788674   231.44928884617934   231.45044116020298
0.04364886838662332   225.19313725266434   225.19522932329082
0.04492845444033957   219.12401625472916   219.12690741596086
0.04624555213019635   213.2579455601807   213.26133077912564
0.04760126112654554   207.61584038262052   207.61934224155132
0.04899671333706607   202.2351048717058   202.23848305514502
0.05043307385181555   197.15205472236516   197.15522652870007
0.05191154191598653   192.3922030122052   192.39520826514953
0.053433351931179485   187.93296471584458   187.93582296873944
0.05499977448602865   183.734895383565   183.7375538348223
0.05661211741704101   179.76162990420823   179.76395517217492
0.05827172690053434   175.97907051891107   175.98075515044548
0.05997998857658587   172.35546971119354   172.3560038794817
0.06173832870592997   168.85729956736702   168.85600859525113
0.0635482153607709   165.43913479268278   165.43526662256536
0.06541115965050462   162.05551311305786   162.04827259929252
0.06732871698337338   158.65460876092146   158.6433828935338
0.06930248836510605   155.17864265947046   155.1632195408583
0.07133412173562886   151.57127159414816   151.55183041120287
0.07342531334496233   147.7716334909032   147.7487276672856
0.07557780916945323   143.7259740817448   143.70048581968226
0.07779340636952398   139.39618101982333   139.3691923295011
0.08007395479015682   134.75880649478688   134.7315115327809
0.08242135850536496   129.82478409926915   129.79830967698774
0.08483757740794096   124.62686969029897   124.60220615792734
0.08732462884580919   119.2297695931893   119.20790581531624
0.08988458930634863   113.7130470994033   113.69502128163107
0.09251959615009227   108.172771589112   108.15970797632365
0.09523184939525078   102.70615660619752   102.69914752543795
0.09802361355455057   97.41188925338751   97.41171710955929
0.10089721952591899   92.38534430227432   92.39212740793207
0.10385506653859616   87.71590900241993   87.72883831304551
0.10689962415629803   83.47581518848436   83.49325663441762
0.11003343433910281   79.72133989617413   79.74093526946307
0.11325911356578279   76.46742606382139   76.48642068145445
0.11657935501835284   73.69500967472521   73.71052099224418
0.11999693083066039   71.33219623722675   71.34173920791227
0.12351469440289359   69.27819491681704   69.27983136712574
0.12713558278394044   67.4015824259724   67.39383651421004
0.13086261912358757   65.56653322100117   65.54873418722718
0.13469891519660646   63.641908724074   63.614590281978664
0.13864767400083483   61.5199814296777   61.48500446984876
0.14271219243142114   59.13243140901505   59.092807608134876
0.14689586403346616   56.46193005306935   56.42154441352475
0.1512021818353596   53.550630459820766   53.5140295089425
0.15563474126517718   50.488781840007604   50.460153113409504
0.16019724315257297   47.40086195748509   47.38316991574816
0.1648934968186736   44.43039224694378   44.42461182615918
0.1697274232565544   41.72138306234725   41.72548919561717
0.17470305840495237   39.38412566013927   39.3937483503816
0.17982455651794954   37.45789579351624   37.467983813511886
0.18509619363343993   35.89919904084997   35.90467638214336
0.19052237114327647   34.60369770464846   34.60010725001829
0.19610761946807834   33.44061049983173   33.42520107651718
0.20185660183976684   32.27254596406297   32.24552831343018
0.20777411819498756   30.97380829779755   30.939160199187818
0.21386510918267082   29.474857268493427   29.438596938551452
0.22013466028907505   27.80220411528054   27.77022693365701
0.22658800608375756   26.060209503983735   26.037112469674813
0.23323053459001789   24.376483772705697   24.363777352150606
0.2400677917834628   22.864586405599844   22.8601361463673
0.24710548622244882   21.595094142323173   21.593113190226216
0.25434949381426813   20.563490233611592   20.557967335222738
0.2618058627210567   19.691677484280557   19.678108031636203
0.2694808184095226   18.86973156594732   18.84715832947847
0.27738076884870827   17.99451290161225   17.96632888860192
0.2855123098601282   17.021345421394074   16.993553860893908
0.29388223062474755   15.987963592427828   15.965392470158072
0.3024975193514008   14.975596043545115   14.960462900052043
0.31136536911138296   14.06190721121037   14.051956047254706
0.3204931838440838   13.28687456539544   13.2771339675878
0.32988858453867975   12.625030580163516   12.61130894042192
0.3395594155970457   12.00896893542688   11.99019441819292
0.34951375138319807   11.379521309844124   11.358203709180291
0.3597599029647371   10.71823039413886   10.69877850427172
0.37030642505191835   10.057803147964185   10.042839115620046
0.3811621231401457   9.447568963587546   9.436134777521938
0.3923360608618501   8.909382782393939   8.898273159800297
0.4038375675538918   8.42806976402619   8.414969069139284
0.41567624604680364   7.967523512626747   7.952732621895278
0.42786198068238046   7.505092577818305   7.490963534667144
0.4404049455663077   7.04950900507077   7.037887307294706
0.4533156130627191   6.623701426557013   6.614229030716913
0.4666047625377753   6.237648357010965   6.228552495511627
0.4802834893595659   5.880404957892898   5.870796507763815
0.49436321416184764   5.53598385127783   5.52661387533712
0.5088556923793517   5.201099822987628   5.193162254064437
0.5237730240626238   4.885030609237413   4.8785651518299025
0.5391276639805903   4.592775172820969   4.586977102210484
0.5549324320192869   4.319398510947115   4.313854524736815
0.5712005238854289   4.058239550737497   4.053430985793484
0.5879455221237613   3.8095660039442945   3.80588498772927
0.6051814074573895   3.5766394376673736   3.5738413884619105
0.622922570460556   3.35870423086473   3.3565019028068255
0.6411838235736077   3.1525850491578566   3.1510848891191947
0.6599804134701901   2.957461967886251   2.9568469848170365
0.6793280337869897   2.7742350680611745   2.774402190925855
0.6992428382266549   2.602232382585998   2.6030654111114533
0.7197414540448374   2.4402927426418604   2.4417919300139848
0.7408409959326054   2.2877771029617966   2.289966099272698
0.7625590803058332   2.144213663475298   2.1471035336216437
0.7849138400134885   2.009146561260406   2.0127376158674077
0.8079239394770964   1.882136109211293   1.8864195595259015
0.8316085902740278   1.762758933486249   1.7677183812742325
0.8559875671776167   1.650608019514847   1.6562207928846653
0.8810812246675007   1.545292434939328   1.5515308294777048
0.9069105139239728   1.4464280873825288   1.4532623129080326
0.9334970003205227   1.3536375510955787   1.3610385278608228
0.960862881429187   1.2665635684158418   1.2745028279372954
0.9890310055537336   1.184868935144612   1.1933183904047344
1.0180248908061487   1.1082354300391233   1.1171672086665618
1.047868744742366   1.0363627984665014   1.0457491288114158
1.0785874845736239   0.9689677876300721   0.9787809288496723
1.1102067579703248   0.9057834620714148   0.9159956059127702
1.1427529644757777   0.8465601087727286   0.8571428182492319
1.1762532775476793   0.7910628871305847   0.8019869910910017
1.210735667245765   0.7390697970958896   0.7503056520796992
1.246228923584555   0.690371050856952   0.701888783250133
1.2827626805706884   0.6447684812989473   0.6565382065265104
1.3203674409449337   0.602074972860957   0.6140669924197409
1.3590746016495152   0.5621139144172514   0.5742988916634296
1.3989164800420282   0.5247185285731633   0.5370676995689149
1.4399263408778291   0.4897310935380799   0.5022165618167995
1.4821384240834183   0.4570029437072038   0.4695977710137447
1.525587973344019   0.42639409549019786   0.4390723419878036
1.5703112655292182   0.3977727778985306   0.41050953696409187
1.6163456409812174   0.3710149857249252   0.38378641311813716
1.6637295346910133   0.34600405443181187   0.35878739174847907
1.7125025083885144   0.32263025594434425   0.3354038560753936
1.7627052835733923   0.30079041658085504   0.31353404937502855
1.814379775514258   0.2803875518979267   0.2930826995591275
1.8675691282445197   0.26133051668617824   0.2739602372359838
1.922317750584177   0.2435336758451896   0.2560824584308638
1.9786713532176083   0.22691659231027136   0.23937023222201967
2.0366769868582977   0.21140373105880472   0.22374922158829436
2.0963830815323896   0.19692417848670565   0.20914961712489366
2.1578394870138577   0.18341136993525106   0.19550586624557456
2.2210975144450407   0.1708027885739267   0.1827563025516217
2.286209979177315   0.1590397704290372   0.1708430274403126
2.3532312448676476   0.14806731301722886   0.15971178136904995
2.4222172688678643   0.13783385816466143   0.1493117277593311
2.4932256489445366   0.1282910865484107   0.13959524772972837
2.5663156713684585   0.11939372372749689   0.13051774610565
2.641548360413907   0.1110993570820744   0.12203746818798918
2.7189865293089923   0.10336828775115482   0.11411536036297372
2.798694832679631   0.09616341292875391   0.10671496966429686
2.8807398205309562   0.08944999013910217   0.09980217939473132
2.9651899938111903   0.0831954780249568   0.09334504385840091
3.05211586160442   0.07736940464844849   0.08731365743138045
3.1415899999999994   0.07194324304151728   0.0816800307902588
