0.01   5249.194004129335   5248.968593564987
0.010293154462191829   5314.854870769561   5314.617559558418
0.010594902878253955   5378.751493185267   5378.501789296106
0.010905497183778876   5440.714309344747   5440.451526618953
0.011225196699963396   5500.568620402509   5500.291729812046
0.011554268350120923   5558.137868490753   5557.845487183696
0.011892986882540897   5613.239427213688   5612.929844509356
0.012241635099881474   5665.683565096742   5665.354782514528
0.012600504095286909   5715.279836468698   5714.929567903373
0.012969893495426888   5761.836167379032   5761.461896874603
0.013350111710660605   5805.151663959345   5804.75093214749
0.013741476192534558   5845.02414491363   5844.5946473771
0.014144313698828986   5881.2537774619195   5880.793362461202
0.01455896056637426   5913.63825029063   5913.1444735046725
0.014985762991865008   5941.97325585636   5941.442893201053
0.01542507732090645   5966.059654804621   5965.488678930428
0.015877270345534218   5985.702906394011   5985.086570706269
0.016342719610456153   6000.708313223921   6000.041466016648
0.016821813728271667   6010.888284737049   6010.165466088262
0.017314952703931925   6016.065500382023   6015.280957733813
0.017822548268711737   6016.072568945483   6015.220028153522
0.01834502422397195   6010.753585773249   6009.826058163193
0.018882816794999403   5999.967013257803   5998.956835904257
0.019436374995219892   5983.5889967279045   5982.487987516493
0.02000616100108813   5961.518712236723   5960.318539097608
0.020592650537967844   5933.67463471781   5932.366941206324
0.021196333277324068   5899.995709316201   5898.572200202685
0.02181771324555934   5860.458577637747   5858.911312655967
0.022457309244835088   5815.073167256905   5813.394788391921
0.02311565528622961   5763.870433916429   5762.054229087891
0.023793301035594242   5706.918656848678   5704.95903950345
0.024490812272480036   5644.347597249847   5642.241202035448
0.025208771362518027   5576.311913019134   5574.0577268296565
0.0259477777436476   5502.9901863557   5500.589535406828
0.02670844842659881   5424.643482332582   5422.100460817111
0.027491418510046592   5341.583899656723   5338.9055306320615
0.028297341710866907   5254.131936682292   5251.327987559489
0.029126890909937666   5162.65531333395   5159.738514135753
0.029980758713939952   5067.607305488753   5064.593958880768
0.030859658033628758   4969.443766751651   4966.353495191239
0.031764322679055976   4868.628108709473   4865.483345893553
0.03269550797224261   4765.761316605497   4762.5858872659355
0.033653991377811755   4661.4887199182485   4658.307034068603
0.03464057315210884   4556.4173185613   4553.254133932089
0.03565607701135116   4451.106593749507   4447.986958270178
0.036701350819364466   4346.063570537584   4343.012880249869
0.03777726729548091   4241.754699144337   4238.798530213632
0.038884724743189276   4138.651273781078   4135.813924266742
0.04002464780014597   4037.466923382481   4034.7630058965883
0.041197988210172884   3938.959858048443   3936.3918211587043
0.04240572561788674   3843.810013056081   3841.36924852449
0.04364886838662332   3752.5188337310597   3750.183931501241
0.04492845444033957   3665.384999990632   3663.1190640797586
0.04624555213019635   3582.662264063603   3580.4140501452953
0.04760126112654554   3504.4664056336164   3502.1716966029257
0.04899671333706607   3430.5498356748158   3428.1329199520505
0.05043307385181555   3360.612574196535   3357.987180300674
0.05191154191598653   3294.3048167540337   3291.3765536304554
0.053433351931179485   3231.067624182795   3227.740210351512
0.05499977448602865   3170.332476027625   3166.509201086959
0.05661211741704101   3111.47232909909   3107.0605152531225
0.05827172690053434   3053.735121353706   3048.6535355597766
0.05997998857658587   2996.3826242794244   2990.5640121044016
0.06173832870592997   2938.5185278792997   2931.926865547321
0.0635482153607709   2879.2005649760363   2871.839719415856
0.06541115965050462   2817.454682823404   2809.3820022397163
0.06732871698337338   2752.234784957465   2743.5807329154104
0.06930248836510605   2682.625005709098   2673.5958724092807
0.07133412173562886   2607.900519050986   2598.7898726536223
0.07342531334496233   2527.6053988001863   2518.7897144511157
0.07557780916945323   2441.8480711424645   2433.7902027135033
0.07779340636952398   2351.091413102633   2344.310546224678
0.08007395479015682   2256.407573584765   2251.4117110126435
0.08242135850536496   2159.134822730076   2156.397448504123
0.08483757740794096   2060.953517469665   2060.9041426402123
0.08732462884580919   1963.6013535996342   1966.5845305321366
0.08988458930634863   1868.8393625622618   1875.0692068552319
0.09251959615009227   1778.414453972171   1787.943264886604
0.09523184939525078   1693.904603148282   1706.6225864800365
0.09802361355455057   1616.6735827080722   1632.271714690905
0.10089721952591899   1547.7917408176802   1565.765505177222
0.10385506653859616   1487.6290809772256   1507.3151590680277
0.10689962415629803   1436.0022925899802   1456.632776271097
0.11003343433910281   1391.7424030185389   1412.563961969956
0.11325911356578279   1353.1250148021059   1373.4838627039446
0.11657935501835284   1317.8402493532965   1337.2875076139057
0.11999693083066039   1283.4154042183222   1301.810783729794
0.12351469440289359   1247.4625186463381   1265.0141300644614
0.12713558278394044   1207.959955476041   1225.2047948444306
0.13086261912358757   1163.5943029913608   1181.4585653800489
0.13469891519660646   1113.9602045311813   1133.6227287457893
0.13864767400083483   1059.71254907689   1082.298114993052
0.14271219243142114   1002.4639871021519   1028.931024201641
0.14689586403346616   944.4767114315288   975.4549298870231
0.1512021818353596   888.3710512036794   923.990155583842
0.15563474126517718   836.7793779539157   876.5464532083172
0.16019724315257297   791.82911640553   834.6444602061147
0.1648934968186736   754.4484621055282   798.9226867076644
0.1697274232565544   724.007837510944   768.5967592088285
0.17470305840495237   698.6211566371653   742.1074383185106
0.17982455651794954   675.8122291723407   717.5417115348283
0.18509619363343993   653.0019663689521   693.0650841296424
0.19052237114327647   627.84707539718   667.0896995939146
0.19610761946807834   598.9347624461639   638.7094439539428
0.20185660183976684   566.575045491278   608.2957875827452
0.20777411819498756   532.6748692590919   577.3604307769859
0.21386510918267082   499.7174421353061   547.596704658441
0.22013466028907505   469.90910835897694   520.3464437268065
0.22658800608375756   444.6562340301066   496.375535873664
0.23323053459001789   423.9980246926909   475.4958361340854
0.2400677917834628   406.53250492399155   456.8130497678451
0.24710548622244882   390.1343718978754   438.9257455947409
0.25434949381426813   372.7616588913814   420.6552378461877
0.2618058627210567   353.44959631870194   401.8083207111016
0.2694808184095226   332.8276863886491   382.5725736922135
0.27738076884870827   312.511182030582   363.95259048796186
0.2855123098601282   294.0571790857728   346.7118245816687
0.29388223062474755   278.30638550728446   331.1897536673881
0.3024975193514008   264.8517969151737   317.01725106881634
0.31136536911138296   252.36129220349488   303.5420636361625
0.3204931838440838   239.61284214739106   290.340693316417
0.32988858453867975   226.19432552436146   277.1367905939398
0.3395594155970457   212.70883982690182   264.30053662734997
0.34951375138319807   200.17835098140796   252.2243766659695
0.3597599029647371   189.10079217508058   241.0209013608226
0.37030642505191835   179.19300940799036   230.51700050497078
0.3811621231401457   169.72491698463543   220.4681810385812
0.3923360608618501   160.1983416024339   210.71762225867752
0.4038375675538918   150.76552861973175   201.30500755009956
0.41567624604680364   141.9137611561845   192.38432597976407
0.42786198068238046   133.87500579585608   183.99465789316145
0.4404049455663077   126.44037346970687   176.04014707311984
0.4533156130627191   119.26071581754486   168.4262632593299
0.4666047625377753   112.25658791033949   161.12187508337047
0.4802834893595659   105.62038795106409   154.1709398748654
0.49436321416184764   99.47659046425099   147.58721025231097
0.5088556923793517   93.725703938559   141.3324829998542
0.5237730240626238   88.22043369459801   135.3570026667666
0.5391276639805903   82.96124746450204   129.65879536385054
0.5549324320192869   78.02447980836484   124.24465664606224
0.5712005238854289   73.40041220975147   119.09802602392371
0.5879455221237613   69.01867989615131   114.19540701588325
0.6051814074573895   64.85989103722521   109.52186635285939
0.622922570460556   60.94668715625849   105.07687886653804
0.6411838235736077   57.2663769635954   100.84566576186502
0.6599804134701901   53.79538303539655   96.81644843975295
0.6793280337869897   50.52015363506907   92.97867186407676
0.6992428382266549   47.43131109594536   89.32266364973117
0.7197414540448374   44.51979617223931   85.83926681261339
0.7408409959326054   41.77683530229901   82.51980842213496
0.7625590803058332   39.19394726442   79.35607347895228
0.7849138400134885   36.76294777812335   76.34028021500431
0.8079239394770964   34.47589004257396   73.46497076168727
0.8316085902740278   32.32481053286534   70.72261529400915
0.8559875671776167   30.302031877005955   68.10597090469946
0.8810812246675007   28.400284675461332   65.60823726618095
0.9069105139239728   26.612687480315678   63.223027118906394
0.9334970003205227   24.932727527591748   60.94433870910169
0.960862881429187   23.354242343817113   58.76653021960325
0.9890310055537336   21.871402422495294   56.68429439868219
1.0180248908061487   20.47871704888159   54.69247089182194
1.047868744742366   19.17102963951273   52.78591439145552
1.0785874845736239   17.943457253923114   50.95978514374687
1.1102067579703248   16.791373279103798   49.209561028772846
1.1427529644757777   15.710395839538995   47.53101474853108
1.1762532775476793   14.696376588794369   45.92019283736774
1.210735667245765   13.74538988142005   44.37339633667213
1.246228923584555   12.85372162218547   42.88714616023055
1.2827626805706884   12.017851844573414   41.457981381847894
1.3203674409449337   11.234450101811893   40.082540521447044
1.3590746016495152   10.50037229078802   38.75769500735122
1.3989164800420282   9.812651255022205   37.48053508167119
1.4399263408778291   9.168487682742247   36.24835424104885
1.4821384240834183   8.565241410459981   35.0586349614337
1.525587973344019   8.000423118547726   33.909035586657495
1.5703112655292182   7.471686357216664   32.797361676566
1.6163456409812174   6.976819881072819   31.72151450335391
1.6637295346910133   6.513740613126285   30.679534417772803
1.7125025083885144   6.080486812178551   29.669605575901073
1.7627052835733923   5.6752115212183725   28.690046403727976
1.814379775514258   5.296176331153692   27.739300790174124
1.8675691282445197   4.941745447529085   26.81592993746654
1.922317750584177   4.610380017798587   25.918604758912927
1.9786713532176083   4.300631761323774   25.046097285404425
2.0366769868582977   4.011137961782432   24.197273977001732
2.0963830815323896   3.7406180772815163   23.37109173767059
2.1578394870138577   3.4878691450869783   22.566592306624344
2.2210975144450407   3.2517613357482875   21.78289686021262
2.286209979177315   3.0312337433281025   21.019200930554828
2.3532312448676476   2.8252904005450414   20.274769608392056
2.4222172688678643   2.6329967782694905   19.5489617843665
2.4932256489445366   2.4534777934800607   18.84140429572816
2.5663156713684585   2.285912828517223   18.15183944763079
2.641548360413907   2.1295315966369035   17.480016118051093
2.7189865293089923   1.983611246544084   16.825688433891777
2.798694832679631   1.8474736226004191   16.18861504258301
2.8807398205309562   1.7204826687294996   15.568558423036672
2.9651899938111903   1.6020419619061754   14.965284025756914
3.05211586160442   1.4915901514920102   14.378497000964742
3.1415899999999994   1.3885965788664087   13.807768707703229
