0.01   16487.211931571226   16480.22147016792
0.010293154462191829   16689.408469553775   16681.739274861055
0.010594902878253955   16886.267311769352   16877.857670596826
0.010905497183778876   17077.28599756074   17068.06969843356
0.011225196699963396   17261.931751856948   17251.83648882798
0.011554268350120923   17439.66246785576   17428.609594181533
0.011892986882540897   17609.929148889296   17597.83367202245
0.012241635099881474   17772.153068098287   17758.923366093855
0.012600504095286909   17925.7384368725   17911.276171887435
0.012969893495426888   18070.089425239785   18054.289703481794
0.013350111710660605   18204.597853266623   18187.348549388
0.013741476192534558   18328.63176071987   18309.81207061187
0.014144313698828986   18441.5628359292   18421.0433982927
0.01455896056637426   18542.76804332245   18520.411112380134
0.014985762991865008   18631.604179850838   18607.26247024174
0.01542507732090645   18707.42910536039   18680.945642841594
0.015877270345534218   18769.619455156568   18740.828223417386
0.016342719610456153   18817.557409612975   18786.282000459265
0.016821813728271667   18850.626163165234   18816.677519715577
0.017314952703931925   18868.237733478636   18831.41498917994
0.017822548268711737   18869.83603280351   18829.927562846107
0.01834502422397195   18854.886205627212   18811.66986364719
0.018882816794999403   18822.891430945114   18776.135807796036
0.019436374995219892   18773.403905768413   18722.870164292694
0.02000616100108813   18706.033017959657   18651.475682200755
0.020592650537967844   18620.450222364037   18561.61797598544
0.021196333277324068   18516.388960740616   18453.02705709013
0.02181771324555934   18393.659903031476   18325.51405040675
0.022457309244835088   18252.190141758685   18179.01422075658
0.02311565528622961   18091.989191323853   18013.5491880097
0.023793301035594242   17913.142954770938   17829.219968315916
0.024490812272480036   17715.895501640876   17626.29519021963
0.025208771362518027   17500.6376942843   17405.1984998344
0.0259477777436476   17267.829573046845   17166.424460844006
0.02670844842659881   17018.062025391515   16910.604283345594
0.027491418510046592   16752.18855425146   16638.64629008038
0.028297341710866907   16471.14424247979   16351.541962690644
0.029126890909937666   16175.917599995884   16050.335402425837
0.029980758713939952   15867.772792000018   15736.35689088978
0.030859658033628758   15548.150060879927   15411.117374023559
0.031764322679055976   15218.474145688311   15076.106563469446
0.03269550797224261   14880.323737969355   14732.962815752544
0.033653991377811755   14535.65297076204   14383.694994543082
0.03464057315210884   14186.377254696761   14030.265213572364
0.03565607701135116   13834.326731183932   13674.542784818752
0.036701350819364466   13481.473073246374   13318.53764027669
0.03777726729548091   13129.779520089953   12964.246101042183
0.038884724743189276   12781.0454339327   12613.491247096284
0.04002464780014597   12437.132363180428   12268.11917857643
0.041197988210172884   12100.128779483746   11930.142412736692
0.04240572561788674   11771.942557701566   11601.389000557983
0.04364886838662332   11454.307894731868   11283.504925329447
0.04492845444033957   11149.050880364919   10978.151786542972
0.04624555213019635   10857.905191134678   10686.877449599428
0.04760126112654554   10582.357539636127   10410.998031309313
0.04899671333706607   10322.861688750218   10150.814182849605
0.05043307385181555   10078.994772467737   9905.766475221297
0.05191154191598653   9850.29815105821   9675.271620636428
0.053433351931179485   9635.782958707337   9458.24064151025
0.05499977448602865   9433.990883351182   9253.138087816895
0.05661211741704101   9243.479872878876   9058.460939583445
0.05827172690053434   9062.247252188745   8872.23141109848
0.05997998857658587   8888.0810671102   8692.30783729669
0.06173832870592997   8718.627630898201   8516.479072811633
0.0635482153607709   8550.986002386935   8342.15524100653
0.06541115965050462   8382.268663028135   8166.805406759217
0.06732871698337338   8209.061350620745   7987.593090617118
0.06930248836510605   8027.88860918735   7801.711570859591
0.07133412173562886   7835.383158926901   7606.668427666906
0.07342531334496233   7628.404382786679   7400.327624361585
0.07557780916945323   7404.77065100889   7181.317309845104
0.07779340636952398   7163.363184362733   6949.104817955126
0.08007395479015682   6904.575697377306   6704.689303655492
0.08242135850536496   6630.291011414186   6450.504508809135
0.08483757740794096   6343.897187864473   6189.608054742822
0.08732462884580919   6049.807253111162   5925.4979019091525
0.08988458930634863   5753.281776779724   5662.5591000289505
0.09251959615009227   5459.873286888358   5405.248038375934
0.09523184939525078   5175.489962604818   5157.7708130119345
0.09802361355455057   4905.566508759282   4923.817169148718
0.10089721952591899   4655.516905571547   4706.77834082991
0.10385506653859616   4429.636307414369   4509.090608225377
0.10689962415629803   4231.034967569822   4332.024992831967
0.11003343433910281   4060.6232578911645   4175.30880391612
0.11325911356578279   3917.1995062808674   4037.204825204338
0.11657935501835284   3796.818649505065   3914.463275778604
0.11999693083066039   3693.837954320673   3802.8977404925527
0.12351469440289359   3600.936618519185   3697.437965453937
0.12713558278394044   3510.2978573456453   3593.4370713520534
0.13086261912358757   3414.2669493571884   3486.8735103813424
0.13469891519660646   3306.3030580546733   3374.468029054086
0.13864767400083483   3182.1532936601075   3254.4584313687756
0.14271219243142114   3040.5796567733487   3127.1346026013575
0.14689586403346616   2883.735242355065   2994.8320741006296
0.1512021818353596   2716.890194388247   2860.9125438492365
0.15563474126517718   2547.631348520788   2729.3456331544367
0.16019724315257297   2384.8682772594807   2604.0786382848314
0.1648934968186736   2237.3159675515703   2488.6884529866506
0.1697274232565544   2111.4120385137085   2385.436378007146
0.17470305840495237   2009.3815585844313   2293.911835518816
0.17982455651794954   1928.7704224211839   2211.980984883277
0.18509619363343993   1863.685220021193   2137.204351020227
0.19052237114327647   1806.3061962497932   2065.917135066553
0.19610761946807834   1747.8859051310453   1995.0425616580474
0.20185660183976684   1680.478689028311   1922.9953663334552
0.20777411819498756   1600.010664561525   1848.6736283732805
0.21386510918267082   1508.2419313947262   1773.1558769207743
0.22013466028907505   1411.4686628387042   1699.0237160699742
0.22658800608375756   1317.734705939141   1628.4525579275066
0.23323053459001789   1234.5362398340642   1563.0383855494154
0.2400677917834628   1166.39175119796   1502.8935442498198
0.24710548622244882   1112.855249528422   1447.2799312549648
0.25434949381426813   1068.9851827750467   1395.166779976503
0.2618058627210567   1027.4949238643035   1344.944457071221
0.2694808184095226   981.5931255697722   1295.6945081052086
0.27738076884870827   928.5374842877177   1246.4056497319646
0.2855123098601282   870.8883085076453   1198.7291496310856
0.29388223062474755   814.1153975070081   1153.0738537057437
0.3024975193514008   763.7518985497511   1109.8165689886482
0.31136536911138296   722.4351043182743   1069.6308179500952
0.3204931838440838   688.227107332519   1031.0629851794665
0.32988858453867975   656.4569278422654   994.407844129878
0.3395594155970457   622.8850185262536   959.1022982236963
0.34951375138319807   586.3509948207502   924.4543610047423
0.3597599029647371   549.4111789303356   891.3230854043585
0.37030642505191835   515.6672225566704   859.7579075588759
0.3811621231401457   486.7769953575891   829.93347245471
0.3923360608618501   461.50970169235006   801.512694622688
0.4038375675538918   437.0468133519541   774.266247009552
0.41567624604680364   411.7439243304935   747.888581359391
0.42786198068238046   386.4158464199756   722.5219041616378
0.4404049455663077   362.9512980292436   698.3366834885225
0.4533156130627191   342.16331301196425   675.2580434175832
0.4666047625377753   323.0848496202635   653.2511836324554
0.4802834893595659   304.3900342471686   632.0792284303137
0.49436321416184764   285.9030750069482   611.6094716985881
0.5088556923793517   268.5006256045937   592.016795384106
0.5237730240626238   252.64281234965836   573.3607090683373
0.5391276639805903   237.86001648634172   555.4523050583891
0.5549324320192869   223.57046286615463   538.1816421620216
0.5712005238854289   209.87405914783457   521.5310615333957
0.5879455221237613   197.12628251639117   505.5765418638892
0.6051814074573895   185.26053752863848   490.26393948130084
0.622922570460556   173.97757566849197   475.4819289917644
0.6411838235736077   163.24737295889688   461.2034514344562
0.6599804134701901   153.20350764715567   447.4558636108465
0.6793280337869897   143.78963401225872   434.2295083704243
0.6992428382266549   134.90794675347738   421.44580777301263
0.7197414540448374   126.53101464368703   409.0774653192693
0.7408409959326054   118.63744401855453   397.10339462752944
0.7625590803058332   111.20587560874418   385.5038148867321
0.7849138400134885   104.21510659214613   374.2601695004295
0.8079239394770964   97.64417960593877   363.3550263092125
0.8316085902740278   91.47121926281422   352.77021652151876
0.8559875671776167   85.6730859393054   342.4858115412796
0.8810812246675007   80.22774896566604   332.4831035579883
0.9069105139239728   75.11444734675315   322.74482532730923
0.9334970003205227   70.31361672738471   313.2550622201198
0.960862881429187   65.8068206322504   303.99917139954727
0.9890310055537336   61.57668572197665   294.96370735739805
1.0180248908061487   57.60686460926537   286.13639791249676
1.047868744742366   53.882193123870486   277.50650798752775
1.0785874845736239   50.38847069318117   269.064531367575
1.1102067579703248   47.1122436169849   260.8018207598325
1.1427529644757777   44.04076974877649   252.7105359643657
1.1762532775476793   41.16198668792284   244.78359928296226
1.210735667245765   38.46448092646524   237.01465316782162
1.246228923584555   35.93745795797024   229.3980199070209
1.2827626805706884   33.57069739763937   221.92907596698223
1.3203674409449337   31.354495918214194   214.605067854685
1.3590746016495152   29.279692468649788   207.42384438526716
1.3989164800420282   27.337651619916798   200.38353342953548
1.4399263408778291   25.520235773242455   193.48252017880966
1.4821384240834183   23.81977866547996   186.71942584314215
1.525587973344019   22.229060123485507   180.09308676227778
1.5703112655292182   20.741282116980702   173.6025775620293
1.6163456409812174   19.35004847010413   167.2484097304155
1.6637295346910133   18.049342561230635   161.03246349729045
1.7125025083885144   16.833503167325606   154.95643301364493
1.7627052835733923   15.697204818235532   149.02174356465517
1.814379775514258   14.635439300432699   143.22955674906038
1.8675691282445197   13.643498072377877   137.58077619836521
1.922317750584177   12.716955554603873   132.07605380308993
1.9786713532176083   11.851652463665205   126.71594412296336
2.0366769868582977   11.04367673381198   121.50169989503533
2.0963830815323896   10.289353634024975   116.43454280638578
2.1578394870138577   9.585234415628547   111.51523899851402
2.2210975144450407   8.928083146936334   106.74412393753437
2.286209979177315   8.314864254249267   102.12112884440248
2.3532312448676476   7.7427307421938085   97.64580712004278
2.4222172688678643   7.209013074566901   93.31736177135089
2.4932256489445366   6.711211215461571   89.13487923970426
2.5663156713684585   6.2469866286930715   85.09754280673083
2.641548360413907   5.81414697899546   81.20420114624721
2.7189865293089923   5.410636807819434   77.45333863465356
2.798694832679631   5.034529509802889   73.84311029592588
2.8807398205309562   4.6840197372069134   70.37137557830937
2.9651899938111903   4.357416212870285   67.03573084284521
3.05211586160442   4.053134128943684   63.83349096226882
3.1415899999999994   3.7696781216798594   60.76104515794874
