0.01   19026.974548782102   19025.157416922906
0.010293154462191829   19144.36533200906   19142.434546950222
0.010594902878253955   19250.655874166165   19248.605543724323
0.010905497183778876   19345.256870242654   19343.080815492867
0.011225196699963396   19427.562675584435   19425.25257002714
0.011554268350120923   19496.982343538282   19494.527656717044
0.011892986882540897   19552.93006736433   19550.31838358387
0.012241635099881474   19594.801297936287   19592.01924450177
0.012600504095286909   19622.009475166662   19619.042951821728
0.012969893495426888   19633.99355920519   19630.82776976279
0.013350111710660605   19630.175737394788   19626.794679738443
0.013741476192534558   19609.981152254702   19606.367309426336
0.014144313698828986   19572.876601427834   19569.01105799586
0.01455896056637426   19518.355658975146   19514.217609871394
0.014985762991865008   19445.915939126142   19441.48136215678
0.01542507732090645   19355.105931840448   19350.347608018867
0.015877270345534218   19245.532813035272   19240.420518617793
0.016342719610456153   19116.82984041975   19111.329789063882
0.016821813728271667   18968.680990176723   18962.75574343766
0.017314952703931925   18800.849775173523   18794.45871030776
0.017822548268711737   18613.17291078468   18606.272229980474
0.01834502422397195   18405.554980555786   18398.09733307824
0.018882816794999403   18177.992703723772   18169.92779480686
0.019436374995219892   17930.583740990984   17921.859498992286
0.02000616100108813   17663.546574851553   17654.112788533625
0.020592650537967844   17377.21052111164   17367.02077187244
0.021196333277324068   17072.008413349675   17061.020700289388
0.02181771324555934   16748.527552063184   16736.70690430881
0.022457309244835088   16407.53152714851   16394.853458885427
0.02311565528622961   16049.87954875876   16036.33031559547
0.023793301035594242   15676.549836293503   15662.128441632902
0.024490812272480036   15288.794041259865   15273.524003039922
0.025208771362518027   14887.984033726862   14871.915799303
0.0259477777436476   14475.53280793536   14458.741261901896
0.02670844842659881   14053.098218732355   14035.683999890205
0.027491418510046592   13622.595881856678   13604.686875071367
0.028297341710866907   13185.903310139509   13167.650585343436
0.029126890909937666   12744.9419673731   12726.517579314816
0.029980758713939952   12302.039711014266   12283.642002614039
0.030859658033628758   11859.492345205614   11841.342637087657
0.031764322679055976   11419.416530624574   11401.75275493808
0.03269550797224261   10984.156597468771   10967.224286690536
0.033653991377811755   10556.213268810916   10540.257675760162
0.03464057315210884   10137.775911212564   10123.038447782092
0.03565607701135116   9730.892475074095   9717.601490235218
0.036701350819364466   9337.907799001016   9326.254664393964
0.03777726729548091   8960.898702622475   8951.036726042554
0.038884724743189276   8601.558225748735   8593.605861224865
0.04002464780014597   8261.343019248661   8255.35658822051
0.041197988210172884   7941.479979721379   7937.437793730406
0.04240572561788674   7642.9140258274465   7640.729249630635
0.04364886838662332   7366.405037800141   7365.90979271912
0.04492845444033957   7112.660704550708   7113.541315892721
0.04624555213019635   6882.255401375111   6884.0596800173
0.04760126112654554   6675.374746426663   6677.535114921551
0.04899671333706607   6490.199671660173   6492.085403932834
0.05043307385181555   6324.2797404283165   6325.216684131646
0.05191154191598653   6175.394367280366   6174.662805593221
0.053433351931179485   6041.2647587120755   6038.0901846196075
0.05499977448602865   5919.703518986295   5913.253260331842
0.05661211741704101   5808.402055526978   5797.816878729975
0.05827172690053434   5704.087360375307   5688.594045056297
0.05997998857658587   5603.428347410291   5582.369699862911
0.06173832870592997   5502.441999868306   5475.402137157396
0.0635482153607709   5396.471080916448   5363.4104662917425
0.06541115965050462   5281.066698513375   5242.37911348451
0.06732871698337338   5151.850274755026   5108.519885432339
0.06930248836510605   5005.100466452399   4958.6909412954365
0.07133412173562886   4838.704683349002   4791.29942754201
0.07342531334496233   4651.791032964469   4605.8960281808695
0.07557780916945323   4445.758804943212   4404.232514358987
0.07779340636952398   4223.3547764603645   4189.261148613221
0.08007395479015682   3988.430948752486   3964.775382118731
0.08242135850536496   3745.490506900435   3735.017515140861
0.08483757740794096   3500.2803243814014   3505.282088653814
0.08732462884580919   3258.7665113483163   3280.8821021219815
0.08988458930634863   3027.2598927346403   3067.1450073492397
0.09251959615009227   2811.9988459301326   2869.176147506466
0.09523184939525078   2618.834442289437   2691.693251072174
0.09802361355455057   2451.8035455824865   2537.5373900401532
0.10089721952591899   2313.4813206593863   2407.967976603106
0.10385506653859616   2203.7255595157053   2302.343957958375
0.10689962415629803   2120.4423473294178   2218.5679198315347
0.11003343433910281   2059.2980630904053   2152.470061392243
0.11325911356578279   2014.757039448253   2098.9345226916107
0.11657935501835284   1979.7929186369038   2052.264658094293
0.11999693083066039   1946.8561398356937   2006.624451081562
0.12351469440289359   1908.1896694247014   1956.2828823311158
0.12713558278394044   1857.2113683520047   1896.82415521111
0.13086261912358757   1789.399115569452   1825.6443654806185
0.13469891519660646   1703.0700813426643   1742.339662216095
0.13864767400083483   1599.7179260982614   1648.7280154576627
0.14271219243142114   1484.2035708548613   1548.7404599286642
0.14689586403346616   1364.4225721696082   1448.0315749069832
0.1512021818353596   1250.0205827151235   1352.983953746567
0.15563474126517718   1149.6255352260478   1268.736858920707
0.16019724315257297   1068.2768973278662   1198.138398163136
0.1648934968186736   1007.2015996798943   1140.7951216283266
0.1697274232565544   964.7570188463937   1094.91840619888
0.17470305840495237   936.8817387820701   1057.8723653309019
0.17982455651794954   916.6630540970879   1024.974374848321
0.18509619363343993   895.2621791453137   991.3507430237927
0.19052237114327647   865.3526988241973   953.3503324506925
0.19610761946807834   823.6042493011337   910.2233793695865
0.20185660183976684   770.8792011592255   863.5012249263671
0.20777411819498756   711.6566009349347   814.9589316891752
0.21386510918267082   653.0648483920752   768.4076970207408
0.22013466028907505   602.0479560829024   726.6923317965721
0.22658800608375756   562.5855908407203   690.920439537096
0.23323053459001789   534.9383385763762   660.948237798833
0.2400677917834628   515.5860004278869   634.5108273328761
0.24710548622244882   498.40119921933234   609.3187618913543
0.25434949381426813   477.92598945587406   583.6374355017765
0.2618058627210567   451.66100655929097   556.7553962141128
0.2694808184095226   420.49792753430506   529.4767101902506
0.27738076884870827   388.54530940576575   503.05248505740997
0.2855123098601282   360.5052270439245   478.86454457596864
0.29388223062474755   338.62069240190147   457.0180490527964
0.3024975193514008   322.1174015122415   437.3075491610288
0.31136536911138296   307.84352795643304   418.62658014038914
0.3204931838440838   292.3543602957537   400.41885979770063
0.32988858453867975   274.4711790995322   382.37426173814856
0.3395594155970457   255.5277076783646   364.9110143450798
0.34951375138319807   237.97456395197617   348.4761551278179
0.3597599029647371   223.4203036212104   333.3469332281214
0.37030642505191835   211.37974748889928   319.0380017315815
0.3811621231401457   200.05650481397493   305.460041436532
0.3923360608618501   188.1616952332109   292.3884659930194
0.4038375675538918   175.86041068521925   279.7644730090354
0.41567624604680364   164.32517137267433   267.8321476243003
0.42786198068238046   154.26209047315172   256.63454546313795
0.4404049455663077   145.3267256064562   246.0504313222497
0.4533156130627191   136.65897932469048   235.9383018274115
0.4666047625377753   127.99995993844257   226.24429364042862
0.4802834893595659   119.74868846559922   217.0206529448104
0.49436321416184764   112.28164900212053   208.30324871283077
0.5088556923793517   105.43900868857382   200.04486613520413
0.5237730240626238   98.8758693000359   192.15299253042568
0.5391276639805903   92.5569494168043   184.61981188421444
0.5549324320192869   86.66245754157416   177.46498619688845
0.5712005238854289   81.22304361381099   170.68180278359006
0.5879455221237613   76.09126800536232   164.20960942512426
0.6051814074573895   71.22068969260994   158.0336344171782
0.622922570460556   66.65406313882266   152.14983716131775
0.6411838235736077   62.40001248878444   146.5508057650641
0.6599804134701901   58.40418395444123   141.2120830678028
0.6793280337869897   54.64725133965316   136.11775138951415
0.6992428382266549   51.11759547570737   131.25452785184123
0.7197414540448374   47.80385229905036   126.60994117479383
0.7408409959326054   44.69494557256492   122.17227710184004
0.7625590803058332   41.78011398002969   117.93052780608465
0.7849138400134885   39.048933047981485   113.87434496625346
0.8079239394770964   36.491209003283494   109.99385800019483
0.8316085902740278   34.09639874066853   106.27892293542371
0.8559875671776167   31.854279691787067   102.71973169131095
0.8810812246675007   29.75527140855361   99.30714195201739
0.9069105139239728   27.790395185040207   96.03262879597916
0.9334970003205227   25.951235523765774   92.88823946747128
0.960862881429187   24.229904154480028   89.86655189107988
0.9890310055537336   22.619014623880336   86.96061433078101
1.0180248908061487   21.11174455958623   84.16364247611857
1.047868744742366   19.701744920068606   81.46911289329594
1.0785874845736239   18.383030004826846   78.87095626326469
1.1102067579703248   17.149957232707884   76.36352959479109
1.1427529644757777   15.997209571970997   73.94158619912369
1.1762532775476793   14.919778698891728   71.60024816632257
1.210735667245765   13.912948421559296   69.33497840081023
1.246228923584555   12.972264370081458   67.14146340553687
1.2827626805706884   12.093520550051648   65.01558180395725
1.3203674409449337   11.272766702381684   62.953510853542916
1.3590746016495152   10.506294809873582   60.951714774448405
1.3989164800420282   9.79062495797554   59.006926166504165
1.4399263408778291   9.122491969079242   57.116128860422926
1.4821384240834183   8.498832777259453   55.27654222649833
1.525587973344019   7.916775704574721   53.4856445586912
1.5703112655292182   7.373630225081015   51.74120060802837
1.6163456409812174   6.8668734187201945   50.04116493252135
1.6637295346910133   6.39413966831188   48.383658135486854
1.7125025083885144   5.953211341561813   46.76695669458145
1.7627052835733923   5.54200998768974   45.18948337501686
1.814379775514258   5.158588023047596   43.6497981661122
1.8675691282445197   4.801120734210365   42.14664414064296
1.922317750584177   4.467898468636998   40.67910323664098
1.9786713532176083   4.15732024162555   39.24638964707912
2.0366769868582977   3.8678872966944855   37.84777769929806
2.0963830815323896   3.5981968518020517   36.48259737011168
2.1578394870138577   3.346936207135922   35.1502299632099
2.2210975144450407   3.1128771951487564   33.85010393962708
2.286209979177315   2.894870850099689   32.581713363927726
2.3532312448676476   2.6918418042612275   31.34477031129194
2.4222172688678643   2.5027843188547387   30.13907893653379
2.4932256489445366   2.3267583692981635   28.96443297319731
2.5663156713684585   2.1628854943205296   27.820614355528082
2.641548360413907   2.0103448936310055   26.707392651457344
2.7189865293089923   1.868369763170933   25.62452456830316
2.798694832679631   1.7362439067861992   24.57176418998757
2.8807398205309562   1.6132993622469403   23.549043296340194
2.9651899938111903   1.4989129527959566   22.556410647653536
3.05211586160442   1.3925025319657576   21.5938465815269
3.1415899999999994   1.2935243621634884   20.661261052424457
