0.01   2440.057685843717   2439.9689691689314
0.010293154462191829   2471.497051406772   2471.4070364244594
0.010594902878253955   2502.1378662748757   2502.0467627505345
0.010905497183778876   2531.9011883904413   2531.8090599418056
0.011225196699963396   2560.7065713449238   2560.6133010485955
0.011554268350120923   2588.472255699515   2588.3775732779704
0.011892986882540897   2615.112467139444   2615.0161992739895
0.012241635099881474   2640.5394593591727   2640.441647798231
0.012600504095286909   2664.665203596245   2664.566110274185
0.012969893495426888   2687.3988791699226   2687.2988098140404
0.013350111710660605   2708.6459577515852   2708.545004132659
0.013741476192534558   2728.312256177745   2728.2102694389614
0.014144313698828986   2746.3037595667884   2746.200392681301
0.01455896056637426   2762.523574815398   2762.418516352505
0.014985762991865008   2776.87537305748   2776.7684214016913
0.01542507732090645   2789.26504544273   2789.156107310568
0.015877270345534218   2799.597657947737   2799.4866364167033
0.016342719610456153   2807.7779912345527   2807.6646723812155
0.016821813728271667   2813.714681336665   2813.598729145534
0.017314952703931925   2817.3200923953636   2817.201042618549
0.017822548268711737   2818.508867026177   2818.3861064672583
0.01834502422397195   2817.2009932121214   2817.0737583792234
0.018882816794999403   2813.32305309808   2813.1904377606747
0.019436374995219892   2806.808327964089   2806.6693255132986
0.02000616100108813   2797.597650801411   2797.451187074181
0.020592650537967844   2785.640492499537   2785.485434818799
0.021196333277324068   2770.8975311021277   2770.732713896688
0.02181771324555934   2753.3435769624084   2753.1678477264877
0.022457309244835088   2732.9642132940594   2732.7764470021352
0.02311565528622961   2709.7570732491617   2709.5561982115782
0.023793301035594242   2683.7426892358167   2683.527829705375
0.024490812272480036   2654.958153151036   2654.7286977206054
0.025208771362518027   2623.4513129718616   2623.2069154437777
0.0259477777436476   2589.2944577746307   2589.0351798293395
0.02670844842659881   2552.591086538578   2552.317609740225
0.027491418510046592   2513.4544594397607   2513.168070909859
0.028297341710866907   2472.0122192484955   2471.7148012941866
0.029126890909937666   2428.437003842216   2428.131150229642
0.029980758713939952   2382.916975135408   2382.6059805029067
0.030859658033628758   2335.6420948207865   2335.329884530322
0.031764322679055976   2286.8411062483215   2286.5322905115145
0.03269550797224261   2236.7805904671354   2236.4805165072817
0.033653991377811755   2185.7188888505175   2185.4335417157636
0.03464057315210884   2133.918612276148   2133.6544608576855
0.03565607701135116   2081.686543301224   2081.450269012738
0.036701350819364466   2029.3217532931612   2029.1201392432172
0.03777726729548091   1977.1047571623199   1976.9445789340652
0.038884724743189276   1925.358330145797   1925.2455349275124
0.04002464780014597   1874.4257910705703   1874.3649545697124
0.041197988210172884   1824.6170104200994   1824.6114544979862
0.04240572561788674   1776.1869259447146   1776.2386941995412
0.04364886838662332   1729.3079201581174   1729.417524022218
0.04492845444033957   1684.1230663296708   1684.2896026646622
0.04624555213019635   1640.770602871179   1640.9915683402644
0.04760126112654554   1599.499017594442   1599.7671318308967
0.04899671333706607   1560.5985574867568   1560.9004375729528
0.05043307385181555   1524.321476261874   1524.6382777723666
0.05191154191598653   1490.630358070835   1490.9398694574522
0.053433351931179485   1459.1709622430458   1459.4497776886612
0.05499977448602865   1429.598944808595   1429.8226164162743
0.05661211741704101   1401.6046336432373   1401.747771242429
0.05827172690053434   1374.9111606208887   1374.9475641956008
0.05997998857658587   1349.2532212935605   1349.1561346346207
0.06173832870592997   1324.2723801934983   1324.0167209166825
0.0635482153607709   1299.559216235328   1299.1230841914419
0.06541115965050462   1274.691517259456   1274.0578366120176
0.06732871698337338   1249.1508522667707   1248.3123336794079
0.06930248836510605   1222.4310690978414   1221.3914962618242
0.07133412173562886   1194.000354220507   1192.7805072141339
0.07342531334496233   1163.348472462686   1161.9887761722994
0.07557780916945323   1130.1191575779467   1128.679270369117
0.07779340636952398   1094.1219596443998   1092.679667560169
0.08007395479015682   1055.3851702277682   1054.0340031213173
0.08242135850536496   1014.1956179630466   1013.0420549014159
0.08483757740794096   971.0501626640527   970.204457008237
0.08732462884580919   926.6629403243928   926.2292107224455
0.08988458930634863   881.8367914863423   881.9054845239523
0.09251959615009227   837.4177137669506   838.0597445765935
0.09523184939525078   794.2674655951687   795.5254895446404
0.09802361355455057   753.2122299822398   755.0960387740856
0.10089721952591899   715.0758324956935   717.5547850893983
0.10385506653859616   680.5302876283797   683.532949773607
0.10689962415629803   650.0767797180954   653.4756209539694
0.11003343433910281   623.9451397306739   627.5731526170129
0.11325911356578279   601.9444783812359   605.6240988041066
0.11657935501835284   583.5434608336802   587.0994793874514
0.11999693083066039   567.8480935826249   571.1218041894879
0.12351469440289359   553.7515858717394   556.6361672241388
0.12713558278394044   540.0611312218442   542.5245355559875
0.13086261912358757   525.607479778817   527.7052532961185
0.13469891519660646   509.41148473283505   511.2908057463291
0.13864767400083483   490.8000182180839   492.69296385956136
0.14271219243142114   469.57489376013245   471.77434601157415
0.14689586403346616   446.0420714354274   448.8566317002245
0.1512021818353596   420.9421887734461   424.6433486248953
0.15563474126517718   395.34502643983757   400.1186814750401
0.16019724315257297   370.5377571399669   376.45065989608753
0.1648934968186736   347.8421032924765   354.7927960717314
0.1697274232565544   328.29587450469614   336.03725516028544
0.17470305840495237   312.3246305239434   320.51154074623395
0.17982455651794954   299.6089812821417   307.86143890268437
0.18509619363343993   289.2800563354835   297.2975369610766
0.19052237114327647   280.22229817416917   287.82551757311285
0.19610761946807834   271.20968875124447   278.3883626931577
0.20185660183976684   261.05815298888893   268.01461829880253
0.20777411819498756   249.0603449349407   256.1469114250884
0.21386510918267082   235.37719807650075   242.9938284048027
0.22013466028907505   220.88421004799505   229.2928871980322
0.22658800608375756   206.7015974036693   215.98078252156176
0.23323053459001789   193.89143659087807   203.88409534967747
0.2400677917834628   183.15351504625866   193.53769210047776
0.24710548622244882   174.5273528558178   184.90938578502767
0.25434949381426813   167.39756770002282   177.47254389325516
0.2618058627210567   160.79492008411714   170.4734719836053
0.2694808184095226   153.75382603066942   163.20045493525052
0.27738076884870827   145.79606121793063   155.3053089276265
0.2855123098601282   137.19389528608176   147.07021352980678
0.29388223062474755   128.63799535751855   138.98776192272936
0.3024975193514008   120.85114562652697   131.5574343740864
0.31136536911138296   114.26296796463247   125.05102736225562
0.3204931838440838   108.70642508119525   119.31480453634269
0.32988858453867975   103.60737604404456   113.95407521692674
0.3395594155970457   98.41017653743074   108.59489488260097
0.34951375138319807   92.89118446597695   103.13415243440686
0.3597599029647371   87.3028058196976   97.73163522793821
0.37030642505191835   82.09093174870472   92.66719987402084
0.3811621231401457   77.49149124364746   88.06095881471649
0.3923360608618501   73.41155759780646   83.83263131941523
0.4038375675538918   69.53595071331726   79.80357896849034
0.41567624604680364   65.63512590452565   75.84425494854803
0.42786198068238046   61.75735967963329   71.99014894737074
0.4404049455663077   58.10481540164922   68.35018954428543
0.4533156130627191   54.790342171221724   64.96401919079648
0.4666047625377753   51.73634497150754   61.78608443542404
0.4802834893595659   48.79808393073469   58.74577942639774
0.49436321416184764   45.92851549428035   55.81789611172472
0.5088556923793517   43.20451504844655   53.03857897878952
0.5237730240626238   40.68063094837441   50.42450786356528
0.5391276639805903   38.32341024284657   47.953744283329314
0.5549324320192869   36.071027234496064   45.60038124030134
0.5712005238854289   33.91869330298463   43.35903470613114
0.5879455221237613   31.89617527912348   41.237765200287456
0.6051814074573895   30.00256924168313   39.23216119339275
0.622922570460556   28.21077290473128   37.32817631386749
0.6411838235736077   26.510465583564354   35.5194866411756
0.6599804134701901   24.909601561445054   33.806546471941445
0.6793280337869897   23.405080524705816   32.18416551988545
0.6992428382266549   21.987095322784647   30.646069750083736
0.7197414540448374   20.6490433440686   29.187935756508274
0.7408409959326054   19.387123816614935   27.805692527164332
0.7625590803058332   18.19765197013402   26.495459209661057
0.7849138400134885   17.07705590644196   25.253539014559628
0.8079239394770964   16.021879878139696   24.076412238000653
0.8316085902740278   15.028786670375615   22.96072937789823
0.8559875671776167   14.094559095505854   21.90330432865188
0.8810812246675007   13.21604663036957   20.901081768910625
0.9069105139239728   12.3900904381481   19.951091638036505
0.9334970003205227   11.613676317752056   19.05051289835199
0.960862881429187   10.883955736355501   18.19667884556461
0.9890310055537336   10.198237093678376   17.38706885817851
1.0180248908061487   9.553977429694422   16.619300562227888
1.047868744742366   8.948774553954232   15.891122393174568
1.0785874845736239   8.380359898236556   15.200405849851508
1.1102067579703248   7.846605050390904   14.545109041896293
1.1427529644757777   7.345515843122669   13.923265089185882
1.1762532775476793   6.875204691814342   13.33302046316145
1.210735667245765   6.433884140857626   12.772631224870878
1.246228923584555   6.019862247761137   12.240456230690082
1.2827626805706884   5.631538126628261   11.734950775997383
1.3203674409449337   5.267397649745195   11.254660647688462
1.3590746016495152   4.926009001738202   10.798212735437405
1.3989164800420282   4.606015185896486   10.364264038077014
1.4399263408778291   4.306132443095588   9.951519983094212
1.4821384240834183   4.025149662930535   9.558768532069658
1.525587973344019   3.761924655291716   9.184875181198773
1.5703112655292182   3.5153805254341757   8.828777526040632
1.6163456409812174   3.284502218189577   8.489480238276949
1.6637295346910133   3.0683332249690345   8.166050421075543
1.7125025083885144   2.865972466065889   7.85760625917529
1.7627052835733923   2.6765713832686635   7.563281472848377
1.814379775514258   2.4993310044583077   7.28225325193721
1.8675691282445197   2.333499202203461   7.013753938711881
1.922317750584177   2.178368129919258   6.757066979484822
1.9786713532176083   2.03327178486656   6.511523185473275
2.0366769868582977   1.8975836926503422   6.276497295346609
2.0963830815323896   1.7707147077559018   6.051404791752299
2.1578394870138577   1.6521107121234648   5.835684587310693
2.2210975144450407   1.5412503562100517   5.628774544940662
2.286209979177315   1.4376437798586208   5.430146179744742
2.3532312448676476   1.340830908661348   5.239308837443019
2.4222172688678643   1.2503797327194206   5.055806866968408
2.4932256489445366   1.1658846783014085   4.879217034164055
2.5663156713684585   1.0869650678568699   4.709146153637917
2.641548360413907   1.0132636746240544   4.545229135962072
2.7189865293089923   0.9444457706864372   4.3871360692569175
2.798694832679631   0.8801978312425013   4.23457214540833
2.8807398205309562   0.8202256507611696   4.087262864666918
2.9651899938111903   0.7642531777619813   3.944951743623301
3.05211586160442   0.7120214589341557   3.8073991183646614
3.1415899999999994   0.663287639549987   3.6743810344300805
