0.01   1017.1229698781901   1017.0925418436558
0.010293154462191829   1026.4519548750259   1026.4213518921554
0.010594902878253955   1035.319962835403   1035.2891498097804
0.010905497183778876   1043.6972563439338   1043.6661189042109
0.011225196699963396   1051.55185099425   1051.5203123877866
0.011554268350120923   1058.8510117143364   1058.8190813869026
0.011892986882540897   1065.5622846715046   1065.5300592059477
0.012241635099881474   1071.6529032703036   1071.6205062453078
0.012600504095286909   1077.0897158063417   1077.057218991468
0.012969893495426888   1081.840231811777   1081.8076486921163
0.013350111710660605   1085.8723119352753   1085.8396082119148
0.013741476192534558   1089.1525219532446   1089.1196655190201
0.014144313698828986   1091.6480106331967   1091.6149855216345
0.01455896056637426   1093.3272865983333   1093.2940929575727
0.014985762991865008   1094.1592801173565   1094.125928050057
0.01542507732090645   1094.1136653479589   1094.0801692086936
0.015877270345534218   1093.1621471680464   1093.1285253600727
0.016342719610456153   1091.2782286593108   1091.2444923971836
0.016821813728271667   1088.4364529851923   1088.4025730537562
0.017314952703931925   1084.613872207107   1084.579773424579
0.017822548268711737   1079.7905652897289   1079.7561317903737
0.01834502422397195   1073.949887680181   1073.915013473909
0.018882816794999403   1067.0786810427996   1067.043302450565
0.019436374995219892   1059.167468579172   1059.1315642108557
0.02000616100108813   1050.2115127440118   1050.1750751631696
0.020592650537967844   1040.211876535183   1040.1748554538021
0.021196333277324068   1029.173906063687   1029.1362035229909
0.02181771324555934   1017.1077646232059   1017.0692466625916
0.022457309244835088   1004.0328587703515   1003.9934244857265
0.02311565528622961   989.9748369105308   989.9344481907763
0.023793301035594242   974.9632253504973   974.9219044118768
0.024490812272480036   959.0370183888297   958.9948393856453
0.025208771362518027   942.2467635676477   942.2038416131377
0.0259477777436476   924.6459814904591   924.6024688357701
0.02670844842659881   906.2932348270504   906.2493266528733
0.027491418510046592   887.264011910511   887.219988685751
0.028297341710866907   867.6384132013894   867.5946464120331
0.029126890909937666   847.496035554836   847.4529762355247
0.029980758713939952   826.9305136379523   826.8886656356475
0.030859658033628758   806.0480525161926   806.0079467627835
0.031764322679055976   784.9499643863711   784.9121504836156
0.03269550797224261   763.7379771490431   763.70301936375
0.033653991377811755   742.5290766490066   742.4975578479015
0.03464057315210884   721.4352915707286   721.4078085574581
0.03565607701135116   700.5599961785076   700.5371466606401
0.036701350819364466   680.0196320398301   680.0019132898291
0.03777726729548091   659.9351060133006   659.9228523131852
0.038884724743189276   640.4134500031405   640.4068492980509
0.04002464780014597   621.5408106915858   621.5399027652132
0.041197988210172884   603.3741289402029   603.3787770757566
0.04240572561788674   585.959335917115   585.9692428983033
0.04364886838662332   569.3393191475895   569.3540112700083
0.04492845444033957   553.5881855662042   553.6066980076714
0.04624555213019635   538.7901249589007   538.8108807380462
0.04760126112654554   525.0159361245993   525.0368164738381
0.04899671333706607   512.231238286186   512.2498344479811
0.05043307385181555   500.29125343271505   500.30512189246787
0.05191154191598653   489.05757993848357   489.06425266772544
0.053433351931179485   478.40917019153153   478.4061160179172
0.05499977448602865   468.2416280699911   468.2262126285789
0.05661211741704101   458.4555862808035   458.42510210180416
0.05827172690053434   448.9171518469622   448.8690667377385
0.05997998857658587   439.47515778431534   439.40727777529406
0.06173832870592997   429.9746337357988   429.88526677995685
0.0635482153607709   420.22687068836433   420.1152968152204
0.06541115965050462   410.0507614294774   409.91734697195807
0.06732871698337338   399.2645323791808   399.1112157330329
0.06930248836510605   387.7010642774547   387.5315517758987
0.07133412173562886   375.2591447082436   375.07889925750567
0.07342531334496233   361.9054003351502   361.7215449089836
0.07557780916945323   347.6852437373861   347.50593901309287
0.07779340636952398   332.7329447600931   332.56666067867616
0.08007395479015682   317.24888379865297   317.1041475720026
0.08242135850536496   301.4976995200562   301.3828597425839
0.08483757740794096   285.76339859008687   285.68524396797574
0.08732462884580919   270.33408368557673   270.296852166416
0.08988458930634863   255.499310831726   255.50464319293354
0.09251959615009227   241.53138461121952   241.57801751084253
0.09523184939525078   228.6958700924438   228.77822897057445
0.09802361355455057   217.19769851887784   217.3063320375281
0.10089721952591899   207.1654034814963   207.28716040364344
0.10385506653859616   198.63042377415556   198.74925732787432
0.10689962415629803   191.47040279405314   191.56833622202817
0.11003343433910281   185.45981959900098   185.51949350668954
0.11325911356578279   180.2621459384254   180.2699343469857
0.11657935501835284   175.49124593292495   175.4384757340276
0.11999693083066039   170.74797063822317   170.6324280519497
0.12351469440289359   165.659326447151   165.48777266507216
0.12713558278394044   159.93386762503877   159.7214591239312
0.13086261912358757   153.3981238274818   153.16657364225395
0.13469891519660646   146.04702601262775   145.82194967496443
0.13864767400083483   138.03344602343643   137.84092941273056
0.14271219243142114   129.63889877526944   129.50156481294246
0.14689586403346616   121.23729045317674   121.16984469519956
0.1512021818353596   113.26034024967666   113.26448607221694
0.15563474126517718   106.11920162286069   106.18335095825607
0.16019724315257297   100.08984597852557   100.18819082668487
0.1648934968186736   95.22222202182891   95.32071926348924
0.1697274232565544   91.33797651111372   91.40634947751849
0.17470305840495237   88.12432877044084   88.1375444895629
0.17982455651794954   85.21391451261535   85.16087655839144
0.18509619363343993   82.2095969475771   82.0967876539967
0.19052237114327647   78.76269079945351   78.61481646844204
0.19610761946807834   74.73304683549064   74.58664723232015
0.20185660183976684   70.26059225271827   70.15308328608292
0.20777411819498756   65.65769183472122   65.61155416905046
0.21386510918267082   61.273819465403825   61.29236140236921
0.22013466028907505   57.41051158992466   57.47789821514792
0.22658800608375756   54.230754617249154   54.3125143747516
0.23323053459001789   51.67281414169439   51.73527660494661
0.2400677917834628   49.501857422202846   49.523065251849104
0.24710548622244882   47.40703981564596   47.386408829712174
0.25434949381426813   45.12090010151504   45.0801840863223
0.2618058627210567   42.57114320360642   42.54673254290738
0.2694808184095226   39.89459394105732   39.909993123063984
0.27738076884870827   37.30901475824964   37.37089060202084
0.2855123098601282   35.01684534197603   35.10973779961756
0.29388223062474755   33.09565134595106   33.19312813860028
0.3024975193514008   31.443666884249893   31.523190501048404
0.31136536911138296   29.88118969611501   29.940771707554386
0.3204931838440838   28.264495479724463   28.32204436436252
0.32988858453867975   26.570029315355274   26.646313385567836
0.3395594155970457   24.902939458627653   25.007616165006024
0.34951375138319807   23.38175257817462   23.50713241541163
0.3597599029647371   22.0457516519825   22.17536639822683
0.37030642505191835   20.84225560908239   20.964843065906006
0.3811621231401457   19.677714059789707   19.79681612117604
0.3923360608618501   18.508455027612367   18.636649344393657
0.4038375675538918   17.368126661140504   17.511636730011826
0.41567624604680364   16.311021328535407   16.465853674717316
0.42786198068238046   15.353217657743167   15.510655802850872
0.4404049455663077   14.460664860582938   14.617148907235588
0.4533156130627191   13.59810861400245   13.757882995049341
0.4666047625377753   12.763868915246439   12.931488504965774
0.4802834893595659   11.98125196838007   12.155368467839452
0.49436321416184764   11.257591813112429   11.434230808248687
0.5088556923793517   10.578401184522992   10.756276462930712
0.5237730240626238   9.929851314714139   10.110894543809831
0.5391276639805903   9.314934108444513   9.500141168028213
0.5549324320192869   8.74004776694798   8.92785083592685
0.5712005238854289   8.201447754257863   8.390628592171153
0.5879455221237613   7.692149001125498   7.883247128503072
0.6051814074573895   7.211253976247441   7.404545631011621
0.622922570460556   6.760118870002264   6.954926294645118
0.6411838235736077   6.336617572858944   6.532354463791602
0.6599804134701901   5.9381679254075515   6.134675397025843
0.6793280337869897   5.563348579400649   5.7605294469587935
0.6992428382266549   5.210911080604775   5.408630739084209
0.7197414540448374   4.87965838271532   5.077752510893861
0.7408409959326054   4.568444091789033   4.766725489042068
0.7625590803058332   4.276171576245368   4.474436179761991
0.7849138400134885   4.001792960584764   4.199825110671046
0.8079239394770964   3.7443080013220973   3.9418850275100237
0.8316085902740278   3.50275366676614   3.6996541163059455
0.8559875671776167   3.2761915470118272   3.4722079787321896
0.8810812246675007   3.063731569933155   3.258671141894482
0.9069105139239728   2.8645338180261266   3.0582169761931177
0.9334970003205227   2.6778058756653884   2.8700652524895474
0.960862881429187   2.5028003058255917   2.6934797963960975
0.9890310055537336   2.338812250606791   2.5277662380694963
1.0180248908061487   2.1851771892685283   2.372269897435316
1.047868744742366   2.0412707874050318   2.226375881081376
1.0785874845736239   1.906507151187263   2.0895074988381808
1.1102067579703248   1.78033348735291   1.9611207855655164
1.1427529644757777   1.6622281579528853   1.840702586243641
1.1762532775476793   1.551699102288102   1.7277690159494699
1.210735667245765   1.4482823250888015   1.62186397710623
1.246228923584555   1.3515404492164897   1.5225577338083258
1.2827626805706884   1.261061296062064   1.429445570455304
1.3203674409449337   1.1764559915410484   1.3421469326197004
1.3590746016495152   1.0973579701160106   1.2603039707743167
1.3989164800420282   1.0234223704885521   1.1835798622977713
1.4399263408778291   0.9543248576982474   1.111657677009285
1.4821384240834183   0.8897604830208672   1.0442393076085994
1.525587973344019   0.8294426010936065   0.9810444469585687
1.5703112655292182   0.7731018418436629   0.9218096112209608
1.6163456409812174   0.7204851308720216   0.866287298677886
1.6637295346910133   0.6713547364489002   0.8142457377556913
1.7125025083885144   0.625487417626002   0.7654674803569503
1.7627052835733923   0.5826736108325898   0.7197481787510949
1.814379775514258   0.5427166399209057   0.6768958575423564
1.8675691282445197   0.5054319680623411   0.6367302225076769
1.922317750584177   0.4706464896946319   0.5990820017894594
1.9786713532176083   0.43819786062782434   0.5637923185773316
2.0366769868582977   0.40793383612115847   0.5307120705941529
2.0963830815323896   0.3797115856866533   0.4997012885116407
2.1578394870138577   0.3533972490650368   0.47062869620971376
2.2210975144450407   0.3288654367082013   0.44337123025108727
2.286209979177315   0.30599871718453725   0.4178135506553194
2.3532312448676476   0.28468713383993244   0.3938475778988437
2.4222172688678643   0.26482774917802077   0.37137205504891796
2.4932256489445366   0.24632421565579   0.35029213277435833
2.5663156713684585   0.22908643518417224   0.33051851659609743
2.641548360413907   0.21303024778856205   0.3119665531392264
2.7189865293089923   0.19807690352959445   0.2945570620381521
2.798694832679631   0.18415270646900855   0.27821615664750604
2.8807398205309562   0.17118870658516408   0.26287488387019053
2.9651899938111903   0.15912040914465103   0.24846888865533998
3.05211586160442   0.14788750064656067   0.23493810148359445
3.1415899999999994   0.13743358523826302   0.22222647729508643
