0.01   5651.737137066514   5651.364063139241
0.010293154462191829   5727.860999490041   5727.463359727189
0.010594902878253955   5802.40210391016   5801.977723877446
0.010905497183778876   5875.194402046267   5874.741134866734
0.011225196699963396   5946.059957614375   5945.575335537364
0.011554268350120923   6014.81561930618   6014.29674681263
0.011892986882540897   6081.275731681833   6080.719283179958
0.012241635099881474   6145.247502233781   6144.649865594215
0.012600504095286909   6206.531689558201   6205.889109584434
0.012969893495426888   6264.927986481001   6264.23657944691
0.013350111710660605   6320.232193946511   6319.487864029353
0.013741476192534558   6372.228959021075   6371.42711387389
0.014144313698828986   6420.70162500309   6419.83712173151
0.01455896056637426   6465.434723259557   6464.501874326442
0.014985762991865008   6506.20763871025   6505.200228348333
0.01542507732090645   6542.79797286607   6541.709276947473
0.015877270345534218   6574.987853233679   6573.810659660885
0.016342719610456153   6602.560316572986   6601.286813360685
0.016821813728271667   6625.294572477605   6623.91607481159
0.017314952703931925   6642.976579198442   6641.48352410913
0.017822548268711737   6655.401064043863   6653.783037977648
0.01834502422397195   6662.367142679106   6660.612798611154
0.018882816794999403   6663.683121835466   6661.780177543721
0.019436374995219892   6659.171217364925   6657.106531117777
0.02000616100108813   6648.668438661501   6646.4279702476615
0.020592650537967844   6632.027709029452   6629.596420857775
0.021196333277324068   6609.120293027193   6606.482254187972
0.02181771324555934   6579.839104317019   6576.977724596795
0.022457309244835088   6544.108253321859   6541.0069713285
0.02311565528622961   6501.8774840083615   6498.520101175314
0.023793301035594242   6453.120313972414   6449.491157850094
0.024490812272480036   6397.853875888139   6393.9383951754
0.025208771362518027   6336.141564652586   6331.9269630133695
0.0259477777436476   6268.071446133873   6263.546808691172
0.02670844842659881   6193.769561034583   6188.9263729595505
0.027491418510046592   6113.4404649255985   6108.274321210162
0.028297341710866907   6027.32122609649   6021.832150084649
0.029126890909937666   5935.670244813122   5929.862620454106
0.029980758713939952   5838.830745761684   5832.714387518201
0.030859658033628758   5737.212255613143   5730.8031095073675
0.031764322679055976   5631.229349158203   5624.54906584407
0.03269550797224261   5521.344027614311   5514.4196013487735
0.033653991377811755   5408.137961122173   5401.00153939827
0.03464057315210884   5292.195065324849   5284.883371229908
0.03565607701135116   5174.086987582087   5166.640676222044
0.036701350819364466   5054.4721764336   5046.935264554885
0.03777726729548091   4934.037134906256   4926.4563870526
0.038884724743189276   4813.422731978954   4805.8470032030245
0.04002464780014597   4693.310260356677   4685.786920052523
0.041197988210172884   4574.492057173212   4567.06107316675
0.04240572561788674   4457.705476618201   4450.399195630167
0.04364886838662332   4343.595264682194   4336.43870967753
0.04492845444033957   4232.603947513365   4225.613760695235
0.04624555213019635   4125.06698573057   4118.251478608731
0.04760126112654554   4021.283822448756   4014.643437367349
0.04899671333706607   3921.725928262716   3915.239379278044
0.05043307385181555   3827.0985561376783   3820.704837632161
0.05191154191598653   3738.0533782609677   3731.653982621232
0.053433351931179485   3654.885231807761   3648.3535831799363
0.05499977448602865   3576.936611375338   3570.140037910113
0.05661211741704101   3503.4200050080467   3496.2240086318607
0.05827172690053434   3433.6144437686735   3425.883595000201
0.05997998857658587   3366.8705668154234   3358.4712259993175
0.06173832870592997   3302.587650136488   3293.3887754160414
0.0635482153607709   3240.061353488033   3229.944431080498
0.06541115965050462   3178.387460790234   3167.2630397679363
0.06732871698337338   3116.6764883234687   3104.4887459325496
0.06930248836510605   3053.856069919132   3040.6155967335303
0.07133412173562886   2988.807435449754   2974.6067361468004
0.07342531334496233   2920.41363876992   2905.450880506861
0.07557780916945323   2847.528379034939   2832.141427338898
0.07779340636952398   2769.2182904452525   2753.878008524994
0.08007395479015682   2684.908915281394   2670.2144756177163
0.08242135850536496   2594.3809317987557   2581.038283270172
0.08483757740794096   2498.1492120932394   2486.949452264755
0.08732462884580919   2397.106452948195   2388.879795380713
0.08988458930634863   2292.754522049487   2288.2888714842893
0.09251959615009227   2186.791353299017   2186.781024910909
0.09523184939525078   2081.1581326325218   2086.142546358185
0.09802361355455057   1977.778707450214   1988.1046790914995
0.10089721952591899   1878.5394079217497   1894.3255763565403
0.10385506653859616   1785.283274725336   1806.3661686589915
0.10689962415629803   1699.6384339017732   1725.575391109927
0.11003343433910281   1622.8468835996018   1652.8709046549295
0.11325911356578279   1555.7504791725917   1588.791381412849
0.11657935501835284   1498.2084988212557   1533.0447088254637
0.11999693083066039   1449.440770172917   1484.8027152466002
0.12351469440289359   1407.6046379271295   1442.3507069039183
0.12713558278394044   1370.409492523405   1403.662731112461
0.13086261912358757   1335.1413050127915   1366.466225606029
0.13469891519660646   1299.1287871334293   1328.6064271867565
0.13864767400083483   1259.9834034955975   1288.2514538736693
0.14271219243142114   1215.9344009176882   1244.1865840581006
0.14689586403346616   1166.182649483323   1195.969090438443
0.1512021818353596   1111.0100455254344   1144.0100849368844
0.15563474126517718   1051.8011457597593   1089.586265078883
0.16019724315257297   990.7649835663394   1034.441357385523
0.1648934968186736   930.6218241022378   980.6657894333906
0.1697274232565544   874.2819794061388   930.3368878316364
0.17470305840495237   824.3680073296241   885.1111519831817
0.17982455651794954   782.4522467840953   846.0010854662054
0.18509619363343993   748.4318885090044   812.5784782668823
0.19052237114327647   720.6784816318395   783.5190338569981
0.19610761946807834   696.7348776486681   757.0905759396722
0.20185660183976684   673.8912487082514   731.4934593090993
0.20777411819498756   649.4662458640414   705.0743747572291
0.21386510918267082   621.408127378084   676.7211484254074
0.22013466028907505   589.3040517935297   646.3902889967266
0.22658800608375756   554.658428003766   615.270539232089
0.23323053459001789   519.9676650049933   584.8013769633573
0.2400677917834628   487.7051674138205   556.3484830522443
0.24710548622244882   459.76899921484215   530.7154885269374
0.25434949381426813   436.83226525577646   508.1768358289387
0.2618058627210567   417.92605879306893   488.023262731829
0.2694808184095226   401.05426642265456   469.1290400201945
0.27738076884870827   383.9684359613312   450.4096484968521
0.2855123098601282   365.09855233587245   431.32998779737477
0.29388223062474755   344.4629298112559   411.88014870603615
0.3024975193514008   323.45017192353197   392.99213047788203
0.31136536911138296   303.7369271883576   375.0764561071309
0.3204931838440838   286.5620635685837   358.6146069736775
0.32988858453867975   272.04977380090736   343.57070527575996
0.3395594155970457   259.1080767792184   329.4139992633121
0.34951375138319807   246.36864436151086   315.71778239130714
0.3597599029647371   233.03149496579817   302.18071972785526
0.37030642505191835   219.30242147499064   289.0316009117599
0.3811621231401457   206.15037487806788   276.49868474889956
0.3923360608618501   194.33627290997086   264.71984798917424
0.4038375675538918   183.87977398767921   253.66762046415096
0.41567624604680364   174.1867903577701   243.1723860559802
0.42786198068238046   164.5989743941344   233.0322708180761
0.4404049455663077   155.0056174387187   223.2685835800708
0.4533156130627191   145.80889842805163   213.96685108520643
0.4666047625377753   137.37003198892089   205.15478942521528
0.4802834893595659   129.6550914962328   196.79617086765097
0.49436321416184764   122.33168567879912   188.8202931004129
0.5088556923793517   115.20207526118274   181.1770262392571
0.5237730240626238   108.35962561970118   173.87408671541985
0.5391276639805903   101.98094274664915   166.93848450611412
0.5549324320192869   96.04936094639402   160.3390895505299
0.5712005238854289   90.4217152161201   154.04084457683317
0.5879455221237613   85.03419234805962   148.02453855867165
0.6051814074573895   79.94455561960842   142.2890230285159
0.622922570460556   75.18124290675567   136.83061825279012
0.6411838235736077   70.6901890786566   131.6226253974899
0.6599804134701901   66.4283615417428   126.64860606806495
0.6793280337869897   62.40638844200197   121.90651777050877
0.6992428382266549   58.62650740055376   117.3820794802409
0.7197414540448374   55.06664864848732   113.06376802365322
0.7408409959326054   51.70841139507238   108.94079906987896
0.7625590803058332   48.5418278800222   105.00287734925361
0.7849138400134885   45.557458203892025   101.24030555941752
0.8079239394770964   42.746181079365876   97.64395453747134
0.8316085902740278   40.09919745911845   94.20522678976391
0.8559875671776167   37.6080323528688   90.91602255174006
0.8810812246675007   35.26453500815053   87.76870819016574
0.9069105139239728   33.060818693861485   84.75597093404076
0.9334970003205227   30.989040146163813   81.87033223429817
0.960862881429187   29.04166863689092   79.10460346335383
0.9890310055537336   27.211580606422284   76.45206514340076
1.0180248908061487   25.492039038313948   73.9064335700602
1.047868744742366   23.876673744811853   71.46182997913037
1.0785874845736239   22.35946258678475   69.11275215083593
1.1102067579703248   20.934713679023417   66.85404752814767
1.1427529644757777   19.59706772691675   64.68073268425073
1.1762532775476793   18.341498656961765   62.58780391334904
1.210735667245765   17.163252346800252   60.57055797532867
1.246228923584555   16.057827564078973   58.62461931103284
1.2827626805706884   15.020964253858462   56.74591694579668
1.3203674409449337   14.048632235561698   54.930663300678134
1.3590746016495152   13.137020305622126   53.17533473335538
1.3989164800420282   12.282525447372171   51.476649349181415
1.4399263408778291   11.481736188535393   49.83145061866927
1.4821384240834183   10.731424808548272   48.23670379249098
1.525587973344019   10.028545975235714   46.689596156078935
1.5703112655292182   9.370227625943897   45.18752766625234
1.6163456409812174   8.75376188878981   43.72809718209814
1.6637295346910133   8.17659642269564   42.309089743892685
1.7125025083885144   7.636326161005561   40.928464793628585
1.7627052835733923   7.130685438935726   39.58435674578119
1.814379775514258   6.657540469092001   38.275143094980145
1.8675691282445197   6.214882236672709   36.99937480954497
1.922317750584177   5.800819730066534   35.7557194706178
1.9786713532176083   5.413573481564094   34.54295373367631
2.0366769868582977   5.051469426440096   33.35995651631574
2.0963830815323896   4.712933067413617   32.20570254298301
2.1578394870138577   4.396483931639153   31.07925621709114
2.2210975144450407   4.100729867533668   29.979809664508952
2.286209979177315   3.824361212488668   28.906770885128687
2.3532312448676476   3.5661475325824825   27.85962345583199
2.4222172688678643   3.3249334016941687   26.83788922674085
2.4932256489445366   3.0996340610759225   25.841125184166117
2.5663156713684585   2.889231313048004   24.868920425651808
2.641548360413907   2.6927696374146306   23.920893242910743
2.7189865293089923   2.509352539350578   22.99669143537498
2.798694832679631   2.338140096551341   22.096156749580572
2.8807398205309562   2.1783458287629354   21.219373511883855
2.9651899938111903   2.0292318840198384   20.366398772948674
3.05211586160442   1.890106076752709   19.537241166153393
3.1415899999999994   1.7603192270434367   18.73186329866973
