0.01   5314.959841623753   5314.781989811377
0.010293154462191829   5356.880077183208   5356.699989990683
0.010594902878253955   5395.77686393699   5395.594472048565
0.010905497183778876   5431.465251008223   5431.280461815902
0.011225196699963396   5463.749725820851   5463.5625083247005
0.011554268350120923   5492.431680555597   5492.242108056884
0.011892986882540897   5517.316448345687   5517.124699174773
0.012241635099881474   5538.207081334609   5538.013338364116
0.012600504095286909   5554.901668366364   5554.705965655322
0.012969893495426888   5567.204808187461   5567.007016700481
0.013350111710660605   5574.926652358332   5574.7264943520795
0.013741476192534558   5577.870899687341   5577.668026590422
0.014144313698828986   5575.847535112513   5575.641554437273
0.01455896056637426   5568.679358836169   5568.469830833166
0.014985762991865008   5556.194295754943   5555.980582560485
0.01542507732090645   5538.226812053581   5538.007924382286
0.015877270345534218   5514.629350815925   5514.403951915727
0.016342719610456153   5485.271478575651   5485.03788203948
0.016821813728271667   5450.034389091069   5449.790519560209
0.017314952703931925   5408.8210164158245   5408.564423506676
0.017822548268711737   5361.559841972258   5361.287734114649
0.01834502422397195   5308.205381207479   5307.91468835766
0.018882816794999403   5248.739962817764   5248.427395593631
0.019436374995219892   5183.175834511945   5182.83792947741
0.02000616100108813   5111.562715211226   5111.196014698323
0.020592650537967844   5033.996244966951   5033.597634132399
0.021196333277324068   4950.604945059238   4950.171716143798
0.02181771324555934   4861.5530030263   4861.082939129182
0.022457309244835088   4767.074145349115   4766.566059072708
0.02311565528622961   4667.447570762988   4666.901519978901
0.023793301035594242   4562.976837018087   4562.394059865343
0.024490812272480036   4454.030790188961   4453.414062416459
0.025208771362518027   4341.059488684012   4340.413649191783
0.0259477777436476   4224.524503272034   4223.856277629116
0.02670844842659881   4104.914407643448   4104.232288485551
0.027491418510046592   3982.842146458645   3982.156807468853
0.028297341710866907   3858.939646681377   3858.263793424629
0.029126890909937666   3733.8121012254855   3733.160081312935
0.029980758713939952   3608.136248677373   3607.5239478816657
0.030859658033628758   3482.6473520668555   3482.0920817438932
0.031764322679055976   3358.0174964404314   3357.5375840492675
0.03269550797224261   3234.921527967923   3234.535448812574
0.033653991377811755   3114.1999213031036   3113.9244081375195
0.03464057315210884   2996.631217069399   2996.480989386932
0.03565607701135116   2882.8757781492977   2882.8636831411472
0.036701350819364466   2773.452437047696   2773.589153044951
0.03777726729548091   2668.7628604315314   2669.0568367134524
0.038884724743189276   2569.129787512392   2569.5875866892766
0.04002464780014597   2474.9901010049057   2475.6128805377307
0.041197988210172884   2387.1115158086122   2387.8872082798293
0.04240572561788674   2306.1902900702285   2307.0945527675603
0.04364886838662332   2232.6822419506466   2233.680750402804
0.04492845444033957   2166.2583758628452   2167.3102117988215
0.04624555213019635   2106.3782087717964   2107.4371370107583
0.04760126112654554   2052.5497522702617   2053.5640368293252
0.04899671333706607   2004.2643493485602   2005.174379216791
0.05043307385181555   1961.0434579728792   1961.7810731800698
0.05191154191598653   1922.3476721353852   1922.83784578814
0.053433351931179485   1887.3638031685769   1887.5291467707798
0.05499977448602865   1855.272618676218   1855.0344255056057
0.05661211741704101   1825.0562979134465   1824.3407238313682
0.05827172690053434   1795.5320417252767   1794.2759223818434
0.05997998857658587   1765.4567355772724   1763.6135430055847
0.06173832870592997   1733.348681344908   1730.902461824324
0.0635482153607709   1697.7894842266135   1694.7598045093837
0.06541115965050462   1657.487022474551   1653.9413179469077
0.06732871698337338   1611.3599740612324   1607.414494147414
0.06930248836510605   1558.7936904218682   1554.6069376788325
0.07133412173562886   1499.5683534360528   1495.3346397381986
0.07342531334496233   1434.1289948904239   1430.0805756817151
0.07557780916945323   1363.334387895372   1359.7270658523607
0.07779340636952398   1288.5275460832247   1285.6067078103113
0.08007395479015682   1211.291288042554   1209.2804321480094
0.08242135850536496   1133.4632692397554   1132.5630263515063
0.08483757740794096   1057.1063747377361   1057.4555470822065
0.08732462884580919   984.297786314226   985.9496388437381
0.08988458930634863   917.0397717404512   919.9469486695156
0.09251959615009227   857.1485415428347   861.1611519614546
0.09523184939525078   805.8477585748712   810.7064431484224
0.09802361355455057   763.842602519668   769.1886005451298
0.10089721952591899   730.9389050877764   736.3621389787511
0.10385506653859616   706.3920768060899   711.457239356568
0.10689962415629803   688.7134561252973   692.99477698958
0.11003343433910281   675.960434166463   679.0951603751231
0.11325911356578279   665.7850424458635   667.5342332291543
0.11657935501835284   655.5606779127608   655.8666305614761
0.11999693083066039   642.7353199918916   641.7532795383726
0.12351469440289359   625.1385144620509   623.2447830414
0.12713558278394044   601.4068964155798   599.1741961693382
0.13086261912358757   571.2166624725505   569.3844630485872
0.13469891519660646   535.4062585518976   534.7310046102856
0.13864767400083483   495.9822239042187   497.0721403615655
0.14271219243142114   455.91547089948637   459.16168902638026
0.14689586403346616   418.5027162040959   423.9117274500489
0.1512021818353596   386.426067554661   393.58298712249774
0.15563474126517718   361.1463395167432   369.4008310699246
0.16019724315257297   342.87987912057235   351.4329434700792
0.1648934968186736   330.8309686303158   338.83616262803974
0.1697274232565544   323.22968802623416   330.02051912788943
0.17470305840495237   317.3384117130585   322.5994108136573
0.17982455651794954   310.05918171754865   313.9333073196002
0.18509619363343993   299.059627225487   302.24559801212735
0.19052237114327647   283.52745590454487   286.97601132219376
0.19610761946807834   264.1772501238537   268.75333076508883
0.20185660183976684   243.0869439956507   249.41515317099382
0.20777411819498756   223.0562361441659   231.16761095823765
0.21386510918267082   206.4502831036702   215.83888857203306
0.22013466028907505   194.36263329219778   204.12435388834172
0.22658800608375756   186.42432567774975   195.6713559287331
0.23323053459001789   180.88488124545017   189.02521308639106
0.2400677917834628   175.32106052917365   182.33127583019638
0.24710548622244882   167.85443585696365   174.34323123191479
0.25434949381426813   157.89074851231766   164.68159376245416
0.2618058627210567   146.29834657269026   154.11079333314294
0.2694808184095226   135.00390784071925   143.91711202036132
0.27738076884870827   125.70774042123823   135.26426413282385
0.2855123098601282   118.93798867460028   128.401237102343
0.29388223062474755   113.9711152375374   122.79045072905535
0.3024975193514008   109.29324107667343   117.40028975861242
0.31136536911138296   103.65711359767454   111.49795634027105
0.3204931838440838   96.94431818171203   105.1335499014629
0.32988858453867975   90.0306329709754   98.79358131363679
0.3395594155970457   84.0172534710814   93.12243085312402
0.34951375138319807   79.32824334465126   88.3092223068706
0.3597599029647371   75.44916683560956   84.01388095346634
0.37030642505191835   71.51736993505187   79.78457153635044
0.3811621231401457   67.13815864341328   75.44520999558402
0.3923360608618501   62.644119712196854   71.17892052878777
0.4038375675538918   58.630606594905885   67.26420436974409
0.41567624604680364   55.2774362100193   63.765215403473455
0.42786198068238046   52.240551351766925   60.49238451922183
0.4404049455663077   49.13753269529156   57.28938394550668
0.4533156130627191   45.986218384834785   54.18000299177473
0.4666047625377753   43.06979782338665   51.2665586067317
0.4802834893595659   40.50366645211827   48.57923634561418
0.49436321416184764   38.11791077084771   46.048651744960786
0.5088556923793517   35.759102254139734   43.61237162600163
0.5237730240626238   33.48811731896515   41.296714528142246
0.5391276639805903   31.41290915712373   39.132631369216234
0.5549324320192869   29.499674496005277   37.09623742092749
0.5712005238854289   27.663393788778386   35.16048381913128
0.5879455221237613   25.910349628915878   33.327478349576886
0.6051814074573895   24.270338903438088   31.597999049342523
0.622922570460556   22.73825537125945   29.966513234769884
0.6411838235736077   21.304892367663633   28.426954392544292
0.6599804134701901   19.96202657259088   26.97366269948222
0.6793280337869897   18.702306436324463   25.601355789449137
0.6992428382266549   17.519154251490253   24.305101755410732
0.7197414540448374   16.406684655888444   23.080295314592128
0.7408409959326054   15.36016814941576   21.922764844750503
0.7625590803058332   14.376278507193723   20.82883801404984
0.7849138400134885   13.451904761658952   19.795059489974204
0.8079239394770964   12.584017653312703   18.818150195446872
0.8316085902740278   11.769676137849848   17.89499984024847
0.8559875671776167   11.00603261490044   17.022659613355344
0.8810812246675007   10.290336921986718   16.198335022048322
0.9069105139239728   9.619872669511544   15.419350156295813
0.9334970003205227   8.991862461495282   14.683095645082174
0.960862881429187   8.403664114867764   13.987102393056066
0.9890310055537336   7.852799540569143   13.329048755492577
1.0180248908061487   7.336944402152293   12.70675163780249
1.047868744742366   6.853918445176146   12.11815812948163
1.0785874845736239   6.401676452238141   11.561337641268947
1.1102067579703248   5.978307143598692   11.034468384299727
1.1427529644757777   5.582046074597446   10.535812006352405
1.1762532775476793   5.211238108792449   10.063730465876706
1.210735667245765   4.864322289447859   9.616687066827835
1.246228923584555   4.53982704549779   9.193239886254483
1.2827626805706884   4.236365596249072   8.792035644719851
1.3203674409449337   3.9526315500696003   8.411803988951776
1.3590746016495152   3.6873937649075677   8.051346037563773
1.3989164800420282   3.439487701487616   7.709497298026495
1.4399263408778291   3.2078166705482243   7.385153308571785
1.4821384240834183   2.9913506799021228   7.077282325491632
1.525587973344019   2.78912258309335   6.784920152214347
1.5703112655292182   2.6002244288067575   6.507165318064098
1.6163456409812174   2.423804009083631   6.243174627420846
1.6637295346910133   2.2590616806500736   5.992156573152586
1.7125025083885144   2.1052480069681976   5.753345184833963
1.7627052835733923   1.9616602567055215   5.526011082310457
1.814379775514258   1.8276391044229536   5.309474401703181
1.8675691282445197   1.702566082283983   5.103101285131418
1.922317750584177   1.585861177740984   4.9063004506194865
1.9786713532176083   1.4769805625527685   4.718520041862387
2.0366769868582977   1.3754144165634699   4.539243599527793
2.0963830815323896   1.2806844306324074   4.367968947884724
2.1578394870138577   1.1923421276020776   4.204211908016889
2.2210975144450407   1.1099675422978863   4.0475221743617364
2.286209979177315   1.0331674912227669   3.8974812833101975
2.3532312448676476   0.9615739272994402   3.753700190658479
2.4222172688678643   0.8948423910492544   3.6158170551401128
2.4932256489445366   0.8326505655235716   3.483495302062678
2.5663156713684585   0.7746973078230732   3.3564248628497158
2.641548360413907   0.7207013105116289   3.2343206573162098
2.7189865293089923   0.6703993136455633   3.1169168860178065
2.798694832679631   0.6235449681364955   3.0039654162377087
2.8807398205309562   0.5799077998124229   2.8952345448553856
2.9651899938111903   0.5392722328509357   2.790507857039307
3.05211586160442   0.5014366604158224   2.68958299367865
3.1415899999999994   0.466211789010251   2.5922545719589682
