0.01   158.4736507115809   158.47363974539684
0.010293154462191829   160.12001172687263   160.12000038698372
0.010594902878253955   161.7034903921409   161.70348242079402
0.010905497183778876   163.2192293094431   163.2192262035226
0.011225196699963396   164.6623133417876   164.66231391966153
0.011554268350120923   166.0277831885153   166.027783897432
0.011892986882540897   167.31039213212117   167.31038991934943
0.012241635099881474   168.50478395503723   168.50477760231692
0.012600504095286909   169.60564345684952   169.60563362914573
0.012969893495426888   170.6076756456511   170.607664158338
0.013350111710660605   171.5056107582988   171.50559950052735
0.013741476192534558   172.29428837538978   172.2942792220455
0.014144313698828986   172.96855094468745   172.96854559107214
0.01455896056637426   173.5227429387436   173.52274213350861
0.014985762991865008   173.95119861151548   173.95120191238803
0.01542507732090645   174.24847459425223   174.24848039289603
0.015877270345534218   174.4093824486468   174.40938878929333
0.016342719610456153   174.42902592494193   174.42903131925712
0.016821813728271667   174.30284247396148   174.302845943159
0.017314952703931925   174.02647047180008   174.02647121733642
0.017822548268711737   173.5954122288328   173.59540856653152
0.01834502422397195   173.0055159509051   173.00550511409904
0.018882816794999403   172.25313771393488   172.25311595996254
0.019436374995219892   171.33529247506695   171.3352561104173
0.02000616100108813   170.24965348582143   170.24959956808232
0.020592650537967844   168.99450614642984   168.99443249978074
0.021196333277324068   167.56882351198476   167.56872834419238
0.02181771324555934   165.97234618843868   165.97222727269096
0.022457309244835088   164.20551978506631   164.20537438906274
0.02311565528622961   162.26959446871462   162.26941944099065
0.023793301035594242   160.16727518441726   160.16706731773075
0.024490812272480036   157.90230626426492   157.9020624812622
0.025208771362518027   155.47911867569715   155.47883607618857
0.0259477777436476   152.90367146479335   152.90334831071314
0.02670844842659881   150.18380122274147   150.183438321793
0.027491418510046592   147.3279034152849   147.32750407432576
0.028297341710866907   144.34523788564002   144.34480776184188
0.029126890909937666   141.24777259908478   141.24731971713263
0.029980758713939952   138.04828895154836   138.04782352069248
0.030859658033628758   134.75957253345965   134.75910671409733
0.031764322679055976   131.3967778271367   131.39632659205543
0.03269550797224261   127.97719661837947   127.97677853640052
0.033653991377811755   124.51738343858197   124.51702018941107
0.03464057315210884   121.03405149932492   121.0337653634711
0.03565607701135116   117.54656185229001   117.54636867797862
0.036701350819364466   114.0734852771738   114.07339358756379
0.03777726729548091   110.63200721408461   110.6320202538102
0.038884724743189276   107.24199584350112   107.24213039328663
0.04002464780014597   103.92430044258843   103.92459842802269
0.041197988210172884   100.69731192157046   100.69783742243933
0.04240572561788674   97.57587573112811   97.57667667908332
0.04364886838662332   94.570094616474   94.5711227280532
0.04492845444033957   91.68813797341302   91.68924884193177
0.04624555213019635   88.93778388625987   88.93876517449118
0.04760126112654554   86.33378917245768   86.33451036571573
0.04899671333706607   83.89306044048959   83.89353560681596
0.05043307385181555   81.62980002221909   81.63016953809975
0.05191154191598653   79.54061452752005   79.54105145217854
0.053433351931179485   77.60443682476294   77.60505346731607
0.05499977448602865   75.80116877690465   75.80201703691432
0.05661211741704101   74.1126587693153   74.11370573121847
0.05827172690053434   72.52248695730738   72.5235871763806
0.05997998857658587   71.01494314150314   71.01585126616223
0.06173832870592997   69.56839519562186   69.56883651828859
0.0635482153607709   68.1583091763102   68.15802235874014
0.06541115965050462   66.75923089988643   66.75799878381056
0.06732871698337338   65.3397548527841   65.3374908442163
0.06930248836510605   63.86922745225092   63.86598374889525
0.07133412173562886   62.31473170968003   62.31069162007957
0.07342531334496233   60.64446870883379   60.63993246662065
0.07557780916945323   58.83504602585399   58.83032440440554
0.07779340636952398   56.871972311659526   56.86728625848205
0.08007395479015682   54.75344177197776   54.74894102684641
0.08242135850536496   52.49198512610338   52.487777164562786
0.08483757740794096   50.11296358730967   50.1091559081829
0.08732462884580919   47.65432536950759   47.651071616695646
0.08988458930634863   45.16029086470717   45.15783905089384
0.09251959615009227   42.67822663792377   42.67692974217866
0.09523184939525078   40.25762787145606   40.25779307805618
0.09802361355455057   37.94669924297254   37.948482430265955
0.10089721952591899   35.79471268209165   35.79799490978449
0.10385506653859616   33.84206408482816   33.84648458575698
0.10689962415629803   32.121277482405496   32.126282569809405
0.11003343433910281   30.64939511760957   30.654366962960832
0.11325911356578279   29.42124510211475   29.425705938042615
0.11657935501835284   28.41258531576712   28.416153423488435
0.11999693083066039   27.57893716226834   27.5812569053284
0.12351469440289359   26.862396644988657   26.86314675267016
0.12713558278394044   26.198177369682966   26.19710810277582
0.13086261912358757   25.519155326908812   25.516177856596787
0.13469891519660646   24.76520449266957   24.76047431505578
0.13864767400083483   23.88977526781289   23.883728438171975
0.14271219243142114   22.87037305595649   22.863659817172124
0.14689586403346616   21.712026154855085   21.705511864727846
0.1512021818353596   20.445750823197272   20.44043155257856
0.15563474126517718   19.124434383557137   19.121198531185033
0.16019724315257297   17.817691536018224   17.8169372020923
0.1648934968186736   16.60182845955656   16.603250907644746
0.1697274232565544   15.542036092991427   15.544858852980834
0.17470305840495237   14.673404969923725   14.676782327640316
0.17982455651794954   13.991560070868848   13.994694494337931
0.18509619363343993   13.460589997725418   13.462562160156915
0.19052237114327647   13.02684922655038   13.026691259332878
0.19610761946807834   12.624452280806862   12.62179059185128
0.20185660183976684   12.182445038042692   12.177853618521993
0.20777411819498756   11.648553207835203   11.643073392949859
0.21386510918267082   11.014159827561725   11.008911888987443
0.22013466028907505   10.31289792123116   10.308846727763108
0.22658800608375756   9.600515404720822   9.59843559198286
0.23323053459001789   8.938313354703626   8.938165287727537
0.2400677917834628   8.375472559681965   8.376388174808772
0.24710548622244882   7.929409073813933   7.930271023798592
0.25434949381426813   7.5798829474251415   7.579516484740037
0.2618058627210567   7.28068932807135   7.27847566109836
0.2694808184095226   6.97570559738448   6.971999382446382
0.27738076884870827   6.625924716183503   6.621567213642064
0.2855123098601282   6.230722642573222   6.226794299689554
0.29388223062474755   5.818924741479695   5.816236617198702
0.3024975193514008   5.431275684426865   5.429883629337869
0.31136536911138296   5.101049694792903   5.100108288988672
0.3204931838440838   4.831918353015713   4.830520080910307
0.32988858453867975   4.599986004422214   4.597497242923077
0.3395594155970457   4.372719390701931   4.369269109083802
0.34951375138319807   4.128206293301405   4.124550658444738
0.3597599029647371   3.87039570230847   3.8672451986446013
0.37030642505191835   3.6216035779328646   3.6191776747795577
0.3811621231401457   3.400813315943131   3.398697949063502
0.3923360608618501   3.2110154619265088   3.208529420058316
0.4038375675538918   3.038368990012298   3.035281719156153
0.41567624604680364   2.86647069951053   2.863070250865166
0.42786198068238046   2.6915702914667685   2.688322698027042
0.4404049455663077   2.522642929376329   2.519744599671719
0.4533156130627191   2.369273830015422   2.3664582035980213
0.4666047625377753   2.231547705759066   2.228499929328963
0.4802834893595659   2.1018722716586584   2.0985628372483975
0.49436321416184764   1.9745662103572021   1.9712436393081718
0.5088556923793517   1.8517722926123308   1.8485839671137279
0.5237730240626238   1.737888252134553   1.7347474376719376
0.5391276639805903   1.6332112099870435   1.629956172314091
0.5549324320192869   1.5342596098992967   1.5309069883371584
0.5712005238854289   1.439233255297019   1.4359047780093814
0.5879455221237613   1.3495102755985535   1.3462278972132686
0.6051814074573895   1.2660852430490597   1.2627806441395841
0.622922570460556   1.1878205917370857   1.1844744242036214
0.6411838235736077   1.1135472032030116   1.11021037471423
0.6599804134701901   1.0435407960537204   1.0402336654756017
0.6793280337869897   0.9780536884195079   0.9747472719491884
0.6992428382266549   0.9166839060468839   0.9133633462810578
0.7197414540448374   0.8588670071188362   0.8555512854882802
0.7408409959326054   0.804435599522599   0.8011400578149391
0.7625590803058332   0.7532310969173684   0.7499674558342816
0.7849138400134885   0.7050977824980651   0.7018747206720969
0.8079239394770964   0.6598833240653463   0.6567069867369657
0.8316085902740278   0.6174392088611725   0.6143136522992458
0.8559875671776167   0.5776211041632985   0.5745486817041191
0.8810812246675007   0.5402861660896474   0.5372682295539737
0.9069105139239728   0.5052857818313404   0.5023242649067349
0.9334970003205227   0.4724771350879144   0.46957469650531214
0.960862881429187   0.44172609511405647   0.4388858806390122
0.9890310055537336   0.4129066817018614   0.410132124992768
1.0180248908061487   0.38590056409707413   0.3831952216521597
1.047868744742366   0.3605965916119607   0.3579640075281996
1.0785874845736239   0.33689035772279197   0.3343339542441144
1.1102067579703248   0.31468454464017853   0.3122074961130015
1.1427529644757777   0.2938891588433653   0.29149425185144484
1.1762532775476793   0.2744193965532862   0.27210899781392234
1.210735667245765   0.25619514655895015   0.25397119420848674
1.246228923584555   0.23914076391550596   0.2370047671032679
1.2827626805706884   0.22318485185518447   0.2211378971994214
1.3203674409449337   0.20826005183890942   0.2063028154681459
1.3590746016495152   0.19430283620338262   0.19243559892714399
1.3989164800420282   0.18125312749864464   0.17947574781679893
1.4399263408778291   0.169054125399983   0.16736601855091923
1.4821384240834183   0.15765240028274605   0.15605258573223274
1.525587973344019   0.14699772243707052   0.1454848725015705
1.5703112655292182   0.13704288210800752   0.1356153671734521
1.6163456409812174   0.1277435187995837   0.1263994492354227
1.6637295346910133   0.11905795942769572   0.1177952243084619
1.7125025083885144   0.11094706633843977   0.10976336959826742
1.7627052835733923   0.10337410942682923   0.10226700927031557
1.814379775514258   0.09630461759797491   0.0952715592377716
1.8675691282445197   0.08970623239173157   0.08874457242639412
1.922317750584177   0.08354858567821938   0.082655614318339
1.9786713532176083   0.07780318422793864   0.07697614558823214
2.0366769868582977   0.07244330044189094   0.07167941097675493
2.0963830815323896   0.06744386895309303   0.06674033411867654
2.1578394870138577   0.06278138547429449   0.062135403691598305
2.2210975144450407   0.058433796259708994   0.0578425018389903
2.286209979177315   0.05438042999664169   0.05384089800080057
2.3532312448676476   0.05060192558255359   0.05011120937445886
2.4222172688678643   0.04708015270362511   0.04663531552765832
2.4932256489445366   0.04379813691748867   0.04339627810263301
2.5663156713684585   0.04073998904610996   0.040378265495202514
2.641548360413907   0.03789083864928772   0.03756648220940816
2.7189865293089923   0.03523677822855705   0.034947121122134904
2.798694832679631   0.032764820025377506   0.03250734402747962
2.8807398205309562   0.03046281478549485   0.030235154231240794
2.9651899938111903   0.02831939388987824   0.02811932688661571
3.05211586160442   0.02632392170037891   0.026149361953465063
3.1415899999999994   0.024466450610554604   0.024315439800852306
