0.01   15048.953457959304   15046.293028683378
0.010293154462191829   15209.004615957818   15206.106432670105
0.010594902878253955   15362.66468734355   15359.508905688654
0.010905497183778876   15509.431248472194   15505.996378139325
0.011225196699963396   15648.78777412461   15645.049996314257
0.011554268350120923   15780.21721088613   15776.150376917138
0.011892986882540897   15903.188497256402   15898.76412993691
0.012241635099881474   16017.140906238199   16012.32819136491
0.012600504095286909   16121.514552717927   16116.280403260984
0.012969893495426888   16215.753220146087   16210.062332675763
0.013350111710660605   16299.28150776215   16293.096194128562
0.013741476192534558   16371.523250885217   16364.80345002256
0.014144313698828986   16431.917484325728   16424.620905574164
0.01455896056637426   16479.900026667245   16471.981035055393
0.014985762991865008   16514.89721432601   16506.305177327496
0.01542507732090645   16536.358978453878   16527.03838800494
0.015877270345534218   16543.75899844222   16533.649808241098
0.016342719610456153   16536.574272136764   16525.612339027095
0.016821813728271667   16514.31098321047   16502.428547393883
0.017314952703931925   16476.517773819305   16463.64390292512
0.017822548268711737   16422.777000447888   16408.836188842943
0.01834502422397195   16352.709557839033   16337.620462597744
0.018882816794999403   16265.992554534665   16249.668744863837
0.019436374995219892   16162.366328464765   16144.717676960541
0.02000616100108813   16041.643074255939   16022.578223298058
0.020592650537967844   15903.704948155219   15883.13264622401
0.021196333277324068   15748.50952975308   15726.33987392703
0.02181771324555934   15576.133079347606   15552.280443487716
0.022457309244835088   15386.756535898738   15361.141838632037
0.02311565528622961   15180.636433376469   15153.188159950489
0.023793301035594242   14958.158665838053   14928.817236867633
0.024490812272480036   14719.895097566312   14688.620716872496
0.025208771362518027   14466.494852703772   14433.26840042029
0.0259477777436476   14198.692035445109   14163.515836073784
0.02670844842659881   13917.473255514318   13880.378407262438
0.027491418510046592   13623.948935195294   13584.997341424809
0.028297341710866907   13319.25220881903   13278.534487744026
0.029126890909937666   13004.7268371899   12962.364239984143
0.029980758713939952   12681.986556848575   12638.133920680863
0.030859658033628758   12352.614564484735   12307.45655470741
0.031764322679055976   12018.20707684423   11971.954506085973
0.03269550797224261   11680.654317081939   11633.542966207466
0.033653991377811755   11341.83200123918   11294.118557319609
0.03464057315210884   11003.48926654826   10955.445706790315
0.03565607701135116   10667.67235899365   10619.567170870941
0.036701350819364466   10336.662104659097   10288.743646065184
0.03777726729548091   10012.501230598467   9964.996601136372
0.038884724743189276   9696.912840933644   9650.027066713037
0.04002464780014597   9391.167985852313   9345.08187475741
0.041197988210172884   9096.31167830666   9051.182638841636
0.04240572561788674   8813.308562428752   8769.26436490705
0.04364886838662332   8543.98054510152   8501.021609147328
0.04492845444033957   8290.583003396547   8248.528397238626
0.04624555213019635   8055.064213475635   8013.571266214076
0.04760126112654554   7837.949206636247   7796.5595622275205
0.04899671333706607   7637.9219831407745   7596.116153240495
0.05043307385181555   7453.640442416712   7410.845598211476
0.05191154191598653   7283.751615957445   7239.337942571228
0.053433351931179485   7126.814138229934   7080.087657820374
0.05499977448602865   6981.457309980338   6931.66555475354
0.05661211741704101   6845.775958666972   6792.167369039509
0.05827172690053434   6717.459124915716   6659.332236597996
0.05997998857658587   6594.146239134539   6530.881187197629
0.06173832870592997   6472.829581654494   6404.010137977474
0.0635482153607709   6350.46221932648   6275.913038347471
0.06541115965050462   6223.536302982614   6143.455601053976
0.06732871698337338   6088.324835330926   6003.377004244874
0.06930248836510605   5941.436130108234   5852.87505518017
0.07133412173562886   5779.881195698953   5689.698450288232
0.07342531334496233   5601.602071429175   5512.4050702901195
0.07557780916945323   5405.827967166344   5320.650098857534
0.07779340636952398   5193.134446395363   5115.337697624034
0.08007395479015682   4965.787007094489   4898.978945542431
0.08242135850536496   4727.177064956727   4674.873281205902
0.08483757740794096   4481.677423858084   4446.968239108878
0.08732462884580919   4234.276375286038   4219.648640098868
0.08988458930634863   3990.2200389689556   3997.388934134732
0.09251959615009227   3755.2577446581627   3784.756334434681
0.09523184939525078   3534.5744036735937   3585.770563839224
0.09802361355455057   3333.321704800042   3404.2043872297054
0.10089721952591899   3155.491012217235   3242.797997546518
0.10385506653859616   3003.5163858139645   3102.6342903989807
0.10689962415629803   2877.899470388794   2983.4241375327942
0.11003343433910281   2776.811722587301   2883.240849967666
0.11325911356578279   2696.3506187588478   2798.4343307636927
0.11657935501835284   2631.0553767918627   2724.242731418295
0.11999693083066039   2574.1193618077277   2655.6835191964014
0.12351469440289359   2518.299845359668   2587.6553952117483
0.12713558278394044   2456.3995708887333   2515.2501622575155
0.13086261912358757   2382.3598149844415   2434.9785591879454
0.13469891519660646   2292.3016128536333   2344.7473195253965
0.13864767400083483   2185.199925922588   2244.5933105095946
0.14271219243142114   2063.2040772459595   2137.378124261048
0.14689586403346616   1931.3711243455282   2026.2664020457366
0.1512021818353596   1797.12818399325   1916.052219433615
0.15563474126517718   1669.1965684020838   1812.1625826949967
0.16019724315257297   1555.7436591825267   1718.6489083652207
0.1648934968186736   1462.1259636351995   1637.8892507417893
0.1697274232565544   1389.5516452316863   1570.2273367750995
0.17470305840495237   1335.5272758757578   1512.1996229249064
0.17982455651794954   1294.9848750075976   1461.6030819998139
0.18509619363343993   1260.7968024637512   1414.441972678348
0.19052237114327647   1224.5045675314327   1366.585968267389
0.19610761946807834   1178.7948846214722   1314.9507556044127
0.20185660183976684   1120.6094055878978   1259.2957632380685
0.20777411819498756   1051.9705443945368   1200.932063467143
0.21386510918267082   978.4783487773349   1142.5077050746052
0.22013466028907505   907.5090060066142   1087.1196773297113
0.22658800608375756   846.063853579266   1036.7522386047515
0.23323053459001789   797.8220723746947   992.7340835262428
0.2400677917834628   762.0966296154611   953.5717706659116
0.24710548622244882   734.3895801482257   917.7159795668028
0.25434949381426813   707.9581281477049   883.1181328249613
0.2618058627210567   676.8597976768805   848.0009488753881
0.2694808184095226   639.1340399239967   812.3343455306158
0.27738076884870827   597.0316802202556   776.8017905090477
0.2855123098601282   555.466748798308   743.026553951572
0.29388223062474755   519.5102189034756   711.6075747868226
0.3024975193514008   491.1806609060416   682.9310270911778
0.31136536911138296   468.6111206157624   656.1330227641679
0.3204931838440838   447.7434094893131   630.6080650239728
0.32988858453867975   424.8226499569219   605.6899482270838
0.3395594155970457   399.0654325522856   581.0449563612102
0.34951375138319807   372.8204167278911   557.4634215249963
0.3597599029647371   349.13868717821765   535.2592921399893
0.37030642505191835   329.4484988601818   514.4214680240735
0.3811621231401457   312.5739324695502   494.6966725047441
0.3923360608618501   296.0727556337127   475.8620062588705
0.4038375675538918   278.62825848012574   457.6032705808007
0.41567624604680364   261.00316743781644   440.01764449500587
0.42786198068238046   244.81865497270826   423.36186742628496
0.4404049455663077   230.72343880103568   407.6384074178375
0.4533156130627191   217.87836618923646   392.63140801237677
0.4666047625377753   205.1552328960468   378.2263750762772
0.4802834893595659   192.48153681627025   364.3755212985758
0.49436321416184764   180.58707129637807   351.16759508991277
0.5088556923793517   169.85443589599288   338.65644217641574
0.5237730240626238   159.87258366067456   326.71821469562656
0.5391276639805903   150.17576877719603   315.230347252945
0.5549324320192869   140.86687480997313   304.2458265224327
0.5712005238854289   132.24012315916133   293.77094736628925
0.5879455221237613   124.23694594469988   283.7761170068345
0.6051814074573895   116.6136615765843   274.1780956064118
0.622922570460556   109.36865151490542   264.9865585996755
0.6411838235736077   102.55538945849939   256.17152823673797
0.6599804134701901   96.16438691543443   247.72950934602912
0.6793280337869897   90.16691638410458   239.6385745471758
0.6992428382266549   84.53604996683472   231.87776303739503
0.7197414540448374   79.24704551548103   224.42754216731475
0.7408409959326054   74.27714725755854   217.26970213591778
0.7625590803058332   69.60540585643439   210.38725953072282
0.7849138400134885   65.21251586737077   203.76436890469364
0.8079239394770964   61.081204652652346   197.3861245107268
0.8316085902740278   57.19729348026091   191.23819542819044
0.8559875671776167   53.547660219213356   185.30713530274076
0.8810812246675007   50.11970912306004   179.58042060683889
0.9069105139239728   46.90136640846959   174.0463867286853
0.9334970003205227   43.88107393499732   168.6941693063854
0.960862881429187   41.047781217489025   163.51365032318222
0.9890310055537336   38.390934907568365   158.49540653004973
1.0180248908061487   35.90031439413217   153.63036930899042
1.047868744742366   33.565915597399794   148.90952103086505
1.0785874845736239   31.37827517759048   144.32445006854374
1.1102067579703248   29.328482962918   139.86738753312352
1.1427529644757777   27.408150757794544   135.53116665893708
1.1762532775476793   25.609382848546765   131.30918535544131
1.210735667245765   23.924748117328978   127.19537159527913
1.246228923584555   22.347254771220353   123.18415587417627
1.2827626805706884   20.870357414587158   119.27058004540551
1.3203674409449337   19.487928715410998   115.45027433226818
1.3590746016495152   18.194193350269366   111.71925342099412
1.3989164800420282   16.983707231822144   108.07388347305263
1.4399263408778291   15.851340239629062   104.51086122568911
1.4821384240834183   14.792259717357783   101.02719416901077
1.525587973344019   13.801914712751971   97.62018167593044
1.5703112655292182   12.876020231952829   94.2874399954659
1.6163456409812174   12.010535140711474   91.02738240587699
1.6637295346910133   11.201653749188123   87.8389516804546
1.7125025083885144   10.445799486552836   84.72119143695201
1.7627052835733923   9.739612030666377   81.67322922949312
1.814379775514258   9.079934971451651   78.6942685292203
1.8675691282445197   8.463804123344573   75.78358093848406
1.922317750584177   7.8884364566555165   72.94049863625371
1.9786713532176083   7.351219455902828   70.16449571812606
2.0366769868582977   6.849700410542438   67.45564022644457
2.0963830815323896   6.381577921880299   64.81415691749248
2.1578394870138577   5.944693457301871   62.2401746517842
2.2210975144450407   5.537022900642117   59.73372788946498
2.286209979177315   5.1566685700639345   57.294759055558664
2.3532312448676476   4.801851681012763   54.92312107262562
2.4222172688678643   4.470905231592291   52.6185800590862
2.4932256489445366   4.162268145501142   50.380982618156494
2.5663156713684585   3.8744806809513466   48.210625673995615
2.641548360413907   3.6061754607611807   46.10772327676085
2.7189865293089923   3.3560712583161036   44.07227971005015
2.798694832679631   3.122967861670898   42.10410422903278
2.8807398205309562   2.905741220313011   40.20282566412258
2.9651899938111903   2.703338860888939   38.36790681063197
3.05211586160442   2.514775527843651   36.59865709510161
3.1415899999999994   2.339125380978625   34.89406863126335
