0.01   16970.675345170133   16968.73149676222
0.010293154462191829   17108.356522114787   17106.269766247067
0.010594902878253955   17237.05545103131   17234.815884770764
0.010905497183778876   17356.1990801095   17353.79510583835
0.011225196699963396   17465.219272249156   17462.63755228161
0.011554268350120923   17563.54348764684   17560.769048118997
0.011892986882540897   17650.56663779776   17647.58320284683
0.012241635099881474   17725.687447339795   17722.477557912414
0.012600504095286909   17788.318729852053   17784.86380270032
0.012969893495426888   17837.859817683206   17834.140060905847
0.013350111710660605   17873.707018247576   17869.701398799945
0.013741476192534558   17895.282747826026   17890.96910413669
0.014144313698828986   17902.02297629305   17897.377440530774
0.01455896056637426   17893.35157825878   17888.346799236202
0.014985762991865008   17868.72440885796   17863.329424190706
0.01542507732090645   17827.639067231048   17821.81952653934
0.015877270345534218   17769.60774711359   17763.325970339596
0.016342719610456153   17694.1752885414   17687.390465109213
0.016821813728271667   17600.946587474387   17593.615174013572
0.017314952703931925   17489.58091586104   17481.656385145554
0.017822548268711737   17359.78400593219   17351.215842100653
0.01834502422397195   17211.33451240275   17202.06865023274
0.018882816794999403   17044.092646713856   17034.072266329676
0.019436374995219892   16858.010627382766   16847.17761100284
0.02000616100108813   16653.132472154106   16641.42855758073
0.020592650537967844   16429.593474494723   16416.961113536523
0.021196333277324068   16187.65477103897   16174.040280756039
0.02181771324555934   15927.72724078431   15913.085523410731
0.022457309244835088   15650.316705107218   15634.61205793058
0.02311565528622961   15356.038660252065   15339.246068731592
0.023793301035594242   15045.740668275845   15027.85262479375
0.024490812272480036   14720.400274852615   14701.428933351275
0.025208771362518027   14381.056981405825   14361.033244896056
0.0259477777436476   14028.96142824405   14007.939709305561
0.02670844842659881   13665.617742822153   13643.682308492209
0.027491418510046592   13292.544188475737   13269.806523519625
0.028297341710866907   12911.324178894505   12887.920619082448
0.029126890909937666   12523.928542484977   12500.022576382951
0.029980758713939952   12132.37255272992   12108.152051013602
0.030859658033628758   11738.561724466625   11714.23399478296
0.031764322679055976   11344.59701666269   11320.38571664256
0.03269550797224261   10952.771981238795   10928.914221199873
0.033653991377811755   10565.168110952065   10541.9097497575
0.03464057315210884   10183.80304242332   10161.389693509847
0.03565607701135116   9811.150112371408   9789.80449754025
0.036701350819364466   9449.521688703882   9429.439207603085
0.03777726729548091   9100.87363981016   9082.223530695028
0.038884724743189276   8766.729219563698   8749.63842052633
0.04002464780014597   8448.233743931905   8432.774871378264
0.041197988210172884   8146.300447221107   8132.498895404888
0.04240572561788674   7861.968110185736   7849.782708309596
0.04364886838662332   7597.142534752349   7586.387145454766
0.04492845444033957   7353.642359912843   7343.988116743205
0.04624555213019635   7132.74016258818   7123.737794572643
0.04760126112654554   6933.229101134207   6924.352660891607
0.04899671333706607   6752.8792641014825   6743.546851649365
0.05043307385181555   6589.685720115334   6579.260509476292
0.05191154191598653   6441.794449967189   6429.576840532473
0.053433351931179485   6307.504771506412   6292.729159225222
0.05499977448602865   6185.028958306531   6166.881322721202
0.05661211741704101   6071.673134931654   6049.3623612857555
0.05827172690053434   5964.642871894949   5937.422672332444
0.05997998857658587   5860.653999753037   5827.92187707095
0.06173832870592997   5755.779668767091   5717.201115958483
0.0635482153607709   5646.09257709579   5601.660345308545
0.06541115965050462   5527.148150476241   5477.373582384817
0.06732871698337338   5394.800225603624   5340.741182156711
0.06930248836510605   5245.829825453498   5189.100557472643
0.07133412173562886   5077.89784265237   5020.6264077168735
0.07342531334496233   4890.3438456021395   4835.149225647258
0.07557780916945323   4683.84931343858   4633.739375059101
0.07779340636952398   4461.000216120747   4419.155847025354
0.08007395479015682   4225.544126402454   4195.104396330135
0.08242135850536496   3982.345506044049   3966.1133474431563
0.08483757740794096   3736.6905145352657   3736.9670937961964
0.08732462884580919   3494.4629787855324   3512.9177357238036
0.08988458930634863   3261.817430275596   3299.1816573591914
0.09251959615009227   3044.9693641877334   3100.7875336679367
0.09523184939525078   2849.213049231054   2921.7741734720257
0.09802361355455057   2679.090676115936   2765.332808835487
0.10089721952591899   2536.8565338865546   2632.769302384589
0.10385506653859616   2422.9203933616977   2523.814504834233
0.10689962415629803   2334.983681610744   2435.8941954964116
0.11003343433910281   2269.1580155091506   2365.197063477367
0.11325911356578279   2219.5471012760327   2306.7673463274
0.11657935501835284   2179.2810115223424   2255.005105756921
0.11999693083066039   2140.625390754207   2203.8203301080703
0.12351469440289359   2095.8521442200936   2147.737924831401
0.12713558278394044   2038.334266304859   2082.452063262877
0.13086261912358757   1963.5575996696448   2005.386050739691
0.13469891519660646   1870.0794001870051   1916.325585183258
0.13864767400083483   1759.7046484489365   1817.1781544398534
0.14271219243142114   1637.5281833218878   1712.0460544877212
0.14689586403346616   1511.5464259774553   1606.7939925056673
0.1512021818353596   1391.4370150794887   1507.4578870087873
0.15563474126517718   1285.907377148622   1419.2596306226023
0.16019724315257297   1200.262307808569   1344.988590444864
0.1648934968186736   1135.7682750803344   1284.2665813968097
0.1697274232565544   1090.438927735924   1235.1643557364182
0.17470305840495237   1059.6800407941007   1194.7345076751592
0.17982455651794954   1036.1990685669598   1158.1544048999933
0.18509619363343993   1010.9361572130878   1120.5714595383176
0.19052237114327647   976.2413243568263   1078.4818085865847
0.19610761946807834   928.7575010334778   1031.0195064633608
0.20185660183976684   869.8164701062872   979.3961430910126
0.20777411819498756   804.5899178949468   926.5654630457826
0.21386510918267082   740.7141054754261   876.2924124770141
0.22013466028907505   685.5398368150866   831.2615451118945
0.22658800608375756   643.1269303592096   792.8214839129445
0.23323053459001789   613.327491399379   759.8493001904652
0.2400677917834628   592.0451361926805   730.8862347804463
0.24710548622244882   572.5234513386233   702.7684941497121
0.25434949381426813   548.7839041476307   673.7204377815341
0.2618058627210567   518.387342095551   644.0829893696153
0.2694808184095226   482.84237440191595   613.6588734700881
0.27738076884870827   446.9122495837834   584.2762908341009
0.2855123098601282   415.8059147793489   557.5825416496002
0.29388223062474755   391.81231218887353   533.3285201140363
0.3024975193514008   373.65382559129205   511.4276205475727
0.31136536911138296   357.5561416569069   490.50708712526057
0.3204931838440838   339.65980174462925   470.01170529560517
0.32988858453867975   318.86389057538673   449.7302892824683
0.3395594155970457   297.0424302606271   430.03611096495735
0.34951375138319807   277.13570333333377   411.5214105460604
0.3597599029647371   260.8423627090494   394.4480615529291
0.37030642505191835   247.33594852465842   378.38446852555273
0.3811621231401457   234.3742751884703   362.98116772456245
0.3923360608618501   220.51997701700134   348.1741075891033
0.4038375675538918   206.20549614358234   333.87034469612223
0.41567624604680364   192.94029428257852   320.32694124887155
0.42786198068238046   181.49574381204147   307.6131308243315
0.4404049455663077   171.28695442484064   295.5552627580112
0.4533156130627191   161.2278469651394   284.0229769731884
0.4666047625377753   151.10650976309745   272.9358826979985
0.4802834893595659   141.52067346807635   262.37835362447976
0.49436321416184764   132.91316534011384   252.40450671399216
0.5088556923793517   124.99990356796336   242.94864383741188
0.5237730240626238   117.33380331896512   233.87084382408742
0.5391276639805903   109.93289065477187   225.20829725190077
0.5549324320192869   103.0621762027008   216.9742249409419
0.5712005238854289   96.72753247981392   209.1590244636173
0.5879455221237613   90.71830042434664   201.6891852027317
0.6051814074573895   84.98874898983344   194.54464414236185
0.622922570460556   79.63521980835122   187.75036400015557
0.6411838235736077   74.64105004291467   181.26581271498503
0.6599804134701901   69.93861913399711   175.07339900982385
0.6793280337869897   65.5099792960019   169.15781178598246
0.6992428382266549   61.34327990835387   163.50431275172963
0.7197414540448374   57.42667516727448   158.0990465134953
0.7408409959326054   53.7483983190034   152.92898223310053
0.7625590803058332   50.296826329544615   147.98185946922305
0.7849138400134885   47.060195059842705   143.24588636781544
0.8079239394770964   44.025671597043505   138.7089034610887
0.8316085902740278   41.18078428894231   134.35925819251693
0.8559875671776167   38.51384028061283   130.18606932208206
0.8810812246675007   36.01387517218435   126.1791708150051
0.9069105139239728   33.67060608099272   122.32906032866045
0.9334970003205227   31.47438787736353   118.62685189872741
0.960862881429187   29.416202601326994   115.06415422245446
0.9890310055537336   27.487773503396237   111.63260702382591
1.0180248908061487   25.68136383577608   108.32421043854396
1.047868744742366   23.989660196949472   105.13151330035684
1.0785874845736239   22.405752281346924   102.04757514265519
1.1102067579703248   20.92311359494396   99.0659307820985
1.1427529644757777   19.535582852752892   96.18055788290495
1.1762532775476793   18.23734287340634   93.38582381217269
1.210735667245765   17.02287566161234   90.67624183999227
1.246228923584555   15.8869679355381   88.0465740742684
1.2827626805706884   14.824716159926734   85.49196343268044
1.3203674409449337   13.831509470117469   83.00791148528899
1.3590746016495152   12.903013188109334   80.59025613625344
1.3989164800420282   12.03515319633451   78.23515111305967
1.4399263408778291   11.2241012739249   75.93904873805336
1.4821384240834183   10.466263341422724   73.69871001265238
1.525587973344019   9.75826506144501   71.51118053060624
1.5703112655292182   9.096936896674208   69.3737486587088
1.6163456409812174   8.479302316947049   67.28393104317958
1.6637295346910133   7.902566705778467   65.23945991369547
1.7125025083885144   7.364106854840331   63.238271168045856
1.7627052835733923   6.861461007919368   61.27849835627924
1.814379775514258   6.392319095173667   59.358638001103806
1.8675691282445197   5.95451386879815   57.477555595148786
1.922317750584177   5.546012990930775   55.63424142518884
1.9786713532176083   5.1649110731433865   53.82778851104879
2.0366769868582977   4.809422124788662   52.057386166333806
2.0963830815323896   4.477872421790369   50.32231374710516
2.1578394870138577   4.168693766492612   48.62193610476582
2.2210975144450407   3.88041641817652   46.95583842034819
2.286209979177315   3.611662798298279   45.32390796504047
2.3532312448676476   3.361143251416126   43.726069852609896
2.4222172688678643   3.12765078190183   42.16225520546869
2.4932256489445366   2.9100559481678765   40.632398750029736
2.5663156713684585   2.7073020579525253   39.13643649580111
2.641548360413907   2.518400649277752   37.674303792710816
2.7189865293089923   2.342427951195652   36.24609532521561
2.798694832679631   2.1785217501977807   34.85229394444715
2.8807398205309562   2.025875661776861   33.493353200638026
2.9651899938111903   1.8837353615120225   32.16962404621589
3.05211586160442   1.751395377555253   30.881359480430607
3.1415899999999994   1.6281960682247738   29.628719297064126
