0.01   738.9642814358657   738.9466336548724
0.010293154462191829   749.4001271152146   749.3822653489261
0.010594902878253955   759.6583478096213   759.6402533994085
0.010905497183778876   769.7171338674868   769.6987929952533
0.011225196699963396   779.5541861566852   779.5355908203621
0.011554268350120923   789.1466328486055   789.1277824156231
0.011892986882540897   798.4699709727113   798.4508814642813
0.012241635099881474   807.4987802197394   807.4794890400525
0.012600504095286909   816.2073252169092   816.1878915824764
0.012969893495426888   824.5689049319737   824.5493854161764
0.013350111710660605   832.5555260569829   832.5359361000172
0.013741476192534558   840.1389909847776   840.1193000151051
0.014144313698828986   847.2908820248061   847.2710243813068
0.01455896056637426   853.9816716921866   853.9616170526065
0.014985762991865008   860.1815885259165   860.1613684520026
0.01542507732090645   865.8611356113372   865.8408435212074
0.015877270345534218   870.9902683797354   870.9699988533549
0.016342719610456153   875.5383022531418   875.5180749399026
0.016821813728271667   879.4751886170607   879.4549419060302
0.017314952703931925   882.7714834841734   882.7510961628263
0.017822548268711737   885.3975693558516   885.3769622558145
0.01834502422397195   887.324715944744   887.3038812599879
0.018882816794999403   888.5256007869755   888.504599485152
0.019436374995219892   888.9741899947098   888.9530755318107
0.02000616100108813   888.6459451073181   888.6246878043571
0.020592650537967844   887.5183439374495   887.4968279937765
0.021196333277324068   885.5712539642226   885.5492989278049
0.02181771324555934   882.7875159203224   882.7649495012021
0.022457309244835088   879.1527008255475   879.1293754015795
0.02311565528622961   874.6553046813253   874.6310982288788
0.023793301035594242   869.2889485641241   869.2637689994621
0.024490812272480036   863.0520178655036   863.0258062537401
0.025208771362518027   855.9460413913355   855.9187717952246
0.0259477777436476   847.9777750075159   847.9494469824491
0.02670844842659881   839.1627360491971   839.133355034914
0.027491418510046592   829.5202989017954   829.4898730515474
0.028297341710866907   819.0734066715598   819.0419531505379
0.029126890909937666   807.8564647283374   807.8240801524767
0.029980758713939952   795.9115380018997   795.8784389684723
0.030859658033628758   783.282325405385   783.2488411292852
0.031764322679055976   770.0196893031829   769.9862441311743
0.03269550797224261   756.187826134737   756.1549120932083
0.033653991377811755   741.8519209966774   741.8200870196881
0.03464057315210884   727.0783343527836   727.0481786651809
0.03565607701135116   711.9519680379155   711.9241364861513
0.036701350819364466   696.5643023528627   696.5394832205584
0.03777726729548091   681.0019482356405   680.9808635953218
0.038884724743189276   665.3493846121704   665.3327612499161
0.04002464780014597   649.6907566842598   649.679284517748
0.041197988210172884   634.1044002103523   634.0987282440772
0.04240572561788674   618.6666183399506   618.6673350014026
0.04364886838662332   603.4759857519294   603.4834867693784
0.04492845444033957   588.6334835527723   588.6479360279842
0.04624555213019635   574.2299650379158   574.2513293223259
0.04760126112654554   560.3444962863135   560.3724085374204
0.04899671333706607   547.0444511495684   547.0780621088261
0.05043307385181555   534.3896622787574   534.4276725156315
0.05191154191598653   522.4164666294101   522.4571757012553
0.053433351931179485   511.10233328630324   511.1436908285447
0.05499977448602865   500.4150237325021   500.45465967398945
0.05661211741704101   490.31372796521055   490.34898310146275
0.05827172690053434   480.724797670837   480.7527700921475
0.05997998857658587   471.57229317239177   471.5898617001524
0.06173832870592997   462.7697983715368   462.77374977384176
0.0635482153607709   454.2094919843542   454.1967258989486
0.06541115965050462   445.78515285144687   445.7527390221391
0.06732871698337338   437.36806876231026   437.31354956451776
0.06930248836510605   428.82244891530013   428.7440077593699
0.07133412173562886   420.0047190633293   419.90154977883907
0.07342531334496233   410.75613480313956   410.6289779381856
0.07557780916945323   400.93130377422074   400.7826199847191
0.07779340636952398   390.40005100946934   390.2344923351917
0.08007395479015682   379.0658711551372   378.8901534354634
0.08242135850536496   366.90249581094855   366.7250887042927
0.08483757740794096   353.9353228887094   353.76617195517
0.08732462884580919   340.28127702179785   340.13171487423995
0.08988458930634863   326.1056473999142   325.987337928451
0.09251959615009227   311.6379830655175   311.56100100811517
0.09523184939525078   297.12808696413384   297.1006316407363
0.09802361355455057   282.84018747772205   282.86847474158424
0.10089721952591899   269.0443441532473   269.1308732192581
0.10385506653859616   255.99013966123528   256.1331550143989
0.10689962415629803   243.9078598176579   244.10096490810804
0.11003343433910281   232.99132369967796   233.2235265039565
0.11325911356578279   223.35240065937745   223.607118978121
0.11657935501835284   215.02753876223866   215.2835814754053
0.11999693083066039   207.9137684147864   208.14917464682154
0.12351469440289359   201.81462106391612   202.0086801173132
0.12713558278394044   196.42627643027845   196.56183898940677
0.13086261912358757   191.39277508849264   191.45956472719908
0.13469891519660646   186.3437970279008   186.34095248167023
0.13864767400083483   180.93432319141223   180.87212638886058
0.14271219243142114   174.8966356257779   174.79584438822565
0.14689586403346616   168.07762689583976   167.9680574555954
0.1512021818353596   160.47643683500797   160.39422429582922
0.15563474126517718   152.25243555472628   152.2328036844325
0.16019724315257297   143.6916521328982   143.76453429237415
0.1648934968186736   135.16585128619317   135.35052589225313
0.1697274232565544   127.08382857025563   127.38159237681813
0.17470305840495237   119.82722681917815   120.21871786460454
0.17982455651794954   113.65295867019144   114.10519241238954
0.18509619363343993   108.60542160929441   109.07243696817443
0.19052237114327647   104.50613661399001   104.9447058432076
0.19610761946807834   101.02656240996699   101.4070193697142
0.20185660183976684   97.77801462904436   98.08934889884925
0.20777411819498756   94.36883195171079   94.62373490225052
0.21386510918267082   90.47962105952972   90.71664075352564
0.22013466028907505   85.9939186898781   86.26680920424243
0.22658800608375756   81.07090686115832   81.43076069621205
0.23323053459001789   76.05537203826397   76.52998405476345
0.2400677917834628   71.32343508060949   71.91357940086102
0.24710548622244882   67.17938730731062   67.85281376550705
0.25434949381426813   63.764459078929406   64.47516243106072
0.2618058627210567   60.98704469686583   61.68110693732582
0.2694808184095226   58.56736800653196   59.21739623524949
0.27738076884870827   56.166594356996356   56.778571485553776
0.2855123098601282   53.5151444701792   54.12500376505809
0.29388223062474755   50.56379120415403   51.22305067344828
0.3024975193514008   47.493671802520495   48.23424982682609
0.31136536911138296   44.570493535632075   45.39586466569483
0.3204931838440838   42.00874612958688   42.88435938887149
0.32988858453867975   39.86578407094474   40.74823666077285
0.3395594155970457   38.000125941205255   38.85968970684703
0.34951375138319807   36.18892827429057   37.026412945187765
0.3597599029647371   34.27974298107713   35.12149743432129
0.37030642505191835   32.27603095927657   33.15815418743275
0.3811621231401457   30.322749726375076   31.25332501647742
0.3923360608618501   28.564162245946562   29.522320091074427
0.4038375675538918   27.028529006522525   27.98520636874673
0.41567624604680364   25.629109306635954   26.569602637864914
0.42786198068238046   24.24711435438569   25.18028081853447
0.4404049455663077   22.84400477634693   23.790079024053487
0.4533156130627191   21.480201267343173   22.44793108998358
0.4666047625377753   20.229441328429907   21.20678868755496
0.4802834893595659   19.099752592759828   20.07011402099185
0.49436321416184764   18.035850346300634   18.99651808262457
0.5088556923793517   16.993110384622064   17.952558647346347
0.5237730240626238   15.981556173596704   16.946737773658796
0.5391276639805903   15.038118497390489   16.004374717631045
0.5549324320192869   14.167631830560794   15.126623183348393
0.5712005238854289   13.344164891371944   14.295113151066198
0.5879455221237613   12.551110206315698   13.498691327995031
0.6051814074573895   11.798755459644193   12.74346207769104
0.622922570460556   11.096887925729524   12.034982646068391
0.6411838235736077   10.437049807452473   11.366627949738456
0.6599804134701901   9.809166385859156   10.731684548685296
0.6793280337869897   9.215100074615476   10.130952342969232
0.6992428382266549   8.657750883305276   9.565099249284543
0.7197414540448374   8.133203186046211   9.031074729035504
0.7408409959326054   7.638045109363619   8.52636063941976
0.7625590803058332   7.170831296020027   8.049480300782642
0.7849138400134885   6.73027968854497   7.599074164569877
0.8079239394770964   6.315135481774563   7.173829281716064
0.8316085902740278   5.924174135301196   6.772479832238941
0.8559875671776167   5.556203895897726   6.3938073696383375
0.8810812246675007   5.210060127853754   6.036636510717822
0.9069105139239728   4.884547449161311   5.699801244869787
0.9334970003205227   4.578491276943281   5.382171431274047
0.960862881429187   4.290780502349988   5.082675397589258
0.9890310055537336   4.02036462501207   4.800297566278403
1.0180248908061487   3.766250589838665   4.534075903133118
1.047868744742366   3.527499782538941   4.283099445774291
1.0785874845736239   3.3032251856078103   4.04650592169394
1.1102067579703248   3.0925925326263064   3.8234829710954368
1.1427529644757777   2.894822162197147   3.613270173986769
1.1762532775476793   2.7091764211462457   3.4151478393597743
1.210735667245765   2.5349561191104417   3.228433750468709
1.246228923584555   2.3714988229995497   3.052481547614726
1.2827626805706884   2.218177203829066   2.886679147062649
1.3203674409449337   2.0743974362146083   2.7304471989779158
1.3590746016495152   1.9395975532489567   2.5832374423386546
1.3989164800420282   1.813244595181784   2.444529202457025
1.4399263408778291   1.6948339049826207   2.3138289618931434
1.4821384240834183   1.58388905983178   2.190670945430698
1.525587973344019   1.4799604669614013   2.0746157401798424
1.5703112655292182   1.3826239832443192   1.965248918331557
1.6163456409812174   1.2914795962577783   1.8621797196563465
1.6637295346910133   1.2061501647787762   1.7650397923969352
1.7125025083885144   1.1262802240046412   1.673482011872579
1.7627052835733923   1.0515348562934197   1.5871793856322156
1.814379775514258   0.981598570458168   1.505823886119517
1.8675691282445197   0.9161742536397233   1.4291253910973338
1.922317750584177   0.8549821805116116   1.3568106961327842
1.9786713532176083   0.7977590699380896   1.288622575386539
2.0366769868582977   0.7442571872530559   1.2243188889935133
2.0963830815323896   0.6942434845207874   1.1636716071155746
2.1578394870138577   0.6474986232565012   1.1064622928654297
2.2210975144450407   0.6038162317231967   1.052481610306121
2.286209979177315   0.5630023960270328   1.0015334396335962
2.3532312448676476   0.5248749620627583   0.953434261812771
2.4222172688678643   0.48926286142610176   0.9080123144652406
2.4932256489445366   0.45600547308754147   0.8651068062167677
2.5663156713684585   0.4249520191382523   0.8245671853487919
2.641548360413907   0.39596104713680547   0.7862520258298973
2.7189865293089923   0.36890012469472205   0.7500264131324698
2.798694832679631   0.34364504844005134   0.7157634034201941
2.8807398205309562   0.3200792417918987   0.6833444500110795
2.9651899938111903   0.2980933165966849   0.6526588086244727
3.05211586160442   0.277584657740823   0.6236029858996498
3.1415899999999994   0.25845702952485544   0.5960802293552938
