0.01   19664.051953311813   19660.313426851353
0.010293154462191829   19822.508054802445   19818.4726212221
0.010594902878253955   19970.481114133763   19966.12841869186
0.010905497183778876   20107.321015323323   20102.62736123063
0.011225196699963396   20232.37449338234   20227.311780354314
0.011554268350120923   20344.996986981445   20339.53277745191
0.011892986882540897   20444.525472237976   20438.624276484174
0.012241635099881474   20530.28082465255   20523.90546305257
0.012600504095286909   20601.601642765894   20594.71346372063
0.012969893495426888   20657.836182947285   20650.394776276746
0.013350111710660605   20698.314603686278   20690.276417342142
0.013741476192534558   20722.388572301737   20713.7068130083
0.014144313698828986   20729.442505819618   20720.067295405286
0.01455896056637426   20718.86240414395   20708.73944240119
0.014985762991865008   20690.051314831093   20679.12105675095
0.01542507732090645   20642.462098925367   20630.660187784753
0.015877270345534218   20575.589524631276   20562.846764960945
0.016342719610456153   20488.957186440755   20475.198852938043
0.016821813728271667   20382.150955446315   20367.29734297373
0.017314952703931925   20254.82768108338   20238.794867415825
0.017822548268711737   20106.710763740015   20089.410916898792
0.01834502422397195   19937.600321217917   19918.94241319233
0.018882816794999403   19747.38350963215   19727.274458882934
0.019436374995219892   19536.056128366956   19514.402972862244
0.02000616100108813   19303.736736175477   19280.44944087245
0.020592650537967844   19050.64118292865   19025.633965727222
0.021196333277324068   18777.09921449304   18750.292839785623
0.02181771324555934   18483.640925860123   18454.970306269377
0.022457309244835088   18170.92323094174   18140.340354225384
0.02311565528622961   17839.691925609262   17807.166324261627
0.023793301035594242   17490.91389127645   17456.43907141833
0.024490812272480036   17125.78624247947   17089.386418846407
0.025208771362518027   16745.561671681127   16707.290552634833
0.0259477777436476   16351.616771629362   16311.558149343871
0.02670844842659881   15945.692947145139   15903.968263526705
0.027491418510046592   15529.595080172425   15486.361948481961
0.028297341710866907   15105.108860331271   15060.556863879658
0.029126890909937666   14674.351997837011   14628.70290724872
0.029980758713939952   14239.659156082338   14193.165479744355
0.030859658033628758   13803.220415293046   13756.159449881363
0.031764322679055976   13367.25536927771   13319.921693116745
0.03269550797224261   12934.31948551785   12887.01497622974
0.033653991377811755   12506.79632859727   12459.824869695303
0.03464057315210884   12086.853065193904   12040.514045334003
0.03565607701135116   11676.953758261165   11631.510133750806
0.036701350819364466   11279.572042648457   11235.234508439833
0.03777726729548091   10896.830449676743   10853.76168373659
0.038884724743189276   10530.43604211182   10488.74042426732
0.04002464780014597   10181.642376777032   10141.343659055754
0.041197988210172884   9851.45790059556   9812.505986916816
0.04240572561788674   9540.78538383931   9503.049435444038
0.04364886838662332   9250.967750752952   9214.130163451164
0.04492845444033957   8983.40281621798   8946.930722876294
0.04624555213019635   8739.203253971073   8702.37420045714
0.04760126112654554   8517.263143900516   8479.260471962467
0.04899671333706607   8314.572970371428   8274.567868093662
0.05043307385181555   8128.334583588714   8085.487016937417
0.05191154191598653   7956.089103697674   7909.537332492384
0.053433351931179485   7795.672259078546   7744.524195551921
0.05499977448602865   7644.978551749437   7588.327473215853
0.05661211741704101   7500.947717995522   7438.002717369175
0.05827172690053434   7360.132889147553   7290.288917656062
0.05997998857658587   7218.862674567558   7141.78470077244
0.06173832870592997   7072.591757628901   6988.4191189074345
0.0635482153607709   6916.931596824214   6826.3227578760425
0.06541115965050462   6747.480589884884   6651.814369022786
0.06732871698337338   6560.238782724634   6461.66408483947
0.06930248836510605   6352.796337394903   6254.220205509464
0.07133412173562886   6124.251856948633   6029.26596236115
0.07342531334496233   5875.46037424273   5788.038503567968
0.07557780916945323   5609.028026754177   5533.2064587854875
0.07779340636952398   5329.081151562827   5268.791333482004
0.08007395479015682   5040.994711066843   4999.908281342782
0.08242135850536496   4750.73627256417   4731.836399576587
0.08483757740794096   4464.429940348791   4469.745921152745
0.08732462884580919   4188.6142228419285   4219.027351431657
0.08988458930634863   3929.5983781541167   3984.661143546738
0.09251959615009227   3693.6914130081477   3771.17300718805
0.09523184939525078   3485.633644422408   3581.8096931192035
0.09802361355455057   3308.5098144799103   3418.2788256272456
0.10089721952591899   3163.059362237186   3280.41141857591
0.10385506653859616   3047.0034066308835   3165.488365524858
0.10689962415629803   2955.8532596957925   3069.378518740324
0.11003343433910281   2883.0951079700703   2986.6971697637478
0.11325911356578279   2820.8606584237623   2911.2455061531377
0.11657935501835284   2760.748735005858   2836.8094439269576
0.11999693083066039   2694.3254424131906   2757.8127920818974
0.12351469440289359   2614.543258795217   2669.941620447298
0.12713558278394044   2516.6422542538385   2570.6287809879177
0.13086261912358757   2399.264004966007   2459.7564954315703
0.13469891519660646   2264.4900708477344   2339.6850208573464
0.13864767400083483   2117.589485024406   2214.6157328266063
0.14271219243142114   1966.607211638624   2089.9992990316064
0.14689586403346616   1821.6257397547145   1971.9646052877258
0.1512021818353596   1692.3688269330992   1865.223134450661
0.15563474126517718   1585.2257184525947   1773.4376318837599
0.16019724315257297   1501.8066741429648   1696.3723163255097
0.1648934968186736   1439.5687935148578   1630.7859886858957
0.1697274232565544   1393.323868958815   1574.4964520435135
0.17470305840495237   1355.646379204653   1522.6435644362784
0.17982455651794954   1317.1556609621632   1470.8605982149709
0.18509619363343993   1269.2882299898909   1415.20411002239
0.19052237114327647   1208.1697689760326   1354.5130628545076
0.19610761946807834   1135.3789090108799   1290.8204711166652
0.20185660183976684   1056.4047854778225   1227.267440968982
0.20777411819498756   978.8548220434435   1166.0302297037929
0.21386510918267082   910.4124878435046   1110.333766830861
0.22013466028907505   855.6192396846351   1061.0221313567058
0.22658800608375756   814.4114916155389   1017.7083867176216
0.23323053459001789   782.7475674536934   978.4689184144079
0.2400677917834628   753.7942665257276   940.8500579979508
0.24710548622244882   721.0516287500794   902.9549382972149
0.25434949381426813   681.9523323000917   864.5314621254055
0.2618058627210567   638.0875912720452   826.402659172715
0.2694808184095226   593.8773428193267   789.8250271103765
0.27738076884870827   554.5742382122046   755.4762376238748
0.2855123098601282   522.7467470382907   724.1887111955378
0.29388223062474755   497.1381302335365   695.3032671085127
0.3024975193514008   474.1675769827837   667.5664470648013
0.31136536911138296   450.00844357469697   640.6241437639463
0.3204931838440838   423.3498017231607   614.5869459525835
0.32988858453867975   395.9643970897528   589.266722559741
0.3395594155970457   370.5886194782568   565.292446454703
0.34951375138319807   348.87330052641937   542.9549296196824
0.3597599029647371   330.1852806958428   521.8111408345595
0.37030642505191835   312.4449713986992   501.6056763736191
0.3811621231401457   294.2319355899898   482.1313809327781
0.3923360608618501   275.8771627535208   463.44167234225654
0.4038375675538918   258.66661273585424   445.6595945310324
0.41567624604680364   243.345399397123   428.8576059135162
0.42786198068238046   229.43227091833307   412.93034117438566
0.4404049455663077   215.97987618379864   397.6593236541639
0.4533156130627191   202.73729785132295   383.03591150576676
0.4666047625377753   190.17337788483434   369.0884563076337
0.4802834893595659   178.66145908347212   355.8295563134177
0.49436321416184764   167.99124534600995   343.2248145185334
0.5088556923793517   157.77893223401833   331.15251207808456
0.5237730240626238   148.00297634451934   319.59182097410303
0.5391276639805903   138.85833521171855   308.5817303178213
0.5549324320192869   130.35019961768418   298.08891148980115
0.5712005238854289   122.31077617928575   288.0483692290958
0.5879455221237613   114.68597295758288   278.4388250536065
0.6051814074573895   107.53080325247976   269.25638326689267
0.622922570460556   100.83106825306965   260.4858891230928
0.6411838235736077   94.52956445174011   252.08881248769598
0.6599804134701901   88.59589100936704   244.04499197536683
0.6793280337869897   83.01221943824562   236.33517991592913
0.6992428382266549   77.76118763966879   228.94132022559415
0.7197414540448374   72.82593194571292   221.8464667650038
0.7408409959326054   68.1901139074837   215.03470774025408
0.7625590803058332   63.837941157236145   208.49109580561694
0.7849138400134885   59.754044001313076   202.20136567568534
0.8079239394770964   55.92274124810731   196.15062420472174
0.8316085902740278   52.328825328795084   190.32433875356278
0.8559875671776167   48.9579877318705   184.70896371879107
0.8810812246675007   45.79676758176621   179.29187255274113
0.9069105139239728   42.83250161751454   174.0612930897027
0.9334970003205227   40.05327715557686   169.0062483161795
0.960862881429187   37.44790076128251   164.11645794996113
0.9890310055537336   35.0059764314251   159.38185451573537
1.0180248908061487   32.71777556908128   154.79278011480451
1.047868744742366   30.574106174241756   150.34026556903174
1.0785874845736239   28.56628539029015   146.01599032850808
1.1102067579703248   26.686114566814386   141.81224111999813
1.1427529644757777   24.925855285168343   137.72187402738737
1.1762532775476793   23.278204974086997   133.73827513402128
1.210735667245765   21.73625182895287   129.85524780085174
1.246228923584555   20.293463849680734   126.06700312124354
1.2827626805706884   18.943693265135803   122.36821386484255
1.3203674409449337   17.681156128783666   118.75399107963041
1.3590746016495152   16.500412061125232   115.21985957720563
1.3989164800420282   15.396345028433727   111.76173509638282
1.4399263408778291   14.36414517080294   108.37590871021021
1.4821384240834183   13.399293628781875   105.05924039071336
1.525587973344019   12.497546050838263   101.80917152676851
1.5703112655292182   11.654913947260216   98.62341295783618
1.6163456409812174   10.867649976001513   95.49991034229541
1.6637295346910133   10.132234203943588   92.43683069578906
1.7125025083885144   9.44536108771302   89.43254939679424
1.7627052835733923   8.803927136804047   86.48564039547159
1.814379775514258   8.205018804648137   83.5951604831622
1.8675691282445197   7.6459012193541485   80.76084556095117
1.922317750584177   7.124008604839623   77.9825359559373
1.9786713532176083   6.636934436684038   75.26010335905397
2.0366769868582977   6.18242203794359   72.593445592814
2.0963830815323896   5.758355693936315   69.98248150799618
2.1578394870138577   5.36275225919815   67.42714624414936
2.2210975144450407   4.993752591926535   64.92756232191319
2.286209979177315   4.6496132186342   62.48430703072421
2.3532312448676476   4.328701113472583   60.09794143541385
2.4222172688678643   4.029487281961233   57.7689202298217
2.4932256489445366   3.750540379131878   55.497594167410774
2.5663156713684585   3.4905207009547183   53.284212689345495
2.641548360413907   3.248174528538841   51.12892673598365
2.7189865293089923   3.0223293887233744   49.03191459654449
2.798694832679631   2.8118905934841085   46.99373940087882
2.8807398205309562   2.615834188529293   45.01489823726981
2.9651899938111903   2.4332019363267854   43.09568584353087
3.05211586160442   2.2630972936289293   41.23620741434652
3.1415899999999994   2.1046816193802376   39.436391404449424
