0.01   5948.904488199415   5948.615860653812
0.010293154462191829   6008.978751844092   6008.683376234649
0.010594902878253955   6066.434740728505   6066.132501118767
0.010905497183778876   6121.082725570872   6120.772652289743
0.011225196699963396   6172.731821960557   6172.412239360934
0.011554268350120923   6221.184729535016   6220.854296446394
0.011892986882540897   6266.242762574422   6265.90088301123
0.012241635099881474   6307.709008304676   6307.355837092168
0.012600504095286909   6345.380585441595   6345.016340583115
0.012969893495426888   6379.047316264964   6378.67140726115
0.013350111710660605   6408.50281434484   6408.113773541648
0.013741476192534558   6433.543707360104   6433.139359466385
0.014144313698828986   6453.962302268201   6453.540537086825
0.01455896056637426   6469.555725563397   6469.114718203827
0.014985762991865008   6480.1297023989555   6479.667902138644
0.01542507732090645   6485.491082145999   6485.006730246162
0.015877270345534218   6485.449905035573   6484.940589151041
0.016342719610456153   6479.829101919036   6479.291753579076
0.016821813728271667   6468.463769793185   6467.89472627492
0.017314952703931925   6451.197344415395   6450.592502498996
0.017822548268711737   6427.889548503227   6427.2444216076665
0.01834502422397195   6398.419433901018   6397.729180779088
0.018882816794999403   6362.686744518194   6361.946093198151
0.019436374995219892   6320.613335524805   6319.816552883674
0.02000616100108813   6272.144562529496   6271.285514244062
0.020592650537967844   6217.255852224446   6216.328241493955
0.021196333277324068   6155.960304296025   6154.958123423822
0.02181771324555934   6088.2985079246655   6087.216144166746
0.022457309244835088   6014.341150738736   6013.173514528561
0.02311565528622961   5934.218102242024   5932.961347069015
0.023793301035594242   5848.10068581035   5846.752551681357
0.024490812272480036   5756.184213561212   5754.744002883175
0.025208771362518027   5658.721506596025   5657.190636380608
0.0259477777436476   5556.0423266428315   5554.425213371544
0.02670844842659881   5448.495374708479   5446.799318074317
0.027491418510046592   5336.457050063564   5334.69213904086
0.028297341710866907   5220.411604266925   5218.591333771
0.029126890909937666   5100.877063399907   5099.018284119769
0.029980758713939952   4978.364218894225   4976.486711013095
0.030859658033628758   4853.46270647387   4851.588935395476
0.031764322679055976   4726.850083843902   4725.004976698889
0.03269550797224261   4599.171511254754   4597.381988374584
0.033653991377811755   4471.064292402332   4469.358604012782
0.03464057315210884   4343.266671247699   4341.673126891645
0.03565607701135116   4216.491295396388   4215.037774775
0.036701350819364466   4091.3869819300144   4090.1006372343545
0.03777726729548091   3968.657382497804   3967.562075173555
0.038884724743189276   3849.0389014185203   3848.1532021091793
0.04002464780014597   3733.181407457875   3732.5190918084354
0.041197988210172884   3621.623424002436   3621.191577040917
0.04240572561788674   3514.7469275160574   3514.539040621777
0.04364886838662332   3412.8605581708225   3412.8567070889885
0.04492845444033957   3316.234045517866   3316.4023035424366
0.04624555213019635   3225.2224648143056   3225.517003701024
0.04760126112654554   3140.2205504960075   3140.5808918273647
0.04899671333706607   3061.5673222549335   3061.91980570511
0.05043307385181555   2989.073797294016   2989.334243907199
0.05191154191598653   2921.816765964877   2921.893561551671
0.053433351931179485   2858.8905647550264   2858.6852793494236
0.05499977448602865   2799.502999991452   2798.9111447304263
0.05661211741704101   2742.9849238036045   2741.8969361258023
0.05827172690053434   2688.708370773082   2687.01103694348
0.05997998857658587   2635.823302981809   2633.4148426956026
0.06173832870592997   2583.311018362196   2580.113682144905
0.0635482153607709   2530.145088567539   2526.1117055771915
0.06541115965050462   2475.0591234543385   2470.1992441228995
0.06732871698337338   2416.819416918392   2411.2050914461875
0.06930248836510605   2354.258415937553   2348.0427171368833
0.07133412173562886   2286.32582886079   2279.751964095226
0.07342531334496233   2212.424354916359   2205.811929199063
0.07557780916945323   2132.5021564944896   2126.2292673923334
0.07779340636952398   2046.9584610349295   2041.443853405497
0.08007395479015682   1956.7882470736267   1952.472593101673
0.08242135850536496   1863.327413145401   1860.6464080228636
0.08483757740794096   1768.3151331512784   1767.6708113748323
0.08732462884580919   1673.5634210265086   1675.2909464361394
0.08988458930634863   1580.9094025092966   1585.2473490289472
0.09251959615009227   1492.2140176423434   1499.2645230489402
0.09523184939525078   1409.2453815546921   1418.9540794987822
0.09802361355455057   1333.7028750178024   1345.8245932787192
0.10089721952591899   1266.8894746608835   1281.0103150533898
0.10385506653859616   1209.4603190568928   1224.9898169385285
0.10689962415629803   1161.4815688937763   1177.7083325840806
0.11003343433910281   1121.941788732248   1138.1479859672152
0.11325911356578279   1089.2709774013024   1104.7981567884979
0.11657935501835284   1061.2180721134946   1075.5536046096972
0.11999693083066039   1035.2989121373043   1048.1595648643029
0.12351469440289359   1008.9632551151418   1020.3631346642426
0.12713558278394044   979.8696812682073   990.1653836821267
0.13086261912358757   946.2466479292415   956.1324076134186
0.13469891519660646   907.1421298574232   917.5838320903762
0.13864767400083483   862.7091138307788   874.7728807027021
0.14271219243142114   814.062947458093   828.7813932939627
0.14689586403346616   763.1195894599382   781.3199312954652
0.1512021818353596   712.4108604503933   734.5011026852648
0.15563474126517718   664.8432933513388   690.7153814464468
0.16019724315257297   623.0163698336862   651.9309000592949
0.1648934968186736   588.4300201792998   619.2095723045753
0.1697274232565544   561.044021168581   592.3947330842583
0.17470305840495237   539.5243671121204   570.2064777923725
0.17982455651794954   521.8756718905773   550.9964359882719
0.18509619363343993   505.7011261127483   532.9133803031425
0.19052237114327647   488.3384898557004   513.9933698683842
0.19610761946807834   467.66990305109954   492.77189796421897
0.20185660183976684   443.1916914574067   469.06134990964375
0.20777411819498756   416.10208078363263   443.8600540408308
0.21386510918267082   388.3997786857702   418.6847270402295
0.22013466028907505   362.3421584239078   395.0510854526657
0.22658800608375756   339.8447221077913   374.16475315088076
0.23323053459001789   321.69434623007277   356.363283557313
0.2400677917834628   307.2655804845384   341.2109721882506
0.24710548622244882   294.95068401208187   327.4890800727853
0.25434949381426813   282.6965173129468   313.945454115567
0.2618058627210567   268.9441796928536   299.73540025709707
0.2694808184095226   253.53878006486218   284.84281758827944
0.27738076884870827   237.46075889318223   269.95193979359397
0.2855123098601282   222.1224649717012   255.81565243995882
0.29388223062474755   208.78487563309602   243.04337816169797
0.3024975193514008   197.71911597548245   231.72318657421738
0.31136536911138296   188.1393983562552   221.33326905749286
0.3204931838440838   178.91204580494275   211.353026086668
0.32988858453867975   169.19544358639055   201.36153402867848
0.3395594155970457   159.0155323318567   191.46999221711536
0.34951375138319807   149.117123334979   181.98466598847986
0.3597599029647371   140.18047225339308   173.1683403483027
0.37030642505191835   132.37103613194688   165.04061167829178
0.3811621231401457   125.27340295809388   157.40602500345042
0.3923360608618501   118.31409479886413   150.06682232370244
0.4038375675538918   111.30790409319111   142.93597353224843
0.41567624604680364   104.51988274364427   136.11720187702244
0.42786198068238046   98.27131710963941   129.70797310344383
0.4404049455663077   92.60500668574672   123.69295520474174
0.4533156130627191   87.28834691542238   117.98119472544667
0.4666047625377753   82.12078197366844   112.51276373840103
0.4802834893595659   77.13981742065118   107.29728437720576
0.49436321416184764   72.48248982568423   102.3607755696451
0.5088556923793517   68.17233767451036   97.6964694927171
0.5237730240626238   64.10835621687167   93.26434930860404
0.5391276639805903   60.22189931713074   89.04444458514487
0.5549324320192869   56.54340844237532   85.0377348586572
0.5712005238854289   53.104781302512976   81.24078909318546
0.5879455221237613   49.87568157380117   77.63846118417786
0.6051814074573895   46.81702864081792   74.21343545308551
0.622922570460556   43.930547995814344   70.96032987134163
0.6411838235736077   41.22096579894456   67.87508048952138
0.6599804134701901   38.67169654602208   64.94515105492275
0.6793280337869897   36.271711691311154   62.16223352355867
0.6992428382266549   34.01298716475255   59.519247772807745
0.7197414540448374   31.88790970481007   57.00874831521476
0.7408409959326054   29.889217567140822   54.62368448586126
0.7625590803058332   28.009988193584608   52.35739781931948
0.7849138400134885   26.243626984416125   50.20359981946464
0.8079239394770964   24.583856044257114   48.15635099677904
0.8316085902740278   23.0247029453906   46.21004110186969
0.8559875671776167   21.560482115884778   44.35934474032246
0.8810812246675007   20.185734307537274   42.599024789460465
0.9069105139239728   18.89526151069834   40.92405624556843
0.9334970003205227   17.684148093883948   39.329721923944916
0.960862881429187   16.547747051696604   37.811592743463386
0.9890310055537336   15.481666599306026   36.36550862278176
1.0180248908061487   14.48175734808858   34.987560734871636
1.047868744742366   13.544100043234069   33.674075017231694
1.0785874845736239   12.664995520137477   32.421556020166705
1.1102067579703248   11.840959187993962   31.22652398284903
1.1427529644757777   11.068702845022901   30.085666522249436
1.1762532775476793   10.345122007756732   28.995889342938412
1.210735667245765   9.667286606031334   27.954300410871557
1.246228923584555   9.032432078392302   26.958195371692685
1.2827626805706884   8.437950855252708   26.005044124722964
1.3203674409449337   7.881384217268985   25.092478420124667
1.3590746016495152   7.360413634211913   24.218232814552294
1.3989164800420282   6.872851977529225   23.380050180162602
1.4399263408778291   6.416639105317837   22.57580363347916
1.4821384240834183   5.989835515102997   21.80351344119098
1.525587973344019   5.590615763605093   21.061336174431496
1.5703112655292182   5.217262209587882   20.34755477012559
1.6163456409812174   4.868159066540006   19.660569415901076
1.6637295346910133   4.5417867492694395   18.998888926959253
1.7125025083885144   4.236716216197725   18.361097403596865
1.7627052835733923   3.951603736696809   17.745829836870087
1.814379775514258   3.6851866446533164   17.151813364756467
1.8675691282445197   3.436278786296399   16.577866071486046
1.922317750584177   3.203766141445776   16.022890686081237
1.9786713532176083   2.986602676123424   15.485868785603207
2.0366769868582977   2.7838064157137046   14.965855455158616
2.0963830815323896   2.594455714028859   14.461974116171683
2.1578394870138577   2.417685328641305   13.973404641684928
2.2210975144450407   2.2526831643970513   13.499379038447712
2.286209979177315   2.098687684372746   13.039186904710544
2.3532312448676476   1.954984931104513   12.592172202525628
2.4222172688678643   1.820905682920524   12.157729729505913
2.4932256489445366   1.6958227706547309   11.735301829056628
2.5663156713684585   1.5791485463927966   11.324375315423058
2.641548360413907   1.4703325514002363   10.924484692331772
2.7189865293089923   1.3688599559736558   10.53528971351432
2.798694832679631   1.2742490112845895   10.156537455509566
2.8807398205309562   1.1860484088394836   9.787988661282123
2.9651899938111903   1.1038354390909315   9.429415104307118
3.05211586160442   1.0272142687254096   9.080598811176772
3.1415899999999994   0.9558143145284118   8.741331320033115
