0.01   75.95259516674138   75.95259162421605
0.010293154462191829   76.99719451906131   76.99718995719552
0.010594902878253955   78.01952600650873   78.01952114707848
0.010905497183778876   79.01721741520122   79.01721319618154
0.011225196699963396   79.98767784277685   79.98767479231729
0.011554268350120923   80.9282365232751   80.92823459637273
0.011892986882540897   81.83618081121188   81.83617939748784
0.012241635099881474   82.70864949958461   82.70864794828113
0.012600504095286909   83.54266311604637   83.54266116911916
0.012969893495426888   84.3352246763425   84.33522249722563
0.013350111710660605   85.08331114734389   85.08330915130092
0.013741476192534558   85.78384829609679   85.78384667106883
0.014144313698828986   86.43377169756086   86.43377031680309
0.01455896056637426   87.03003288900447   87.03003133688419
0.014985762991865008   87.56944968159553   87.5694476177523
0.01542507732090645   88.04879051882979   88.04878790348228
0.015877270345534218   88.46489628257501   88.4648933852166
0.016342719610456153   88.8146475381574   88.8146447523657
0.016821813728271667   89.0949318832301   89.0949293538863
0.017314952703931925   89.30275514993288   89.30275272567708
0.017822548268711737   89.43526962693858   89.43526685854704
0.01834502422397195   89.48976382687657   89.48975997386185
0.018882816794999403   89.46370410051257   89.46369813683106
0.019436374995219892   89.35477334354066   89.35476396437195
0.02000616100108813   89.16092467052641   89.16091036556092
0.020592650537967844   88.8804176709312   88.88039683095099
0.021196333277324068   88.51179294087468   88.51176387683688
0.02181771324555934   88.05393820414666   88.05389926770884
0.022457309244835088   87.50633020614418   87.50628038065884
0.02311565528622961   86.86885680770033   86.86879589586187
0.023793301035594242   86.14174657260186   86.14167515787886
0.024490812272480036   85.32598665062244   85.32590548646627
0.025208771362518027   84.42336339311545   84.42327273625733
0.0259477777436476   83.43598689596026   83.43588649108403
0.02670844842659881   82.36652793311099   82.36641734006173
0.027491418510046592   81.21898569566275   81.21886548280791
0.028297341710866907   79.99780720967156   79.99767918734148
0.029126890909937666   78.70764701929872   78.70751414369195
0.029980758713939952   77.35436656631734   77.35423260459795
0.030859658033628758   75.94476983829641   75.94463907860127
0.031764322679055976   74.48559528126478   74.48547245637351
0.03269550797224261   72.98425588415861   72.98414615188744
0.033653991377811755   71.45026109078978   71.45017010611097
0.03464057315210884   69.89306253038613   69.89299639016228
0.03565607701135116   68.32159493863139   68.32156007135787
0.036701350819364466   66.74457375111733   66.74457647352249
0.03777726729548091   65.17032361593918   65.17036986344964
0.038884724743189276   63.60653316619718   63.60662849063323
0.04002464780014597   62.06183452741852   62.06198349033627
0.041197988210172884   60.54747912773405   60.5476840609889
0.04240572561788674   59.0740688523133   59.0743299201098
0.04364886838662332   57.65102015945833   57.651335435953946
0.04492845444033957   56.28582389010267   56.28618821834538
0.04624555213019635   54.98470552431861   54.985110174254366
0.04760126112654554   53.753084832605886   53.75351784042009
0.04899671333706607   52.591948723778565   52.592394818637864
0.05043307385181555   51.497900397971506   51.49834085852519
0.05191154191598653   50.467472650965085   50.467885549867596
0.053433351931179485   49.494903624321594   49.49526462091065
0.05499977448602865   48.57197803202662   48.572261178425855
0.05661211741704101   47.69064829734641   47.690826279510205
0.05827172690053434   46.84059960925272   46.84064504143491
0.05997998857658587   46.01046934485371   46.0103555949374
0.06173832870592997   45.188370009433804   45.18807235580047
0.0635482153607709   44.359668219022346   44.35916691338844
0.06541115965050462   43.50985008820938   43.50913144485511
0.06732871698337338   42.622373886967466   42.6214354151335
0.06930248836510605   41.680519579412824   41.67937253077682
0.07133412173562886   40.66929164779333   40.667963555032955
0.07342531334496233   39.575785449312036   39.57432202376691
0.07557780916945323   38.39284376938577   38.3913066524822
0.07779340636952398   37.12001325041304   37.1184770613888
0.08007395479015682   35.7643598778451   35.76291174117654
0.08242135850536496   34.34076684039194   34.33950505097841
0.08483757740794096   32.8702760468891   32.86929269779475
0.08732462884580919   31.378131991457014   31.377500452475243
0.08988458930634863   29.89213010899022   29.89190881956141
0.09251959615009227   28.440297842306745   28.440526045829646
0.09523184939525078   27.051396954953216   27.052076453438442
0.09802361355455057   25.750895590500157   25.751990222907576
0.10089721952591899   24.56265273151987   24.564083577001266
0.10385506653859616   23.504023721574363   23.50567026034498
0.10689962415629803   22.583696113660388   22.585391349465574
0.11003343433910281   21.798946696227276   21.80049804954666
0.11325911356578279   21.134591807581074   21.135805132440392
0.11657935501835284   20.563355402482564   20.564057122679838
0.11999693083066039   20.050590671718286   20.05064803971379
0.12351469440289359   19.55651192281428   19.55586272398496
0.12713558278394044   19.04238616365346   19.04105547400174
0.13086261912358757   18.473983016311216   18.47209110133056
0.13469891519660646   17.827230322566642   17.82498363764481
0.13864767400083483   17.092883942801386   17.090557589951942
0.14271219243142114   16.278260187325458   16.276159719442173
0.14689586403346616   15.406786425505715   15.405193203102309
0.1512021818353596   14.514056885011916   14.513187398907617
0.15563474126517718   13.64292868835281   13.642879280446044
0.16019724315257297   12.83755104968029   12.838244763859196
0.1648934968186736   12.134542084249501   12.135736815263552
0.1697274232565544   11.552243323566223   11.553588750663089
0.17470305840495237   11.084075601945793   11.085146563911433
0.17982455651794954   10.702380775680474   10.702833649653705
0.18509619363343993   10.368383193120357   10.368004895755371
0.19052237114327647   10.03941177796929   10.038180766370534
0.19610761946807834   9.674634769153954   9.672748456801607
0.20185660183976684   9.247254603705224   9.245132786899372
0.20777411819498756   8.758361411803213   8.75648428938648
0.21386510918267082   8.236288009393698   8.235033121545166
0.22013466028907505   7.721355024259835   7.720870610926873
0.22658800608375756   7.2520533121109105   7.252210627444801
0.23323053459001789   6.855188865529624   6.855620414490453
0.2400677917834628   6.535248471862105   6.535496305204237
0.24710548622244882   6.271795783977873   6.271432592450629
0.25434949381426813   6.030198262003278   6.029091242722455
0.2618058627210567   5.774454266206632   5.772822054825934
0.2694808184095226   5.484795613422645   5.483053004183661
0.27738076884870827   5.168267785195513   5.1668639586542895
0.2855123098601282   4.850661380064529   4.849795999279761
0.29388223062474755   4.559898260693212   4.559479946783942
0.3024975193514008   4.313344747590388   4.312979201892099
0.31136536911138296   4.1070769114906085   4.106377677451203
0.3204931838440838   3.9195402467744627   3.9183521154507415
0.32988858453867975   3.7283548915445253   3.726852059558389
0.3395594155970457   3.5236329915248787   3.5221551811476557
0.34951375138319807   3.3138904600024133   3.312700315547334
0.3597599029647371   3.1171275254779927   3.116210219417576
0.37030642505191835   2.9441779744597363   2.9432748173237466
0.3811621231401457   2.792094315566124   2.7909554013697844
0.3923360608618501   2.6482800856862   2.6468831044454144
0.4038375675538918   2.5025224323740254   2.501059722835132
0.41567624604680364   2.3560270556404133   2.3546880320909453
0.42786198068238046   2.217492780462831   2.2162816277083404
0.4404049455663077   2.092387830401497   2.0911510922011383
0.4533156130627191   1.9779468634312793   1.9765599853623739
0.4666047625377753   1.8675856351666755   1.8660969083648888
0.4802834893595659   1.7589463426214222   1.7574874573655819
0.49436321416184764   1.6553195998114087   1.6539156973432172
0.5088556923793517   1.5596532044281106   1.5582293816925334
0.5237730240626238   1.4706387454583971   1.469138194585714
0.5391276639805903   1.3853313605140034   1.3837909981313534
0.5549324320192869   1.3033659866593585   1.3018448566758092
0.5712005238854289   1.2263180572766785   1.224799750495009
0.5879455221237613   1.1543709224485503   1.1528182620336223
0.6051814074573895   1.0862118693848388   1.084633928893586
0.622922570460556   1.0213120162358809   1.019735003152176
0.6411838235736077   0.9601833647097925   0.958603758810995
0.6599804134701901   0.9027649533016692   0.9011687846215295
0.6793280337869897   0.8484739215196294   0.846869888280167
0.6992428382266549   0.7972263121591048   0.795618968374217
0.7197414540448374   0.7489069238906496   0.7472977499895103
0.7408409959326054   0.7033605287316081   0.7017512766548752
0.7625590803058332   0.6604391987509407   0.6588318288389807
0.7849138400134885   0.6200021125926398   0.6183987321637073
0.8079239394770964   0.5819152695430889   0.5803180798076272
0.8316085902740278   0.5460514222837596   0.5444626896083226
0.8559875671776167   0.5122899312303948   0.5107119749041215
0.8810812246675007   0.4805160598828984   0.478951210528261
0.9069105139239728   0.4506206872511855   0.44907124814257615
0.9334970003205227   0.4225000809266474   0.42096829585240464
0.960862881429187   0.39605567577330825   0.39454370271845357
0.9890310055537336   0.3711938583834552   0.36970374837091524
1.0180248908061487   0.34782574711718883   0.34635943990031187
1.047868744742366   0.32586687248650764   0.3244263347062285
1.0785874845736239   0.30523705454489536   0.3038243316945843
1.1102067579703248   0.28586031204143403   0.28447746309934935
1.1427529644757777   0.26766467103145936   0.26631371272008675
1.1762532775476793   0.2505819782559884   0.24926484010729008
1.210735667245765   0.23454772142216945   0.23326621028815603
1.246228923584555   0.2195008562612849   0.21825662904170243
1.2827626805706884   0.20538363946201013   0.2041781819687735
1.3203674409449337   0.19214146705919452   0.19097607669826755
1.3590746016495152   0.179722723850011   0.1785985011363253
1.3989164800420282   0.16807863682461466   0.16699648215584367
1.4399263408778291   0.15716313384432645   0.15612374780852287
1.4821384240834183   0.14693270822905294   0.14593659484082908
1.525587973344019   0.1373462890892948   0.13639376141944531
1.5703112655292182   0.1283651167583505   0.1274563059574624
1.6163456409812174   0.11995260656910446   0.11908752642496478
1.6637295346910133   0.11207423585057777   0.11125284713447234
1.7125025083885144   0.104697461716584   0.1039196568261035
1.7627052835733923   0.09779161780657379   0.09705720538023165
1.814379775514258   0.09132781408044113   0.09063650853640719
1.8675691282445197   0.08527884137450414   0.08463025659249361
1.922317750584177   0.07961908053540839   0.07901272699224088
1.9786713532176083   0.07432441312028866   0.0737596775782145
2.0366769868582977   0.06937212149875441   0.06884812250211339
2.0963830815323896   0.06474082790398106   0.06425639662942167
2.1578394870138577   0.06041043114148245   0.05996417257838603
2.2210975144450407   0.056362034762324306   0.055952381061736604
2.286209979177315   0.05257787889455697   0.05220313527226394
2.3532312448676476   0.04904127563690198   0.04869965966640298
2.4222172688678643   0.04573654788479299   0.04542622300525088
2.4932256489445366   0.04264898453858985   0.042368114975412784
2.5663156713684585   0.03976479998993236   0.03951163015908009
2.641548360413907   0.037071047672087055   0.03684390801883513
2.7189865293089923   0.03455556707441395   0.034352868639715026
2.798694832679631   0.03220693912492522   0.032027168786644994
2.8807398205309562   0.030014443858433   0.029856160147073662
2.9651899938111903   0.027968020272535768   0.027829849674033735
3.05211586160442   0.026058224477805075   0.025938858888111163
3.1415899999999994   0.02427612980606942   0.02417433675162183
