0.01   14773.251535252733   14765.632929932548
0.010293154462191829   14974.357489675802   14966.000107468144
0.010594902878253955   15171.124863545956   15161.960367898408
0.010905497183778876   15363.082270605611   15353.036834195795
0.011225196699963396   15549.730030605057   15538.723257408676
0.011554268350120923   15730.556431520725   15718.50110094099
0.011892986882540897   15905.042154593879   15891.844197742701
0.012241635099881474   16072.641885696221   16058.199868945558
0.012600504095286909   16232.78974975592   16216.994516948402
0.012969893495426888   16384.916977842273   16367.651779205631
0.013350111710660605   16528.44457753519   16509.584588212103
0.013741476192534558   16662.76917166966   16642.179946330918
0.014144313698828986   16787.286603662462   16764.824081648036
0.01455896056637426   16901.396435852497   16876.907120143853
0.014985762991865008   17004.482164107685   16977.801428676794
0.01542507732090645   17095.923812664892   17066.875163398945
0.015877270345534218   17175.115698257214   17143.511423854212
0.016342719610456153   17241.45897375317   17207.099809147625
0.016821813728271667   17294.35429153582   17257.028115559635
0.017314952703931925   17333.225028471807   17292.707729978374
0.017822548268711737   17357.522567462   17313.57906262204
0.01834502422397195   17366.721805254638   17319.10531854661
0.018882816794999403   17360.330777209852   17308.783557768806
0.019436374995219892   17337.899482206594   17282.154731533035
0.02000616100108813   17299.03193023358   17238.815511159588
0.020592650537967844   17243.393956116262   17178.42608942088
0.021196333277324068   17170.705987618   17100.70376145779
0.02181771324555934   17080.755833757732   17005.436788867057
0.022457309244835088   16973.446398986085   16892.535861038643
0.02311565528622961   16848.76042235393   16761.995784939296
0.023793301035594242   16706.746324589676   16613.88001250079
0.024490812272480036   16547.59632157332   16448.40378328261
0.025208771362518027   16371.653999398253   16265.941902461536
0.0259477777436476   16179.325440848592   16066.933781121796
0.02670844842659881   15971.126287690424   15851.932946444513
0.027491418510046592   15747.833186285381   15621.766600443412
0.028297341710866907   15510.310182765685   15377.351706865358
0.029126890909937666   15259.461177463314   15119.644436938537
0.029980758713939952   14996.42307790303   14849.841598531013
0.030859658033628758   14722.514649038225   14569.326410510803
0.031764322679055976   14439.04163962593   14279.464579507969
0.03269550797224261   14147.440230976865   13981.746606822804
0.033653991377811755   13849.552548233904   13678.06142151003
0.03464057315210884   13547.20920334738   13370.279115499858
0.03565607701135116   13242.140419756677   13060.162841842459
0.036701350819364466   12936.034185441104   12749.432547496197
0.03777726729548091   12630.50283772507   12439.729023958418
0.038884724743189276   12327.035237287546   12132.562128237
0.04002464780014597   12027.302553557649   11829.587551532375
0.041197988210172884   11733.482644016754   11532.89966592111
0.04240572561788674   11447.627283465165   11244.459805639106
0.04364886838662332   11171.558664410426   10965.994342351643
0.04492845444033957   10906.727453725438   10698.796827398108
0.04624555213019635   10654.33979363463   10443.894168352668
0.04760126112654554   10415.445467240856   10202.169249024219
0.04899671333706607   10190.233447333843   9973.6789186919
0.05043307385181555   9978.041523396203   9757.664775094028
0.05191154191598653   9778.1941103255   9553.364200224976
0.053433351931179485   9589.572067465713   9359.606148587729
0.05499977448602865   9410.581985324   9174.783708115183
0.05661211741704101   9239.663271569227   8997.336713898476
0.05827172690053434   9074.817029187332   8825.35808176898
0.05997998857658587   8913.84197990301   8656.794004915977
0.06173832870592997   8754.434800002897   8489.554317643775
0.0635482153607709   8593.758984742899   8321.196325692585
0.06541115965050462   8429.001354047225   8149.344479212862
0.06732871698337338   8256.957601187714   7971.441160659565
0.06930248836510605   8074.389749752505   7784.986140270156
0.07133412173562886   7878.392538260583   7587.945724923832
0.07342531334496233   7666.464494474008   7378.7817808316895
0.07557780916945323   7437.218511571755   7156.843164851843
0.07779340636952398   7190.567282860796   6922.501488003639
0.08007395479015682   6927.880396944389   6677.4611565012065
0.08242135850536496   6652.041857032866   6424.793925952597
0.08483757740794096   6367.127877378342   6168.006242953269
0.08732462884580919   6078.0281773097995   5910.864471652816
0.08988458930634863   5790.127347978133   5657.631984154617
0.09251959615009227   5508.854549662901   5412.469886981586
0.09523184939525078   5239.779503969894   5179.110277353662
0.09802361355455057   4987.834069271532   4960.726505339244
0.10089721952591899   4757.639547428825   4760.08439821327
0.10385506653859616   4552.557300708961   4578.890822111989
0.10689962415629803   4374.2691858982   4417.222900343889
0.11003343433910281   4222.247048117864   4273.852523636142
0.11325911356578279   4093.549376744183   4146.1659904042435
0.11657935501835284   3982.890541545133   4030.214189337754
0.11999693083066039   3883.557316439409   3921.354536187508
0.12351469440289359   3787.8442948896054   3814.7481933329227
0.12713558278394044   3688.2491915194237   3706.231892138769
0.13086261912358757   3578.1410237612363   3592.5870989534933
0.13469891519660646   3452.8577680111293   3471.79187655295
0.13864767400083483   3310.6092628230826   3343.698591587913
0.14271219243142114   3152.813227892916   3209.932599680704
0.14689586403346616   2984.0087411376753   3073.514266582107
0.1512021818353596   2811.0899192854945   2938.586618944874
0.15563474126517718   2642.35607873525   2809.252441493454
0.16019724315257297   2486.359248165944   2688.55159482344
0.1648934968186736   2350.193779716338   2578.9804021315854
0.1697274232565544   2237.4100911265054   2481.98139028392
0.17470305840495237   2146.7322303526107   2394.773243303596
0.17982455651794954   2072.8041593588787   2315.2236865541227
0.18509619363343993   2008.1137526976731   2240.0285627825783
0.19052237114327647   1944.3964570263568   2166.0532763869405
0.19610761946807834   1873.74470804248   2090.8706065475244
0.20185660183976684   1790.966634539827   2013.6602243510117
0.20777411819498756   1696.2750404709066   1935.013831122569
0.21386510918267082   1595.1570625058241   1857.217889075142
0.22013466028907505   1495.4233215439033   1782.5265414146952
0.22658800608375756   1404.5285758222647   1712.4402468176013
0.23323053459001789   1327.6641258024658   1647.732415593055
0.2400677917834628   1265.699199435768   1588.4578284381248
0.24710548622244882   1214.675120661712   1532.2818624628335
0.25434949381426813   1167.883752109699   1478.3893707351951
0.2618058627210567   1118.3521074259677   1426.0193659513957
0.2694808184095226   1062.251587553782   1373.9691745650725
0.27738076884870827   1000.9465276243229   1323.0321082977248
0.2855123098601282   939.4335883602977   1273.8113964740608
0.29388223062474755   883.1197844432648   1227.568731276156
0.3024975193514008   835.368742181524   1183.4631978988762
0.31136536911138296   795.4204807529575   1142.135030697463
0.3204931838440838   759.099773770404   1102.4815563780562
0.32988858453867975   722.0722817160807   1064.3791006860215
0.3395594155970457   682.4229599162837   1027.141048510959
0.34951375138319807   641.8012132296637   991.2208664539565
0.3597599029647371   603.693456838855   957.0194135225267
0.37030642505191835   570.1980231039591   924.5607759709384
0.3811621231401457   540.7438266378529   893.6169834818223
0.3923360608618501   512.8911435353658   864.0550816422469
0.4038375675538918   484.66201907075504   835.4916506033563
0.41567624604680364   456.28994615377326   807.875861207104
0.42786198068238046   429.45978593301385   781.4736324726957
0.4404049455663077   405.2306413580317   756.3775837101269
0.4533156130627191   383.06691907984606   732.3825260042463
0.4666047625377753   361.69321643464696   709.2719710162172
0.4802834893595659   340.653029348629   687.0451665676696
0.49436321416184764   320.58349057008644   665.6802741987974
0.5088556923793517   302.05582764383   645.2903849433678
0.5237730240626238   284.8164871661675   625.7572749123658
0.5391276639805903   268.2949943700242   606.9148754122451
0.5549324320192869   252.42080353735952   588.8029658030496
0.5712005238854289   237.49896189012935   571.3970540741956
0.5879455221237613   223.565035678016   554.6971574784955
0.6051814074573895   210.36471418030283   538.6078173448295
0.622922570460556   197.7956519044028   523.0728557898353
0.6411838235736077   185.95690809315033   508.11749552379615
0.6599804134701901   174.83671719110296   493.7067017728207
0.6793280337869897   164.32229019468755   479.7906502561006
0.6992428382266549   154.3972845786946   466.3478819341737
0.7197414540448374   145.0393525751993   453.34864656609375
0.7408409959326054   136.2184432969875   440.7670668216032
0.7625590803058332   127.90591751345352   428.57897997090464
0.7849138400134885   120.07451036187885   416.7618219821142
0.8079239394770964   112.69827621729075   405.2945176529812
0.8316085902740278   105.75257406369676   394.15649383912813
0.8559875671776167   99.2140384027529   383.3268799985784
0.8810812246675007   93.06044679049704   372.78612938389085
0.9069105139239728   87.27066458662354   362.51614105280436
0.9334970003205227   81.82460097432872   352.5001741583334
0.960862881429187   76.70316607159522   342.72276929265354
0.9890310055537336   71.88822916171411   333.1696761476602
1.0180248908061487   67.36257609124584   323.82779109326634
1.047868744742366   63.109847576334005   314.68514623262325
1.0785874845736239   59.11451529232482   305.7308288217116
1.1102067579703248   55.3618640669953   296.9548863113033
1.1427529644757777   51.83795481154271   288.34827615430004
1.1762532775476793   48.52958837931455   279.90281948738215
1.210735667245765   45.42427076088011   271.6111573961104
1.246228923584555   42.510179591542425   263.4667094054455
1.2827626805706884   39.7761317771771   255.46401141398218
1.3203674409449337   37.211552150079214   247.5996700907895
1.3590746016495152   34.80644437786356   239.87106676944074
1.3989164800420282   32.55136259454766   232.27595715447032
1.4399263408778291   30.43738402760269   224.8124473746127
1.4821384240834183   28.456082769816895   217.47897040668914
1.525587973344019   26.599504664048645   210.27426282214515
1.5703112655292182   24.8601431767115   203.19737564934886
1.6163456409812174   23.23091303821917   196.24894096455978
1.6637295346910133   21.705128355373887   189.4313350361701
1.7125025083885144   20.27648665132598   182.74684017590585
1.7627052835733923   18.939048865887575   176.19751468180897
1.814379775514258   17.68721994985093   169.78519302336773
1.8675691282445197   16.515730381297676   163.51148657246006
1.922317750584177   15.419618568414599   157.3777848710383
1.9786713532176083   14.394213556869973   151.38541345508173
2.0366769868582977   13.435115691412932   145.53666126429732
2.0963830815323896   12.538184804539501   139.8339484208348
2.1578394870138577   11.69952795433484   134.27920010973324
2.2210975144450407   10.91548551484214   128.8738659275439
2.286209979177315   10.182617974823188   123.61894379759627
2.3532312448676476   9.497693426303101   118.51500426429685
2.4222172688678643   8.857675717722147   113.56221567880533
2.4932256489445366   8.25971576770772   108.76062584888511
2.5663156713684585   7.701143706220391   104.11050862907581
2.641548360413907   7.179452163901258   99.61175291771922
2.7189865293089923   6.692286014300349   95.26379010361049
2.798694832679631   6.237433731475671   91.06563141887145
2.8807398205309562   5.812819190415412   87.0159044688798
2.9651899938111903   5.416493891333859   83.11288876899683
3.05211586160442   5.046628854583577   79.35450676528286
3.1415899999999994   4.701495288002057   75.73760478592271
