0.01   10589.929682663964   10589.003023158846
0.010293154462191829   10704.38075556008   10703.379357889116
0.010594902878253955   10814.73091920616   10813.647646816358
0.010905497183778876   10920.655104946643   10919.482031327614
0.011225196699963396   11021.811884053952   11020.540735165741
0.011554268350120923   11117.856341299845   11116.47858799004
0.011892986882540897   11208.441966156515   11206.948782803414
0.012241635099881474   11293.204227654809   11291.585764465992
0.012600504095286909   11371.768479502824   11370.01339232522
0.012969893495426888   11443.76332712527   11441.858777300513
0.013350111710660605   11508.813893285485   11506.745803060354
0.013741476192534558   11566.53314154837   11564.286748999504
0.014144313698828986   11616.539934636334   11614.099919926266
0.01455896056637426   11658.461088507076   11655.811529971628
0.014985762991865008   11691.913689277015   11689.037144774538
0.01542507732090645   11716.517785546333   11713.394850408878
0.015877270345534218   11731.910279843232   11728.519673778583
0.016342719610456153   11737.738181625238   11734.056577875077
0.016821813728271667   11733.653680970212   11729.655332759583
0.017314952703931925   11719.332211330015   11714.989070960673
0.017822548268711737   11694.475518246541   11689.757405726697
0.01834502422397195   11658.805222021776   11653.679809442056
0.018882816794999403   11612.071902239968   11606.504880880493
0.019436374995219892   11554.062627007694   11548.018016121256
0.02000616100108813   11484.607524100289   11478.047844326593
0.020592650537967844   11403.58407454274   11396.470475673026
0.021196333277324068   11310.913906099015   11303.206568865711
0.02181771324555934   11206.570676211237   11198.229738615835
0.022457309244835088   11090.610718602102   11081.59938041415
0.02311565528622961   10963.149759335058   10953.435547269206
0.023793301035594242   10824.352369559985   10813.907466019054
0.024490812272480036   10674.485052818736   10663.288113869974
0.025208771362518027   10513.924626227006   10501.96278262511
0.0259477777436476   10343.090970926989   10330.359845622492
0.02670844842659881   10162.472222586386   10148.976924507573
0.027491418510046592   9972.729606944353   9958.489634030131
0.028297341710866907   9774.582494129914   9759.632296875505
0.029126890909937666   9568.768617544602   9553.156529514661
0.029980758713939952   9356.193682989542   9339.982648853344
0.030859658033628758   9137.912511621267   9121.180471094416
0.031764322679055976   8914.954002462518   8897.792064326472
0.03269550797224261   8688.374936397908   8670.88594129438
0.033653991377811755   8459.422979178973   8441.721313638529
0.03464057315210884   8229.31978962502   8211.529560767773
0.03565607701135116   7999.215531185602   7981.467875482332
0.036701350819364466   7770.474330455061   7752.896704421375
0.03777726729548091   7544.585838007226   7527.293961300487
0.038884724743189276   7322.890824478294   7305.988704133503
0.04002464780014597   7106.517586681201   7090.097678231168
0.041197988210172884   6896.280707522478   6880.42366958594
0.04240572561788674   6692.855640479961   6677.631048590247
0.04364886838662332   6496.872877578554   6482.336170305368
0.04492845444033957   6309.5157547046465   6295.657952507848
0.04624555213019635   6132.256858136486   6118.976268492276
0.04760126112654554   5966.379597997858   5953.491804172315
0.04899671333706607   5812.213297231792   5799.4770873144325
0.05043307385181555   5668.82873911079   5655.9775128041
0.05191154191598653   5535.274203754027   5522.019923178182
0.053433351931179485   5410.595399849564   5396.628256692518
0.05499977448602865   5293.78548022304   5278.772706928176
0.05661211741704101   5183.884824070142   5167.4734750895495
0.05827172690053434   5079.600684247184   5061.446169519989
0.05997998857658587   4979.387805599118   4959.177525841432
0.06173832870592997   4881.683248502913   4859.152858810127
0.0635482153607709   4784.544818828651   4759.542501624451
0.06541115965050462   4686.026963416364   4658.531691198653
0.06732871698337338   4583.931215124358   4554.127594681202
0.06930248836510605   4475.956314189493   4444.283893277544
0.07133412173562886   4360.065786716941   4327.253499956025
0.07342531334496233   4234.5355798504   4201.643126905161
0.07557780916945323   4098.2811380292815   4066.657886945976
0.07779340636952398   3951.0992250021272   3922.3294673952705
0.08007395479015682   3793.6603105150693   3769.4952176359693
0.08242135850536496   3627.7367621169283   3610.022124074397
0.08483757740794096   3455.7809315294994   3446.2703858831155
0.08732462884580919   3280.829103595058   3281.006419999214
0.08988458930634863   3106.226617535729   3117.252311366036
0.09251959615009227   2935.3994403510524   2958.0436315904553
0.09523184939525078   2771.974694945059   2806.3789439937586
0.09802361355455057   2619.1727406603595   2664.870130178417
0.10089721952591899   2480.068628388644   2535.931623089215
0.10385506653859616   2356.974394563143   2421.252650288888
0.10689962415629803   2251.094201210652   2321.2793011976855
0.11003343433910281   2162.3574968839853   2235.537333700671
0.11325911356578279   2089.1196710465606   2162.4643652206983
0.11657935501835284   2028.4006733692486   2099.3705999797417
0.11999693083066039   1976.257371845668   2042.8124086987004
0.12351469440289359   1928.038130028428   1989.0636224934428
0.12713558278394044   1879.0272307269317   1934.561269965298
0.13086261912358757   1824.8167627334349   1876.1733315247677
0.13469891519660646   1762.0169767566085   1811.692227495058
0.13864767400083483   1688.8609818263676   1740.2819314587632
0.14271219243142114   1605.521304012235   1662.5011559662028
0.14689586403346616   1514.1616679283816   1580.140873093323
0.1512021818353596   1418.5947910612003   1496.4043387059298
0.15563474126517718   1323.814148244977   1414.764981107043
0.16019724315257297   1235.2726506345948   1338.4781327134435
0.1648934968186736   1157.7406333320791   1270.471112477944
0.1697274232565544   1093.9408960503024   1212.3328913020644
0.17470305840495237   1043.7808871197028   1162.8862408759471
0.17982455651794954   1004.7794141976698   1120.619962579858
0.18509619363343993   972.9957324092262   1082.826540215201
0.19052237114327647   943.5666163217843   1046.5451069195622
0.19610761946807834   911.3012967474625   1008.9279256895225
0.20185660183976684   872.2764679796409   968.2519476261139
0.20777411819498756   825.6506208199819   924.4957187854103
0.21386510918267082   773.7996753852356   879.3455995311623
0.22013466028907505   720.9119701653174   834.9249905176645
0.22658800608375756   671.6344309257092   793.4520670329421
0.23323053459001789   629.7525478716212   756.334028118576
0.2400677917834628   596.7098273867753   724.0722371767795
0.24710548622244882   570.9807521049156   695.1042364547931
0.25434949381426813   549.075644806538   668.2261009914879
0.2618058627210567   526.7089893283475   641.8269882663351
0.2694808184095226   500.8157506020211   614.7389321270076
0.27738076884870827   471.2238971515873   587.2821173362905
0.2855123098601282   440.1917496103766   560.2156047258643
0.29388223062474755   410.9549808196958   534.821660437002
0.3024975193514008   386.14887592954   511.37511474851874
0.31136536911138296   366.144425558092   490.0834684815745
0.3204931838440838   349.053664628617   470.0722637422675
0.32988858453867975   332.2405196107486   450.86856200816203
0.3395594155970457   313.92017228425004   431.85461042623723
0.34951375138319807   294.38122139538285   413.26505974299874
0.3597599029647371   275.45952680073816   395.5894796436454
0.37030642505191835   258.77192057464674   379.02996966411666
0.3811621231401457   244.58204321387893   363.5243341344246
0.3923360608618501   231.7361597429995   348.8184177012906
0.4038375675538918   218.83743038029365   334.6666435370993
0.41567624604680364   205.55355420610977   320.95701183764163
0.42786198068238046   192.6706464552974   307.8676217255618
0.4404049455663077   181.0422033625339   295.5286094512445
0.4533156130627191   170.691132868165   283.83971032365855
0.4666047625377753   160.93576250297357   272.68229336393665
0.4802834893595659   151.27281188030344   262.0036797115808
0.49436321416184764   141.89847123428575   251.7689812806021
0.5088556923793517   133.23440001758027   242.06094908437225
0.5237730240626238   125.31392648386537   232.85128616189942
0.5391276639805903   117.81295857090446   224.0434174850983
0.5549324320192869   110.56499211890176   215.63101353752776
0.5712005238854289   103.71267502102393   207.59749506088377
0.5879455221237613   97.36260888146761   199.95502613919015
0.6051814074573895   91.40626986340564   192.66887663945667
0.622922570460556   85.73292908775511   185.69110357700256
0.6411838235736077   80.38168355815151   179.0232737157961
0.6599804134701901   75.37876797058361   172.67638300577894
0.6793280337869897   70.67308814683419   166.6120058734254
0.6992428382266549   66.24284561568633   160.81066587989267
0.7197414540448374   62.074030294543654   155.2590591228675
0.7408409959326054   58.153135192569955   149.94463358132901
0.7625590803058332   54.46715913473514   144.8555425689982
0.7849138400134885   51.00360688339754   139.98060130079025
0.8079239394770964   47.750486925903374   135.30924634972348
0.8316085902740278   44.696250697054616   130.8312943910157
0.8559875671776167   41.829490584137595   126.5357718115314
0.8810812246675007   39.13924560926586   122.41186201893704
0.9069105139239728   36.615158240748954   118.44948479008079
0.9334970003205227   34.247444156588585   114.63924449523017
0.960862881429187   32.02686279115558   110.97238060354775
0.9890310055537336   29.94468925043353   107.44072229369479
1.0180248908061487   27.992687559933238   104.03664661947207
1.047868744742366   26.1630993111617   100.75290126302703
1.0785874845736239   24.44863862586605   97.58234801231453
1.1102067579703248   22.842428717510575   94.51829072202298
1.1427529644757777   21.33797429286073   91.55451197725782
1.1762532775476793   19.92914265312134   88.68524032795052
1.210735667245765   18.61014555908112   85.90512022583961
1.246228923584555   17.375521842614212   83.20918440367979
1.2827626805706884   16.220120591685347   80.59282599612365
1.3203674409449337   15.13908039663852   78.05169516086107
1.3590746016495152   14.127814665308497   75.58167187419753
1.3989164800420282   13.182003767552725   73.17895061334073
1.4399263408778291   12.297581068529873   70.84002696969428
1.4821384240834183   11.470719213239983   68.56167902277068
1.525587973344019   10.697817072240419   66.34095002731996
1.5703112655292182   9.975487322749633   64.17513227335539
1.6163456409812174   9.300544550467388   62.06177649676846
1.6637295346910133   8.669993336960873   59.99887814221013
1.7125025083885144   8.08101819680453   57.98472861258871
1.7627052835733923   7.53097394205383   56.017765949716946
1.814379775514258   7.017376025580913   54.09656417855236
1.8675691282445197   6.537891378701448   52.21982454247371
1.922317750584177   6.090329726451503   50.38636710129725
1.9786713532176083   5.672635358958755   48.59512265857147
2.0366769868582977   5.282878855624626   46.84520483632819
2.0963830815323896   4.919248630373314   45.13610080188904
2.1578394870138577   4.580045714653156   43.46739776945177
2.2210975144450407   4.2636775272735745   41.83870365618162
2.286209979177315   3.96865152570843   40.249643981041096
2.3532312448676476   3.6935692128353623   38.69985888399082
2.4222172688678643   3.4371204809295266   37.18900026712293
2.4932256489445366   3.198078296088557   35.71673301379797
2.5663156713684585   2.9752949027629523   34.28297862157951
2.641548360413907   2.7676973501259226   32.888007387427706
2.7189865293089923   2.5742808236660824   31.532022236159463
2.798694832679631   2.394104370579557   30.215124824027498
2.8807398205309562   2.2262870603184153   28.937321102637277
2.9651899938111903   2.070004358142176   27.69852691641011
3.05211586160442   1.9244847012773079   26.498573604431577
3.1415899999999994   1.789005889096949   25.337198480122613
