0.01   6411.1726608468825   6410.839316510058
0.010293154462191829   6458.920897326505   6458.5846867851615
0.010594902878253955   6503.324915045499   6502.9858579112815
0.010905497183778876   6544.196334687575   6543.853918677389
0.011225196699963396   6581.348638737434   6581.001871812976
0.011554268350120923   6614.589030566986   6614.237145963291
0.011892986882540897   6643.722826869482   6643.365736845915
0.012241635099881474   6668.560339741536   6668.198652108002
0.012600504095286909   6688.912021348611   6688.546578289333
0.012969893495426888   6704.583889615874   6704.214862523297
0.013350111710660605   6715.388834755387   6715.015614267858
0.013741476192534558   6721.147194325464   6720.768493979933
0.014144313698828986   6721.6768259682185   6721.29140311983
0.01455896056637426   6716.8020665747545   6716.409025986485
0.014985762991865008   6706.36030594119   6705.959092744313
0.01542507732090645   6690.196242451412   6689.786135798341
0.015877270345534218   6668.161243078535   6667.74070871557
0.016342719610456153   6640.123685973054   6639.690353137825
0.016821813728271667   6605.969540706766   6605.520330741067
0.017314952703931925   6565.5989640144135   6565.130550585918
0.017822548268711737   6518.932409544267   6518.441362032123
0.01834502422397195   6465.913760201233   6465.396565373901
0.018882816794999403   6406.513587793766   6405.9665308023295
0.019436374995219892   6340.729841649406   6340.148915586809
0.02000616100108813   6268.586852978849   6267.967804710358
0.020592650537967844   6190.143053508383   6189.481653889383
0.021196333277324068   6105.50329658374   6104.795973644676
0.02181771324555934   6014.802066140708   6014.046015305835
0.022457309244835088   5918.203923310152   5917.397165643719
0.02311565528622961   5815.939103054403   5815.081068765161
0.023793301035594242   5708.283146355853   5707.374954980261
0.024490812272480036   5595.531474820321   5594.575840054774
0.025208771362518027   5478.0367784027885   5477.03833983419
0.0259477777436476   5356.234725161768   5355.200675444869
0.02670844842659881   5230.572305147337   5229.512207560153
0.027491418510046592   5101.515843095699   5100.441501350332
0.028297341710866907   4969.642305858891   4968.568425837419
0.029126890909937666   4835.5538331221815   4834.497964590365
0.029980758713939952   4699.829874318517   4698.811930858021
0.030859658033628758   4563.12044309685   4562.161985880576
0.031764322679055976   4426.150811838913   4425.274336386858
0.03269550797224261   4289.5947921249635   4288.823362981908
0.033653991377811755   4154.106895598244   4153.463602817307
0.03464057315210884   4020.435409190613   4019.9422236441706
0.03565607701135116   3889.2829883155773   3888.9604920189718
0.036701350819364466   3761.2715366960915   3761.1387638230003
0.03777726729548091   3637.0311799272254   3637.102626727313
0.038884724743189276   3517.1757234316333   3517.45943441102
0.04002464780014597   3402.229446819927   3402.7278341667006
0.041197988210172884   3292.6267014574883   3293.335240934112
0.04240572561788674   3188.7117617833746   3189.614603541594
0.04364886838662332   3090.765311032099   3091.8360243390275
0.04492845444033957   2999.003623532462   3000.2060860920656
0.04624555213019635   2913.478038973176   2914.762359270109
0.04760126112654554   2834.15439244542   2835.455551426193
0.04899671333706607   2760.9802235133475   2762.2196824278462
0.05043307385181555   2693.466409050078   2694.5586737629837
0.05191154191598653   2630.6434410990623   2631.5030117580473
0.053433351931179485   2571.597920252708   2572.1395423240124
0.05499977448602865   2515.525225188161   2515.664280516086
0.05661211741704101   2461.7248563610187   2461.3779898638318
0.05827172690053434   2409.526912407344   2408.6134013440255
0.05997998857658587   2357.9713527152717   2356.4267968417103
0.06173832870592997   2305.945027897895   2303.730280538987
0.0635482153607709   2252.336188726744   2249.44447061079
0.06541115965050462   2195.8531970670906   2192.332230708304
0.06732871698337338   2135.312743868119   2131.2672818628307
0.06930248836510605   2069.8113916007183   2065.414735357496
0.07133412173562886   1998.7110294569075   1994.2050965828766
0.07342531334496233   1921.9915593658338   1917.6664727312802
0.07557780916945323   1840.23850663384   1836.4102249413554
0.07779340636952398   1754.4086521020085   1751.404461735213
0.08007395479015682   1665.849600163581   1663.994522436533
0.08242135850536496   1576.113009539955   1575.7014122580008
0.08483757740794096   1486.9343937143146   1488.202936401758
0.08732462884580919   1400.0403058155573   1403.1497032245047
0.08988458930634863   1317.0936485097975   1322.1154399950265
0.09251959615009227   1239.7960423345712   1246.6687749738046
0.09523184939525078   1169.6578347841867   1178.1812608490616
0.09802361355455057   1107.8823870834956   1117.7216951227365
0.10089721952591899   1055.1554833604678   1065.8688907841783
0.10385506653859616   1011.2365152775982   1022.2875373838671
0.10689962415629803   975.3405984007092   986.1524713157655
0.11003343433910281   945.7634909982983   955.8304047744334
0.11325911356578279   920.4941030726065   929.4310135913179
0.11657935501835284   897.1977073268329   904.800927955384
0.11999693083066039   873.5530879243505   879.8470725798236
0.12351469440289359   847.4361273377481   852.7002046929233
0.12713558278394044   817.2483926058767   822.0158509223346
0.13086261912358757   782.2105407984437   787.2186588707406
0.13469891519660646   742.448512197449   748.5418143311006
0.13864767400083483   698.9781668347608   706.952658405199
0.14271219243142114   653.4982286116689   663.986408658449
0.14689586403346616   608.2647532864955   621.608772160888
0.1512021818353596   565.898711961846   582.0228228280872
0.15563474126517718   528.7801293218309   547.1750966427851
0.16019724315257297   498.1722968484435   517.9682027970439
0.1648934968186736   473.94665574113543   494.14894459545246
0.1697274232565544   454.9100233939735   474.6339483558287
0.17470305840495237   439.3655054309549   457.9384000690322
0.17982455651794954   425.2507483256381   442.3888896431152
0.18509619363343993   410.2081697560689   426.15175086006985
0.19052237114327647   392.3419774269456   407.83473154454543
0.19610761946807834   371.27387703936796   387.2796386973302
0.20185660183976684   348.0243795963145   365.39422733914387
0.20777411819498756   324.26412888896186   343.4612808743152
0.21386510918267082   301.87755015960556   322.84697542525527
0.22013466028907505   282.50550761304123   304.6867274576607
0.22658800608375756   266.8045474798808   289.3151816849995
0.23323053459001789   254.27239735258536   276.2428487430218
0.2400677917834628   243.61045934165185   264.57885628483564
0.24710548622244882   233.09954119458695   253.12875757429208
0.25434949381426813   221.44157500375263   241.08144331425933
0.2618058627210567   208.51981761688674   228.47952927143174
0.2694808184095226   195.07288344540103   215.83287060163173
0.27738076884870827   182.2082125129515   203.80347374596025
0.2855123098601282   170.96009065088566   192.9765998041274
0.29388223062474755   161.54968143250892   183.39021210989287
0.3024975193514008   153.38076957706218   174.67259441658268
0.31136536911138296   145.58533852263983   166.30125693018
0.3204931838440838   137.48235028933024   158.001692139779
0.32988858453867975   129.07204405632692   149.7388199752998
0.3395594155970457   120.90519632780673   141.83188398544058
0.34951375138319807   113.4840954331992   134.49978064824876
0.3597599029647371   106.95155373409533   127.7540808181363
0.37030642505191835   101.01232739846732   121.44403381020301
0.3811621231401457   95.24240802054695   115.38272697565478
0.3923360608618501   89.49359804578991   109.5327020707594
0.4038375675538918   83.94035520512725   103.93814396468709
0.41567624604680364   78.80766434196634   98.68664403631935
0.42786198068238046   74.12973220294234   93.77190397621995
0.4404049455663077   69.75276512428829   89.11971678563438
0.4533156130627191   65.53017693319845   84.68123801105553
0.4666047625377753   61.48024837361485   80.45839828201983
0.4802834893595659   57.68792043088778   76.46771692566368
0.49436321416184764   54.17036096859213   72.70583904385114
0.5088556923793517   50.861962533505306   69.14341809730134
0.5237730240626238   47.71399721062901   65.75918253936797
0.5391276639805903   44.74038062034833   62.55461045012376
0.5549324320192869   41.95858511632784   59.524982551587684
0.5712005238854289   39.34921666434016   56.658048653706345
0.5879455221237613   36.88545395770095   53.941514792849986
0.6051814074573895   34.564516811474476   51.36798647554813
0.622922570460556   32.388418878404416   48.933966011823365
0.6411838235736077   30.34333521937284   46.62876468114872
0.6599804134701901   28.419112863358375   44.44517320422495
0.6793280337869897   26.611580953984245   42.37748957128128
0.6992428382266549   24.914736193238568   40.419577280743574
0.7197414540448374   23.322015341388237   38.56534830430638
0.7408409959326054   21.82723440255781   36.809059707381735
0.7625590803058332   20.42456827390254   35.14529465641312
0.7849138400134885   19.108530112170072   33.56894397501066
0.8079239394770964   17.873951894474775   32.07518871509455
0.8316085902740278   16.715973936137626   30.659476258328986
0.8559875671776167   15.630086992648355   29.31744632201022
0.8810812246675007   14.612064672796746   28.04495956529967
0.9069105139239728   13.657906626391298   26.838123173169315
0.9334970003205227   12.763827855220617   25.693275919468558
0.960862881429187   11.926248795536976   24.606973796224857
0.9890310055537336   11.14178572135512   23.575976565023588
1.0180248908061487   10.407240434209264   22.59722929096973
1.047868744742366   9.719577368581156   21.667768513268484
1.0785874845736239   9.075922859090365   20.784746528614583
1.1102067579703248   8.4735702056871   19.94549625840212
1.1427529644757777   7.909970960295463   19.147520622826377
1.1762532775476793   7.38272627558261   18.38848073417284
1.210735667245765   6.889578683667785   17.666184972142627
1.246228923584555   6.428404339325072   16.97857676173416
1.2827626805706884   5.997207004362382   16.323667342953936
1.3203674409449337   5.5941107157660594   15.699530182740363
1.3590746016495152   5.21735126394982   15.104364777898885
1.3989164800420282   4.865269882829939   14.536491079399177
1.4399263408778291   4.536307357328323   13.994340608668773
1.4821384240834183   4.228998429309137   13.476448292360041
1.525587973344019   3.9419664847886664   12.981444454556915
1.5703112655292182   3.6739182343551904   12.508014034376293
1.6163456409812174   3.4236388613702244   12.05487480393848
1.6637295346910133   3.1899880129523255   11.620828757041933
1.7125025083885144   2.9718955310774304   11.204761066823394
1.7627052835733923   2.76835736366281   10.8056338734291
1.814379775514258   2.578431696251222   10.422480592163057
1.8675691282445197   2.4012352932202203   10.054400660469273
1.922317750584177   2.235939897327363   9.700544426073517
1.9786713532176083   2.0817688215744385   9.36009634484299
2.0366769868582977   1.9379942207700604   9.032294939900556
2.0963830815323896   1.8039342113808494   8.716432603422675
2.1578394870138577   1.678950098347231   8.411851741035056
2.2210975144450407   1.5624437593970988   8.117941229593661
2.286209979177315   1.4538551786417953   7.8341331589290615
2.3532312448676476   1.352660017498522   7.559897606197366
2.4222172688678643   1.2583672049864552   7.294734606810897
2.4932256489445366   1.1705172444785816   7.0381787616817375
2.5663156713684585   1.088680343577888   6.7897987125778565
2.641548360413907   1.0124545617673093   6.549194834269914
2.7189865293089923   0.9414640684699006   6.315997095809828
2.798694832679631   0.8753575053139989   6.089863074836484
2.8807398205309562   0.8138065595406144   5.870485078578096
2.9651899938111903   0.7565049514049671   5.657625841199948
3.05211586160442   0.7031665230899674   5.451078115232054
3.1415899999999994   0.6535237585164818   5.250645694710696
