0.01   6691.207649687767   6690.547596607225
0.010293154462191829   6785.382938978189   6784.665394708358
0.010594902878253955   6877.949778162254   6877.168621368037
0.010905497183778876   6968.709065370587   6967.8580521966915
0.011225196699963396   7057.4566824551985   7056.529495920938
0.011554268350120923   7143.983534836024   7142.973722176929
0.011892986882540897   7228.068008689353   7226.968399336938
0.012241635099881474   7309.481255794008   7308.283686296337
0.012600504095286909   7387.991655872788   7386.686954768086
0.012969893495426888   7463.358903682449   7461.936956733459
0.013350111710660605   7535.331040770857   7533.780904364033
0.013741476192534558   7603.654321160807   7601.96424323177
0.014144313698828986   7668.072854094981   7666.2302614880655
0.01455896056637426   7728.319549957061   7726.310895714597
0.014985762991865008   7784.124693021049   7781.93542210852
0.01542507732090645   7835.221063679223   7832.835638811268
0.015877270345534218   7881.337035850284   7878.738629050684
0.016342719610456153   7922.19587917081   7919.365989689561
0.016821813728271667   7957.526688408582   7954.4451745543665
0.017314952703931925   7987.064128823139   7983.709225953772
0.017822548268711737   8010.541644885343   8006.88980421921
0.01834502422397195   8027.700819421792   8023.726750181723
0.018882816794999403   8038.295946947691   8033.972738257133
0.019436374995219892   8042.09214282771   8037.391120256007
0.02000616100108813   8038.86721765683   8033.757829596283
0.020592650537967844   8028.417180418101   8022.8671984944585
0.021196333277324068   8010.559913393151   8004.535673938074
0.02181771324555934   7985.1410928030255   7978.607764263944
0.022457309244835088   7952.031272753403   7944.953151366738
0.02311565528622961   7911.12742310785   7903.468316407002
0.023793301035594242   7862.372571875152   7854.097111467406
0.024490812272480036   7805.752593452876   7796.8273321742845
0.025208771362518027   7741.281752854794   7731.675491852528
0.0259477777436476   7669.021528702156   7658.706218982281
0.02670844842659881   7589.1125312413415   7578.065169685986
0.027491418510046592   7501.730199457889   7489.933245396959
0.028297341710866907   7407.082214403869   7394.523896888195
0.029126890909937666   7305.479989849367   7292.156890167667
0.029980758713939952   7197.304225570751   7183.222687157023
0.030859658033628758   7082.950334226586   7068.126081730061
0.031764322679055976   6962.878394781566   6947.33684106823
0.03269550797224261   6837.668894843484   6821.446199597338
0.033653991377811755   6707.911187851036   6691.053577797535
0.03464057315210884   6574.205192493505   6556.767957427673
0.03565607701135116   6437.3183659984215   6419.364592670796
0.036701350819364466   6298.077562897553   6279.676882592599
0.03777726729548091   6157.265562562095   6138.493012773356
0.038884724743189276   6015.645903116167   5996.5804615074
0.04002464780014597   5873.979194232132   5854.7021196325395
0.041197988210172884   5732.973484049229   5713.567378366674
0.04240572561788674   5593.318384446361   5573.864437678827
0.04364886838662332   5455.904725031888   5436.469006983072
0.04492845444033957   5321.645015924841   5302.273939736762
0.04624555213019635   5191.36017677876   5172.081645708599
0.04760126112654554   5065.764534772868   5046.57791151952
0.04899671333706607   4945.46668984109   4926.329326030773
0.05043307385181555   4831.007063766951   4811.836782090982
0.05191154191598653   4722.713742344779   4703.394026810299
0.053433351931179485   4620.382863351307   4600.771694917393
0.05499977448602865   4523.7228616928105   4503.655879881703
0.05661211741704101   4432.364552488207   4411.659491844121
0.05827172690053434   4345.641440271174   4324.108997880789
0.05997998857658587   4262.866292027569   4240.312979268282
0.06173832870592997   4183.257592650213   4159.498068951837
0.0635482153607709   4105.8409807252665   4080.7185385357225
0.06541115965050462   4029.656561426161   4003.04876647952
0.06732871698337338   3953.540544263918   3925.397889946694
0.06930248836510605   3876.264883784325   3846.6301067909703
0.07133412173562886   3796.5315472563448   3765.570590064562
0.07342531334496233   3712.9058795076053   3680.9535547198993
0.07557780916945323   3624.0737952003105   3591.6481429140235
0.07779340636952398   3528.8582825852095   3496.7099306161795
0.08007395479015682   3426.386818976215   3395.4757062873227
0.08242135850536496   3316.4224839031594   3287.8666474803777
0.08483757740794096   3199.1952566348696   3174.230585871852
0.08732462884580919   3075.7615822179855   3055.7193986927805
0.08988458930634863   2947.615076193207   2933.8116239572214
0.09251959615009227   2816.8305928078435   2810.3711011357655
0.09523184939525078   2685.6661764616806   2687.410750313639
0.09802361355455057   2556.5102948851872   2567.0607575886734
0.10089721952591899   2431.803729352112   2451.3544451991784
0.10385506653859616   2313.801978238328   2342.1052639226905
0.10689962415629803   2204.5861692977815   2240.9300354552706
0.11003343433910281   2105.9079255605966   2149.139403098635
0.11325911356578279   2018.7786743462427   2067.255689835886
0.11657935501835284   1943.5280557090557   1995.2269238146673
0.11999693083066039   1879.2246776390236   1932.0938467844571
0.12351469440289359   1824.092239063447   1876.2489776776256
0.12713558278394044   1775.3846868521143   1825.3330755955176
0.13086261912358757   1729.8849224738556   1776.7637934768902
0.13469891519660646   1684.2460065084588   1728.0081371761173
0.13864767400083483   1635.3493275579722   1676.8766696650675
0.14271219243142114   1580.7748785419988   1621.7884156941063
0.14689586403346616   1519.1388974202926   1562.0066975740172
0.1512021818353596   1450.4341093241212   1497.8577995358094
0.15563474126517718   1376.1002178487797   1430.5789194560198
0.16019724315257297   1298.7225454337718   1362.2388714270737
0.1648934968186736   1221.6618065966868   1295.2960701826155
0.1697274232565544   1148.6126161895047   1232.023225459089
0.17470305840495237   1083.0241158491247   1174.3430906873696
0.17982455651794954   1027.2179834376805   1123.7746795601313
0.18509619363343993   981.5959889998877   1079.8860629817657
0.19052237114327647   944.5444813098156   1041.4261105253665
0.19610761946807834   913.0945088384848   1006.5383531501682
0.20185660183976684   883.7325728556968   973.0311084171461
0.20777411819498756   852.9186328560934   938.9714521551788
0.21386510918267082   817.7665676160611   903.044477208893
0.22013466028907505   777.2233621457799   864.9793726505837
0.22658800608375756   732.7277595654492   825.8750188562458
0.23323053459001789   687.3961193371094   787.3158000554989
0.2400677917834628   644.6278905872914   751.0253696561911
0.24710548622244882   607.172928964677   717.8608791958997
0.25434949381426813   576.3082527061716   688.4615759065196
0.2618058627210567   551.2051473600366   661.7697535838133
0.2694808184095226   529.3356388290915   636.8611688248088
0.27738076884870827   507.6369124063788   612.545969197043
0.2855123098601282   483.672610449685   587.9170265379091
0.29388223062474755   456.9978467896328   563.1313843494543
0.3024975193514008   429.2497041069538   538.6873071453117
0.31136536911138296   402.8296296907381   515.5847815356186
0.3204931838440838   379.67626365018964   493.96463011305514
0.32988858453867975   360.3079312824488   474.12528339787815
0.3395594155970457   343.4459314753347   455.538342877471
0.34951375138319807   327.0761505034461   437.5786710028273
0.3597599029647371   309.8207551894947   419.8458657576573
0.37030642505191835   291.7110242519179   402.73468642803226
0.3811621231401457   274.05721403923803   386.2920447685582
0.3923360608618501   258.1629383800047   370.7471207626903
0.4038375675538918   244.28382137733163   356.1269427385355
0.41567624604680364   231.63577375016223   342.2627731665661
0.42786198068238046   219.14528669847434   328.87660284071654
0.4404049455663077   206.46387392277845   315.9498844578892
0.4533156130627191   194.1377889697166   303.621859240308
0.4666047625377753   182.83340378662808   291.89958141706495
0.4802834893595659   172.6232365703294   280.77050632493984
0.49436321416184764   163.00768673519667   270.1612687218947
0.5088556923793517   153.58338340631326   259.9530487307955
0.5237730240626238   144.44095080793767   250.17559485793765
0.5391276639805903   135.9141797704099   240.86951788572443
0.5549324320192869   128.04666158429322   232.00915171704014
0.5712005238854289   120.60420478953361   223.5405630087309
0.5879455221237613   113.43656462718904   215.42498510583292
0.6051814074573895   106.63677593012707   207.66737270830765
0.622922570460556   100.29332865317018   200.2738611756818
0.6411838235736077   94.32971421921592   193.20644071600287
0.6599804134701901   88.65492080430974   186.4363025443222
0.6793280337869897   83.28573738297919   179.96083065365343
0.6992428382266549   78.24844541198247   173.77165725249733
0.7197414540448374   73.5075716011833   167.847510422088
0.7408409959326054   69.03233241272633   162.17309304610743
0.7625590803058332   64.809664040873   156.73532244815118
0.7849138400134885   60.82797515618394   151.52197296765345
0.8079239394770964   57.07592149528517   146.52153906364367
0.8316085902740278   53.54243299078981   141.7231884655895
0.8559875671776167   50.21673648090418   137.11671866388556
0.8810812246675007   47.08830452612706   132.69240860404113
0.9069105139239728   44.14633343300797   128.44010701503944
0.9334970003205227   41.38020815438126   124.34978421968239
0.960862881429187   38.77988717802498   120.41208306529606
0.9890310055537336   36.335876639551174   116.61827678445567
1.0180248908061487   34.03920175128383   112.96022456991189
1.047868744742366   31.88137966372323   109.43033077645612
1.0785874845736239   29.854393775273316   106.02150703043587
1.1102067579703248   27.95070407894922   102.7269721792456
1.1427529644757777   26.163263816587534   99.53999507143612
1.1762532775476793   24.48540589741667   96.45426371968585
1.210735667245765   22.91081089449382   93.46392368772602
1.246228923584555   21.43349162498637   90.56354769254459
1.2827626805706884   20.047778204327525   87.7481076692367
1.3203674409449337   18.74830357682595   85.01294905718258
1.3590746016495152   17.52998864659941   82.35376284381819
1.3989164800420282   16.38801654762561   79.76650163355123
1.4399263408778291   15.317826250617232   77.24738201240417
1.4821384240834183   14.315111899049306   74.79292290478392
1.525587973344019   13.375810118312591   72.39992877674835
1.5703112655292182   12.496087540639746   70.06547242574227
1.6163456409812174   11.672328885518937   67.78687889353058
1.6637295346910133   10.901125577140395   65.56171037784318
1.7125025083885144   10.179264942363227   63.38783637099659
1.7627052835733923   9.503719994723658   61.26364311526773
1.814379775514258   8.871639322425828   59.18773495437907
1.8675691282445197   8.280337619628767   57.15883975882593
1.922317750584177   7.727286731185038   55.175800755193244
1.9786713532176083   7.210107126316699   53.23756865650889
2.0366769868582977   6.726559784663712   51.34319406782636
2.0963830815323896   6.274538425912393   49.491827277857546
2.1578394870138577   5.852060684119558   47.6829209299238
2.2210975144450407   5.457261393676418   45.91622093933261
2.286209979177315   5.088387979839835   44.19149023820911
2.3532312448676476   4.743794149651559   42.50849054431879
2.4222172688678643   4.421933799999949   40.866980244437215
2.4932256489445366   4.121355248835616   39.26671239212203
2.5663156713684585   3.8406957742805052   37.70743282267126
2.641548360413907   3.578676934783976   36.1889604970683
2.7189865293089923   3.3341018020782083   34.711565608256365
2.798694832679631   3.105847820310455   33.27558507271352
2.8807398205309562   2.8928613668482077   31.881229324164384
2.9651899938111903   2.694153789969353   30.52858926453798
3.05211586160442   2.5087976542550896   29.21764358374563
3.1415899999999994   2.3359231827066784   27.94826607489843
