0.01   13701.033468044221   13693.71251055192
0.010293154462191829   13888.85063620246   13880.828205683916
0.010594902878253955   14073.047629022783   14064.257580614369
0.010905497183778876   14253.226711107309   14243.59733553954
0.011225196699963396   14428.964347665593   14418.418079331082
0.011554268350120923   14599.825560483832   14588.278900344718
0.011892986882540897   14765.368632571657   14752.73207873189
0.012241635099881474   14925.132648187115   14911.3093024621
0.012600504095286909   15078.640865876663   15063.52528950388
0.012969893495426888   15225.413324018675   15208.891554653406
0.013350111710660605   15364.960050153582   15346.909687904392
0.013741476192534558   15496.768575350266   15477.05889783686
0.014144313698828986   15620.324227617193   15598.8164406721
0.01455896056637426   15735.113674394708   15711.660906237925
0.014985762991865008   15840.609086879593   15815.053477439918
0.01542507732090645   15936.278884853502   15908.450163154806
0.015877270345534218   16021.601047312508   15991.317019173934
0.016342719610456153   16096.055060802335   16063.121709371642
0.016821813728271667   16159.116488976626   16123.327815636487
0.017314952703931925   16210.276905360917   16171.415767737377
0.017822548268711737   16249.04667665806   16206.885365833154
0.01834502422397195   16274.946781717697   16229.245177564952
0.018882816794999403   16287.520594072943   16238.026434647174
0.019436374995219892   16286.342411750113   16232.792892501184
0.02000616100108813   16271.022720838244   16213.145624009658
0.020592650537967844   16241.21188813383   16178.72678859131
0.021196333277324068   16196.60128747794   16129.221737865993
0.02181771324555934   16136.934177454514   16064.370655108594
0.022457309244835088   16062.031346294965   15983.99585234724
0.02311565528622961   15971.76998002703   15887.97917852708
0.023793301035594242   15866.081954796105   15776.260218403933
0.024490812272480036   15745.011881197684   15648.899007431412
0.025208771362518027   15608.705150414737   15506.062875285576
0.0259477777436476   15457.359927131565   15347.9743338691
0.02670844842659881   15291.275823557511   15174.963188740467
0.027491418510046592   15110.928794506517   14987.546602869716
0.028297341710866907   14916.855691426164   14786.304839538934
0.029126890909937666   14709.652005959053   14571.878377771958
0.029980758713939952   14490.148675039856   14345.154706890731
0.030859658033628758   14259.304754894652   14107.154004155811
0.031764322679055976   14018.08675615683   13858.901102370159
0.03269550797224261   13767.58141826705   13601.542869002587
0.033653991377811755   13509.066229102546   13336.42108688659
0.03464057315210884   13243.802157573546   13064.85580709807
0.03565607701135116   12973.085475746851   12788.194184713499
0.036701350819364466   12698.627261136315   12508.180464173536
0.03777726729548091   12422.209853664486   12226.619030930673
0.038884724743189276   12145.488685983164   11945.181203310076
0.04002464780014597   11869.784570077087   11665.215425204327
0.041197988210172884   11596.069389679908   11387.735433508124
0.04240572561788674   11325.223370602142   11113.656825146203
0.04364886838662332   11058.361940433784   10844.086052518098
0.04492845444033957   10797.68935235658   10581.071224253634
0.04624555213019635   10545.485864715663   10326.709360129462
0.04760126112654554   10303.745867955618   10082.823073190544
0.04899671333706607   10073.242752661192   9850.04833394924
0.05043307385181555   9853.845168443682   9628.14575099948
0.05191154191598653   9645.39140091711   9416.854359835304
0.053433351931179485   9447.362559866573   9215.582727586778
0.05499977448602865   9258.639098513815   9023.179742019318
0.05661211741704101   9078.113076291058   8838.514215450745
0.05827172690053434   8904.485943396354   8660.304567600495
0.05997998857658587   8736.062358638335   8486.941089644439
0.06173832870592997   8571.200956908762   8316.878441649516
0.0635482153607709   8408.071224551368   8148.461884628457
0.06541115965050462   8244.675459099315   7979.944159794734
0.06732871698337338   8079.028116122363   7809.632802024264
0.06930248836510605   7908.678347796246   7635.591221792626
0.07133412173562886   7731.208190942879   7455.960287257548
0.07342531334496233   7544.242651566142   7269.052941568182
0.07557780916945323   7345.5340107228885   7073.387223556776
0.07779340636952398   7133.539680723434   6868.107894813324
0.08007395479015682   6907.630143711635   6653.181667493002
0.08242135850536496   6668.224353052679   6429.406730636565
0.08483757740794096   6417.373076578507   6198.92189754848
0.08732462884580919   6157.976693256288   5964.36325374278
0.08988458930634863   5894.078017306475   5729.03073980834
0.09251959615009227   5630.002341877798   5496.278847470511
0.09523184939525078   5370.292862714198   5269.47610689853
0.09802361355455057   5119.314944359519   5051.639632487755
0.10089721952591899   4881.123469888141   4845.389833524025
0.10385506653859616   4659.52046246504   4652.925205244444
0.10689962415629803   4457.6094132283315   4475.906179252521
0.11003343433910281   4277.337649011088   4314.915562787949
0.11325911356578279   4119.47677065333   4169.7500128433885
0.11657935501835284   3982.2999350732734   4038.664138937433
0.11999693083066039   3862.5651454590957   3919.0289863163553
0.12351469440289359   3754.898691348273   3807.0096208683535
0.12713558278394044   3653.235321379354   3698.843667964201
0.13086261912358757   3551.232529875333   3591.032663029918
0.13469891519660646   3443.27433165541   3480.520097108585
0.13864767400083483   3325.1017295165043   3365.51606085415
0.14271219243142114   3194.4077549985286   3245.90298425055
0.14689586403346616   3051.536471069673   3122.4731522347474
0.1512021818353596   2899.2752946608657   2996.9359407606294
0.15563474126517718   2742.414037444545   2871.899373337939
0.16019724315257297   2586.9329386726986   2750.5440607876185
0.1648934968186736   2439.229680401684   2635.4655024099543
0.1697274232565544   2305.288516731041   2528.943812567109
0.17470305840495237   2189.3881582524346   2432.1210843162517
0.17982455651794954   2092.51812522445   2344.1597992142915
0.18509619363343993   2011.637329831678   2263.8259392558643
0.19052237114327647   1940.9846999322342   2188.0601828184463
0.19610761946807834   1874.173596646828   2114.616741856519
0.20185660183976684   1805.2980956919725   2041.5727103071804
0.20777411819498756   1729.5780644312058   1967.9923423840971
0.21386510918267082   1645.028617052993   1894.271352139521
0.22013466028907505   1554.0514790801726   1820.9507224622096
0.22658800608375756   1462.2888368647693   1749.7616712040865
0.23323053459001789   1375.647357026597   1682.2867454184272
0.2400677917834628   1298.522720588445   1619.1769080298486
0.24710548622244882   1232.9543559008132   1559.823857236143
0.25434949381426813   1177.6539664019556   1504.5315848673727
0.2618058627210567   1128.2727731026298   1451.5876218006981
0.2694808184095226   1079.7538719832357   1400.2742423921381
0.27738076884870827   1028.2294731727259   1350.1318294738867
0.2855123098601282   972.8104786159566   1301.3109250882655
0.29388223062474755   916.1885091333179   1254.1238686706631
0.3024975193514008   862.3019720431428   1208.9815542406152
0.31136536911138296   814.0017125817587   1166.0385623756958
0.3204931838440838   772.0989410771583   1125.4847421669456
0.32988858453867975   734.6884121113563   1086.681225425199
0.3395594155970457   698.5843855472278   1049.4885611855852
0.34951375138319807   661.749150286094   1013.3945018188316
0.3597599029647371   624.1883700370316   978.7857596566809
0.37030642505191835   587.7585960198618   945.5196246844896
0.3811621231401457   554.3998896594859   913.7406407169021
0.3923360608618501   524.413771796387   883.4907410294638
0.4038375675538918   496.67937929988386   854.5851732037554
0.41567624604680364   469.7221154307704   826.804668011248
0.42786198068238046   443.0123049355641   800.0204270769589
0.4404049455663077   417.251368112968   774.3100443474724
0.4533156130627191   393.3082812228078   749.7495339633851
0.4666047625377753   371.2434384868453   726.2721972991436
0.4802834893595659   350.42332188022436   703.7753825285394
0.49436321416184764   330.31967258376056   682.1247430119629
0.5088556923793517   311.0100833728292   661.2863222234583
0.5237730240626238   292.8697858927667   641.3346483103076
0.5391276639805903   275.92951107891   622.20139428548
0.5549324320192869   259.9089871934347   603.8195194776617
0.5712005238854289   244.61824344459635   586.1061371922108
0.5879455221237613   230.13105092299946   569.0692918158064
0.6051814074573895   216.521755417587   552.7001962487843
0.622922570460556   203.6941878209077   536.9397176480902
0.6411838235736077   191.5379309974085   521.7289485853435
0.6599804134701901   180.04659225084953   507.0646917846159
0.6793280337869897   169.2281233287313   492.9249239294459
0.6992428382266549   159.0249596205542   479.2617013685767
0.7197414540448374   149.3959293471132   466.052984236847
0.7408409959326054   140.31746490947438   453.2737180414479
0.7625590803058332   131.7608836796934   440.8974424982625
0.7849138400134885   123.69846132377363   428.89932057074526
0.8079239394770964   116.10377797787135   417.2562160071987
0.8316085902740278   108.95166904821063   405.94658434676563
0.8559875671776167   102.21817698028325   394.9503730413088
0.8810812246675007   95.88050404976126   384.2489298311856
0.9069105139239728   89.91696557018352   373.8246336958923
0.9334970003205227   84.30694301041089   363.65992491521564
0.960862881429187   79.03084271167884   353.7382518624388
0.9890310055537336   74.07005387499608   344.0443512676197
1.0180248908061487   69.40690686842832   334.5641771898458
1.047868744742366   65.02463274472115   325.2848355806464
1.0785874845736239   60.90732397732824   316.1945238128211
1.1102067579703248   57.03989629037278   307.2824822256047
1.1427529644757777   53.40804571981683   298.53932150410276
1.1762532775476793   49.99821224024945   289.95709568720645
1.210735667245765   46.79755533740398   281.5286822284092
1.246228923584555   43.79392106797225   273.24769497276276
1.2827626805706884   40.97580953207829   265.1084472720388
1.3203674409449337   38.33234357962257   257.1059165593464
1.3590746016495152   35.85323872659524   249.23571014516799
1.3989164800420282   33.52877362620595   241.4942193951058
1.4399263408778291   31.349757722942535   233.88003992744794
1.4821384240834183   29.30750871034306   226.39292911929678
1.525587973344019   27.393830172661392   219.03281505949056
1.5703112655292182   25.600986852789575   211.7997709058218
1.6163456409812174   23.921680971331927   204.69399853584602
1.6637295346910133   22.349029594415057   197.71581237803463
1.7125025083885144   20.876543014462605   190.86562432052418
1.7627052835733923   19.498102770159765   184.14467585703682
1.814379775514258   18.207940097096873   177.55621319399046
1.8675691282445197   17.000621013746457   171.10347996530703
1.922317750584177   15.871028963681177   164.78932501531705
1.9786713532176083   14.814347565542022   158.6162120867125
2.0366769868582977   13.826044204764674   152.586230313313
2.0963830815323896   12.901854432977402   146.7011054391854
2.1578394870138577   12.03776702593166   140.9622425454578
2.2210975144450407   11.230007533563047   135.37139140621008
2.286209979177315   10.475025732798594   129.93052510515312
2.3532312448676476   9.769485715182157   124.64111627513293
2.4222172688678643   9.110253762080232   119.50413387900345
2.4932256489445366   8.494386741072589   114.5200732432905
2.5663156713684585   7.919121120414985   109.68898617534559
2.641548360413907   7.38186257210261   105.01051098140714
2.7189865293089923   6.880177064889244   100.48395264831878
2.798694832679631   6.411785368524761   96.1085308062397
2.8807398205309562   5.974549609064794   91.88317747057192
2.9651899938111903   5.566463104129812   87.8064585225377
3.05211586160442   5.185642809128363   83.8766073098444
3.1415899999999994   4.830322160872435   80.09155730961176
