0.01   2916.739755576639   2916.622804749391
0.010293154462191829   2939.0994415113073   2938.9814751565223
0.010594902878253955   2959.927323971522   2959.8082129755003
0.010905497183778876   2979.132373503859   2979.0122526660975
0.011225196699963396   2996.624051194632   2996.503292687842
0.011554268350120923   3012.308089301122   3012.187040240526
0.011892986882540897   3026.089571984952   3025.968424408463
0.012241635099881474   3037.87584793826   3037.754635052238
0.012600504095286909   3047.5739386391606   3047.4525837060396
0.012969893495426888   3055.0890754911434   3054.967474220152
0.013350111710660605   3060.329876525946   3060.207904992678
0.013741476192534558   3063.208384694079   3063.085906366685
0.014144313698828986   3063.6354021265624   3063.512308020428
0.01455896056637426   3061.525053319501   3061.401277748228
0.014985762991865008   3056.797788645655   3056.673307766971
0.01542507732090645   3049.378525408363   3049.2532768730543
0.015877270345534218   3039.196597883072   3039.0703776722908
0.016342719610456153   3026.1896687389835   3026.062127498012
0.016821813728271667   3010.304319992061   3010.1749762525483
0.017314952703931925   2991.495475263298   2991.363761420902
0.017822548268711737   2969.7282070966503   2969.5934875487683
0.01834502422397195   2944.978954258624   2944.8405334857694
0.018882816794999403   2917.2389930942313   2917.0961500092426
0.019436374995219892   2886.5149084849395   2886.3669313570463
0.02000616100108813   2852.8258468323365   2852.6720412828267
0.020592650537967844   2816.207433076492   2816.0471653290333
0.021196333277324068   2776.721843306001   2776.5546784959133
0.02181771324555934   2734.4463409146088   2734.2720696370984
0.022457309244835088   2689.4710385691383   2689.2896731936244
0.02311565528622961   2641.919127114848   2641.730961754173
0.023793301035594242   2591.9410501599054   2591.746700760979
0.024490812272480036   2539.6948861201427   2539.4952671420315
0.025208771362518027   2485.360266746346   2485.156652519268
0.0259477777436476   2429.1644910662662   2428.958731325615
0.02670844842659881   2371.341296895647   2371.135796409166
0.027491418510046592   2312.1256877677574   2311.923336237822
0.028297341710866907   2251.8034232531536   2251.6075502725757
0.029126890909937666   2190.6847997084346   2190.4991164277676
0.029980758713939952   2129.0633459366154   2128.8918672472555
0.030859658033628758   2067.243131397146   2067.0900742943577
0.031764322679055976   2005.5704828602397   2005.4401410404932
0.03269550797224261   1944.369416217183   1944.2661021837544
0.033653991377811755   1883.9411075092767   1883.8690488659593
0.03464057315210884   1824.6371015065668   1824.5998515991012
0.03565607701135116   1766.8105365202389   1766.8107409250597
0.036701350819364466   1710.7693803058553   1710.8088801993395
0.03777726729548091   1656.756731256699   1656.836443971274
0.038884724743189276   1604.9397699776748   1605.059415343176
0.04002464780014597   1555.454205621924   1555.612432478056
0.041197988210172884   1508.4304782145346   1508.6246868438307
0.04240572561788674   1464.103007567817   1464.327232317223
0.04364886838662332   1422.72563027981   1422.970002813903
0.04492845444033957   1384.5040524192623   1384.755307828422
0.04624555213019635   1349.3102895974264   1349.5532928830303
0.04760126112654554   1316.7376504016536   1316.956641984877
0.04899671333706607   1286.4061040818324   1286.5847357771795
0.05043307385181555   1257.980869838341   1258.102001910012
0.05191154191598653   1231.166633128493   1231.2121711956656
0.053433351931179485   1205.6768853317274   1205.6280219767718
0.05499977448602865   1181.1097914199422   1180.9486613525328
0.05661211741704101   1157.0216015963845   1156.7321698570686
0.05827172690053434   1132.9431206148217   1132.5125294284076
0.05997998857658587   1108.302106405207   1107.7237738700596
0.06173832870592997   1082.5474169354773   1081.821851546459
0.0635482153607709   1055.1046562777558   1054.2429344720974
0.06541115965050462   1025.4422048568683   1024.4670880251017
0.06732871698337338   993.214325108527   992.1608522535051
0.06930248836510605   958.2518230750949   957.1669350868815
0.07133412173562886   920.6290265225302   919.568359632666
0.07342531334496233   880.6614457748689   879.6856599127079
0.07557780916945323   838.8872471403985   838.0577799885328
0.07779340636952398   796.0277750127159   795.402842102431
0.08007395479015682   752.8925410504123   752.5222987017285
0.08242135850536496   710.3140991746145   710.2371153226104
0.08483757740794096   669.1579603762909   669.3956568911515
0.08732462884580919   630.2553517523163   630.8077695756596
0.08988458930634863   594.4367218482691   595.2751134882623
0.09251959615009227   562.3506362133493   563.4207116358299
0.09523184939525078   534.4668777836397   535.688930579135
0.09802361355455057   510.94319605305634   512.2161219915392
0.10089721952591899   491.54390557547856   492.7475601097965
0.10385506653859616   475.69240567097097   476.7089270752985
0.10689962415629803   462.51406930187017   463.24712667729193
0.11003343433910281   450.92961525432446   451.3109990596719
0.11325911356578279   439.7919815289786   439.7923013783261
0.11657935501835284   427.9597075861039   427.6062350826141
0.11999693083066039   414.470837375721   413.84734645589805
0.12351469440289359   398.6641826572905   397.90348545780205
0.12713558278394044   380.3327310872718   379.60278353582714
0.13086261912358757   359.7525367124219   359.24194145056936
0.13469891519660646   337.61716440967496   337.4984689263693
0.13864767400083483   314.9574955300839   315.3482177045953
0.14271219243142114   293.04913296324855   293.9967503932516
0.14689586403346616   273.1923851917743   274.6464901369652
0.1512021818353596   256.34515731773735   258.1545056367401
0.15563474126517718   242.83961273181404   244.8026853284461
0.16019724315257297   232.3552615684365   234.26260022302594
0.1648934968186736   224.1359214226329   225.7941314823865
0.1697274232565544   217.18057739981128   218.48712682394307
0.17470305840495237   210.2964181964196   211.25236798103555
0.17982455651794954   202.32012351607105   203.05601604372137
0.18509619363343993   192.6107910440458   193.3466224775407
0.19052237114327647   181.33574951943905   182.31449437628746
0.19610761946807834   169.25789920520117   170.66610861135672
0.20185660183976684   157.38400962748202   159.28857281849636
0.20777411819498756   146.71988064946663   149.0524497144806
0.21386510918267082   137.93954585055647   140.49665027680362
0.22013466028907505   131.07836374514898   133.63077175017213
0.22658800608375756   125.60055946822938   127.96875629031183
0.23323053459001789   120.62073186819283   122.74203216031339
0.2400677917834628   115.23288821283805   117.19479768446084
0.24710548622244882   109.01204443950405   111.02863188186257
0.25434949381426813   102.1741488415801   104.41966314193894
0.2618058627210567   95.30467941316961   97.86473607088189
0.2694808184095226   89.08907374672019   91.89422198591441
0.27738076884870827   83.9288344844831   86.82125891115597
0.2855123098601282   79.67928769327916   82.49043720096354
0.29388223062474755   75.8522607296086   78.51995289245683
0.3024975193514008   71.93378541718728   74.52256911505539
0.31136536911138296   67.70446273325912   70.35078513623185
0.3204931838440838   63.38332245971974   66.17650898371473
0.32988858453867975   59.3535859018811   62.272394731744576
0.3395594155970457   55.843088491224485   58.79178166827245
0.34951375138319807   52.78652618272646   55.67709947110954
0.3597599029647371   49.904848397677156   52.72403729959586
0.37030642505191835   46.98809409537121   49.80192168954951
0.3811621231401457   44.06855077865688   46.933861966631625
0.3923360608618501   41.318306016667584   44.22920535759179
0.4038375675538918   38.84815101882368   41.75355264644513
0.41567624604680364   36.595893715613315   39.459957616452336
0.42786198068238046   34.43504918651943   37.2680022396301
0.4404049455663077   32.31773013410315   35.15199048252698
0.4533156130627191   30.307876234803892   33.14933622535821
0.4666047625377753   28.457380184754612   31.282835503968524
0.4802834893595659   26.741237515414333   29.534744151437827
0.49436321416184764   25.10454475341288   27.873674748810053
0.5088556923793517   23.54051191807849   26.294849903478745
0.5237730240626238   22.07531442698117   24.80996132975483
0.5391276639805903   20.71054637524055   23.41580160666166
0.5549324320192869   19.423304348740682   22.09930097355136
0.5712005238854289   18.20372219230749   20.854008954047963
0.5879455221237613   17.05869287539613   19.680941068143042
0.6051814074573895   15.986512707155281   18.577055824405345
0.622922570460556   14.97671718446723   17.53532394508479
0.6411838235736077   14.026960418858225   16.552832587739587
0.6599804134701901   13.134960471641255   15.627230116179541
0.6793280337869897   12.29736372631427   14.755240891841847
0.6992428382266549   11.51098988216135   13.933760378148044
0.7197414540448374   10.772836937594692   13.159858885863969
0.7408409959326054   10.080071578749466   12.430772341967632
0.7625590803058332   9.430020100091745   11.743893529441426
0.7849138400134885   8.82017057246251   11.096779137402173
0.8079239394770964   8.24817628987381   10.487159387289385
0.8316085902740278   7.711820215156044   9.912891691845086
0.8559875671776167   7.209004475377959   9.371948564947576
0.8810812246675007   6.737744791219121   8.862412315453618
0.9069105139239728   6.296165102352006   8.382469896126274
0.9334970003205227   5.882492387068297   7.930407912698744
0.960862881429187   5.495051636115541   7.504607730938649
0.9890310055537336   5.13225865892349   7.103536583543772
1.0180248908061487   4.792614836680608   6.7257416426362076
1.047868744742366   4.474706976547778   6.369853050568149
1.0785874845736239   4.177203215926011   6.034580143231683
1.1102067579703248   3.898848714034107   5.71870715666657
1.1427529644757777   3.638461544280857   5.421089134871771
1.1762532775476793   3.3949287800780032   5.140648032645635
1.210735667245765   3.1672027695281   4.8763688106592
1.246228923584555   2.9542976501212883   4.62729112965643
1.2827626805706884   2.7552859550556716   4.392506847656487
1.3203674409449337   2.5692953217724024   4.171162664888056
1.3590746016495152   2.3955054408196337   3.9624571204078944
1.3989164800420282   2.2331451603488093   3.7656374741728005
1.4399263408778291   2.0814897357711355   3.5799967698971615
1.4821384240834183   1.9398582184820639   3.404871069047159
1.525587973344019   1.8076109537981127   3.2396361825096145
1.5703112655292182   1.684146953535035   3.0836973017169726
1.6163456409812174   1.5689018488945294   2.936491009408833
1.6637295346910133   1.461346023958856   2.797489913042266
1.7125025083885144   1.3609825972896046   2.6662003813822395
1.7627052835733923   1.2673455067773178   2.542160290289242
1.814379775514258   1.17999769834218   2.4249369241383496
1.8675691282445197   1.0985294134642167   2.3141250218474934
1.922317750584177   1.0225565371903353   2.209343497312972
1.9786713532176083   0.9517188615359858   2.1102242804571167
2.0366769868582977   0.8856788475248455   2.01641873721909
2.0963830815323896   0.8241203910831704   1.927601917276447
2.1578394870138577   0.766747520299267   1.8434708391381383
2.2210975144450407   0.7132831667428564   1.7637428765430765
2.286209979177315   0.6634680077408665   1.6881542720662348
2.3532312448676476   0.6170593758095121   1.6164587672658783
2.4222172688678643   0.5738303136971742   1.5484248095758568
2.4932256489445366   0.5335688811891953   1.4838288936992756
2.5663156713684585   0.49607687271619394   1.4224607758911498
2.641548360413907   0.46116884294110666   1.3641248186308754
2.7189865293089923   0.42867132518769074   1.3086388741171653
2.798694832679631   0.3984220945266045   1.2558332601784261
2.8807398205309562   0.37026947319014586   1.2055498209815605
2.9651899938111903   0.34407167596931026   1.1576410639632018
3.05211586160442   0.31969586061660876   1.111967106672816
3.1415899999999994   0.29701700439453105   1.0683907508791592
