0.01   3777.792802594545   3777.6472276550303
0.010293154462191829   3831.381937150164   3831.229788306788
0.010594902878253955   3884.030926972639   3883.8717670225474
0.010905497183778876   3935.624894269203   3935.458234340349
0.011225196699963396   3986.0456038453276   3985.8708720558216
0.011554268350120923   4035.1724048586393   4034.988942069656
0.011892986882540897   4082.8782310797437   4082.6852602287786
0.012241635099881474   4129.030811321055   4128.827412690386
0.012600504095286909   4173.496329689315   4173.281437303783
0.012969893495426888   4216.137510185895   4215.909927982944
0.013350111710660605   4256.809981086659   4256.568431135921
0.013741476192534558   4295.367913161596   4295.111045707638
0.014144313698828986   4331.665046889323   4331.391439054381
0.01455896056637426   4365.549741754045   4365.257852556859
0.014985762991865008   4396.867697545827   4396.555840556422
0.01542507732090645   4425.466281672968   4425.132627700882
0.015877270345534218   4451.19225237726   4450.834770785318
0.016342719610456153   4473.888942085568   4473.505269939077
0.016821813728271667   4493.402747158842   4492.990176627836
0.017314952703931925   4509.584269140115   4509.139748179713
0.017822548268711737   4522.2846741369385   4521.804756335985
0.01834502422397195   4531.359121969133   4530.839949732143
0.018882816794999403   4536.670357214758   4536.107679921584
0.019436374995219892   4538.088842051468   4537.478011143926
0.02000616100108813   4535.493101079636   4534.829049127595
0.020592650537967844   4528.772210964313   4528.04948066868
0.021196333277324068   4517.827690527972   4517.040491586399
0.02181771324555934   4502.57853555333   4501.720906135391
0.022457309244835088   4482.959305233156   4482.025207978347
0.02311565528622961   4458.919183978335   4457.902561270345
0.023793301035594242   4430.432284323477   4429.32733427956
0.024490812272480036   4397.502141376906   4396.303681726328
0.025208771362518027   4360.149015456073   4358.852543572919
0.0259477777436476   4318.415167353056   4317.017003206251
0.02670844842659881   4272.3911291378445   4270.8890336680415
0.027491418510046592   4222.192588336281   4220.585944127244
0.028297341710866907   4167.949951463826   4166.23973892121
0.029126890909937666   4109.844735040722   4108.034013777665
0.029980758713939952   4048.112757165649   4046.2071818649956
0.030859658033628758   3982.998373307695   3981.0060602190333
0.031764322679055976   3914.7667626675593   3912.698217993354
0.03269550797224261   3843.7544964952854   3841.6229013673337
0.033653991377811755   3770.3116392714214   3768.1327077158217
0.03464057315210884   3694.784430136123   3692.5760782415978
0.03565607701135116   3617.6028760714244   3615.384182825026
0.036701350819364466   3539.2664922183094   3537.0567565211986
0.03777726729548091   3460.248907425724   3458.067455775207
0.038884724743189276   3380.9867410317725   3378.85327504425
0.04002464780014597   3301.8652885072684   3299.8013737608467
0.041197988210172884   3223.2361089619394   3221.2652261551557
0.04240572561788674   3145.434481878678   3143.5811689221273
0.04364886838662332   3068.9619056603556   3067.242949536322
0.04492845444033957   2994.4253313378854   2992.843731127585
0.04624555213019635   2922.375613308188   2920.9217391136954
0.04760126112654554   2853.247516134605   2851.9011212277264
0.04899671333706607   2787.266968364372   2786.000280424945
0.05043307385181555   2724.6067119627655   2723.3854957761555
0.05191154191598653   2665.382687523567   2664.166524095941
0.053433351931179485   2609.4468058360835   2608.1876404826016
0.05499977448602865   2556.5572070561097   2555.199109403117
0.05661211741704101   2506.4646493500386   2504.944647232278
0.05827172690053434   2458.7678581539717   2457.0184725986487
0.05997998857658587   2413.021592333809   2410.9720839234756
0.06173832870592997   2368.7698853194674   2366.3488624453194
0.0635482153607709   2325.444576365414   2322.5881071010904
0.06541115965050462   2282.4808581573875   2279.134610697104
0.06732871698337338   2239.2253359715783   2235.3564784280084
0.06930248836510605   2194.940224776845   2190.549192456298
0.07133412173562886   2148.8949818955953   2144.0216907123836
0.07342531334496233   2100.2819492392414   2095.0250484562152
0.07557780916945323   2048.3684476048497   2042.8867373131984
0.07779340636952398   1992.580604552227   1987.100727208459
0.08007395479015682   1932.515536042989   1927.3273257645449
0.08242135850536496   1868.1974809546605   1863.6429839432903
0.08483757740794096   1799.9374305173158   1796.3951667734616
0.08732462884580919   1728.4981237594438   1726.353468974897
0.08988458930634863   1654.8732051429636   1654.4970106770372
0.09251959615009227   1580.3292398336916   1582.0546586542368
0.09523184939525078   1506.1819994292418   1510.2837136710039
0.09802361355455057   1433.7926366179752   1440.4535640981333
0.10089721952591899   1364.4899371328797   1373.7722346770706
0.10385506653859616   1299.5314948113148   1311.359112560704
0.10689962415629803   1239.9807016245907   1254.1347556721075
0.11003343433910281   1186.7187534628554   1202.8320121729716
0.11325911356578279   1140.1191349359005   1157.6938469134823
0.11657935501835284   1100.115481203625   1118.5477070966194
0.11999693083066039   1065.9048358771706   1084.6069698761205
0.12351469440289359   1036.2435508443298   1054.7083931317986
0.12713558278394044   1009.3827521774178   1027.2389717695642
0.13086261912358757   983.4513172144658   1000.5347777192313
0.13469891519660646   956.5789806972098   973.0022184771539
0.13864767400083483   927.1682242851965   943.3193932241084
0.14271219243142114   894.1103382766746   910.6106737928376
0.14689586403346616   856.9686034229301   874.6148554965948
0.1512021818353596   816.1456151269189   835.8621800340039
0.15563474126517718   772.7706522600563   795.3397452512487
0.16019724315257297   728.513647102242   754.427229625927
0.1648934968186736   685.360771829519   714.7980466650556
0.1697274232565544   645.3737818958094   678.0097789978745
0.17470305840495237   610.2822783537599   645.3537482538751
0.17982455651794954   580.9564582678472   617.3922512742517
0.18509619363343993   557.0902046361591   593.7110576074006
0.19052237114327647   537.3503563365364   573.1838251143706
0.19610761946807834   519.8770350527881   554.3769709267502
0.20185660183976684   502.691556552511   535.8091779649004
0.20777411819498756   483.93472560282777   516.2176930349399
0.21386510918267082   462.3607780335174   494.79062326832957
0.22013466028907505   437.99751742206803   471.67846100633653
0.22658800608375756   412.1719929014804   447.99643980789455
0.23323053459001789   386.77047526258417   424.98725043092355
0.2400677917834628   363.5433174447506   403.7646379336278
0.24710548622244882   343.6990118989505   384.98969360533135
0.25434949381426813   327.4483540297338   368.69211177013005
0.2618058627210567   313.852817906133   354.20299356926927
0.2694808184095226   301.33425944129726   340.49753339167034
0.27738076884870827   288.26095121731566   326.6099424621475
0.2855123098601282   273.73093532222885   312.18046191196925
0.29388223062474755   258.04995515331046   297.3902014982132
0.3024975193514008   242.39586226887036   283.0322136830376
0.31136536911138296   228.00272146694073   269.59095959696253
0.3204931838440838   215.63237936221108   257.465578888112
0.32988858453867975   205.12666031618923   246.45979875477184
0.3395594155970457   195.52376509451668   236.08911226249214
0.34951375138319807   185.8352443299068   225.8774891152581
0.3597599029647371   175.6286006260468   215.74049282901984
0.37030642505191835   165.25978833706748   205.81195145778796
0.3811621231401457   155.51221576616138   196.41086772753948
0.3923360608618501   146.8532627764247   187.67492260996525
0.4038375675538918   139.1509844837757   179.5369905610356
0.41567624604680364   131.87248709843115   171.76489623159716
0.42786198068238046   124.5779167860602   164.21877572777643
0.4404049455663077   117.3107602554298   156.92040647475517
0.4533156130627191   110.43312557289008   149.98839057220138
0.4666047625377753   104.16971712186394   143.4605809476294
0.4802834893595659   98.40765579748363   137.2873770469757
0.49436321416184764   92.87311927879607   131.37922567370643
0.5088556923793517   87.46711800377653   125.70569767160018
0.5237730240626238   82.3156238844662   120.30137773853839
0.5391276639805903   77.53678694186782   115.18210573864317
0.5549324320192869   73.07657473864612   110.31684482200362
0.5712005238854289   68.81685906901856   105.672502917479
0.5879455221237613   64.73884511522333   101.24137849671787
0.6051814074573895   60.90070155390094   97.02735351828609
0.622922570460556   57.30770426083221   93.02362106567026
0.6411838235736077   53.90763022609134   89.20693453277482
0.6599804134701901   50.67765919186928   85.56963622411129
0.6793280337869897   47.633947612894005   82.10891175827393
0.6992428382266549   44.77130400782153   78.81435643762677
0.7197414540448374   42.0710651951937   75.67658565680972
0.7408409959326054   39.52277613671871   72.68764464568153
0.7625590803058332   37.118927717567615   69.84000245693811
0.7849138400134885   34.852426299682136   67.12652834342974
0.8079239394770964   32.71642190638433   64.5404705392815
0.8316085902740278   30.704309912079175   62.07543558912923
0.8559875671776167   28.809731505913216   59.725368822306166
0.8810812246675007   27.026565606277835   57.484523452698944
0.9069105139239728   25.348783012178114   55.34719376191432
0.9334970003205227   23.770494978388882   53.30775332854005
0.960862881429187   22.286113914552764   51.3609087601874
0.9890310055537336   20.890345694907207   49.50168809142005
1.0180248908061487   19.5781755266968   47.72541933974245
1.047868744742366   18.34485442081124   46.02771061209845
1.0785874845736239   17.185886243645196   44.404431641774735
1.1102067579703248   16.09702055665367   42.85164871292664
1.1427529644757777   15.074261402736802   41.36540630967553
1.1762532775476793   14.113830852062684   39.941918315287325
1.210735667245765   13.212148389896388   38.577647201780856
1.246228923584555   12.3658220042594   37.2692862346317
1.2827626805706884   11.571639578416246   36.01374301890068
1.3203674409449337   10.826560576685505   34.80812435248872
1.3590746016495152   10.127707985747469   33.64972126756929
1.3989164800420282   9.472357375899946   32.53590251736371
1.4399263408778291   8.857927999536477   31.464042769455943
1.4821384240834183   8.281981920122846   30.431682434062154
1.525587973344019   7.742217469320436   29.43653395915695
1.5703112655292182   7.236462299107225   28.476469574853674
1.6163456409812174   6.762666739316454   27.549510054204404
1.6637295346910133   6.3188974507174605   26.653814395367235
1.7125025083885144   5.90333133914759   25.787667255885793
1.7627052835733923   5.51424952150055   24.949437466498246
1.814379775514258   5.150031985457605   24.137587559396184
1.8675691282445197   4.809152531956995   23.350691962137766
1.922317750584177   4.490173745564083   22.587430030619622
1.9786713532176083   4.191742201437672   21.846579185124718
2.0366769868582977   3.912583903448209   21.127008562146234
2.0963830815323896   3.6514999443090406   20.427673131425202
2.1578394870138577   3.4073620289566815   19.747606494411237
2.2210975144450407   3.179107824249959   19.085911740685198
2.286209979177315   2.965738458376139   18.44176222381282
2.3532312448676476   2.766315228440263   17.81439853885782
2.4222172688678643   2.579956174129348   17.203124284697893
2.4932256489445366   2.4058328320001996   16.607302078757957
2.5663156713684585   2.243167161909513   16.02634979793404
2.641548360413907   2.091228668867238   15.459740490851003
2.7189865293089923   1.9493326373905826   14.90711234292017
2.798694832679631   1.8168374082768808   14.368271368450438
2.8807398205309562   1.693140520858851   13.843037158621696
2.9651899938111903   1.5776763916612861   13.331232606757657
3.05211586160442   1.4699141992084104   12.832683387734518
3.1415899999999994   1.3693558788095521   12.347217465741242
