0.01   12027.453216111755   12024.39212298014
0.010293154462191829   12169.080965799329   12165.754443735039
0.010594902878253955   12306.808184184847   12303.190450222888
0.010905497183778876   12440.30432410385   12436.365788815483
0.011225196699963396   12569.224776189028   12564.933503056809
0.011554268350120923   12693.21140803643   12688.534649477067
0.011892986882540897   12811.903739264646   12806.808088121588
0.012241635099881474   12924.93594818604   12919.386684784462
0.012600504095286909   13031.927110145385   13025.885769048506
0.012969893495426888   13132.494251070926   13125.918116588768
0.013350111710660605   13226.25579505819   13219.097980109962
0.013741476192534558   13312.818206280319   13305.02834333228
0.014144313698828986   13391.781440640947   13383.306260013971
0.01455896056637426   13462.751951893759   13453.535452608689
0.014985762991865008   13525.33791276003   13515.320754803253
0.01542507732090645   13579.141344875557   13568.259144840296
0.015877270345534218   13623.774173134649   13611.957455876072
0.016342719610456153   13658.861324464962   13646.035733061844
0.016821813728271667   13684.030505208499   13670.116464967727
0.017314952703931925   13698.920865676928   13683.833620336094
0.017822548268711737   13703.192816878543   13686.842889193114
0.01834502422397195   13696.526937375469   13678.820382506941
0.018882816794999403   13678.623731917543   13659.462254781174
0.019436374995219892   13649.21185913111   13628.493450509506
0.02000616100108813   13608.05273238486   13585.672245285574
0.020592650537967844   13554.950976923708   13530.79980239571
0.021196333277324068   13489.75060771274   13463.717140809274
0.02181771324555934   13412.333822244713   13384.304518062423
0.022457309244835088   13322.644414514862   13292.507070650929
0.02311565528622961   13220.694822654943   13188.342437918935
0.023793301035594242   13106.540040613922   13071.871952491456
0.024490812272480036   12980.29354200929   12943.216856209388
0.025208771362518027   12842.185613218559   12802.618243135708
0.0259477777436476   12692.505398186913   12650.377337585152
0.02670844842659881   12531.582699944269   12486.836829252765
0.027491418510046592   12359.875768528826   12312.473309923349
0.028297341710866907   12177.958546796486   12127.883693315536
0.029126890909937666   11986.428476011644   11933.688021311194
0.029980758713939952   11785.957670164824   11730.581685111236
0.030859658033628758   11577.409089477002   11519.454218150884
0.031764322679055976   11361.673611946015   11301.22214530392
0.03269550797224261   11139.642770845167   11076.800736834495
0.033653991377811755   10912.384498112433   10847.280849716977
0.03464057315210884   10681.061692191795   10613.846585460817
0.03565607701135116   10446.783936622649   10377.62585690705
0.036701350819364466   10210.692121740947   10139.773262147892
0.03777726729548091   9974.060790242751   9901.570303229126
0.038884724743189276   9738.099944937774   9664.23093160527
0.04002464780014597   9503.945322376903   9428.890680180322
0.041197988210172884   9272.817972028832   9196.752062254638
0.04240572561788674   9045.918670878495   8968.988771583145
0.04364886838662332   8824.330188130234   8746.657021559242
0.04492845444033957   8608.90037071695   8530.56978309959
0.04624555213019635   8400.182875549934   8321.232879493737
0.04760126112654554   8198.647182814791   8119.070137793765
0.04899671333706607   8004.726533321031   7924.46591965613
0.05043307385181555   7818.928766446204   7737.843312987497
0.05191154191598653   7641.749012847198   7559.604845503076
0.053433351931179485   7473.552680481668   7390.034723491924
0.05499977448602865   7313.420865663457   7228.214686026903
0.05661211741704101   7159.471791104943   7072.327953684403
0.05827172690053434   7009.9499543524835   6920.683951989621
0.05997998857658587   6863.447505942371   6771.944451478863
0.06173832870592997   6718.847792409937   6625.0654590705335
0.0635482153607709   6575.067790486255   6479.045811101729
0.06541115965050462   6430.635116557745   6332.5842151923625
0.06732871698337338   6283.99014231008   6184.324109602899
0.06930248836510605   6133.53208327353   6032.922205201217
0.07133412173562886   5977.432116719807   5876.9281833125015
0.07342531334496233   5814.0712066063825   5715.087394239546
0.07557780916945323   5642.213989839212   5546.551020582959
0.07779340636952398   5460.996437551355   5370.800576170332
0.08007395479015682   5270.586634235483   5188.271286535625
0.08242135850536496   5071.940241691416   5000.09210185402
0.08483757740794096   4867.0310801221785   4808.125971720507
0.08732462884580919   4658.659191973803   4614.823234586313
0.08988458930634863   4449.96127606294   4422.848938034971
0.09251959615009227   4244.219364781135   4234.93417187176
0.09523184939525078   4044.5657926375357   4053.5078698138973
0.09802361355455057   3853.8613174892107   3880.681705206961
0.10089721952591899   3674.756554269693   3718.3423974650714
0.10385506653859616   3509.479148159551   3567.9169751824948
0.10689962415629803   3359.7922055821377   3430.200179656338
0.11003343433910281   3226.5391409010117   3305.388019875558
0.11325911356578279   3109.122261567268   3192.741913735398
0.11657935501835284   3005.715440844101   3090.628448200231
0.11999693083066039   2912.7992353272643   2996.152126757031
0.12351469440289359   2826.1874602498588   2906.182276083839
0.12713558278394044   2741.279390579076   2817.56755143237
0.13086261912358757   2653.950727043349   2727.8308902771723
0.13469891519660646   2560.9025797910863   2635.163057705456
0.13864767400083483   2460.1548530073487   2538.5845681572964
0.14271219243142114   2351.440945796811   2438.336142842903
0.14689586403346616   2236.1561421544407   2335.7517308706715
0.1512021818353596   2117.290969378772   2233.0393675540618
0.15563474126517718   1998.658312482659   2132.4274018248066
0.16019724315257297   1884.3716873513367   2036.1605401378042
0.1648934968186736   1778.4488817375627   1946.3345747649932
0.1697274232565544   1684.312709430947   1864.1031006920157
0.17470305840495237   1603.587006807414   1790.1367284713099
0.17982455651794954   1535.2062473860194   1723.320957506821
0.18509619363343993   1475.6929064957249   1661.3527360764833
0.19052237114327647   1420.6069419728904   1602.205318222443
0.19610761946807834   1365.9535838422562   1544.063907016404
0.20185660183976684   1308.4874113805743   1485.8345948279068
0.20777411819498756   1246.103217400955   1426.706700199798
0.21386510918267082   1179.1353330407014   1367.6445349242167
0.22013466028907505   1110.6770160765861   1309.6127132702138
0.22658800608375756   1044.7537120298941   1254.1519437935174
0.23323053459001789   984.4666329950963   1202.269866462335
0.2400677917834628   931.577337634672   1154.0706745568075
0.24710548622244882   886.0607235218773   1109.2603103224799
0.25434949381426813   845.779942848888   1067.065345286504
0.2618058627210567   807.646359462717   1026.4994347169836
0.2694808184095226   768.9546301892871   986.8754433609835
0.27738076884870827   728.3391845248508   948.1056866171849
0.2855123098601282   686.618605208028   910.4838277952265
0.29388223062474755   646.1347273190042   874.4270562017324
0.3024975193514008   608.8329538010533   840.2213988051047
0.31136536911138296   575.5851334597464   807.8646460413864
0.3204931838440838   545.9139425460031   777.3285097450934
0.32988858453867975   518.080817513235   747.9998942002311
0.3395594155970457   490.56329757727315   719.893153301899
0.34951375138319807   462.9409398449751   692.6901067052881
0.3597599029647371   435.8534534484797   666.6355829245233
0.37030642505191835   410.47074634102347   641.794618826272
0.3811621231401457   387.3176896682876   618.1975262258651
0.3923360608618501   365.9796332107211   595.6940189898289
0.4038375675538918   345.6907738966803   574.1788564270462
0.41567624604680364   325.9202059571947   553.5014808894402
0.42786198068238046   306.79605556484216   533.7078819022507
0.4404049455663077   288.78154739045556   514.8212751397111
0.4533156130627191   272.0503994294803   496.7977981382904
0.4666047625377753   256.37982369845815   479.5904901278918
0.4802834893595659   241.43325050228563   463.115572904167
0.49436321416184764   227.13829559726918   447.3287634520243
0.5088556923793517   213.61410400401525   432.2265848139151
0.5237730240626238   200.94506025680977   417.80482478891616
0.5391276639805903   189.01835516264418   404.00299955220805
0.5549324320192869   177.70953931464965   390.7849900592651
0.5712005238854289   166.9961803666093   378.1123396951368
0.5879455221237613   156.9083412310464   365.9809967676869
0.6051814074573895   147.4161122196409   354.36057593330764
0.622922570460556   138.4540662564787   343.2117636470887
0.6411838235736077   129.9929304323674   332.5114501102795
0.6599804134701901   122.02466913313778   322.2450157237295
0.6793280337869897   114.52292145197264   312.38470882891
0.6992428382266549   107.4543933839688   302.90923074538705
0.7197414540448374   100.7982459006393   293.79762859922374
0.7408409959326054   94.53379586634112   285.02982371038433
0.7625590803058332   88.63963715993081   276.5862038834092
0.7849138400134885   83.09523425176265   268.4476283641363
0.8079239394770964   77.8810970317753   260.59623353229915
0.8316085902740278   72.978733874481   253.01534397176994
0.8559875671776167   68.37060639647545   245.68939088644194
0.8810812246675007   64.04008587298263   238.60383719837031
0.9069105139239728   59.971412527994296   231.74509189259265
0.9334970003205227   56.149703002587415   225.09977488107418
0.960862881429187   52.56091184443585   218.65452464256552
0.9890310055537336   49.19172201370266   212.3968837448395
1.0180248908061487   46.02950807899718   206.31530573021192
1.047868744742366   43.06230569244782   200.3990977428049
1.0785874845736239   40.27878199811751   194.63836792653223
1.1102067579703248   37.66820697867613   189.02397711023863
1.1427529644757777   35.22042305368315   183.5474852648981
1.1762532775476793   32.925797538574685   178.20103592930525
1.210735667245765   30.775214560760574   172.97736695605684
1.246228923584555   28.760064817442455   167.86982549225903
1.2827626805706884   26.872220254699993   162.87233491631576
1.3203674409449337   25.104009664640667   157.97936346811997
1.3590746016495152   23.448195336267712   153.18589484706607
1.3989164800420282   21.897950728044613   148.4874005609724
1.4399263408778291   20.446839055016024   143.88001598335057
1.4821384240834183   19.08879276576231   139.36095249834526
1.525587973344019   17.818094338754097   134.92786193092448
1.5703112655292182   16.62935776827025   130.57866480861173
1.6163456409812174   15.517510852825303   126.31153392026378
1.6637295346910133   14.477778316768218   122.12487829516915
1.7125025083885144   13.505665734248161   118.01732754960406
1.7627052835733923   12.596944190396755   113.98773368058887
1.814379775514258   11.747634418145973   110.03582105501971
1.8675691282445197   10.953992981631517   106.16227283926165
1.922317750584177   10.212501072118144   102.36777232840532
1.9786713532176083   9.519852011100243   98.65293210608421
2.0366769868582977   8.872939256110708   95.01829174665387
2.0963830815323896   8.268845024851785   91.464315761365
2.1578394870138577   7.70482951021157   87.99139179467225
2.2210975144450407   7.178320439322411   84.59990464495657
2.286209979177315   6.6869017214410595   81.29083784156464
2.3532312448676476   6.228305750893215   78.06534005971606
2.4222172688678643   5.80040590166639   74.92431026935544
2.4932256489445366   5.401208196972237   71.86840470260178
2.5663156713684585   5.028843427896026   68.89804847252671
2.641548360413907   4.681559710958334   66.01344740631622
2.7189865293089923   4.357715462461155   63.214600047633105
2.798694832679631   4.055773680098912   60.501455040373145
2.8807398205309562   3.774297374811616   57.87421983586489
2.9651899938111903   3.5119406244003972   55.33291914576409
3.05211586160442   3.2674424704826075   52.87730535692628
3.1415899999999994   3.0396218503070807   50.50688046132908
