0.01   8441.906289518   8441.425082699463
0.010293154462191829   8534.292344886186   8533.781354167319
0.010594902878253955   8623.113167139567   8622.570408625283
0.010905497183778876   8708.085250181332   8707.509169945462
0.011225196699963396   8788.911968019222   8788.300509863706
0.011554268350120923   8865.291585306286   8864.641809987885
0.011892986882540897   8936.922526807688   8936.230604340346
0.012241635099881474   9003.491362645129   9002.75298084926
0.012600504095286909   9064.670681801565   9063.881567844432
0.012969893495426888   9120.135888058883   9119.291861519905
0.013350111710660605   9169.563155863643   9168.660027823744
0.013741476192534558   9212.616629592405   9211.649717619046
0.014144313698828986   9248.964168022268   9247.928182828084
0.01455896056637426   9278.283113860583   9277.172166446368
0.014985762991865008   9300.245437838768   9299.05285027516
0.01542507732090645   9314.522551087051   9313.240707098343
0.015877270345534218   9320.80228626431   9319.422667099103
0.016342719610456153   9318.784962755877   9317.298105020778
0.016821813728271667   9308.174316053806   9306.56962227565
0.017314952703931925   9288.695612663842   9286.961390324204
0.017822548268711737   9260.10040402242   9258.22390353042
0.01834502422397195   9222.159834601027   9220.126763842709
0.018882816794999403   9174.671834265697   9172.46615560878
0.019436374995219892   9117.469827103174   9115.073932284466
0.02000616100108813   9050.426804581266   9047.822034914921
0.020592650537967844   8973.458815428636   8970.626249821446
0.021196333277324068   8886.52459277206   8883.445320674076
0.02181771324555934   8789.631804443334   8786.287274292232
0.022457309244835088   8682.863339878984   8679.236379837734
0.02311565528622961   8566.358851024865   8562.434160236393
0.023793301035594242   8440.304489004746   8436.068842070845
0.024490812272480036   8304.978380524104   8300.42247466668
0.025208771362518027   8160.757670593433   8155.878211697692
0.0259477777436476   8008.0592207628215   8002.858841815219
0.02670844842659881   7847.36475574896   7841.852432544941
0.027491418510046592   7679.3116254688875   7673.50510748266
0.028297341710866907   7504.583995200504   7498.509787050537
0.029126890909937666   7323.88245066704   7317.575041177663
0.029980758713939952   7138.069273648654   7131.572121795701
0.030859658033628758   6948.122048050186   6941.487979531772
0.031764322679055976   6754.984022638107   6748.273827416246
0.03269550797224261   6559.637631293275   6552.918921409478
0.033653991377811755   6363.229950532267   6356.5765262829955
0.03464057315210884   6166.856463124898   6160.346929542319
0.03565607701135116   5971.550186524881   5965.265920202918
0.036701350819364466   5778.574323915521   5772.592120428441
0.03777726729548091   5589.240816364992   5583.629147197551
0.038884724743189276   5404.701616947644   5399.521037801849
0.04002464780014597   5225.895266537901   5221.19785835224
0.041197988210172884   5053.517654373147   5049.345766548306
0.04240572561788674   4888.144061622477   4884.531241278146
0.04364886838662332   4730.357588114912   4727.32377873312
0.04492845444033957   4581.311472376674   4578.826864382804
0.04624555213019635   4442.253567690264   4440.230379109981
0.04760126112654554   4314.210696280146   4312.511184749443
0.04899671333706607   4197.126401446132   4195.5796902553375
0.05043307385181555   4090.1025616208076   4088.5173443385615
0.05191154191598653   3992.2971242355197   3990.4628712344343
0.053433351931179485   3902.8657534433537   3900.5493553184515
0.05499977448602865   3820.9663742318926   3817.9092336402086
0.05661211741704101   3745.773664979724   3741.694684505872
0.05827172690053434   3676.0599749601406   3670.675334526621
0.05997998857658587   3610.4554759044613   3603.4884293568293
0.06173832870592997   3547.471149356034   3538.6699037907265
0.0635482153607709   3485.236257228714   3474.4138090595293
0.06541115965050462   3421.875325745881   3408.923034627849
0.06732871698337338   3355.17181558421   3340.117778028602
0.06930248836510605   3282.8907985464907   3265.9246880067103
0.07133412173562886   3203.040566462023   3184.556578228749
0.07342531334496233   3113.928890342719   3094.5482981946957
0.07557780916945323   3014.546694042449   2995.0803595917096
0.07779340636952398   2904.611681152316   2886.0142244425433
0.08007395479015682   2784.7760905518694   2768.150591858351
0.08242135850536496   2656.5409297087303   2643.1197426114613
0.08483757740794096   2522.1176347914275   2513.075881527899
0.08732462884580919   2384.1429085930795   2380.481622711255
0.08988458930634863   2245.640538963575   2248.1968526604137
0.09251959615009227   2109.779453998547   2119.1551997139627
0.09523184939525078   1979.9813424093056   1996.3873613410115
0.09802361355455057   1859.30827668   1882.5479745388393
0.10089721952591899   1750.7410908410482   1780.1241172052623
0.10385506653859616   1656.3751193674211   1690.778112365655
0.10689962415629803   1577.3836282163884   1615.2605458766338
0.11003343433910281   1513.5962170136675   1553.1449675613082
0.11325911356578279   1463.6824612324376   1502.984261132646
0.11657935501835284   1425.0283325993812   1462.3281873010292
0.11999693083066039   1394.2886216924283   1428.1610015618694
0.12351469440289359   1367.3814404831976   1396.9225913567634
0.12713558278394044   1339.9995336729414   1365.082594229148
0.13086261912358757   1307.9903145703097   1329.408767436072
0.13469891519660646   1267.9740553950394   1287.3619735793523
0.13864767400083483   1218.0094391091568   1237.6485073259607
0.14271219243142114   1157.8896242611868   1180.4658112002219
0.14689586403346616   1089.249477412882   1117.487971689921
0.1512021818353596   1015.4520233600113   1051.5114572546222
0.15563474126517718   941.2559173629281   986.2395875401751
0.16019724315257297   871.9485887474382   925.475720657285
0.1648934968186736   812.0208135198168   872.3053332183945
0.1697274232565544   763.9611832853818   828.2795900658284
0.17470305840495237   727.8844564629235   792.9818217177591
0.17982455651794954   702.0245204927056   764.7700696199964
0.18509619363343993   683.1916968159885   741.3662071220815
0.19052237114327647   666.8825137628666   719.5204576920568
0.19610761946807834   648.0172873507476   695.9751566864353
0.20185660183976684   622.7794494781981   668.7800175590629
0.20777411819498756   590.1393992103832   637.4767798280245
0.21386510918267082   551.7977504092007   603.4067147854438
0.22013466028907505   511.36834077928364   569.0112490017541
0.22658800608375756   473.328440564678   536.8159764684395
0.23323053459001789   441.48589053861   508.8730888422653
0.2400677917834628   417.4306140550924   485.547306870099
0.24710548622244882   400.20861788639786   466.0267787525721
0.25434949381426813   386.7714600073506   448.664696846018
0.2618058627210567   373.0396176393004   431.3896215893154
0.2694808184095226   355.9945390896449   412.95417131560237
0.27738076884870827   335.0749336894594   393.1204512210053
0.2855123098601282   312.0029229019027   373.1531262441299
0.29388223062474755   289.9053083003164   354.2061856416906
0.3024975193514008   271.5014118581206   337.2868325481425
0.31136536911138296   257.40405457880115   322.5173858175599
0.3204931838440838   246.15653301573334   308.95788012225563
0.32988858453867975   235.2566010515166   295.9172101904189
0.3395594155970457   222.78120375814035   282.80773316652744
0.34951375138319807   208.7705384130091   269.58836198174
0.3597599029647371   194.81656120479923   256.9332335965399
0.37030642505191835   182.60838523266906   245.202094192071
0.3811621231401457   172.65897658021538   234.48904154031405
0.3923360608618501   163.99307788444708   224.42397882538643
0.4038375675538918   155.2199516896512   214.6896923921232
0.41567624604680364   145.84833295889192   205.16772779602414
0.42786198068238046   136.52121440755255   196.04819396868396
0.4404049455663077   128.1587916135296   187.5011720643453
0.4533156130627191   120.92215506348104   179.45376237302347
0.4666047625377753   114.21163097058691   171.83236483377345
0.4802834893595659   107.45337415643269   164.50320988156943
0.49436321416184764   100.76258289733856   157.46875945941343
0.5088556923793517   94.57809247486176   150.8145195466936
0.5237730240626238   89.01856503784998   144.5464851936569
0.5391276639805903   83.78586454129811   138.57024180307155
0.5549324320192869   78.6723412840926   132.85588160956604
0.5712005238854289   73.79935859489282   127.41082993035972
0.5879455221237613   69.31002176379826   122.25111196507402
0.6051814074573895   65.12597436564711   117.35089052793258
0.622922570460556   61.12329529605814   112.66668783444936
0.6411838235736077   57.329196691106176   108.21101906690568
0.6599804134701901   53.765074836402036   103.96498811793558
0.6793280337869897   50.422048000651756   99.92507307083031
0.6992428382266549   47.284759271248646   96.07952984792763
0.7197414540448374   44.3390710941236   92.41730913989078
0.7408409959326054   41.572001925243875   88.92806682198093
0.7625590803058332   38.97162012055153   85.60211450351629
0.7849138400134885   36.526948229601345   82.43037383511788
0.8079239394770964   34.22787659032525   79.40433426782988
0.8316085902740278   32.065364526827594   76.51598442199268
0.8559875671776167   30.032028926471764   73.75769979294626
0.8810812246675007   28.1210522188827   71.1223089172463
0.9069105139239728   26.32588587414456   68.60308941345333
0.9334970003205227   24.640248801167505   66.19373693614514
0.960862881429187   23.058124687414203   63.88833647509182
0.9890310055537336   21.573758405324597   61.68133580888886
1.0180248908061487   20.181651300936455   59.56752027780896
1.047868744742366   18.876478639990008   57.541814998673125
1.0785874845736239   17.65301039119361   55.59906308883564
1.1102067579703248   16.50629475320294   53.734401932189186
1.1427529644757777   15.431670755616027   51.943300657750285
1.1762532775476793   14.424751671348963   50.22153592114535
1.210735667245765   13.481409351028136   48.56516969515952
1.246228923584555   12.597759429188947   46.97052888664206
1.2827626805706884   11.770147685792242   45.43418461793233
1.3203674409449337   10.995153028712364   43.952833643860785
1.3590746016495152   10.269577103778479   42.52325066421002
1.3989164800420282   9.590405883746133   41.1424291511888
1.4399263408778291   8.954797962636325   39.80757844894967
1.4821384240834183   8.360075554768454   38.51610886880463
1.525587973344019   7.803715894631163   37.26561800028503
1.5703112655292182   7.283343025034101   36.053878121167315
1.6163456409812174   6.796719746489977   34.87882462243107
1.6637295346910133   6.341736179016046   33.73854573076162
1.7125025083885144   5.916404231613509   32.63127252620299
1.7627052835733923   5.51885526974676   31.55536933732862
1.814379775514258   5.147333499557191   30.509325232226075
1.8675691282445197   4.800189524134941   29.49174612146052
1.922317750584177   4.475874240504633   28.501347395865817
1.9786713532176083   4.172933061278845   27.536947045679206
2.0366769868582977   3.890000407509478   26.597465333809353
2.0963830815323896   3.625794198611417   25.68197574838896
2.1578394870138577   3.3791112255180975   24.789664250017214
2.2210975144450407   3.148822779236754   23.91978192809929
2.286209979177315   2.9338702535666856   23.071640181856612
2.3532312448676476   2.7332609882256667   22.24460670281385
2.4222172688678643   2.5460643438454   21.438101638419802
2.4932256489445366   2.3714079969651753   20.651593921382933
2.5663156713684585   2.208474686566761   19.884637103135578
2.641548360413907   2.05650000995558   19.137055828317177
2.7189865293089923   1.914768032779161   18.408758691897216
2.798694832679631   1.7826077924217647   17.699637906391683
2.8807398205309562   1.6593906202949922   17.009569565090086
2.9651899938111903   1.5445276128066738   16.3384141277746
3.05211586160442   1.4374672425564494   15.68601692907882
3.1415899999999994   1.337693102833412   15.052208707374922
