0.01   701.392263519992   701.3723976327041
0.010293154462191829   711.3721225918315   711.3519922154946
0.010594902878253955   721.177145721969   721.1567486945984
0.010905497183778876   730.786170506727   730.7655036140634
0.011225196699963396   740.1775252152485   740.1565849665503
0.011554268350120923   749.329085605206   749.307868731071
0.011892986882540897   758.2172685669585   758.1957793768541
0.012241635099881474   766.8173088213867   766.7955651731994
0.012600504095286909   775.1041385738407   775.0821725735901
0.012969893495426888   783.0520895276613   783.0299399352374
0.013350111710660605   790.6343059669678   790.6119968640796
0.013741476192534558   797.8236824973062   797.8012191041772
0.014144313698828986   804.5930308885361   804.57040033878
0.01455896056637426   810.9141363113807   810.8913238052511
0.014985762991865008   816.7582717795408   816.7352710870712
0.01542507732090645   822.0970180688475   822.0738319778483
0.015877270345534218   826.9018593764233   826.8784960405176
0.016342719610456153   831.1436813744418   831.1201460613049
0.016821813728271667   834.7939437050942   834.7702376654057
0.017314952703931925   837.824875749023   837.800996094219
0.017822548268711737   840.2087142717579   840.1846532854726
0.01834502422397195   841.9183869872427   841.8941318026223
0.018882816794999403   842.9282300928794   842.9037626361098
0.019436374995219892   843.2140761247042   843.1893628857658
0.02000616100108813   842.75336519284   842.728339425616
0.020592650537967844   841.5255102077446   841.5000705869087
0.021196333277324068   839.5122260019614   839.4862432270204
0.02181771324555934   836.6984017568175   836.671758847545
0.022457309244835088   833.0717898748293   833.0443990817322
0.02311565528622961   828.6228640053572   828.5946668383987
0.023793301035594242   823.3467720169308   823.3177253400747
0.024490812272480036   817.2441870420173   817.2142434775604
0.025208771362518027   810.3188962513084   810.2880033584019
0.0259477777436476   802.5787626006697   802.5468710258554
0.02670844842659881   794.0405465710153   794.007649840661
0.027491418510046592   784.7256640330967   784.6918102387039
0.028297341710866907   774.6582747054814   774.6235644678085
0.029126890909937666   763.8720865655881   763.8366816319405
0.029980758713939952   752.410954311685   752.3750867967327
0.030859658033628758   740.3203254118005   740.2842930324416
0.031764322679055976   727.6495146990803   727.6136814068794
0.03269550797224261   714.4610853334083   714.4259028276178
0.033653991377811755   700.8201068468044   700.7861126553511
0.03464057315210884   686.7909426530024   686.7587460713166
0.03565607701135116   672.4535307573228   672.4237235337284
0.036701350819364466   657.9007339156203   657.8738120197672
0.03777726729548091   643.2206084095359   643.196973569373
0.038884724743189276   628.4943405448827   628.4743936063433
0.04002464780014597   613.793596149043   613.7780323450564
0.041197988210172884   599.1837743674089   599.1736162589777
0.04240572561788674   584.7272466675688   584.7237591144515
0.04364886838662332   570.5172587794208   570.5211412035918
0.04492845444033957   556.6666437555285   556.6774728187124
0.04624555213019635   543.2778117412922   543.2941364126906
0.04760126112654554   530.4316111027231   530.4514016588371
0.04899671333706607   518.1701087627436   518.1917586745087
0.05043307385181555   506.52548761657204   506.54793718612405
0.05191154191598653   495.5193613742435   495.54196061674844
0.053433351931179485   485.12421711665996   485.1460888310026
0.05499977448602865   475.29509201447695   475.3149011258826
0.05661211741704101   465.9856551688372   466.0016232326442
0.05827172690053434   457.12134487927773   457.13114934561503
0.05997998857658587   448.6194359561467   448.6201939875432
0.06173832870592997   440.3951900150888   440.38358694362745
0.0635482153607709   432.342957830668   432.31558268471775
0.06541115965050462   424.35770417929217   424.311162220159
0.06732871698337338   416.31796782207   416.2494805919725
0.06930248836510605   408.0866402588842   407.9946408054561
0.07133412173562886   399.5279311701937   399.4122721671177
0.07342531334496233   390.4916370096809   390.354194320965
0.07557780916945323   380.8414923662481   380.6861552597329
0.07779340636952398   370.47082007644667   370.30332986881746
0.08007395479015682   359.30475154123036   359.13242582826615
0.08242135850536496   347.3478112281117   347.17890530014006
0.08483757740794096   334.6578207795517   334.50106083025605
0.08732462884580919   321.3765337045739   321.24079986895225
0.08988458930634863   307.68864678761736   307.5826604489123
0.09251959615009227   293.82975107180147   293.7616920758373
0.09523184939525078   280.04455860417795   280.0214875645561
0.09802361355455057   266.5860612160007   266.6128551727755
0.10089721952591899   253.70130384101603   253.7792276387218
0.10385506653859616   241.62418419190917   241.74982575890706
0.10689962415629803   230.55244717514404   230.71765658151972
0.11003343433910281   220.6499173170237   220.84173268999857
0.11325911356578279   211.98604179735977   212.18750972782394
0.11657935501835284   204.5485029090157   204.73966362293154
0.11999693083066039   198.18803009928962   198.35005060935384
0.12351469440289359   192.67340094778666   192.7904494738655
0.12713558278394044   187.679415988506   187.73958827441646
0.13086261912358757   182.8581851594686   182.85585653094088
0.13469891519660646   177.8620119091284   177.80043299030723
0.13864767400083483   172.39382528106634   172.28569483234733
0.14271219243142114   166.24745106770945   166.11399009760072
0.14689586403346616   159.3417058251587   159.21099584259875
0.1512021818353596   151.7514542264085   151.6567764339614
0.15563474126517718   143.68668441509604   143.65845881092835
0.16019724315257297   135.45787728809375   135.5182549764104
0.1648934968186736   127.43429309229845   127.59443033340035
0.1697274232565544   119.99935986911483   120.25201157248158
0.17470305840495237   113.47466954655127   113.79557170532046
0.17982455651794954   108.02199874721849   108.37598594457604
0.18509619363343993   103.584439379292   103.93260506012
0.19052237114327647   99.91414202410466   100.2232754592523
0.19610761946807834   96.66528242549057   96.91563089837123
0.20185660183976684   93.46991475016486   93.65994102262839
0.20777411819498756   89.98236733867418   90.1347409453653
0.21386510918267082   85.97098476829048   86.12688026586936
0.22013466028907505   81.44094641357901   81.64614709892194
0.22658800608375756   76.63903704695699   76.9317488250596
0.23323053459001789   71.91593571063746   72.31108996792516
0.2400677917834628   67.59714492218383   68.08376317170008
0.24710548622244882   63.90733795123515   64.44960398374388
0.25434949381426813   60.88573138363441   61.43852569453009
0.2618058627210567   58.35780485273876   58.88585781773467
0.2694808184095226   56.03013137534633   56.52042818538413
0.27738076884870827   53.599302828586005   54.06839124499899
0.2855123098601282   50.897616503985134   51.38701139124064
0.29388223062474755   47.98191525438796   48.528079997283086
0.3024975193514008   45.07119874007809   45.69462887222357
0.31136536911138296   42.394953811187115   43.08242771344855
0.3204931838440838   40.09481961725991   40.813138337934376
0.32988858453867975   38.14139084474034   38.85484364832733
0.3395594155970457   36.35583134440928   37.05029601742947
0.34951375138319807   34.554356748020155   35.241375602760144
0.3597599029647371   32.65653322954375   33.365243433520796
0.37030642505191835   30.72855769245791   31.479316207489294
0.3811621231401457   28.916089195816443   29.7046468886096
0.3923360608618501   27.306042982655157   28.10994592567107
0.4038375675538918   25.87388139967568   26.67266156806444
0.41567624604680364   24.52051004197921   25.310269638387542
0.42786198068238046   23.16416364930223   23.95828039826266
0.4404049455663077   21.812899747550844   22.624780121621907
0.4533156130627191   20.53406922749442   21.36279148193088
0.4666047625377753   19.36944808777726   20.202120007272324
0.4802834893595659   18.29804244443864   19.125043229183106
0.49436321416184764   17.26894953411698   18.092570036071034
0.5088556923793517   16.263752258435762   17.091409866278397
0.5237730240626238   15.305880860420313   16.138937969337046
0.5391276639805903   14.417298045904094   15.249726192088335
0.5549324320192869   13.587960476787806   14.415033428967003
0.5712005238854289   12.79590522673213   13.619357029579849
0.5879455221237613   12.037636047733095   12.860188002153494
0.6051814074573895   11.323965142004045   12.144013759806063
0.622922570460556   10.655879051701131   11.470625227224222
0.6411838235736077   10.023665391748503   10.83282319594028
0.6599804134701901   9.423082203566507   10.227635880728668
0.6793280337869897   8.857127785386597   9.656349529190921
0.6992428382266549   8.324845706429503   9.11744459859481
0.7197414540448374   7.822759846838991   8.60829409322846
0.7408409959326054   7.348927391117928   8.127173910796083
0.7625590803058332   6.901952262483781   7.672666562589653
0.7849138400134885   6.480515541389034   7.243425642140037
0.8079239394770964   6.083343598954661   6.838158941780496
0.8316085902740278   5.709208413281598   6.4556276678367706
0.8559875671776167   5.356927657585122   6.094645511522641
0.8810812246675007   5.025363196875621   5.754076900534254
0.9069105139239728   4.713393938841002   5.432822265035083
0.9334970003205227   4.419924878460057   5.12982112787125
0.960862881429187   4.143917015503032   4.844066021825367
0.9890310055537336   3.8843859248656316   4.574600896022669
1.0180248908061487   3.640399127796269   4.32051891762515
1.047868744742366   3.4110735752260686   4.080960327406647
1.0785874845736239   3.195573239285302   3.855110351950835
1.1102067579703248   2.9931077852240002   3.6421982096411054
1.1427529644757777   2.802934220773531   3.4414993110641316
1.1762532775476793   2.624350097342553   3.25232853088464
1.210735667245765   2.4566896690925097   3.0740364054009537
1.246228923584555   2.2993222364267916   2.9060075834685373
1.2827626805706884   2.151650546094955   2.7476593157078795
1.3203674409449337   2.0131092457721227   2.598439982486514
1.3590746016495152   1.8831633860331554   2.4578276542951967
1.3989164800420282   1.7613063821321575   2.3253279390598096
1.4399263408778291   1.6470583570912727   2.2004722408214894
1.4821384240834183   1.5399659892472528   2.08281792214475
1.525587973344019   1.4396012964528373   1.9719471489215867
1.5703112655292182   1.3455603439500081   1.8674656205594757
1.6163456409812174   1.257462009058897   1.7690013526096457
1.6637295346910133   1.1749468008438273   1.676203510948249
1.7125025083885144   1.0976757285158534   1.5887412872968254
1.7627052835733923   1.0253291810876841   1.5063027385342023
1.814379775514258   0.9576059330069259   1.4285938295489642
1.8675691282445197   0.8942222021932007   1.355337538535673
1.922317750584177   0.8349107148351677   1.2862729281271823
1.9786713532176083   0.7794198142037315   1.2211542597995915
2.0366769868582977   0.7275126124421117   1.1597501514723894
2.0963830815323896   0.6789661836337836   1.1018427767236476
2.1578394870138577   0.6335707316439249   1.0472257790938144
2.2210975144450407   0.5911287258843043   0.9957006141190614
2.286209979177315   0.5514544356538056   0.9470802680915389
2.3532312448676476   0.5143733178172017   0.9011896034007402
2.4222172688678643   0.4797213797627214   0.8578645789769841
2.4932256489445366   0.44734457593799487   0.8169515231299413
2.5663156713684585   0.41709823638812044   0.7783064552084143
2.641548360413907   0.3888465315951455   0.7417944013046811
2.7189865293089923   0.3624621432523692   0.7072871443928624
2.798694832679631   0.33782575804453013   0.6746626756811621
2.8807398205309562   0.3148253516977977   0.6438069216983556
2.9651899938111903   0.29335575735812897   0.6146133178637192
3.05211586160442   0.27331827222312133   0.5869822790577696
3.1415899999999994   0.2546202846317128   0.5608207097919101
