0.01   2201.457264004036   2201.339426547551
0.010293154462191829   2213.622457201531   2213.5034264818105
0.010594902878253955   2224.453555472341   2224.333304224443
0.010905497183778876   2233.885439364318   2233.7641914609694
0.011225196699963396   2241.8526834228196   2241.7307738704767
0.011554268350120923   2248.2892462655655   2248.1669350926973
0.011892986882540897   2253.131396409377   2253.0088543554843
0.012241635099881474   2256.3169122383847   2256.194227289135
0.012600504095286909   2257.780914628662   2257.6581256786885
0.012969893495426888   2257.460627085264   2257.3377330488456
0.013350111710660605   2255.2971944381534   2255.1741564191975
0.013741476192534558   2251.231809697997   2251.1085877892783
0.014144313698828986   2245.2067950227643   2245.0833806566143
0.01455896056637426   2237.1700608016035   2237.0464779311624
0.014985762991865008   2227.074014465982   2226.95031037783
0.01542507732090645   2214.8729965853777   2214.749216666581
0.015877270345534218   2200.5279613257735   2200.404145008365
0.016342719610456153   2184.007541544715   2183.883713458445
0.016821813728271667   2165.2854774107964   2165.161552127135
0.017314952703931925   2144.3426226686497   2144.2183526629324
0.017822548268711737   2121.1694877270475   2121.044471795097
0.01834502422397195   2095.76654936643   2095.6403261883315
0.018882816794999403   2068.1445063085434   2068.0167135393867
0.019436374995219892   2038.3248451346608   2038.1952349059552
0.02000616100108813   2006.341027079569   2006.2094462754646
0.020592650537967844   1972.243505796605   1972.109784328786
0.021196333277324068   1936.0957780854326   1935.959691008148
0.02181771324555934   1897.972120307404   1897.8333995474634
0.022457309244835088   1857.9670207904708   1857.8254868682495
0.02311565528622961   1816.1961231879322   1816.0518326487916
0.023793301035594242   1772.7832086589347   1772.6364456732515
0.024490812272480036   1727.8659349688912   1727.717191544843
0.025208771362518027   1681.6160584670715   1681.4660147200416
0.0259477777436476   1634.2136251881611   1634.063125419916
0.02670844842659881   1585.839920376223   1585.689956299957
0.027491418510046592   1536.7092163579148   1536.561049948895
0.028297341710866907   1487.0568675648929   1486.9121069743678
0.029126890909937666   1437.106546540917   1436.9670863907616
0.029980758713939952   1387.0910790342418   1386.9590173551285
0.030859658033628758   1337.284253712092   1337.161782666154
0.031764322679055976   1287.9425140851665   1287.8318672765552
0.03269550797224261   1239.3004736925188   1239.203879263103
0.033653991377811755   1191.622718013724   1191.542281940822
0.03464057315210884   1145.1694521632537   1145.1071028718816
0.03565607701135116   1100.1620018405386   1100.119494168868
0.036701350819364466   1056.8150370709832   1056.7937780601817
0.03777726729548091   1015.3560647224612   1015.3568464677954
0.038884724743189276   975.9748471748233   975.9979186937157
0.04002464780014597   938.8201502952526   938.8652255904994
0.041197988210172884   903.9928998169768   904.0587123824478
0.04240572561788674   871.5634574599795   871.647728016843
0.04364886838662332   841.5828359599305   841.6824224165779
0.04492845444033957   814.0847131494867   814.1951714135492
0.04624555213019635   789.0898389106342   789.204927959697
0.04760126112654554   766.613494752791   766.7253353304781
0.04899671333706607   746.5565980773595   746.6561924022072
0.05043307385181555   728.5350868677067   728.6133887417279
0.05191154191598653   712.1560250152055   712.2040510649565
0.053433351931179485   697.0884609550577   697.0971274067799
0.05499977448602865   683.0986025668974   683.058380310202
0.05661211741704101   669.9808809671184   669.8817856169446
0.05827172690053434   657.4257087324866   657.2583418198521
0.05997998857658587   644.9726486074767   644.7297098694594
0.06173832870592997   632.1687776492753   631.845502270075
0.0635482153607709   618.5004633033718   618.0966154777806
0.06541115965050462   603.4607280541213   602.9814567632361
0.06732871698337338   586.6375762245252   586.0939532236791
0.06930248836510605   567.7315773628088   567.1410195924963
0.07133412173562886   546.5993271749387   545.9848267276773
0.07342531334496233   523.3492288617899   522.7382641823204
0.07557780916945323   498.2257504975503   497.6483660164149
0.07779340636952398   471.6867038929021   471.17279257987394
0.08007395479015682   444.23954960489624   443.81724302644744
0.08242135850536496   416.4366085420981   416.1310638800109
0.08483757740794096   388.87177150752626   388.70284805314566
0.08732462884580919   362.22992973088253   362.2091407149809
0.08988458930634863   337.18958645524924   337.31753610862444
0.09251959615009227   314.3933132379943   314.65787661367204
0.09523184939525078   294.3659429775336   294.7394556541101
0.09802361355455057   277.47636293214225   277.9175738501298
0.10089721952591899   263.7617680885943   264.22101778919745
0.10385506653859616   253.08227872103785   253.50412189353546
0.10689962415629803   244.98088977185552   245.3091899409132
0.11003343433910281   238.88138707476526   239.06358480111942
0.11325911356578279   234.032316789142   234.03053030012066
0.11657935501835284   229.62802402321915   229.42312348167584
0.11999693083066039   224.82462173205437   224.42058587332554
0.12351469440289359   218.8857276890392   218.31421871506942
0.12713558278394044   211.27213533550238   210.59104264863848
0.13086261912358757   201.74850228549468   201.0338440553929
0.13469891519660646   190.39419535815617   189.73200646307922
0.13864767400083483   177.60955148635048   177.08560479756196
0.14271219243142114   164.11235595538682   163.7966533958025
0.14689586403346616   150.90320523232143   150.82347810446083
0.1512021818353596   138.9774767899544   139.11308828039333
0.15563474126517718   129.01749684457437   129.30718536841212
0.16019724315257297   121.25475180916207   121.61008604710563
0.1648934968186736   115.55502761109905   115.8771922937099
0.1697274232565544   111.5481577362922   111.74653453880073
0.17470305840495237   108.61642224151535   108.6219606985023
0.17982455651794954   105.87500442833799   105.66984087685626
0.18509619363343993   102.45698351490267   102.09173956845332
0.19052237114327647   97.88822722101129   97.45763093375786
0.19610761946807834   92.16959737814405   91.78187970563744
0.20185660183976684   85.65999276835878   85.40980482756599
0.20777411819498756   79.0056882356647   78.94704853936814
0.21386510918267082   72.95028525489309   73.06697266271766
0.22013466028907505   68.00267800220831   68.22317589879643
0.22658800608375756   64.29516280108878   64.52068422280732
0.23323053459001789   61.59449913850409   61.72760687665256
0.2400677917834628   59.3391504749679   59.339456439596724
0.24710548622244882   56.918058055810036   56.81288456811002
0.25434949381426813   54.004533442138815   53.86858076325924
0.2618058627210567   50.59485693504711   50.52025368533602
0.2694808184095226   46.98658876439596   47.03150839622252
0.27738076884870827   43.65114967839421   43.80656833086892
0.2855123098601282   40.891692072937914   41.099400169550165
0.29388223062474755   38.710210197776924   38.898506338458574
0.3024975193514008   36.87291697176356   36.99627300164292
0.31136536911138296   35.03755168697633   35.11211804772138
0.3204931838440838   33.014138298053496   33.093526836433654
0.32988858453867975   30.86949383494372   31.002089379422294
0.3395594155970457   28.803715328366454   28.999029604196295
0.34951375138319807   26.997680904975148   27.225063754992558
0.3597599029647371   25.467410771831457   25.686098593500027
0.37030642505191835   24.075280659301914   24.268687662933885
0.3811621231401457   22.68108027585737   22.86867614584752
0.3923360608618501   21.260667566549863   21.471085874361947
0.4038375675538918   19.8936215306542   20.13424506188384
0.41567624604680364   18.658642248928395   18.914048037302184
0.42786198068238046   17.553477418538005   17.805227705691756
0.4404049455663077   16.51072262562099   16.75762824293989
0.4533156130627191   15.490272547425906   15.74535540127374
0.4666047625377753   14.509189266371274   14.778870484555219
0.4802834893595659   13.601412930011008   13.879627628357348
0.49436321416184764   12.766814781764156   13.045904643318986
0.5088556923793517   11.978573848056264   12.259007461245236
0.5237730240626238   11.224474578874142   11.51068788431465
0.5391276639805903   10.514324379110487   10.806684665587273
0.5549324320192869   9.85408605335381   10.148977493117687
0.5712005238854289   9.23487372089933   9.531158871673718
0.5879455221237613   8.649206748577962   8.948259444893026
0.6051814074573895   8.09826772425779   8.40020571513857
0.622922570460556   7.583169473945217   7.886473285010009
0.6411838235736077   7.099161448194782   7.403542781220601
0.6599804134701901   6.644415992153855   6.949660058363431
0.6793280337869897   6.217673445901515   6.523425105224926
0.6992428382266549   5.817306082973113   6.1232102978909815
0.7197414540448374   5.441762407742806   5.747469956748877
0.7408409959326054   5.089576361545928   5.3947453401236425
0.7625590803058332   4.759363038989349   5.063660217136929
0.7849138400134885   4.44981458922681   4.7529166249199895
0.8079239394770964   4.159696308175969   4.4612908469859
0.8316085902740278   3.887843742844902   4.187632468554581
0.8559875671776167   3.6331593956914494   3.930861712466508
0.8810812246675007   3.394607731919224   3.6899604948385414
0.9069105139239728   3.1712118495780244   3.463968777818991
0.9334970003205227   2.962050452223097   3.2519816040615357
0.960862881429187   2.766254955986284   3.0531462500804136
0.9890310055537336   2.5830067267132666   2.8666594968452768
1.0180248908061487   2.4115341622839046   2.691765352912602
1.047868744742366   2.251109590226857   2.5277532729285697
1.0785874845736239   2.101047852835688   2.373954603678789
1.1102067579703248   1.9607042208481487   2.2297400567412056
1.1427529644757777   1.8294721634238233   2.0945175872889736
1.1762532775476793   1.7067812296681006   1.9677303676664142
1.210735667245765   1.5920950369548246   1.8488548534049896
1.246228923584555   1.484909349130433   1.7373991015716523
1.2827626805706884   1.384750187513497   1.6329020472505549
1.3203674409449337   1.2911721880277436   1.534930868942883
1.3590746016495152   1.2037570205190065   1.4430787568065415
1.3989164800420282   1.122111839242949   1.3569634635147545
1.4399263408778291   1.0458678150644352   1.2762259274050307
1.4821384240834183   0.974678745861998   1.2005289615422516
1.525587973344019   0.9082197397783386   1.129556030215269
1.5703112655292182   0.8461859390793399   1.0630105237494076
1.6163456409812174   0.7882913558322281   1.0006144799314765
1.6637295346910133   0.7342677962452269   0.9421069970788175
1.7125025083885144   0.6838638080516609   0.8872432323449172
1.7627052835733923   0.6368436847294274   0.8357934715204343
1.814379775514258   0.5929865252156249   0.7875422461185244
1.8675691282445197   0.5520853461144237   0.7422874926648227
1.922317750584177   0.5139462223022114   0.6998393608215014
1.9786713532176083   0.4783874845106058   0.6600192092676442
2.0366769868582977   0.4452390201359091   0.6226597140788481
2.0963830815323896   0.4143415733835285   0.5876042586243444
2.1578394870138577   0.3855460803497419   0.5547062618325063
2.2210975144450407   0.3587130426877649   0.5238285465454432
2.286209979177315   0.333711937779206   0.4948427458045014
2.3532312448676476   0.3104206394941458   0.467628765463049
2.4222172688678643   0.2887248321513551   0.4420743169702069
2.4932256489445366   0.2685176148251674   0.4180743470589462
2.5663156713684585   0.2496990627196236   0.3955305544915895
2.641548360413907   0.23217578616941842   0.3743509603216096
2.7189865293089923   0.2158605164506691   0.3544495045559456
2.798694832679631   0.20067171685028845   0.3357456677168097
2.8807398205309562   0.18653323037106848   0.31816389912252324
2.9651899938111903   0.17337403608842675   0.3016315567117896
3.05211586160442   0.16112784017645673   0.28607992914875696
3.1415899999999994   0.1497327036559903   0.27144514059793434
