0.01   14468.453980627151   14465.007250190698
0.010293154462191829   14633.085976663724   14629.331083666733
0.010594902878253955   14792.233566753544   14788.141620911025
0.010905497183778876   14945.441620672422   14940.979803850785
0.011225196699963396   15092.234975757436   15087.368038280361
0.011554268350120923   15232.123201772294   15226.814689451996
0.011892986882540897   15364.614552100496   15358.826935684741
0.012241635099881474   15489.206941268592   15482.900901402978
0.012600504095286909   15605.371157303527   15598.50349828447
0.012969893495426888   15712.57697334761   15705.100336720017
0.013350111710660605   15810.29804518436   15802.161016331567
0.013741476192534558   15897.99235487604   15889.139705253563
0.014144313698828986   15975.113610334105   15965.486547150298
0.01455896056637426   16041.128594886133   16030.664986376045
0.014985762991865008   16095.506466456172   16084.14021387636
0.01542507732090645   16137.706403081353   16125.365869682026
0.015877270345534218   16167.20650137447   16153.814636754456
0.016342719610456153   16183.508225875361   16168.982826805677
0.016821813728271667   16186.119316615965   16170.37212323757
0.017314952703931925   16174.569531477533   16157.506126095897
0.017822548268711737   16148.426151622598   16129.9466440455
0.01834502422397195   16107.292554563968   16087.292144357127
0.018882816794999403   16050.80849242909   16029.177981256424
0.019436374995219892   15978.66249436784   15955.289247300687
0.02000616100108813   15890.598947023525   15865.367789522148
0.020592650537967844   15786.434488955576   15759.227644918132
0.021196333277324068   15666.05157376642   15636.74947627789
0.02181771324555934   15529.396065916797   15497.878852830461
0.022457309244835088   15376.51532190192   15342.668418164258
0.02311565528622961   15207.570837284367   15171.291748008749
0.023793301035594242   15022.791936777761   14983.991648994152
0.024490812272480036   14822.498980639026   14781.103775033034
0.025208771362518027   14607.205106049825   14563.161644224729
0.0259477777436476   14377.51723547451   14330.794129650565
0.02670844842659881   14134.09669524649   14084.684751087028
0.027491418510046592   13877.797067629266   13825.716524527952
0.028297341710866907   13609.659368228522   13554.966687268205
0.029126890909937666   13330.744825306287   13273.530845124553
0.029980758713939952   13042.205978531985   12982.594836381948
0.030859658033628758   12745.514723097578   12683.666350526755
0.031764322679055976   12442.175436791114   12378.282794368044
0.03269550797224261   12133.646568427312   12067.931369111579
0.033653991377811755   11821.584293637385   11754.294088017417
0.03464057315210884   11507.771361549221   11439.175972318946
0.03565607701135116   11193.866940737202   11124.253540364978
0.036701350819364466   10881.570442843746   10811.231142752178
0.03777726729548091   10572.948416412408   10502.153442198723
0.038884724743189276   10269.95227926353   10198.944797020324
0.04002464780014597   9974.299124245239   9903.294993245056
0.041197988210172884   9687.263459977396   9616.447615170362
0.04240572561788674   9409.792077395146   9339.317178025682
0.04364886838662332   9142.699902418271   9072.688185912237
0.04492845444033957   8887.087823911406   8817.583383095638
0.04624555213019635   8644.861788103499   8575.719856444277
0.04760126112654554   8417.834217722455   8348.722442066806
0.04899671333706607   8207.233408152648   8137.66294651584
0.05043307385181555   8011.994286273301   7941.414512544205
0.05191154191598653   7830.371309334566   7758.203702880393
0.053433351931179485   7660.756410176254   7586.397025291219
0.05499977448602865   7501.601158681491   7424.426444039028
0.05661211741704101   7351.452249485653   7270.8224427982095
0.05827172690053434   7208.717083344891   7124.00606466528
0.05997998857658587   7071.169699942833   6981.850121350855
0.06173832870592997   6936.577405792287   6842.240851029718
0.0635482153607709   6802.319452806185   6702.789358648759
0.06541115965050462   6665.469095358595   6560.899107211518
0.06732871698337338   6523.081943087368   6414.019300543421
0.06930248836510605   6371.860973599701   6259.4151544481665
0.07133412173562886   6208.839387063688   6094.698821569962
0.07342531334496233   6031.758438552683   5918.295494939109
0.07557780916945323   5839.05940245382   5729.272007372775
0.07779340636952398   5630.702836320157   5528.0423019287855
0.08007395479015682   5407.686532401565   5315.863090983998
0.08242135850536496   5172.741310475872   5095.390973741675
0.08483757740794096   4929.425844109258   4869.905580717784
0.08732462884580919   4682.23889091932   4643.450217334068
0.08988458930634863   4435.875990263804   4420.035659566531
0.09251959615009227   4195.271730116505   4203.538784534232
0.09523184939525078   3965.4076277918834   3997.705712724482
0.09802361355455057   3751.0336569078745   3806.024361008831
0.10089721952591899   3556.2228171796833   3631.204420601674
0.10385506653859616   3384.371381611605   3475.2363524681023
0.10689962415629803   3236.9141580803775   3338.626904065224
0.11003343433910281   3113.7250150893988   3220.674459204301
0.11325911356578279   3012.043047275615   3118.602007760469
0.11657935501835284   2927.636806920552   3028.6882741456325
0.11999693083066039   2854.5046604528725   2946.47052271514
0.12351469440289359   2786.0795057474447   2867.3000281944096
0.12713558278394044   2715.590468038145   2786.643686618842
0.13086261912358757   2636.9200205716934   2700.959453591346
0.13469891519660646   2545.5190451583026   2607.897673547128
0.13864767400083483   2439.1256574388476   2506.622713178755
0.14271219243142114   2318.4365955877543   2398.3495159762783
0.14689586403346616   2186.8370973417977   2285.9322701655315
0.1512021818353596   2049.914083914892   2172.983801861301
0.15563474126517718   1914.8072575565552   2063.394291290675
0.16019724315257297   1789.309124180337   1961.5449718329394
0.1648934968186736   1680.0704019068287   1870.5233690630018
0.1697274232565544   1590.5685654032366   1791.1821126766008
0.17470305840495237   1520.2400004434646   1722.7119671695561
0.17982455651794954   1465.2095886037278   1662.3601947198454
0.18509619363343993   1419.6758654132236   1606.5664217108006
0.19052237114327647   1376.6918743375768   1552.3230590335186
0.19610761946807834   1328.9909334283464   1496.7771297109734
0.20185660183976684   1271.3341720357582   1438.605858780243
0.20777411819498756   1203.0547413883774   1377.5856108811602
0.21386510918267082   1127.9607108238506   1315.8819846192298
0.22013466028907505   1052.1307727750539   1256.134912078854
0.22658800608375756   982.0314572236149   1200.1276618758823
0.23323053459001789   922.7924402974609   1149.6265609859572
0.2400677917834628   875.8966144818971   1103.9675773730835
0.24710548622244882   838.9466336986311   1062.2163021820404
0.25434949381426813   806.8140998225082   1022.7461615036586
0.2618058627210567   773.5333479800702   984.0750036263133
0.2694808184095226   735.1418956341224   945.3256234034561
0.27738076884870827   691.8512598613584   906.6260880666923
0.2855123098601282   647.0615300236481   869.2468872267647
0.29388223062474755   605.2401916772153   833.9988088133897
0.3024975193514008   569.8139323102856   800.9657570424259
0.31136536911138296   540.9417307787237   770.3776354026355
0.3204931838440838   515.7925772929959   741.2490790703349
0.32988858453867975   490.7806911668992   713.3764596461529
0.3395594155970457   463.69156367447647   685.9709129346626
0.34951375138319807   435.20204321304345   659.5205549882179
0.3597599029647371   407.8987435368676   634.363678523828
0.37030642505191835   383.8182164074748   610.5702162784189
0.3811621231401457   363.10005627749564   588.050313531451
0.3923360608618501   344.0745607924998   566.6501643904747
0.4038375675538918   324.9468260812047   546.0056318549006
0.41567624604680364   305.4484809146687   526.1172690278173
0.42786198068238046   286.6990219423089   507.1245922740915
0.4404049455663077   269.7469562367254   489.1110602854928
0.4533156130627191   254.49504744247287   471.9283800656982
0.4666047625377753   240.02483079524197   455.53029520504015
0.4802834893595659   225.75190288137054   439.7622678369901
0.49436321416184764   211.99885830318823   424.64986141241064
0.5088556923793517   199.2758822743383   410.2577192626179
0.5237730240626238   187.56177150009128   396.55453649641925
0.5391276639805903   176.43300374331992   383.4173895044855
0.5549324320192869   165.71790578903259   370.8090877565969
0.5712005238854289   155.6076009729791   358.74047106352305
0.5879455221237613   146.20414611236725   347.2117456287417
0.6051814074573895   137.35531034883567   336.1708058250608
0.622922570460556   128.93671486127505   325.5561639577757
0.6411838235736077   120.99847477853378   315.3790865271903
0.6599804134701901   113.5631644349223   305.6292049578365
0.6793280337869897   106.56673028259544   296.2631136429085
0.6992428382266549   99.97348570115146   287.2640118973652
0.7197414540448374   93.76223785349671   278.61161141290415
0.7408409959326054   87.91414146214738   270.2861902975986
0.7625590803058332   82.41094027425271   262.2693005693197
0.7849138400134885   77.23498450587044   254.54367955481055
0.8079239394770964   72.36924340474057   247.0931683784387
0.8316085902740278   67.79729236160829   239.9026016122873
0.8559875671776167   63.502804436541446   232.95683876846806
0.8810812246675007   59.469671787156955   226.24074632592553
0.9069105139239728   55.68264989610713   219.74019604407425
0.9334970003205227   52.12734441419095   213.44204898643676
0.960862881429187   48.79016592774661   207.3340897634876
0.9890310055537336   45.65828701839554   201.40496631690505
1.0180248908061487   42.7196015045003   195.6441347139155
1.047868744742366   39.96269548719162   190.04176710653724
1.0785874845736239   37.376887232952626   184.58835900335416
1.1102067579703248   34.95212776992902   179.27490829039792
1.1427529644757777   32.67891315747443   174.0931102524435
1.1762532775476793   30.548257906540904   169.03531938029036
1.210735667245765   28.55167001022313   164.09451167332526
1.246228923584555   26.68112692204964   159.2642497457357
1.2827626805706884   24.92905246604797   154.5386504204523
1.3203674409449337   23.288290126873786   149.91244267045698
1.3590746016495152   21.7520688480363   145.38121702567759
1.3989164800420282   20.314001226545805   140.94107748764534
1.4399263408778291   18.96806906893383   136.58850630213453
1.4821384240834183   17.708603629977752   132.32034324647617
1.525587973344019   16.530266792992723   128.13376580001832
1.5703112655292182   15.428033155397953   124.02627007537339
1.6163456409812174   14.397172983569323   119.99565507435187
1.6637295346910133   13.433235954632437   116.04043295984071
1.7125025083885144   12.5320357130909   112.16020267165061
1.7627052835733923   11.689635336919434   108.35474426562828
1.814379775514258   10.902333439555132   104.62388791234422
1.8675691282445197   10.16665096188928   100.9675065330495
1.922317750584177   9.479318638702006   97.38550859802142
1.9786713532176083   8.837265109985221   93.87783109623778
2.0366769868582977   8.237605573167256   90.44445517788616
2.0963830815323896   7.67762934220744   87.08594494000872
2.1578394870138577   7.154790220460451   83.80337568140206
2.2210975144450407   6.666699108819327   80.59767837989794
2.286209979177315   6.211114879816727   77.46961168365452
2.3532312448676476   5.7859356465659   74.41976703776545
2.4222172688678643   5.389190514728701   71.44857409299648
2.4932256489445366   5.019031793124797   68.5563063658425
2.5663156713684585   4.673727969869939   65.74315544177162
2.641548360413907   4.3516592766351705   63.009780647647354
2.7189865293089923   4.051308928416503   60.35691831508044
2.798694832679631   3.771255184948946   57.7850133222588
2.8807398205309562   3.5101657064148744   55.29423468282407
2.9651899938111903   3.2667922354831296   52.884495052808006
3.05211586160442   3.039965571253154   50.55547005431191
3.1415899999999994   2.828590821010181   48.3066173047706
