0.01   4771.230719097956   4771.081323331756
0.010293154462191829   4826.641789271463   4826.487766834511
0.010594902878253955   4880.301203859319   4880.142903804559
0.010905497183778876   4932.05664368219   4931.894264064557
0.011225196699963396   4981.75094370112   4981.584279179299
0.011554268350120923   5029.225905470527   5029.054331636637
0.011892986882540897   5074.318931622379   5074.141563418511
0.012241635099881474   5116.860708845176   5116.67668651635
0.012600504095286909   5156.681732847351   5156.490254606087
0.012969893495426888   5193.612270378667   5193.412575907984
0.013350111710660605   5227.475680149217   5227.266915860387
0.013741476192534558   5258.094310350654   5257.875476066339
0.014144313698828986   5285.29359599514   5285.063545327199
0.01455896056637426   5308.897814373401   5308.655231671916
0.014985762991865008   5328.729237156045   5328.472607230662
0.01542507732090645   5344.615604611393   5344.343215079094
0.015877270345534218   5356.390228462523   5356.100143750262
0.016342719610456153   5363.887518538376   5363.5774316835195
0.016821813728271667   5366.949028638907   5366.616224958397
0.017314952703931925   5365.426699339268   5365.068070197977
0.017822548268711737   5359.182494357547   5358.794536173249
0.01834502422397195   5348.089549004782   5347.668366173771
0.018882816794999403   5332.035007857688   5331.576340475238
0.019436374995219892   5310.922821636103   5310.422121673704
0.02000616100108813   5284.678920931553   5284.1315446884255
0.020592650537967844   5253.247792286746   5252.649073605813
0.021196333277324068   5216.593022005274   5215.93832615463
0.02181771324555934   5174.712455058316   5173.997455129338
0.022457309244835088   5127.6355263468   5126.856427777814
0.02311565528622961   5075.411140977849   5074.564710329428
0.023793301035594242   5018.12163968046   5017.205510422772
0.024490812272480036   4955.907186749622   4954.920652344311
0.025208771362518027   4888.931066335929   4887.875162605547
0.0259477777436476   4817.3768055797955   4816.254278763133
0.02670844842659881   4741.498218228314   4740.313943238474
0.027491418510046592   4661.5943191315   4660.355478304083
0.028297341710866907   4577.9704689028495   4576.686369709542
0.029126890909937666   4490.978914075881   4489.660995594919
0.029980758713939952   4401.062075338078   4399.724119780092
0.030859658033628758   4308.663068908652   4307.320973577048
0.031764322679055976   4214.221945640996   4212.8934255323375
0.03269550797224261   4118.25499941501   4116.959270387752
0.033653991377811755   4021.2970022734917   4020.0544866679315
0.03464057315210884   3923.8503990357917   3922.682442510314
0.03565607701135116   3826.4666503268277   3825.3939228991235
0.036701350819364466   3729.791598263991   3728.831789741497
0.03777726729548091   3634.4260711500674   3633.5938823161327
0.038884724743189276   3540.8964498247983   3540.203747322892
0.04002464780014597   3449.5726849809507   3449.028193707509
0.041197988210172884   3360.744998120478   3360.354395121445
0.04240572561788674   3274.674676899744   3274.4407382878303
0.04364886838662332   3191.7909788980937   3191.7068470908976
0.04492845444033957   3112.732920936298   3112.7740156719346
0.04624555213019635   3038.087914838204   3038.213169762776
0.04760126112654554   2968.1539041574233   2968.3092938000736
0.04899671333706607   2902.5208538653765   2902.6461758264104
0.05043307385181555   2840.68614610377   2840.716478990196
0.05191154191598653   2782.1740317643944   2782.0404415772164
0.053433351931179485   2726.5062391263805   2726.1373303180426
0.05499977448602865   2673.2305323430505   2672.552943632038
0.05661211741704101   2621.807830021328   2620.749713328347
0.05827172690053434   2571.5453404658533   2570.04176393917
0.05997998857658587   2521.7612751047564   2519.756203197245
0.06173832870592997   2471.636368796288   2469.095536574883
0.0635482153607709   2420.319526673939   2417.236512693137
0.06541115965050462   2366.926040706305   2363.3320916829457
0.06732871698337338   2310.5084952765765   2306.485735121316
0.06930248836510605   2250.2441199616987   2245.928280007762
0.07133412173562886   2185.4905909127815   2181.0805657783376
0.07342531334496233   2115.85767364165   2111.611810382434
0.07557780916945323   2041.4629412199022   2037.698931923234
0.07779340636952398   1962.7414856166083   1959.8144896440087
0.08007395479015682   1880.6573997215603   1878.915614659466
0.08242135850536496   1796.4035678565483   1796.1723834661848
0.08483757740794096   1711.4580708303376   1713.0326737397515
0.08732462884580919   1627.3469102982087   1630.9633321731524
0.08988458930634863   1545.610684874953   1551.4155647464888
0.09251959615009227   1467.7916702886253   1475.816289762692
0.09523184939525078   1395.2766983438767   1405.436815404891
0.09802361355455057   1329.2652351806228   1341.3374319432332
0.10089721952591899   1270.682585619978   1284.3097397255249
0.10385506653859616   1219.8249488005017   1234.5338517209568
0.10689962415629803   1176.4924121360152   1191.734742192367
0.11003343433910281   1139.6332398956947   1154.8775591440121
0.11325911356578279   1107.7152848999356   1122.5038978858524
0.11657935501835284   1078.7261602701412   1092.741496396848
0.11999693083066039   1050.505909227904   1063.6525964934979
0.12351469440289359   1020.9729744952942   1033.4078048038978
0.12713558278394044   988.3538904173746   1000.4759442388028
0.13086261912358757   951.4946422924721   963.9830991932754
0.13469891519660646   910.0402076122236   923.7460875074192
0.13864767400083483   864.5516688111087   880.2978669279944
0.14271219243142114   816.4208314035995   834.9320818214196
0.14689586403346616   767.6137400210442   789.3696408580472
0.1512021818353596   720.4270188804206   745.5361478972086
0.15563474126517718   677.1720352082033   705.2908484147067
0.16019724315257297   639.6941501734284   670.0221855022553
0.1648934968186736   608.7612525377593   640.2842682079348
0.1697274232565544   583.7951551356301   615.4050908919938
0.17470305840495237   563.1843694236094   593.9777693903835
0.17982455651794954   544.8303416926435   574.3080299492382
0.18509619363343993   526.498005571856   554.7017349597658
0.19052237114327647   506.11675330997406   533.6536961737783
0.19610761946807834   482.4583968265696   510.30734329233326
0.20185660183976684   455.8168759230225   485.02381231233693
0.20777411819498756   427.8238734426841   459.14310335883704
0.21386510918267082   400.58250397493384   434.1867574161463
0.22013466028907505   376.00227432235283   411.4568295375264
0.22658800608375756   355.31731166628265   391.6439172677873
0.23323053459001789   338.5559697373277   374.66028766376434
0.2400677917834628   324.5418461693197   359.6577230685541
0.24710548622244882   311.4196776970566   345.3299874089135
0.25434949381426813   297.4630252298722   330.636193056812
0.2618058627210567   281.8256451891889   315.2354318407324
0.2694808184095226   265.0488598819644   299.4010789944599
0.27738076884870827   248.48231123650277   284.02411921999936
0.2855123098601282   233.464835438642   269.8752351165919
0.29388223062474755   220.73799670644115   257.22600137164295
0.3024975193514008   209.95050758875124   245.8587740367928
0.31136536911138296   199.98082124759205   235.07876349255451
0.3204931838440838   189.78540150820962   224.4598910654891
0.32988858453867975   178.99455701802708   213.76754594668756
0.3395594155970457   168.12087743789235   203.33304571329552
0.34951375138319807   158.02747142251002   193.54126816643767
0.3597599029647371   149.14331022158515   184.53914581733733
0.37030642505191835   141.24352806726264   176.1417947904862
0.3811621231401457   133.70687270082698   168.121067403856
0.3923360608618501   126.10607554472084   160.31465126507575
0.4038375675538918   118.56402330719648   152.75909774282275
0.41567624604680364   111.49028590222005   145.61547175257334
0.42786198068238046   105.08862467128357   138.93136825961383
0.4404049455663077   99.1860779050205   132.6146503780868
0.4533156130627191   93.48895520885512   126.56799821503989
0.4666047625377753   87.92330047482692   120.76589529937138
0.4802834893595659   82.65240391048258   115.25250842415416
0.49436321416184764   77.78257661406373   110.04663844028421
0.5088556923793517   73.23367949772718   105.1119558359115
0.5237730240626238   68.88038291806276   100.40084268146784
0.5391276639805903   64.72155466732818   95.91565785930293
0.5549324320192869   60.821855359842246   91.66192999773831
0.5712005238854289   57.1749260975661   87.62713496669045
0.5879455221237613   53.72205485452273   83.78948389996859
0.6051814074573895   50.44606944317208   80.13835624372489
0.622922570460556   47.36642672695501   76.67194237987252
0.6411838235736077   44.47353603451154   73.38122986425216
0.6599804134701901   41.74274343016031   70.24953091095873
0.6793280337869897   39.169665257846624   67.27324917523212
0.6992428382266549   36.74716654762872   64.44555516540078
0.7197414540448374   34.46701125453683   61.7584185464402
0.7408409959326054   32.321373503985306   59.204270715506865
0.7625590803058332   30.302820036691575   56.77597718868063
0.7849138400134885   28.404293078341933   54.46681154449298
0.8079239394770964   26.6190993157601   52.270418073448056
0.8316085902740278   24.940912599269897   50.180742554556495
0.8559875671776167   23.363734028606977   48.19206336372621
0.8810812246675007   21.881868962717398   46.29899091878894
0.9069105139239728   20.489913995909998   44.49644718123184
0.9334970003205227   19.182744313509424   42.77964648708348
0.960862881429187   17.95550142781048   41.144077621834434
0.9890310055537336   16.803581259166247   39.58548580536776
1.0180248908061487   15.72261902095331   38.09973134818152
1.047868744742366   14.708476305638726   36.68269228029774
1.0785874845736239   13.757237602060016   35.33048665584854
1.1102067579703248   12.865200373504411   34.03948154877266
1.1427529644757777   12.02886470213647   32.806275427019514
1.1762532775476793   11.244923346853238   31.62768188920065
1.210735667245765   10.51025220472302   30.500714650346865
1.246228923584555   9.821901137021614   29.42256384950399
1.2827626805706884   9.177084837970808   28.390451740885787
1.3203674409449337   8.573174663411892   27.40167681956259
1.3590746016495152   8.007690947866505   26.45371916031402
1.3989164800420282   7.4782953083481045   25.544229839244274
1.4399263408778291   6.982783282412084   24.671018413895403
1.4821384240834183   6.519077298516998   23.832041434259988
1.525587973344019   6.085219967504166   23.025391891819197
1.5703112655292182   5.679367426446795   22.249272725670334
1.6163456409812174   5.299782388917075   21.501927504869347
1.6637295346910133   4.944829479057605   20.78169865009211
1.7125025083885144   4.6129700619363225   20.087045323073205
1.7627052835733923   4.302756908548413   19.416535173559623
1.814379775514258   4.012829125992614   18.76883675550911
1.8675691282445197   3.741907341863839   18.142712555610775
1.922317750584177   3.488789126683443   17.53701232055287
1.9786713532176083   3.2523441431259257   16.950642034560122
2.0366769868582977   3.031509793631729   16.382541793262764
2.0963830815323896   2.825288342076357   15.831727317191726
2.1578394870138577   2.6327432682874687   15.297289994702465
2.2210975144450407   2.4529957055750495   14.778391879424769
2.286209979177315   2.285221071251431   14.274261058930374
2.3532312448676476   2.128645880727311   13.784187356809197
2.4222172688678643   1.982544822444923   13.30752552485394
2.4932256489445366   1.846238996625352   12.84378646231453
2.5663156713684585   1.7190925603151637   12.39259241265063
2.641548360413907   1.6005091809468415   11.953589505084823
2.7189865293089923   1.4899297052181995   11.52644419955565
2.798694832679631   1.3868299774494501   11.110841958827576
2.8807398205309562   1.2907187749642814   10.706485983688488
2.9651899938111903   1.2011358550886624   10.31309600753524
3.05211586160442   1.117649262043271   9.930380834323994
3.1415899999999994   1.0398508465351737   9.557944747458588
