0.01   14794.502400643201   14791.304376497052
0.010293154462191829   14951.16073768311   14947.689058380476
0.010594902878253955   15101.212258875514   15097.443629036412
0.010905497183778876   15244.149285178053   15240.057883213112
0.011225196699963396   15379.46209186478   15375.019534888463
0.011554268350120923   15506.635308121733   15501.81067998682
0.011892986882540897   15625.126118658278   15619.886029030837
0.012241635099881474   15734.387503265738   15728.69616382165
0.012600504095286909   15833.87805006179   15827.697348308062
0.012969893495426888   15923.044979577146   15916.334131402378
0.013350111710660605   16001.328181109066   15994.043441743886
0.013741476192534558   16068.181204241593   16060.276020894318
0.014144313698828986   16123.064983162663   16114.489611634284
0.01455896056637426   16165.43128692111   16156.13130445817
0.014985762991865008   16194.750479916987   16184.666744228382
0.01542507732090645   16210.519041442612   16199.587967907688
0.015877270345534218   16212.246262088891   16200.399608045907
0.016342719610456153   16199.465138216121   16186.630085449822
0.016821813728271667   16171.748042586545   16157.847727766597
0.017314952703931925   16128.708121440006   16113.661650744798
0.017822548268711737   16070.000583843297   16053.722560946242
0.01834502422397195   15995.331563571233   15977.732752110547
0.018882816794999403   15904.465881943583   15885.454249931176
0.019436374995219892   15797.250467317319   15776.733247428552
0.02000616100108813   15673.603328499155   15651.488468952522
0.020592650537967844   15533.50713819651   15509.704379670102
0.021196333277324068   15377.05495614595   15351.479193638046
0.02181771324555934   15204.464287205443   15177.039556218799
0.022457309244835088   15016.02018811934   14986.680622787846
0.02311565528622961   14812.103727461887   14780.795106491925
0.023793301035594242   14593.302092677572   14559.986190993179
0.024490812272480036   14360.29264345028   14324.948379964499
0.025208771362518027   14113.80572844956   14076.429378798588
0.0259477777436476   13854.785653073728   13815.397280638428
0.02670844842659881   13584.355739801751   13543.004116985217
0.027491418510046592   13303.648378050731   13260.40926934203
0.028297341710866907   13013.908954581526   12968.882915854378
0.029126890909937666   12716.697914819597   12670.007683989046
0.029980758713939952   12413.576298053256   12365.363975959443
0.030859658033628758   12106.060735597917   12056.485034296265
0.031764322679055976   11795.895351664867   11745.129673473844
0.03269550797224261   11484.895572106425   11433.12542590206
0.033653991377811755   11174.73933185071   11122.159096403591
0.03464057315210884   10867.200819313133   10813.999232287735
0.03565607701135116   10564.343278931776   10510.67969917119
0.036701350819364466   10268.065111877402   10214.06800238118
0.03777726729548091   9980.008692519958   9925.775998184617
0.038884724743189276   9701.327903231966   9646.921465241994
0.04002464780014597   9432.907086729254   9378.352357265258
0.041197988210172884   9175.522461166833   9120.809970996008
0.04240572561788674   8930.386029007519   8875.41381685268
0.04364886838662332   8699.268341863057   8643.771358800594
0.04492845444033957   8483.7846788311   8427.34367356018
0.04624555213019635   8284.599480628958   8226.679403118786
0.04760126112654554   8099.980075562743   8040.018177793186
0.04899671333706607   7927.909273647255   7865.33178343079
0.05043307385181555   7766.551447544514   7700.776679423021
0.05191154191598653   7614.260216505757   7544.706550263829
0.053433351931179485   7469.5151114275595   7395.604202333086
0.05499977448602865   7330.4760418633505   7251.675441186758
0.05661211741704101   7194.734201597625   7110.625390475429
0.05827172690053434   7059.9043404662125   6970.204938540123
0.05997998857658587   6923.05454684364   6827.758345974952
0.06173832870592997   6781.1096292786015   6680.552610292876
0.0635482153607709   6630.938983422301   6525.880956344331
0.06541115965050462   6469.27873980472   6361.012380343936
0.06732871698337338   6293.4658148054905   6183.820164241595
0.06930248836510605   6101.860431287761   5993.245969611824
0.07133412173562886   5893.745696224485   5789.0517099453355
0.07342531334496233   5670.146914851634   5572.56640114982
0.07557780916945323   5433.111060915556   5345.94723655661
0.07779340636952398   5186.3623913214615   5112.7425461406565
0.08007395479015682   4934.181819040233   4876.873735214356
0.08242135850536496   4681.477199869549   4642.684948201894
0.08483757740794096   4433.2235051695925   4414.397411962224
0.08732462884580919   4194.4036866048355   4196.0592398666195
0.08988458930634863   3970.0517042963224   3991.526543907014
0.09251959615009227   3764.6420524599944   3804.124625713356
0.09523184939525078   3581.70728225439   3636.1471471048567
0.09802361355455057   3423.724789715337   3488.9719814455766
0.10089721952591899   3290.6360761589967   3362.0097551240383
0.10385506653859616   3180.756750281653   3253.3738501317043
0.10689962415629803   3089.7006363645532   3158.9545433222124
0.11003343433910281   3011.885824529682   3074.084595411969
0.11325911356578279   2940.518313070491   2993.7581586912006
0.11657935501835284   2868.632880842511   2912.8941216134763
0.11999693083066039   2789.717036436629   2827.035414763382
0.12351469440289359   2698.560713509616   2733.3043921161297
0.12713558278394044   2592.314411308627   2630.386311803521
0.13086261912358757   2470.882086339226   2518.7437038869475
0.13469891519660646   2337.0868454241036   2400.8325767387223
0.13864767400083483   2196.142920780436   2280.629658510694
0.14271219243142114   2055.018702511351   2162.639173067198
0.14689586403346616   1921.5924860965595   2051.5913225054624
0.1512021818353596   1803.2463700389246   1951.7149619630113
0.15563474126517718   1704.7072799563953   1864.7541370513416
0.16019724315257297   1626.4460463556256   1790.502573220902
0.1648934968186736   1565.1312139623417   1726.3394057706116
0.1697274232565544   1515.1770225415455   1668.5016308196348
0.17470305840495237   1469.7722500910115   1613.2991181212753
0.17982455651794954   1421.456029021651   1556.8579458297256
0.18509619363343993   1363.9983608300035   1497.2684503918226
0.19052237114327647   1295.3341949253897   1434.0579638931274
0.19610761946807834   1218.3972321859278   1368.5671576899529
0.20185660183976684   1139.0356564583408   1303.9748386451947
0.20777411819498756   1063.8921998129479   1243.2171578987434
0.21386510918267082   998.6163670565995   1187.8497694548623
0.22013466028907505   945.9556497240134   1138.9577571201303
0.22658800608375756   904.4106043368645   1094.678643834568
0.23323053459001789   869.3506295524309   1053.4916744894135
0.2400677917834628   834.7524232963971   1013.3441847098469
0.24710548622244882   795.7362527526561   972.993008238355
0.25434949381426813   751.3779912802804   932.3698808707926
0.2618058627210567   704.5103237003435   892.445128029289
0.2694808184095226   659.4780910879608   854.3743559181947
0.27738076884870827   620.2227451693568   819.1561056477135
0.2855123098601282   587.9057040556729   786.5195036201059
0.29388223062474755   560.2887713001313   755.973780113281
0.3024975193514008   533.7953928249578   726.4842636222309
0.31136536911138296   505.6813497174719   697.8736650621483
0.3204931838440838   475.8041881233173   669.8908091877415
0.32988858453867975   446.45720771999237   643.0673387524263
0.3395594155970457   419.9687857615156   617.7778612242757
0.34951375138319807   397.0079539144046   594.0386059815636
0.3597599029647371   376.32441564426927   571.4136116909541
0.37030642505191835   356.00140931951347   549.7032925039821
0.3811621231401457   335.3084049455913   528.748227318912
0.3923360608618501   315.08513425229614   508.69000360937554
0.4038375675538918   296.47602297707107   489.6318805322714
0.41567624604680364   279.72326642132106   471.5695161141278
0.42786198068238046   264.0462612064371   454.3346138780576
0.4404049455663077   248.72456055345356   437.7825460827898
0.4533156130627191   233.838325510448   421.9425188434332
0.4666047625377753   219.91065721887736   406.84478790159613
0.4802834893595659   207.07142752239562   392.47018622731287
0.49436321416184764   194.97191901986102   378.7410672613777
0.5088556923793517   183.343571255256   365.57291726307903
0.5237730240626238   172.29936173211757   352.9762588998352
0.5391276639805903   161.98612997463388   340.96490408928173
0.5549324320192869   152.30740710531248   329.4838651422007
0.5712005238854289   143.1150549925808   318.47864469098147
0.5879455221237613   134.41714856229333   307.9430023984062
0.6051814074573895   126.25234168963244   297.8646007233675
0.622922570460556   118.5743266622998   288.21557733789774
0.6411838235736077   111.3333753732225   278.96683415675494
0.6599804134701901   104.50582311136624   270.09598495267613
0.6793280337869897   98.07155285422748   261.58260226375774
0.6992428382266549   92.01107476880425   253.4075204638623
0.7197414540448374   86.30554270972668   245.55274980046616
0.7408409959326054   80.93676593314575   238.00139694488672
0.7625590803058332   75.88721645879028   230.73759152125902
0.7849138400134885   71.13990175007787   223.74613410755975
0.8079239394770964   66.67778843765213   217.01108871905703
0.8316085902740278   62.48446100391036   210.5169809300506
0.8559875671776167   58.54440668575195   204.24939636140707
0.8810812246675007   54.842968586815   198.19490737165708
0.9069105139239728   51.36630062358281   192.34100488355924
0.9334970003205227   48.10132473203778   186.6760358979096
0.960862881429187   45.035690235905044   181.1891461177223
0.9890310055537336   42.15776964698999   175.87003580020476
1.0180248908061487   39.45668415642571   170.70851703428963
1.047868744742366   36.92215791394454   165.6950268093453
1.0785874845736239   34.54446507483134   160.8207142850222
1.1102067579703248   32.314404012772826   156.07739622584324
1.1427529644757777   30.223272462733153   151.4575160403942
1.1762532775476793   28.26284358220189   146.95410605441847
1.210735667245765   26.425342796692554   142.56075303399
1.246228923584555   24.70341455453085   138.27159980070365
1.2827626805706884   23.090095918078802   134.08133792152748
1.3203674409449337   21.578818124672935   129.98511792317248
1.3590746016495152   20.163388238324874   125.97851671430365
1.3989164800420282   18.83796923905063   122.05751372999399
1.4399263408778291   17.597061051480004   118.21846843643354
1.4821384240834183   16.435482476724715   114.45809902839851
1.525587973344019   15.348354004044579   110.77348115639302
1.5703112655292182   14.331081717259442   107.16248775321942
1.6163456409812174   13.37934165251326   103.62372475882344
1.6637295346910133   12.489064660106129   100.15597504337576
1.7125025083885144   11.656422347404831   96.75816059957768
1.7627052835733923   10.877813740482388   93.42933203892012
1.814379775514258   10.14985261733723   90.16865832864049
1.8675691282445197   9.469355483811057   86.97541675633444
1.922317750584177   8.833329916336549   83.84904087865542
1.9786713532176083   8.238961458733284   80.78966969169987
2.0366769868582977   7.683605124387239   77.79779952494046
2.0963830815323896   7.164777458495444   74.87385077083898
2.1578394870138577   6.680147176558424   72.01816125142577
2.2210975144450407   6.2275262845957995   69.23098637118406
2.286209979177315   5.804861684946227   66.5124994817802
2.3532312448676476   5.410227243441933   63.862792455917734
2.4222172688678643   5.041816944916726   61.28200817339112
2.4932256489445366   4.697940478475464   58.77091616049634
2.5663156713684585   4.3770133008745296   56.33031573838799
2.641548360413907   4.077549032835522   53.960756372868154
2.7189865293089923   3.798153717847452   51.662552092590204
2.798694832679631   3.5375203911466575   49.43579634940307
2.8807398205309562   3.294423942625829   47.28037686836192
2.9651899938111903   3.0677162582753708   45.19599033801622
3.05211586160442   2.856318532586961   43.182025854889396
3.1415899999999994   2.65921185507754   41.237341888918614
