0.01   7808.689413457094   7808.334046261976
0.010293154462191829   7876.705128931359   7876.341564505723
0.010594902878253955   7940.963966130807   7940.591536349271
0.010905497183778876   8001.219733419151   8000.837565834406
0.011225196699963396   8057.227334260073   8056.834361409178
0.011554268350120923   8108.735585875668   8108.330807842777
0.011892986882540897   8155.488325240487   8155.071072604736
0.012241635099881474   8197.23341576149   8196.80337162739
0.012600504095286909   8233.71827949029   8233.275276199452
0.012969893495426888   8264.67748124824   8264.22081300816
0.013350111710660605   8289.849569053755   8289.377847334452
0.013741476192534558   8308.981445939513   8308.49262826791
0.014144313698828986   8321.816098950818   8321.307900224363
0.01455896056637426   8328.098506359089   8327.568699983853
0.014985762991865008   8327.587827801857   8327.034264651806
0.01542507732090645   8320.051201425942   8319.471578886823
0.015877270345534218   8305.254820554926   8304.646134706192
0.016342719610456153   8282.982555043272   8282.34104638019
0.016821813728271667   8253.03923936458   8252.360408168408
0.017314952703931925   8215.241085884161   8214.519576401957
0.017822548268711737   8169.424336402485   8168.653910070758
0.01834502422397195   8115.454176069651   8114.627779088684
0.018882816794999403   8053.223544485781   8052.333437260966
0.019436374995219892   7982.652956042785   7981.690885255793
0.02000616100108813   7903.6973952732405   7902.654696875342
0.020592650537967844   7816.350438477679   7815.218158209715
0.021196333277324068   7720.655374061774   7719.424479717476
0.02181771324555934   7616.698269878042   7615.359799444482
0.022457309244835088   7504.604913643943   7503.150120144211
0.02311565528622961   7384.56675617218   7382.988312687925
0.023793301035594242   7256.8445756549545   7255.137925191906
0.024490812272480036   7121.735815430826   7119.899172463424
0.025208771362518027   6979.591533711298   6977.62614554528
0.0259477777436476   6830.87650968872   6828.788022686934
0.02670844842659881   6676.098118921282   6673.896633121598
0.027491418510046592   6515.785449853598   6513.485191268878
0.028297341710866907   6350.583545172348   6348.204094410009
0.029126890909937666   6181.226658249829   6178.793757160813
0.029980758713939952   6008.436790587252   6005.981523084122
0.030859658033628758   5832.983285204256   5830.541641954671
0.031764322679055976   5655.798604321203   5653.411858451969
0.03269550797224261   5477.79093798814   5475.504787409343
0.033653991377811755   5299.817870804285   5297.6812564768015
0.03464057315210884   5122.8542896436575   5120.9172065635785
0.03565607701135116   4947.898472363329   4946.2104865309675
0.036701350819364466   4775.8390171458   4774.448752592357
0.03777726729548091   4607.5744879053445   4606.5273421914835
0.038884724743189276   4444.128320973882   4443.462583275022
0.04002464780014597   4286.40512880081   4286.152294518351
0.041197988210172884   4135.159308365079   4135.343654347386
0.04240572561788674   3990.954591769905   3991.5837415555898
0.04364886838662332   3854.2210340840575   3855.2835535757677
0.04492845444033957   3725.304764098296   3726.772932602413
0.04624555213019635   3604.6359632226695   3606.461366267687
0.04760126112654554   3492.8023669555196   3494.908501594536
0.04899671333706607   3390.3204442678057   3392.605622758348
0.05043307385181555   3297.3184768392452   3299.6601258745386
0.05191154191598653   3212.789061730057   3215.05037755889
0.053433351931179485   3135.582136911288   3137.613758349687
0.05499977448602865   3064.669642199994   3066.309332485089
0.05661211741704101   2999.153493521463   3000.2240476479283
0.05827172690053434   2938.2192567482375   2938.528747768632
0.05997998857658587   2880.8848399150943   2880.2400378883276
0.06173832870592997   2825.799820362396   2824.03061426629
0.0635482153607709   2771.623450232377   2768.5887670331417
0.06541115965050462   2716.689318014261   2712.31275603497
0.06732871698337338   2659.2087998237776   2653.498929608359
0.06930248836510605   2597.445802015635   2590.510990967225
0.07133412173562886   2529.681645656918   2521.7530272301374
0.07342531334496233   2454.5474023811034   2445.981586585075
0.07557780916945323   2371.3208566811413   2362.6181588668287
0.07779340636952398   2279.801590596433   2271.5743052244343
0.08007395479015682   2180.795120160509   2173.6937117941366
0.08242135850536496   2075.5561933942977   2070.237651757441
0.08483757740794096   1965.8759670714903   1963.0110260775612
0.08732462884580919   1853.8003396920403   1854.023722495518
0.08988458930634863   1741.784627365818   1745.6049110218792
0.09251959615009227   1632.3228394762498   1640.0891201423844
0.09523184939525078   1527.9277798500066   1539.8028264083646
0.09802361355455057   1431.1480078994575   1446.9930655793837
0.10089721952591899   1344.2245834157104   1363.5905328092956
0.10385506653859616   1268.7270224061003   1290.9098381838849
0.10689962415629803   1205.6205483171877   1229.7140537857663
0.11003343433910281   1154.5645071457159   1179.5033640801435
0.11325911356578279   1114.489238039385   1139.1155687633986
0.11657935501835284   1083.2094828156048   1106.4917487320135
0.11999693083066039   1058.0761286719605   1079.1860371352284
0.12351469440289359   1035.9215668180586   1054.3273509957144
0.12713558278394044   1013.4436070122408   1029.084490810666
0.13086261912358757   987.5096214278195   1000.8727808776919
0.13469891519660646   955.6184834410046   967.6723509387671
0.13864767400083483   916.3907722211025   928.5333068544145
0.14271219243142114   869.72305442759   883.5902902224209
0.14689586403346616   816.84178501257   834.0169841100567
0.1512021818353596   760.2202047659805   782.1024270562317
0.15563474126517718   703.3840422885771   730.6920604920914
0.16019724315257297   650.2931392218209   682.7804132220114
0.1648934968186736   604.3463106961364   640.9606920268036
0.1697274232565544   567.3323952227428   606.4674962436142
0.17470305840495237   539.2051426363037   578.8395403917955
0.17982455651794954   518.6338498729867   557.0022532213634
0.18509619363343993   503.35281398682037   539.0043625287192
0.19052237114327647   490.1361425381776   522.4249971863256
0.19610761946807834   475.3051872993346   504.7557847349944
0.20185660183976684   456.08246658084187   484.1275076471213
0.20777411819498756   431.76077055002315   460.3104492909026
0.21386510918267082   403.5398308467886   434.46895122483363
0.22013466028907505   373.8505217140467   408.20748839528386
0.22658800608375756   345.7919670379435   383.50601019998373
0.23323053459001789   322.0246460588857   362.01470544434943
0.2400677917834628   303.6622304149777   344.0992577006659
0.24710548622244882   290.11698942424783   329.30704256457125
0.25434949381426813   279.37954451314613   316.26802020757594
0.2618058627210567   268.6795815212616   303.4074285634289
0.2694808184095226   255.9765602383178   289.6946990748346
0.27738076884870827   240.87381015916014   275.0152831060282
0.2855123098601282   224.39118049451233   260.0840752793305
0.29388223062474755   208.50108065849182   245.9201249608603
0.3024975193514008   194.9930599385297   233.2203900296683
0.31136536911138296   184.3048828464295   222.117456297346
0.3204931838440838   175.58160632118276   212.13441745233743
0.32988858453867975   167.29367692389525   202.5752611700356
0.3395594155970457   158.20026889656862   192.90140731334648
0.34951375138319807   148.26594850960475   183.2705307423801
0.3597599029647371   138.39590820736703   173.99289643390185
0.37030642505191835   129.58165252691336   165.38553774979624
0.3811621231401457   122.1785345575544   157.5416359072087
0.3923360608618501   115.66580265615994   150.2208693760541
0.4038375675538918   109.24251815096547   143.17414327568582
0.41567624604680364   102.59184275161184   136.3059368922188
0.42786198068238046   96.02171585993115   129.72370969882599
0.4404049455663077   90.03088285649348   123.56006653300446
0.4533156130627191   84.73105328229349   117.78720171656539
0.4666047625377753   79.83098540016722   112.3259463884784
0.4802834893595659   75.01091443825948   107.10238634520105
0.49436321416184764   70.3015861116146   102.10984587201109
0.5088556923793517   65.90918314032758   97.38968532502523
0.5237730240626238   61.90582137702818   92.94516084872397
0.5391276639805903   58.154465780269994   88.7261502264282
0.5549324320192869   54.5436648236883   84.70933867285706
0.5712005238854289   51.113977814669   80.89455249630176
0.5879455221237613   47.92832056286909   77.28395021066814
0.6051814074573895   44.95644134788373   73.86506961962269
0.622922570460556   42.13782867724293   70.61385085560948
0.6411838235736077   39.47459829153571   67.52468226408342
0.6599804134701901   36.98316525222145   64.60066777282123
0.6793280337869897   34.65108192846843   61.82486604618695
0.6992428382266549   32.45672092496398   59.18974743789681
0.7197414540448374   30.39232720755104   56.687874863851825
0.7408409959326054   28.451551696235978   54.312092470852406
0.7625590803058332   26.62820283644065   52.055646659771476
0.7849138400134885   24.91626076735671   49.91216303952406
0.8079239394770964   23.309888857204093   47.87562471004579
0.8316085902740278   21.80344191703878   45.94035123267308
0.8559875671776167   20.391301382432715   44.10086936897518
0.8810812246675007   19.06774048119884   42.35178814565652
0.9069105139239728   17.82732591234813   40.68802119575468
0.9334970003205227   16.66495476687785   39.1047991415232
0.960862881429187   15.575834281670371   37.5976481058928
0.9890310055537336   14.555462863057368   36.16236978823727
1.0180248908061487   13.59961230246034   34.79502297052606
1.047868744742366   12.704330992872245   33.491851280199924
1.0785874845736239   11.865964451958927   32.249155521093485
1.1102067579703248   11.081075737969785   31.06344399333621
1.1427529644757777   10.34642009798588   29.931454759731373
1.1762532775476793   9.658935476790978   28.850138953750402
1.210735667245765   9.015733393515125   27.816645416869335
1.246228923584555   8.414090180092037   26.82830655111766
1.2827626805706884   7.85143591171635   25.882596969536987
1.3203674409449337   7.325337301188447   24.977017131616936
1.3590746016495152   6.833502009886358   24.10919630929659
1.3989164800420282   6.3737752015543085   23.276926823626898
1.4399263408778291   5.944131756535329   22.478151963389752
1.4821384240834183   5.542668892298262   21.710954899598665
1.525587973344019   5.167599172729862   20.97354851857921
1.5703112655292182   4.817244077909779   20.26425704732797
1.6163456409812174   4.490028859327809   19.58145043212255
1.6637295346910133   4.1844754723029824   18.923582479441794
1.7125025083885144   3.8991962849018447   18.289216803256526
1.7627052835733923   3.6328888537827   17.677019161988383
1.814379775514258   3.3843309820041823   17.085750260059065
1.8675691282445197   3.1523760417163054   16.51425913744133
1.922317750584177   2.9359485215740833   15.961476955253227
1.9786713532176083   2.734039557847616   15.426409917443822
2.0366769868582977   2.5457031829115913   14.908134894943855
2.0963830815323896   2.370052823912737   14.405795838374209
2.1578394870138577   2.2062577520343507   13.918599365553007
2.2210975144450407   2.053539726575401   13.445810652703045
2.286209979177315   1.9111698283570484   12.986749620634733
2.3532312448676476   1.7784654523580141   12.54078808814792
2.4222172688678643   1.6547871010177109   12.10736053052606
2.4932256489445366   1.5395358824521628   11.685958049172191
2.5663156713684585   1.4321514551215224   11.276110243247018
2.641548360413907   1.3321096527746246   10.877382125244605
2.7189865293089923   1.2389202319236996   10.48937182181275
2.798694832679631   1.1521247533568582   10.111708402172386
2.8807398205309562   1.0712946011570161   9.744051191298858
2.9651899938111903   0.9960295703328783   9.386147459402007
3.05211586160442   0.9259561177546761   9.037842905902052
3.1415899999999994   0.8607249826044632   8.698991435113655
