0.01   400.8531789679646   400.8518013345051
0.010293154462191829   406.07474586794314   406.0733663083158
0.010594902878253955   411.1788977248373   411.1775039653316
0.010905497183778876   416.15316330440976   416.15173712441816
0.011225196699963396   420.9847188432   420.9832548552531
0.011554268350120923   425.66052000092003   425.6590319977787
0.011892986882540897   430.16734818552624   430.1658688896023
0.012241635099881474   434.4911114693184   434.48966871748377
0.012600504095286909   438.61686325382937   438.6154553012519
0.012969893495426888   442.52956023292154   442.5281535510486
0.013350111710660605   446.213966061294   446.2125081931963
0.013741476192534558   449.6542844173399   449.652749123365
0.014144313698828986   452.83469004265663   452.8330875823952
0.01455896056637426   455.73946652617013   455.7378418354304
0.014985762991865008   458.3524037788335   458.35079911196186
0.01542507732090645   460.65707540726237   460.6555030322559
0.015877270345534218   462.63742495498417   462.6358659382653
0.016342719610456153   464.27755173409196   464.275968745392
0.016821813728271667   465.56139927729873   465.5597665791553
0.017314952703931925   466.47347638735783   466.47178424358606
0.017822548268711737   466.9990059324999   466.9972588574858
0.01834502422397195   467.12359638518353   467.1217967038935
0.018882816794999403   466.8336028018921   466.8317423593288
0.019436374995219892   466.11649277286307   466.11455295844274
0.02000616100108813   464.96103258629046   464.95898606642487
0.020592650537967844   463.357440950718   463.35525440899596
0.021196333277324068   461.29739708687526   461.2950317367619
0.02181771324555934   458.7743016455853   458.77171461001745
0.022457309244835088   455.78413922528745   455.7812896802277
0.02311565528622961   452.32492830025325   452.3217797435705
0.023793301035594242   448.396515229796   448.3930357219109
0.024490812272480036   444.0023237296232   443.99848749240465
0.025208771362518027   439.1495498775548   439.1453389712579
0.0259477777436476   433.8472094014776   433.8426137201649
0.02670844842659881   428.10724257765463   428.1022622035218
0.027491418510046592   421.94785837367505   421.94251275300024
0.028297341710866907   415.3896254530964   415.38395456358336
0.029126890909937666   408.4545448737429   408.44860791540964
0.029980758713939952   401.17132433014325   401.16519995616306
0.030859658033628758   393.57368255795217   393.56746844549116
0.031764322679055976   385.69530567019086   385.68911642016866
0.03269550797224261   377.5731635321111   377.56712894500157
0.033653991377811755   369.25283214178194   369.2470962182896
0.03464057315210884   360.77947001003645   360.7741887554286
0.03565607701135116   352.1969337356726   352.1922722136726
0.036701350819364466   343.5562108207607   343.5523350613383
0.03777726729548091   334.9101897692122   334.9072620791971
0.038884724743189276   326.30761386566553   326.3057920247119
0.04002464780014597   317.79531010480224   317.7947395761415
0.041197988210172884   309.41989143024705   309.42069269754415
0.04240572561788674   301.2236904344374   301.22595990855547
0.04364886838662332   293.24697146744205   293.25077361291716
0.04492845444033957   285.54173964059464   285.54704249168486
0.04624555213019635   278.16063690751037   278.16729577789016
0.04760126112654554   271.14921719101187   271.15698720736304
0.04899671333706607   264.5262691149083   264.53481077448765
0.05043307385181555   258.28875458181767   258.297638129859
0.05191154191598653   252.43203531446653   252.44074857740353
0.053433351931179485   246.93710768138746   246.94506360708579
0.05499977448602865   241.7729290884513   241.7794718684927
0.05661211741704101   236.9082941367863   236.9127040822708
0.05827172690053434   232.29705400528513   232.29855711822134
0.05997998857658587   227.8876759096015   227.88545116746795
0.06173832870592997   223.62443648599015   223.61765993456348
0.0635482153607709   219.43771900267998   219.4256574440042
0.06541115965050462   215.25782834909157   215.2398644748411
0.06732871698337338   211.0012848720441   210.97700535923448
0.06930248836510605   206.5825510849488   206.55179182668152
0.07133412173562886   201.91485812076178   201.87783827492132
0.07342531334496233   196.9138623327123   196.87127983016921
0.07557780916945323   191.5141773869111   191.46716762009532
0.07779340636952398   185.67172885667983   185.62181516344816
0.08007395479015682   179.37824505147486   179.32746916232423
0.08242135850536496   172.66099418831897   172.6119749814595
0.08483757740794096   165.58804407065122   165.54346073445836
0.08732462884580919   158.25654811518294   158.21881041180214
0.08988458930634863   150.79113087533747   150.76249739632627
0.09251959615009227   143.32852251041712   143.31093586158892
0.09523184939525078   136.0180821406291   136.012733287023
0.09802361355455057   129.00079905700247   129.0080174729582
0.10089721952591899   122.42074179659144   122.43976994797431
0.10385506653859616   116.39892806059791   116.42786843605914
0.10689962415629803   111.03411966991528   111.06975822791594
0.11003343433910281   106.37504529352846   106.41304738232736
0.11325911356578279   102.42199964938348   102.4571406283245
0.11657935501835284   99.10406761057362   99.13104475095862
0.11999693083066039   96.30269109102537   96.3165660782595
0.12351469440289359   93.84706054087135   93.84368362125106
0.12713558278394044   91.54352059070318   91.52053688417163
0.13086261912358757   89.1915853023547   89.14912476797718
0.13469891519660646   86.60607665085551   86.5467589142585
0.13864767400083483   83.64698549657241   83.57600599911305
0.14271219243142114   80.24223847151785   80.16691191356635
0.14689586403346616   76.40469459884493   76.33350504337295
0.1512021818353596   72.23418566011259   72.17572596674296
0.15563474126517718   67.90084463728367   67.86181220462309
0.16019724315257297   63.622507351688064   63.60624603615292
0.1648934968186736   59.63206266809103   59.63774204039194
0.1697274232565544   56.12994367107815   56.152005686247506
0.17470305840495237   53.229248159624355   53.25797776197546
0.17982455651794954   50.922998765331926   50.94729687056608
0.18509619363343993   49.09679505318579   49.10655681017981
0.19052237114327647   47.56749229095424   47.55553392357346
0.19610761946807834   46.11467331257217   46.07872390477137
0.20185660183976684   44.513526770966195   44.45833381993387
0.20777411819498756   42.60147751051599   42.53784999525438
0.21386510918267082   40.35219285313887   40.293430237955796
0.22013466028907505   37.882749863228284   37.840494937318134
0.22658800608375756   35.391463558025244   35.37216619966187
0.23323053459001789   33.09000264397715   33.09207069888169
0.2400677917834628   31.142266488906206   31.156482814535227
0.24710548622244882   29.599882546874017   29.612448430750092
0.25434949381426813   28.38194226234588   28.381014270124396
0.2618058627210567   27.31547774179542   27.29510074749766
0.2694808184095226   26.20286232464595   26.167224187087587
0.27738076884870827   24.91382460275344   24.87395800148245
0.2855123098601282   23.452301436685214   23.42224528851065
0.29388223062474755   21.940179155893595   21.927916646755534
0.3024975193514008   20.535352198825148   20.539696261801847
0.31136536911138296   19.35407348205172   19.365709637504406
0.3204931838440838   18.399875400639843   18.405701843743305
0.32988858453867975   17.56981205330738   17.564172434439627
0.3395594155970457   16.733085007599925   16.719172674206632
0.34951375138319807   15.813084212590717   15.800618546057303
0.3597599029647371   14.838038366314587   14.836417334342947
0.37030642505191835   13.906184528566184   13.916788073340932
0.3811621231401457   13.09479933020163   13.110870997415933
0.3923360608618501   12.405467818397693   12.418407514548749
0.4038375675538918   11.771221814992865   11.778774821558354
0.41567624604680364   11.122875375729562   11.12996488213482
0.42786198068238046   10.453002565336835   10.466293760785552
0.4404049455663077   9.80958897918451   9.830630541608436
0.4533156130627191   9.235335773361594   9.25944061973225
0.4666047625377753   8.723858426154708   8.746456769662837
0.4802834893595659   8.234925998321287   8.256619443008464
0.49436321416184764   7.745764060991776   7.770383779060797
0.5088556923793517   7.272708790025699   7.301979326460651
0.5237730240626238   6.839210326942969   6.870962138133125
0.5391276639805903   6.4428302957374965   6.474548105128638
0.5549324320192869   6.063739128249996   6.096127786485399
0.5712005238854289   5.695497648801352   5.730467341358021
0.5879455221237613   5.348692055452885   5.386038374596461
0.6051814074573895   5.028210124079968   5.066487570346869
0.622922570460556   4.726087409319737   4.76511389798749
0.6411838235736077   4.436943080775303   4.477569509509522
0.6599804134701901   4.1644610041138455   4.2066629226441234
0.6793280337869897   3.9101162617114977   3.9532123779685064
0.6992428382266549   3.670149399041519   3.7140757744256954
0.7197414540448374   3.443710328170515   3.4885230420455624
0.7408409959326054   3.230290554438602   3.276029668739054
0.7625590803058332   3.029291232538268   3.075943655931975
0.7849138400134885   2.8401238756469556   2.887634026723612
0.8079239394770964   2.662211489641958   2.710491034999448
0.8316085902740278   2.4949599253376697   2.543909539470915
0.8559875671776167   2.3377610588155546   2.387290114111351
0.8810812246675007   2.1900373155869346   2.240063433512422
0.9069105139239728   2.051242858273308   2.101690444542394
0.9334970003205227   1.9208619140031906   1.9716609400767682
0.960862881429187   1.798407186896997   1.8494921854361104
0.9890310055537336   1.6834183514152448   1.7347275967520115
1.0180248908061487   1.5754614067139576   1.6269359635996814
1.047868744742366   1.4741313563440082   1.5257127785774451
1.0785874845736239   1.379046601317162   1.430676373040886
1.1102067579703248   1.2898454755460635   1.3414653813488586
1.1427529644757777   1.20618535899894   1.2577378279249085
1.1762532775476793   1.1277418250675137   1.1791702447299806
1.210735667245765   1.05420781427809   1.1054568147881092
1.246228923584555   0.985292830266764   1.0363085406181944
1.2827626805706884   0.9207216430170408   0.9714522286813029
1.3203674409449337   0.8602332245850646   0.9106295808348107
1.3590746016495152   0.8035811423339241   0.8535968953229105
1.3989164800420282   0.7505329420406108   0.800124378697965
1.4399263408778291   0.7008694217777213   0.7499954302235654
1.4821384240834183   0.654383938639362   0.7030059560462737
1.525587973344019   0.6108817471789553   0.6589637125354636
1.5703112655292182   0.5701793748192363   0.6176877876110135
1.6163456409812174   0.532104084036063   0.5790091001480867
1.6637295346910133   0.49649325293458646   0.54276905260237
1.7125025083885144   0.46319377735177586   0.5088180896288671
1.7627052835733923   0.43206155531684537   0.4770152370559967
1.814379775514258   0.40296099711519906   0.4472276725584375
1.8675691282445197   0.3757645590403486   0.4193303115627135
1.922317750584177   0.3503522998948392   0.393205408398634
1.9786713532176083   0.32661141170011543   0.36874191946784973
2.0366769868582977   0.3044357367701042   0.34583468712469745
2.0963830815323896   0.28372554013740975   0.32438488698711254
2.1578394870138577   0.2643871739915164   0.30429983043091063
2.2210975144450407   0.24633272643008386   0.28549260166078766
2.286209979177315   0.22947968897882756   0.26788171439073677
2.3532312448676476   0.21375064198596747   0.25139078725242653
2.4222172688678643   0.19907296218741918   0.23594824740716103
2.4932256489445366   0.18537865076058066   0.22148726245063785
2.5663156713684585   0.17260403056570597   0.20794540175351203
2.641548360413907   0.16068936341593065   0.1952641161961031
2.7189865293089923   0.149578616628495   0.18338849977285487
2.798694832679631   0.1392192477046608   0.17226707537407032
2.8807398205309562   0.12956200034582357   0.16185159180845826
2.9651899938111903   0.1205607113026658   0.15209683161357943
3.05211586160442   0.11217204573719773   0.14296075848701703
3.1415899999999994   0.10435502453497668   0.134405581654066
