0.01   20564.957742355906   20559.76309508093
0.010293154462191829   20734.86458214373   20729.24700708103
0.010594902878253955   20893.972539575865   20887.900441954887
0.010905497183778876   21041.61890570286   21035.0568283193
0.011225196699963396   21177.131842121868   21170.039143430204
0.011554268350120923   21299.848993672436   21292.17988741482
0.011892986882540897   21409.098902399634   21400.80324470261
0.012241635099881474   21504.187324017705   21495.211986383776
0.012600504095286909   21584.435081142707   21574.724286559587
0.012969893495426888   21649.1796577027   21638.674962524903
0.013350111710660605   21697.744594615397   21686.383396106645
0.013741476192534558   21729.467617368093   21717.182756294416
0.014144313698828986   21743.720940459596   21730.44104081633
0.01455896056637426   21739.890307024318   21725.53861051642
0.014985762991865008   21717.37030371685   21701.863003119794
0.01542507732090645   21675.602657519627   21658.84935938893
0.015877270345534218   21614.078618002186   21595.983008911968
0.016342719610456153   21532.32312810709   21512.78353534756
0.016821813728271667   21429.918404947835   21408.828647996786
0.017314952703931925   21306.517192132982   21283.767536895368
0.017822548268711737   21161.8475779943   21137.32381841126
0.01834502422397195   20995.717491444197   20969.300059555073
0.018882816794999403   20808.018815691386   20779.584139121504
0.019436374995219892   20598.744201151647   20568.167860641115
0.02000616100108813   20368.02539837254   20335.189595817203
0.020592650537967844   20116.095866477863   20080.89213852553
0.021196333277324068   19843.286239969486   19805.61692182245
0.02181771324555934   19550.120339519   19509.90320021571
0.022457309244835088   19237.291082539712   19194.46300324185
0.02311565528622961   18905.5714304652   18860.088974845705
0.023793301035594242   18555.891231199057   18507.735098726214
0.024490812272480036   18189.47694286132   18138.663306761886
0.025208771362518027   17807.634860187904   17754.215763755205
0.0259477777436476   17411.726948419582   17355.78885080414
0.02670844842659881   17003.452550780225   16945.121497116987
0.027491418510046592   16584.695518524433   16524.138274796394
0.028297341710866907   16157.293075511907   16094.712599023223
0.029126890909937666   15723.241531118172   15658.873464224009
0.029980758713939952   15284.915318688645   15219.025439281144
0.030859658033628758   14844.594241909555   14777.473015218426
0.031764322679055976   14404.44774872825   14336.40377535211
0.03269550797224261   13966.960633371646   13898.307522579384
0.033653991377811755   13534.62304318621   13465.671259982077
0.03464057315210884   13109.6622790336   13040.715569342025
0.03565607701135116   12694.315066865383   12625.646801257093
0.036701350819364466   12290.982741509428   12222.801517695798
0.03777726729548091   11901.787652356914   11834.239158959688
0.038884724743189276   11528.525884150713   11461.691792086747
0.04002464780014597   11172.567224511333   11106.429504637583
0.041197988210172884   10835.001606679625   10769.43725681563
0.04240572561788674   10516.737492756834   10451.528441320452
0.04364886838662332   10218.587783728093   10153.369122180356
0.04492845444033957   9941.309859834888   9875.504133646118
0.04624555213019635   9685.555347651552   9618.386689790872
0.04760126112654554   9451.001070643333   9381.554307818376
0.04899671333706607   9234.67661709383   9162.038116605561
0.05043307385181555   9033.38162543078   8956.66307102496
0.05191154191598653   8844.260292013756   8762.601405093821
0.053433351931179485   8664.908815440078   8577.48882868997
0.05499977448602865   8493.140872740209   8399.18295264721
0.05661211741704101   8326.231650715845   8225.095973338022
0.05827172690053434   8160.520114943157   8051.852232100159
0.05997998857658587   7992.406412550693   7876.175493528279
0.06173832870592997   7817.560624092417   7694.311277042473
0.0635482153607709   7631.542132240617   7502.500154242195
0.06541115965050462   7430.399017146324   7297.546884307938
0.06732871698337338   7210.739130333443   7076.909978296251
0.06930248836510605   6970.491656778621   6839.24165445225
0.07133412173562886   6709.974083686837   6585.396377961924
0.07342531334496233   6430.756385675881   6317.277521061206
0.07557780916945323   6136.500020144881   6038.646531995491
0.07779340636952398   5831.730696410458   5753.807037598173
0.08007395479015682   5522.3749116802255   5467.891662481205
0.08242135850536496   5214.469276784513   5185.99223480518
0.08483757740794096   4914.236085520512   4913.2935476533685
0.08732462884580919   4627.831301046828   4654.660170401739
0.08988458930634863   4361.334360779172   4414.615168234803
0.09251959615009227   4120.266533696997   4196.8787796817305
0.09523184939525078   3909.0530592731084   4004.235363894496
0.09802361355455057   3729.4120299462056   3837.1674924094877
0.10089721952591899   3581.238013850025   3694.689253309378
0.10385506653859616   3460.7506984894967   3573.15314637295
0.10689962415629803   3362.483948801477   3467.7854021522203
0.11003343433910281   3278.7606839217688   3372.603279424879
0.11325911356578279   3201.366389849467   3281.606506598536
0.11657935501835284   3121.7600157761735   3189.0359060809287
0.11999693083066039   3032.3277174901423   3090.118118477085
0.12351469440289359   2927.2362725173543   2981.512897742273
0.12713558278394044   2803.727654881637   2862.126245844891
0.13086261912358757   2662.5154209446655   2733.822960998378
0.13469891519660646   2507.421563331625   2600.0543983682737
0.13864767400083483   2344.9098768282847   2464.60364349735
0.14271219243142114   2183.7240227387297   2332.8973231956143
0.14689586403346616   2033.6264924672287   2210.354346948555
0.1512021818353596   1903.0551405488657   2101.1521081693186
0.15563474126517718   1796.474359871286   2007.041925318842
0.16019724315257297   1713.064754835685   1926.1624075010482
0.1648934968186736   1648.327846587028   1855.7706831041576
0.1697274232565544   1595.861723313018   1791.7887287514375
0.17470305840495237   1547.6362598216829   1730.1899666678723
0.17982455651794954   1494.6980447113376   1666.9193311262052
0.18509619363343993   1430.473387785787   1600.3924040033426
0.19052237114327647   1353.9046893204054   1530.7705259065074
0.19610761946807834   1269.0530313950285   1459.753547171384
0.20185660183976684   1182.5021185505898   1390.417876147457
0.20777411819498756   1101.608048442872   1325.7587224271638
0.21386510918267082   1032.5050829478541   1266.6639710631957
0.22013466028907505   977.3546287385118   1213.9897526376885
0.22658800608375756   933.9089584645087   1166.3279270964733
0.23323053459001789   896.8609051678924   1121.489294372252
0.2400677917834628   859.480212108671   1077.5084239871137
0.24710548622244882   817.0542078668915   1033.7775099395806
0.25434949381426813   769.475114736625   990.0242140757874
0.2618058627210567   719.8654670896622   947.9226721590503
0.2694808184095226   672.8072450902971   907.8130745528601
0.27738076884870827   632.2608266888329   870.3068518734083
0.2855123098601282   598.7636429120942   835.7029484057912
0.29388223062474755   569.7422410142258   802.9605830628667
0.3024975193514008   541.627573291175   771.4839780264367
0.31136536911138296   511.83963150681404   740.8356389488845
0.3204931838440838   480.69456789009354   711.4120676878699
0.32988858453867975   450.5513733006568   683.143772489471
0.3395594155970457   423.44305026280256   656.4310125519141
0.34951375138319807   399.80699440877896   631.3432105751989
0.3597599029647371   378.2607928012566   607.392020365261
0.37030642505191835   357.064545528279   584.4221061039176
0.3811621231401457   335.7518066903768   562.3327431552448
0.3923360608618501   315.1621368111626   541.2532502527156
0.4038375675538918   296.2630188108948   521.2106543235997
0.41567624604680364   279.10642834905167   502.1847748129365
0.42786198068238046   262.98919476813546   484.0068730107766
0.4404049455663077   247.31462305330038   466.59123873745364
0.4533156130627191   232.24585272195375   449.9643777388382
0.4666047625377753   218.17377108965664   434.09526313363176
0.4802834893595659   205.14625925697644   418.98339082485626
0.49436321416184764   192.85241155936944   404.537582521178
0.5088556923793517   181.10638076902302   390.69374411193957
0.5237730240626238   170.00416232303593   377.45494592228687
0.5391276639805903   159.62681960510383   364.81854829727615
0.5549324320192869   149.87994091125898   352.7349236941334
0.5712005238854289   140.65187276107716   341.1482554979662
0.5879455221237613   131.95006255396223   330.0471236293002
0.6051814074573895   123.78414308854028   319.43125344287887
0.622922570460556   116.10354662387444   309.2490501961588
0.6411838235736077   108.86442488344261   299.4766265163915
0.6599804134701901   102.05737710652679   290.09831630839784
0.6793280337869897   95.65897138757073   281.09176167345447
0.6992428382266549   89.64557400759502   272.43528322826074
0.7197414540448374   83.99487689738265   264.1086387106574
0.7408409959326054   78.68582474525796   256.0929204026339
0.7625590803058332   73.69854609097675   248.37046096576023
0.7849138400134885   69.01428861749726   240.92474530420242
0.8079239394770964   64.61546795667684   233.73989771355568
0.8316085902740278   60.485714686137   226.80010136859514
0.8559875671776167   56.609549383360566   220.09049967877397
0.8810812246675007   52.97230270866527   213.5972759473859
0.9069105139239728   49.560079411834785   207.30758297044687
0.9334970003205227   46.35972343259136   201.20947853535498
0.960862881429187   43.35878409274514   195.29186616921885
0.9890310055537336   40.54546370789842   189.54427770653842
1.0180248908061487   37.90855407363344   183.95651788509863
1.047868744742366   35.43746656661234   178.51907169304965
1.0785874845736239   33.12221256332997   173.22315861497574
1.1102067579703248   30.953372045383176   168.06068830017847
1.1427529644757777   28.92206366083915   163.02421966506986
1.1762532775476793   27.019916187391583   158.10692306077004
1.210735667245765   25.239042022902176   153.30260430822557
1.246228923584555   23.572013012956464   148.6058386988121
1.2827626805706884   22.0118331848224   144.01173634784305
1.3203674409449337   20.551914657799625   139.5158508736587
1.3590746016495152   19.18605548414171   135.1141545050434
1.3989164800420282   17.908418571821446   130.80301447066043
1.4399263408778291   16.713511645152742   126.57917050988648
1.4821384240834183   15.59616801857438   122.43984319790407
1.525587973344019   14.551527822463614   118.38324228498868
1.5703112655292182   13.575021690236895   114.40799968646988
1.6163456409812174   12.662354768880236   110.51290684161498
1.6637295346910133   11.809491196170727   106.696902386399
1.7125025083885144   11.01263938302448   102.95906027595876
1.7627052835733923   10.268238064756902   99.29857816676054
1.814379775514258   9.572942927089185   95.7148806701713
1.8675691282445197   8.923613226444356   92.20827156224337
1.922317750584177   8.317300855599704   88.77934587142603
1.9786713532176083   7.75123962868713   85.42860240735476
2.0366769868582977   7.222834608784986   82.15644221593456
2.0963830815323896   6.729652018079126   78.96316887296862
2.1578394870138577   6.269409703890285   75.84898902640657
2.2210975144450407   5.839967948186938   72.81406334917783
2.286209979177315   5.439319514121994   69.85892072378576
2.3532312448676476   5.065582868199364   66.98416696115108
2.4222172688678643   4.716995641850325   64.19019628209107
2.4932256489445366   4.3919073800692745   61.477198746831654
2.5663156713684585   4.088772699209406   58.845171144275135
2.641548360413907   3.806144843511135   56.29392797646697
2.7189865293089923   3.5426697930285016   53.823137638153135
2.798694832679631   3.2970825607192107   51.432633977831735
2.8807398205309562   3.068200485006732   49.12226717853371
2.9651899938111903   2.854916390889405   46.89165422007596
3.05211586160442   2.6561939628466043   44.740192717735326
3.1415899999999994   2.4710634200684725   42.66708024229112
