0.01   22163.20224029207   22151.931659611204
0.010293154462191829   22392.422121146272   22380.11425525015
0.010594902878253955   22612.50027560804   22599.070663387763
0.010905497183778876   22822.75255794097   22808.10538399136
0.011225196699963396   23022.49217395629   23006.519957029832
0.011554268350120923   23211.02347252261   23193.607929088044
0.011892986882540897   23387.620092528006   23368.63524446196
0.012241635099881474   23551.55336324281   23530.86647038105
0.012600504095286909   23702.100061095338   23679.57178757532
0.012969893495426888   23838.511228422605   23813.992980501866
0.013350111710660605   23960.023276821536   23933.355282873752
0.013741476192534558   24065.888806311938   24036.900589807537
0.014144313698828986   24155.36527374746   24123.87536831661
0.01455896056637426   24227.69388856251   24193.508214851972
0.014985762991865008   24282.13826371917   24245.05066517708
0.01542507732090645   24317.99168229105   24277.784695396676
0.015877270345534218   24334.546323745497   24290.98933492506
0.016342719610456153   24331.114632784047   24283.963522493563
0.016821813728271667   24307.057197235637   24256.055960147165
0.017314952703931925   24261.77466887592   24206.65533982979
0.017822548268711737   24194.70066592117   24135.181730948592
0.01834502422397195   24105.330915336996   24041.119321736456
0.018882816794999403   23993.231504714477   23924.025110459927
0.019436374995219892   23858.0431150208   23783.531895066695
0.02000616100108813   23699.48662419652   23619.35514052137
0.020592650537967844   23517.36877886799   23431.299736548626
0.021196333277324068   23311.613406501212   23219.295085200545
0.02181771324555934   23082.27608756476   22983.411380891754
0.022457309244835088   22829.508909381675   22723.819239955035
0.02311565528622961   22553.583483305658   22440.8140231437
0.023793301035594242   22254.99228131543   22134.92420732285
0.024490812272480036   21934.35685026169   21806.812685287674
0.025208771362518027   21592.38945129856   21457.235656017016
0.0259477777436476   21230.04743249667   21087.21255899091
0.02670844842659881   20848.532624684325   20698.024936101698
0.027491418510046592   20449.104453018354   20291.01031429283
0.028297341710866907   20033.16129785818   19867.64583570791
0.029126890909937666   19602.496307632104   19429.813521416254
0.029980758713939952   19158.973883197792   18979.46290177319
0.030859658033628758   18704.44857572772   18518.526483166723
0.031764322679055976   18241.13291705616   18049.30203936835
0.03269550797224261   17771.47640753892   17574.325771105447
0.033653991377811755   17297.79889693238   17095.990959063158
0.03464057315210884   16822.459533231493   16616.713013919318
0.03565607701135116   16348.161802334113   16139.228180638953
0.036701350819364466   15877.461040032818   15666.110748602985
0.03777726729548091   15412.71382545599   15199.721373661583
0.038884724743189276   14956.563624019482   14742.651462653354
0.04002464780014597   14511.6866096122   14297.492603767067
0.041197988210172884   14080.438105602734   13866.516328016596
0.04240572561788674   13664.713007316734   13451.509968823804
0.04364886838662332   13265.823211284005   13053.630481468997
0.04492845444033957   12884.843860331797   12673.804880600186
0.04624555213019635   12522.760363665508   12312.861395126625
0.04760126112654554   12181.036787808875   11971.943309783815
0.04899671333706607   11861.239835611826   11652.242309492474
0.05043307385181555   11564.65591545147   11354.708406523243
0.05191154191598653   11290.150791692817   11078.05146381021
0.053433351931179485   11034.285680994828   10818.852215654144
0.05499977448602865   10793.810000145628   10573.888577712154
0.05661211741704101   10565.916894332713   10340.393948303414
0.05827172690053434   10348.21192812289   10116.027008129664
0.05997998857658587   10138.390542073388   9898.560603530435
0.06173832870592997   9933.247678957741   9685.093691611164
0.0635482153607709   9729.185506596401   9472.458111200414
0.06541115965050462   9522.472041016417   9257.484462775134
0.06732871698337338   9308.578002879354   9036.575398763896
0.06930248836510605   9083.197849145234   8806.405105973361
0.07133412173562886   8842.177151988817   8564.114780566431
0.07342531334496233   8581.84365912958   8307.373790911852
0.07557780916945323   8300.311477519805   8035.3205149054365
0.07779340636952398   7997.406620847696   7748.461113804553
0.08007395479015682   7674.822364381019   7448.88429246674
0.08242135850536496   7336.191920318678   7140.320304466433
0.08483757740794096   6986.581391108763   6827.200695747205
0.08732462884580919   6632.299354544175   6514.5254831505645
0.08988458930634863   6279.98019363405   6207.401294467926
0.09251959615009227   5936.21768527679   5910.758575060457
0.09523184939525078   5607.707243635628   5628.987042327365
0.09802361355455057   5300.709919266056   5365.938540882181
0.10089721952591899   5021.228871992183   5125.192607118117
0.10385506653859616   4773.665737205801   4908.978916508333
0.10689962415629803   4560.303794245416   4717.07701784676
0.11003343433910281   4380.99072913495   4548.123715171999
0.11325911356578279   4231.976260190741   4399.306109353462
0.11657935501835284   4107.242763514887   4266.17960314811
0.11999693083066039   3998.5798177323927   4142.749150364313
0.12351469440289359   3896.8689858240014   4023.4524307638326
0.12713558278394044   3792.9761729468205   3903.363268019788
0.13086261912358757   3678.6149419904345   3778.439176366483
0.13469891519660646   3547.73763710272   3646.273072744358
0.13864767400083483   3397.320411212409   3506.3643767556628
0.14271219243142114   3228.3145791801117   3360.4408025856515
0.14689586403346616   3045.154628139364   3211.729801856554
0.1512021818353596   2855.0239202308844   3063.971760476641
0.15563474126517718   2667.09644161119   2921.0545529970173
0.16019724315257297   2491.671204291714   2787.6791914971545
0.1648934968186736   2337.8156837869574   2666.2624635579423
0.1697274232565544   2210.4792225079955   2558.10679116211
0.17470305840495237   2109.0572518464064   2462.12519039869
0.17982455651794954   2028.3308834965092   2374.541293013021
0.18509619363343993   1960.7624263413622   2292.6652043492963
0.19052237114327647   1897.6225209056024   2213.310340991807
0.19610761946807834   1829.544860057905   2134.0009250298535
0.20185660183976684   1749.36708873776   2053.3534682008376
0.20777411819498756   1655.8465343831367   1971.3655746263482
0.21386510918267082   1553.7499339042306   1890.5105691952504
0.22013466028907505   1450.679965388122   1812.4276279542535
0.22658800608375756   1354.5116815908764   1738.79448384853
0.23323053459001789   1271.813386300713   1670.195490929198
0.2400677917834628   1204.8921385517606   1607.2435361021676
0.24710548622244882   1151.0113140933024   1548.3903340706822
0.25434949381426813   1104.0896708738787   1492.401762604253
0.2618058627210567   1056.8211308402106   1438.0414173456302
0.2694808184095226   1003.9951103724509   1384.8726317969094
0.27738076884870827   945.558230327305   1332.5499291341837
0.2855123098601282   885.3936913658259   1282.580269501734
0.29388223062474755   828.599097440957   1234.9471032050396
0.3024975193514008   779.3951175132534   1189.7691735733836
0.31136536911138296   738.335276567457   1147.3241469321513
0.3204931838440838   702.2919365220795   1106.836126749357
0.32988858453867975   667.1910683329291   1068.1529419760463
0.3395594155970457   630.2904230284104   1030.4245723098365
0.34951375138319807   592.0204502942254   994.382745009008
0.3597599029647371   555.1791655553068   959.8392487234522
0.37030642505191835   522.0636024793861   926.8722687257934
0.3811621231401457   493.0003857342443   895.6889452621353
0.3923360608618501   466.3383229277692   865.8945725520604
0.4038375675538918   440.0873517607072   837.3079707795345
0.41567624604680364   413.7778306631023   809.6838938821984
0.42786198068238046   388.46870018242515   783.2196732440923
0.4404049455663077   365.2429548877947   758.0374223797879
0.4533156130627191   344.1123491384335   733.989091764572
0.4666047625377753   324.1900154726635   710.9595520983693
0.4802834893595659   304.82947291858784   688.7985611742545
0.49436321416184764   286.24439194893455   667.4876945803687
0.5088556923793517   268.9102981755097   647.1131434116477
0.5237730240626238   252.8446021577954   627.6239889359105
0.5391276639805903   237.66394641393882   608.8797433647666
0.5549324320192869   223.15979249333031   590.8476346163127
0.5712005238854289   209.4622035566345   573.5006932063815
0.5879455221237613   196.66190606746005   556.8477812201676
0.6051814074573895   184.62982438625502   540.827410550446
0.622922570460556   173.2361210580716   525.3614797261051
0.6411838235736077   162.49470697526553   510.4363437215015
0.6599804134701901   152.42182417452088   496.08283359906574
0.6793280337869897   142.9397838940291   482.2019354519999
0.6992428382266549   134.00844423073943   468.7672696836962
0.7197414540448374   125.60977771782609   455.77623513609933
0.7408409959326054   117.71397726821448   443.19992138478403
0.7625590803058332   110.29261425001265   431.01108994478255
0.7849138400134885   103.31875024334983   419.1844432375197
0.8079239394770964   96.76686685314012   407.6964977061174
0.8316085902740278   90.61279830143306   396.5254681056456
0.8559875671776167   84.83366672406983   385.6511618593759
0.8810812246675007   79.40783508771909   375.054842480663
0.9069105139239728   74.31490797541122   364.71896614672715
0.9334970003205227   69.53560157045303   354.62726922402544
0.960862881429187   65.05166007066329   344.76477500791594
0.9890310055537336   60.845807611280016   335.1177231588521
1.0180248908061487   56.9017019613624   325.67350446057657
1.047868744742366   53.20388993561064   316.4206003649529
1.0785874845736239   49.7377644901194   307.3485268745941
1.1102067579703248   46.48951649628312   298.44799684545427
1.1427529644757777   43.446083914115405   289.7112704428249
1.1762532775476793   40.595135187909484   281.1315125544718
1.210735667245765   37.92503620221887   272.70262005762424
1.246228923584555   35.42481422163329   264.4191842293948
1.2827626805706884   33.084123445669604   256.27645452165774
1.3203674409449337   30.893212124701943   248.2703034725419
1.3590746016495152   28.84289117043687   240.39720538124755
1.3989164800420282   26.924503261452582   232.65521226569274
1.4399263408778291   25.129893977197852   225.04447746825065
1.4821384240834183   23.45138645938228   217.56545169322303
1.525587973344019   21.881755621844462   210.21867921641595
1.5703112655292182   20.414203428787985   203.00478249044318
1.6163456409812174   19.04233538629528   195.92444697185894
1.6637295346910133   17.760138197884828   188.97840619787272
1.7125025083885144   16.561958424178634   182.167493043303
1.7627052835733923   15.442480011335187   175.49404309230508
1.814379775514258   14.396705953373619   168.96162102900536
1.8675691282445197   13.419942872163752   162.57340585793975
1.922317750584177   12.5077837172497   156.33213097514036
1.9786713532176083   11.65609126086238   150.24009757949415
2.0366769868582977   10.860982472078561   144.29918894321563
2.0963830815323896   10.118813728622168   138.5108854354451
2.1578394870138577   9.426166618707207   132.87636171368266
2.2210975144450407   8.779832965337018   127.3972197993408
2.286209979177315   8.176803760035176   122.07502027024466
2.3532312448676476   7.614258640934592   116.91077684162948
2.4222172688678643   7.0895546022659195   111.90498372256407
2.4932256489445366   6.600215324873919   107.05764989863911
2.5663156713684585   6.14392111247782   102.36833326452756
2.641548360413907   5.718499401930947   97.83617440803583
2.7189865293089923   5.321916498676974   93.45996126102476
2.798694832679631   4.952271691696506   89.2382861209671
2.8807398205309562   4.6077860403622735   85.169438621219
2.9651899938111903   4.286793719480581   81.2513785825091
3.05211586160442   3.9877351875058205   77.48176973229626
3.1415899999999994   3.7091507390686957   73.85801217379127
