0.01   9229.954718394114   9227.827844388903
0.010293154462191829   9357.620802252237   9355.306149607164
0.010594902878253955   9482.803243866807   9480.282832106832
0.010905497183778876   9605.232803881305   9602.48679156963
0.011225196699963396   9724.627901368785   9721.634739970463
0.011554268350120923   9840.691125872883   9837.427820741497
0.011892986882540897   9953.120169395199   9949.562316226766
0.012241635099881474   10061.60739718211   10057.729061979706
0.012600504095286909   10165.831078690708   10161.604043731442
0.012969893495426888   10265.463778458134   10260.857292856505
0.013350111710660605   10360.176891464549   10355.157685034155
0.013741476192534558   10449.63086474382   10444.162991652998
0.014144313698828986   10533.474605047306   10527.51927820294
0.01455896056637426   10611.358684980485   10604.874339231277
0.014985762991865008   10682.933803051868   10675.876042305168
0.01542507732090645   10747.841228958257   10740.162344370334
0.015877270345534218   10805.725349134127   10797.374315391973
0.016342719610456153   10856.23848584364   10847.16108250045
0.016821813728271667   10899.032269071471   10889.170249633267
0.017314952703931925   10933.760980801078   10923.051413711637
0.017822548268711737   10960.092904939838   10948.468434282504
0.01834502422397195   10977.709975582047   10965.09916046649
0.018882816794999403   10986.30450247167   10972.632200577404
0.019436374995219892   10985.588266101639   10970.776100001842
0.02000616100108813   10975.296664641424   10959.263437091775
0.020592650537967844   10955.194597367761   10937.855496006332
0.021196333277324068   10925.07730926118   10906.343655880099
0.02181771324555934   10884.76998603688   10864.549968724807
0.022457309244835088   10834.140113838197   10812.34078480435
0.02311565528622961   10773.111322493405   10749.642005123254
0.023793301035594242   10701.64472184893   10676.418157876078
0.024490812272480036   10619.743473816729   10592.676731828784
0.025208771362518027   10527.50056478354   10498.516610441122
0.0259477777436476   10425.07069711308   10394.099496758103
0.02670844842659881   10312.643656239887   10279.62289117738
0.027491418510046592   10190.497028396005   10155.375752643786
0.028297341710866907   10059.026871236738   10021.770793145493
0.029126890909937666   9918.661433429268   9879.253280151086
0.029980758713939952   9769.87488079661   9728.314581800856
0.030859658033628758   9613.306425486138   9569.613253406054
0.031764322679055976   9449.654832554681   9403.86742634588
0.03269550797224261   9279.619827247012   9231.795052558777
0.033653991377811755   9104.025036448078   9054.238108780813
0.03464057315210884   8923.835069413084   8872.179591226111
0.03565607701135116   8739.986755441527   8686.572731039754
0.036701350819364466   8553.41881358142   8498.369964734986
0.03777726729548091   8365.21570959553   8308.664865495895
0.038884724743189276   8176.445754383098   8118.532063419716
0.04002464780014597   7988.108740793593   7928.975129784918
0.041197988210172884   7801.290757937215   7741.070088668995
0.04240572561788674   7617.140512200745   7555.943471721084
0.04364886838662332   7436.7084341563495   7374.623485260639
0.04492845444033957   7260.8766725302385   7197.968850662724
0.04624555213019635   7090.219877215796   7026.52605008443
0.04760126112654554   6925.206517095791   6860.735902236636
0.04899671333706607   6766.269971217379   6701.002427150174
0.05043307385181555   6614.040435105039   6547.881333339999
0.05191154191598653   6469.26113228518   6402.012593413948
0.053433351931179485   6332.594380940813   6263.962385370937
0.05499977448602865   6203.829239298381   6133.476802854891
0.05661211741704101   6081.471452381291   6009.097256693559
0.05827172690053434   5964.022508122131   5889.366914397623
0.05997998857658587   5850.189966969516   5773.037861348337
0.06173832870592997   5738.934122018845   5659.119911330261
0.0635482153607709   5629.286691485813   5546.6965720781955
0.06541115965050462   5520.007514805063   5434.630270745167
0.06732871698337338   5409.644687243811   5321.614512886566
0.06930248836510605   5296.75771182301   5206.377016346335
0.07133412173562886   5179.614309481675   5087.464248883954
0.07342531334496233   5056.548927474243   4963.504975146963
0.07557780916945323   4926.059946528252   4833.350664978582
0.07779340636952398   4786.854454566408   4696.084461411868
0.08007395479015682   4638.287821737504   4551.358156590611
0.08242135850536496   4480.512390583486   4399.523937953614
0.08483757740794096   4314.442014444856   4241.605377707029
0.08732462884580919   4142.091510779542   4079.629268879776
0.08988458930634863   3965.908761423563   3915.8284416435267
0.09251959615009227   3788.871813793534   3752.658455885824
0.09523184939525078   3613.970003944422   3592.5699186926718
0.09802361355455057   3444.1531306110637   3437.9856806173725
0.10089721952591899   3282.210733930099   3291.0149513310366
0.10385506653859616   3130.6763851185365   3153.4436674354447
0.10689962415629803   2991.817201925093   3026.7619757333373
0.11003343433910281   2867.3323803298044   2911.996288573551
0.11325911356578279   2757.7956930896994   2809.1171094395163
0.11657935501835284   2662.849952824788   2717.425784991446
0.11999693083066039   2580.309346978018   2635.020254402795
0.12351469440289359   2507.092618283003   2559.426754087709
0.12713558278394044   2439.0659872406054   2487.5208449120246
0.13086261912358757   2372.015679414724   2416.389111509272
0.13469891519660646   2301.9702366526826   2343.498239054423
0.13864767400083483   2225.7872952196217   2266.9853145494385
0.14271219243142114   2141.5746098908844   2185.8996281119594
0.14689586403346616   2048.979985189416   2100.428104584043
0.1512021818353596   1949.4847313759774   2012.2188669801046
0.15563474126517718   1845.941578857826   1923.230075101818
0.16019724315257297   1742.096007019599   1835.6003218968274
0.1648934968186736   1642.0939027782842   1751.859925135814
0.1697274232565544   1550.0885955870394   1674.0649406168468
0.17470305840495237   1469.410604587291   1603.822413508473
0.17982455651794954   1401.4564867741365   1541.4076559879763
0.18509619363343993   1344.9627844785514   1485.5421585755498
0.19052237114327647   1296.4618795822341   1434.3228597248606
0.19610761946807834   1251.7542178078538   1385.2886441233932
0.20185660183976684   1206.8975253811407   1336.7344566696192
0.20777411819498756   1158.4596889381462   1287.1467325880626
0.21386510918267082   1104.3795880830894   1236.6422088824334
0.22013466028907505   1045.3395862646955   1185.2310707416689
0.22658800608375756   984.6193732271474   1134.4790253281378
0.23323053459001789   926.1731232237873   1086.1100478981257
0.2400677917834628   873.1519575840554   1041.0600528292973
0.24710548622244882   827.4394631633011   999.4617766096628
0.25434949381426813   788.8746668418984   961.3380772735411
0.2618058627210567   755.1382315679202   925.3960336989021
0.2694808184095226   723.0290638158115   890.7696348809617
0.27738076884870827   689.716052670082   856.684088402558
0.2855123098601282   653.9015003629033   823.0450742543475
0.29388223062474755   616.6896831662544   790.1476544908287
0.3024975193514008   580.5356220955338   758.7290390888853
0.31136536911138296   547.4827950960915   728.8924710358393
0.3204931838440838   518.5111499967755   700.9177837080622
0.32988858453867975   492.9549769391645   674.4596061956539
0.3395594155970457   468.89144804675936   649.1243064479366
0.34951375138319807   444.74804139008285   624.6187840062023
0.3597599029647371   420.10891827768495   600.8324568189903
0.37030642505191835   395.80755349904985   578.0761835982605
0.3811621231401457   373.1682653559838   556.4214722479239
0.3923360608618501   352.7066708625679   535.7900645983358
0.4038375675538918   333.9561697000863   516.1534223058388
0.41567624604680364   316.02375425822527   497.3291432742096
0.42786198068238046   298.34606743105553   479.2248063981426
0.4404049455663077   281.14390215366734   461.875627019515
0.4533156130627191   264.97641891269524   445.3092426135367
0.4666047625377753   250.03657579969544   429.51079857874305
0.4802834893595659   236.0514307875825   414.42523938775156
0.49436321416184764   222.63577309558963   399.9548836214026
0.5088556923793517   209.72819569983758   386.0664457033641
0.5237730240626238   197.5148646900962   372.7877817737097
0.5391276639805903   186.09254325597897   360.0977776192567
0.5549324320192869   175.33226544637017   347.95086172422305
0.5712005238854289   165.08872487171126   336.29789881149395
0.5879455221237613   155.35822447905645   325.12812208471024
0.6051814074573895   146.19390783009248   314.4313172240593
0.622922570460556   137.5655243920766   304.18105785702005
0.6411838235736077   129.39988816881225   294.3391080840353
0.6599804134701901   121.67296372391198   284.89194564528987
0.6793280337869897   114.38803565674239   275.82776346067476
0.6992428382266549   107.52491539724332   267.11613911451843
0.7197414540448374   101.04319719338899   258.74120914342507
0.7408409959326054   94.92479017528899   250.6871435185993
0.7625590803058332   89.15953072684096   242.93547392773965
0.7849138400134885   83.72807895321013   235.46881035372505
0.8079239394770964   78.6119284844724   228.2709153601951
0.8316085902740278   73.79356471875899   221.32662710814927
0.8559875671776167   69.256412620886   214.6217853542385
0.8810812246675007   64.9847872776861   208.14316339677694
0.9069105139239728   60.963847060860004   201.8784054402086
0.9334970003205227   57.179609991344485   195.81574621879292
0.960862881429187   53.61909387102471   189.94322856441343
0.9890310055537336   50.270024664008176   184.24947947119998
1.0180248908061487   47.12072470542546   178.72395505961285
1.047868744742366   44.160089780472525   173.35688687395927
1.0785874845736239   41.377566607763406   168.13923253417298
1.1102067579703248   38.76313075808842   163.06263032526402
1.1427529644757777   36.30726466972287   158.11935666456847
1.1762532775476793   34.000908555164976   153.3022353572249
1.210735667245765   31.83542946132179   148.60457259892283
1.246228923584555   29.80265355498299   144.02021414179086
1.2827626805706884   27.894849175968154   139.5435228691499
1.3203674409449337   26.104705242841863   135.16934887129193
1.3590746016495152   24.425310547816235   130.89300141480314
1.3989164800420282   22.850133916004015   126.71022258553
1.4399263408778291   21.37300546662679   122.61719908191832
1.4821384240834183   19.988101400029112   118.61097451891342
1.525587973344019   18.68992465983171   114.68921730089964
1.5703112655292182   17.473285697919813   110.84983471394257
1.6163456409812174   16.333286739709116   107.09095001198003
1.6637295346910133   15.265306795483172   103.41088791951108
1.7125025083885144   14.264987337048613   99.80816056058602
1.7627052835733923   13.328218617878047   96.28145377513279
1.814379775514258   12.451125824285016   92.82982330290255
1.8675691282445197   11.630054302988414   89.45334761384616
1.922317750584177   10.861560971080479   86.15232183288467
1.9786713532176083   10.142403922645011   82.92697326799495
2.0366769868582977   9.469531459362125   79.77746046252467
2.0963830815323896   8.840071661431821   76.70387247095299
2.1578394870138577   8.25132247643771   73.70622834569792
2.2210975144450407   7.700742291109412   70.78448090967791
2.286209979177315   7.185940022434962   67.93882409007243
2.3532312448676476   6.704666306096563   65.16984285771326
2.4222172688678643   6.254807255215215   62.477967749393535
2.4932256489445366   5.8343769002853225   59.8634285831084
2.5663156713684585   5.441509850037017   57.32626526018296
2.641548360413907   5.074454343955394   54.86633865264997
2.7189865293089923   4.7315656776707264   52.483341518338726
2.798694832679631   4.411300189244592   50.176832657681224
2.8807398205309562   4.112211667959654   47.9465158164689
2.9651899938111903   3.8329442455895077   45.79210251514185
3.05211586160442   3.5722251472682616   43.713094783650504
3.1415899999999994   3.3288598661089837   41.70879874347543
