0.01   1597.683991576313   1597.6218778223733
0.010293154462191829   1610.060922983075   1609.9980918468436
0.010594902878253955   1621.5612390600415   1621.4977751822964
0.010905497183778876   1632.1322580181493   1632.0682780260606
0.011225196699963396   1641.7197819252233   1641.6553869204795
0.011554268350120923   1650.2704071914648   1650.2056794234004
0.011892986882540897   1657.7309918595142   1657.6659923251768
0.012241635099881474   1664.0461710195827   1663.980932060987
0.012600504095286909   1669.1613744694735   1669.0958975538483
0.012969893495426888   1673.0238736918884   1672.958131008018
0.013350111710660605   1675.579873640254   1675.5138429165609
0.013741476192534558   1676.7753020861571   1676.7089972188153
0.014144313698828986   1676.5590859185759   1676.492558211827
0.01455896056637426   1674.8821886372878   1674.8155094604629
0.014985762991865008   1671.695189795359   1671.628399696085
0.01542507732090645   1666.952281643788   1666.8853812876227
0.015877270345534218   1660.6122753905809   1660.5452276476833
0.016342719610456153   1652.6363633820522   1652.5691123652732
0.016821813728271667   1642.9896173438963   1642.9221013189444
0.017314952703931925   1631.6433940412417   1631.5755463658857
0.017822548268711737   1618.575063825375   1618.5067906439351
0.01834502422397195   1603.7675629037967   1603.6986944141272
0.018882816794999403   1587.2112744476667   1587.1415625639506
0.019436374995219892   1568.9048251324098   1568.8339573361163
0.02000616100108813   1548.856942298047   1548.784617862556
0.020592650537967844   1527.08572948954   1527.0116974136756
0.021196333277324068   1503.6179743864966   1503.5420342641235
0.02181771324555934   1478.4934488193987   1478.4154442360264
0.022457309244835088   1451.767343522565   1451.6871510769868
0.02311565528622961   1423.5033015893937   1423.4208304840447
0.023793301035594242   1393.775253052981   1393.6904634436048
0.024490812272480036   1362.680806578138   1362.593816266991
0.025208771362518027   1330.3287689787935   1330.2398811681387
0.0259477777436476   1296.8322144614976   1296.741900285918
0.02670844842659881   1262.3255550392473   1262.234450495498
0.027491418510046592   1226.9661381698304   1226.8750417764322
0.028297341710866907   1190.909504475127   1190.8193526001971
0.029126890909937666   1154.3165825501324   1154.2284391491492
0.029980758713939952   1117.3844921391922   1117.2995913908637
0.030859658033628758   1080.30927268769   1080.2290015578287
0.031764322679055976   1043.2736903475602   1043.1995488286566
0.03269550797224261   1006.4807795538129   1006.4143055776226
0.033653991377811755   970.1464568893409   970.0891634048887
0.03464057315210884   934.4624249177308   934.4157830972441
0.03565607701135116   899.6134619861845   899.5788394847704
0.036701350819364466   865.8159631623738   865.7944628332344
0.03777726729548091   833.2644364601474   833.2568967741224
0.038884724743189276   802.1204223110532   802.1274413425225
0.04002464780014597   772.5106096494343   772.5323675064268
0.041197988210172884   744.5327171821604   744.5688888661952
0.04240572561788674   718.2635994649357   718.3134369011664
0.04364886838662332   693.7841673636431   693.8462959047314
0.04492845444033957   671.2103155420916   671.2821625067367
0.04624555213019635   650.6463071227272   650.7241685742836
0.04760126112654554   632.1436926072424   632.2229233465739
0.04899671333706607   615.5243989697465   615.5998222015717
0.05043307385181555   600.5483544061511   600.6143965669793
0.05191154191598653   587.0009360447476   587.0516231110263
0.053433351931179485   574.6914663807459   574.7204218523947
0.05499977448602865   563.4478400912706   563.4482841648118
0.05661211741704101   553.077925792547   553.0428450641566
0.05827172690053434   543.297050741951   543.2197315143992
0.05997998857658587   533.8160538204255   533.6902556611216
0.06173832870592997   524.2858934173083   524.1068228455343
0.0635482153607709   514.3072968405501   514.0725362776467
0.06541115965050462   503.49421689481744   503.2042599819265
0.06732871698337338   491.4563321902345   491.1158052820043
0.06930248836510605   477.8610605051703   477.47874528538915
0.07133412173562886   462.5111435583082   462.0996724873581
0.07342531334496233   445.3156703259622   444.89105155254316
0.07557780916945323   426.3916833066095   425.9732917633795
0.07779340636952398   405.97227990327366   405.5818279218834
0.08007395479015682   384.4034437924058   384.0623085360452
0.08242135850536496   362.092849090419   361.82057116326996
0.08483757740794096   339.55585567735005   339.36948273761044
0.08732462884580919   317.32554275598045   317.23797216084955
0.08988458930634863   295.9608007866902   295.97804300599154
0.09251959615009227   276.02390979485625   276.14374016073054
0.09523184939525078   258.04044299723404   258.25229568381206
0.09802361355455057   242.3903973149524   242.67330682971385
0.10089721952591899   229.33088882401904   229.6523325357999
0.10385506653859616   218.86141841421826   219.18387781837498
0.10689962415629803   210.81280088557511   211.0971666904445
0.11003343433910281   204.78684061613046   204.9942159549414
0.11325911356578279   200.27543420347607   200.37012058914314
0.11657935501835284   196.63355156792667   196.59068505237133
0.11999693083066039   193.1652702050488   192.97451845644952
0.12351469440289359   189.16441792969357   188.83323003882873
0.12713558278394044   184.0247376765262   183.57998773505392
0.13086261912358757   177.34000286408718   176.82829355080523
0.13469891519660646   168.9643289045069   168.44751444816143
0.13864767400083483   159.0451565616447   158.5889714071242
0.14271219243142114   148.02598982840607   147.68920860602694
0.14689586403346616   136.62078437487983   136.4440277136326
0.1512021818353596   125.69955992110921   125.69429901800714
0.15563474126517718   116.07046089214685   116.21220937176261
0.16019724315257297   108.22756879774612   108.46406181405455
0.1648934968186736   102.28640650772064   102.54866959070642
0.1697274232565544   98.07773149710717   98.29109232526422
0.17470305840495237   95.20824433622894   95.30685401948205
0.17982455651794954   93.04520183340807   92.98761296638489
0.18509619363343993   90.77694602761416   90.56509701748907
0.19052237114327647   87.70039881506686   87.38338342692369
0.19610761946807834   83.50555958807047   83.16393123595041
0.20185660183976684   78.29400328140558   78.0131057160996
0.20777411819498756   72.49548887124516   72.3417265353131
0.21386510918267082   66.7705650216892   66.77074388452255
0.22013466028907505   61.77381693673892   61.89798159783283
0.22658800608375756   57.88025583139066   58.061955009373555
0.23323053459001789   55.101996291977564   55.25332980150983
0.2400677917834628   53.10619621850629   53.164903797297576
0.24710548622244882   51.31173510136103   51.259801100151726
0.25434949381426813   49.19096834574961   49.06434879444202
0.2618058627210567   46.518307832601984   46.39580103641462
0.2694808184095226   43.394494462290545   43.344551351743036
0.27738076884870827   40.207217034785195   40.26336108967643
0.2855123098601282   37.406636395127855   37.5429720557082
0.29388223062474755   35.204682767858785   35.36511640564711
0.3024975193514008   33.51527400022241   33.63394803218314
0.31136536911138296   32.03535440043954   32.09290649428571
0.3204931838440838   30.434806960684806   30.462200801338454
0.32988858453867975   28.603551888465887   28.652407603261743
0.3395594155970457   26.680030455087174   26.785805080030766
0.34951375138319807   24.900311125477177   25.057672690448847
0.3597599029647371   23.415560830528054   23.586885213214142
0.37030642505191835   22.17435955083807   22.32386276141731
0.3811621231401457   21.000150603753845   21.126348117065533
0.3923360608618501   19.769605672248108   19.90033101784312
0.4038375675538918   18.50438263015429   18.663170147375965
0.41567624604680364   17.3193847785407   17.504668309815333
0.42786198068238046   16.281330219921774   16.4725624096131
0.4404049455663077   15.353670986279068   15.535658926860835
0.4533156130627191   14.451630336850698   14.631204263765811
0.4666047625377753   13.552471527290663   13.743736429036174
0.4802834893595659   12.696719210012809   12.902027498543562
0.49436321416184764   11.920325112647946   12.130127312282045
0.5088556923793517   11.206090631364756   11.414174941142385
0.5237730240626238   10.520041604314759   10.730246897914279
0.5391276639805903   9.85978673708894   10.077189122941057
0.5549324320192869   9.243481061047012   9.465989358778721
0.5712005238854289   8.673385605123158   8.89684295063922
0.5879455221237613   8.134684084529226   8.35972415338858
0.6051814074573895   7.622412339398869   7.850905477215809
0.622922570460556   7.14248398893939   7.373654715384993
0.6411838235736077   6.694176038789815   6.926224522472101
0.6599804134701901   6.2725287047394795   6.505361764640668
0.6793280337869897   5.875675197233517   6.109395437685543
0.6992428382266549   5.502421407140275   5.737001076445416
0.7197414540448374   5.151600910546981   5.386907936700116
0.7408409959326054   4.822077881375809   5.05789859207799
0.7625590803058332   4.512749491070979   4.748808314000667
0.7849138400134885   4.222547836804936   4.458524262344199
0.8079239394770964   3.9504281906783385   4.1859780147358565
0.8316085902740278   3.695313879807383   3.9301166554263443
0.8559875671776167   3.4561634081990467   3.689933677492504
0.8810812246675007   3.231998689690991   3.464481350907443
0.9069105139239728   3.0219011807178013   3.2528674962514055
0.9334970003205227   2.8250082167017934   3.05425239982794
0.960862881429187   2.6405095798228992   2.867845884917531
0.9890310055537336   2.467645415163815   2.6929052834041105
1.0180248908061487   2.305712594339909   2.52873906865409
1.047868744742366   2.154054195111867   2.3746993844443187
1.0785874845736239   2.012049949389567   2.230175096641648
1.1102067579703248   1.8791143529711063   2.0945898992795007
1.1427529644757777   1.7546949362297712   1.967400549282441
1.1762532775476793   1.638270603254434   1.8480951692991914
1.210735667245765   1.5293499387558065   1.736191620321818
1.246228923584555   1.4274679723960024   1.6312359770985054
1.2827626805706884   1.3321854655468335   1.5328010157130687
1.3203674409449337   1.243089361325159   1.4404847403793535
1.3590746016495152   1.15979137237822   1.3539090156756313
1.3989164800420282   1.0819265750692548   1.2727182618596342
1.4399263408778291   1.0091520777429783   1.1965782101530427
1.4821384240834183   0.941145763224626   1.1251747298961434
1.525587973344019   0.877605256281575   1.0582133021118534
1.5703112655292182   0.8182468041911474   0.9954180117402313
1.6163456409812174   0.7628039497532015   0.9365295781872592
1.6637295346910133   0.7110265164525641   0.8813043612008167
1.7125025083885144   0.6626796674367075   0.8295134864082069
1.7627052835733923   0.6175430148342528   0.7809420123077024
1.814379775514258   0.5754097768743683   0.7353881369597086
1.8675691282445197   0.5360859497381462   0.6926623254918188
1.922317750584177   0.49938952766513184   0.652586485849544
1.9786713532176083   0.4651498648348434   0.61499356576263
2.0366769868582977   0.43320700881988866   0.5797269361070541
2.0963830815323896   0.40341106071684063   0.5466397676737565
2.1578394870138577   0.37562157127505474   0.5155944419349765
2.2210975144450407   0.3497069711679333   0.48646199430104353
2.286209979177315   0.32554400524078475   0.4591216376711745
2.3532312448676476   0.3030171638272632   0.4334603789493199
2.4222172688678643   0.2820183080534193   0.4093723792612507
2.4932256489445366   0.26244624111290343   0.3867584737691682
2.5663156713684585   0.24420627822194638   0.3655257636534948
2.641548360413907   0.22720984205219633   0.34558723129996355
2.7189865293089923   0.21137408221682755   0.32686137756731715
2.798694832679631   0.19662154111803995   0.30927157399615235
2.8807398205309562   0.18287992409318243   0.292744311420418
2.9651899938111903   0.17008165808125594   0.27721041603933166
3.05211586160442   0.15816353965147653   0.2626054894895416
3.1415899999999994   0.1470664646291147   0.24886956427182172
