0.01   16783.397182858695   16779.985445966988
0.010293154462191829   16956.963139480802   16953.244351929567
0.010594902878253955   17123.244714339846   17119.19291177773
0.010905497183778876   17281.674640449775   17277.260634735045
0.011225196699963396   17431.68388344158   17426.87524812298
0.011554268350120923   17572.68592628568   17567.44737623165
0.011892986882540897   17704.060990131024   17698.355148257266
0.012241635099881474   17825.18913817122   17818.97672103439
0.012600504095286909   17935.452753741807   17928.692486240838
0.012969893495426888   18034.211484949563   18026.85868342851
0.013350111710660605   18120.82273275287   18112.82875568584
0.013741476192534558   18194.658748980033   18185.971161797923
0.014144313698828986   18255.085412345103   18245.64785064277
0.01455896056637426   18301.454294173658   18291.206214979247
0.014985762991865008   18333.14056892641   18322.017531579124
0.01542507732090645   18349.54347696005   18337.477032336672
0.015877270345534218   18350.06212245477   18336.977718027578
0.016342719610456153   18334.12435352711   18319.941038396995
0.016821813728271667   18301.202599929347   18285.83362136485
0.017314952703931925   18250.80224786474   18234.155190445363
0.017822548268711737   18182.465464606354   18164.442456019144
0.01834502422397195   18095.794230369953   18076.29285599916
0.018882816794999403   17990.4565553824   17969.37049037089
0.019436374995219892   17866.192023917778   17843.410650637095
0.02000616100108813   17722.815333702936   17698.224695499863
0.020592650537967844   17560.222457405984   17533.706970600757
0.021196333277324068   17378.429791488954   17349.8783216625
0.02181771324555934   17177.567997771956   17146.878872126068
0.022457309244835088   16957.85309744307   16924.935372254673
0.02311565528622961   16719.632372770688   16684.408604016808
0.023793301035594242   16463.457115474197   16425.868639174958
0.024490812272480036   16189.973171459633   16149.981243163782
0.025208771362518027   15899.916004357363   15857.50312902574
0.0259477777436476   15594.281836480635   15549.463443259103
0.02670844842659881   15274.228754501499   15227.058739874923
0.027491418510046592   14940.948400757285   14891.516865137439
0.028297341710866907   14595.829465570141   14544.26389265315
0.029126890909937666   14240.593205621766   14187.062335367707
0.029980758713939952   13876.955582144603   13821.665457612671
0.030859658033628758   13506.630792687674   13449.820538902302
0.031764322679055976   13131.655012962696   13073.59745895074
0.03269550797224261   12754.111586895933   12695.109578819329
0.033653991377811755   12375.942802398678   12316.322573120855
0.03464057315210884   11999.345620005994   11939.43950712582
0.03565607701135116   11626.8887343969   11567.014764203335
0.036701350819364466   11260.906811283814   11201.36534502088
0.03777726729548091   10903.420081036165   10844.491257949907
0.038884724743189276   10555.992650816397   10497.92958580078
0.04002464780014597   10219.911028871311   10162.93875799826
0.041197988210172884   9896.307387826855   9840.621069776158
0.04240572561788674   9587.079725069256   9532.758670390745
0.04364886838662332   9294.849129911065   9241.776580327518
0.04492845444033957   9021.924228751632   8969.805536989508
0.04624555213019635   8769.46649858597   8717.864195983882
0.04760126112654554   8536.482255080684   8484.867291973898
0.04899671333706607   8321.772050468993   8269.53693055852
0.05043307385181555   8124.103421590397   8070.562051323163
0.05191154191598653   7942.00355347261   7886.382357009187
0.053433351931179485   7774.0653359127555   7715.507120360059
0.05499977448602865   7618.435628702857   7556.04592805045
0.05661211741704101   7472.660543449748   7405.565845420357
0.05827172690053434   7334.2941525109245   7261.666498854351
0.05997998857658587   7200.211678891662   7121.405377329975
0.06173832870592997   7067.133725600541   6981.743616226495
0.0635482153607709   6931.364566996619   6839.35943234809
0.06541115965050462   6788.740264829968   6690.612120391842
0.06732871698337338   6635.327726908341   6532.175408591187
0.06930248836510605   6467.407511339634   6361.107101907773
0.07133412173562886   6282.017859191207   6175.19078171819
0.07342531334496233   6077.498511636376   5973.465179381665
0.07557780916945323   5853.4565172291705   5756.052951927796
0.07779340636952398   5611.505416069393   5524.809039338127
0.08007395479015682   5354.527804668609   5282.676062113692
0.08242135850536496   5086.8525120408885   5033.8858243169825
0.08483757740794096   4813.597044256063   4782.991428248417
0.08732462884580919   4540.427840986034   4534.700102156098
0.08988458930634863   4273.687309409439   4294.189862854862
0.09251959615009227   4019.341860218117   4066.257490872283
0.09523184939525078   3783.4928379924568   3855.2955701696815
0.09802361355455057   3571.331788396649   3664.8725463070423
0.10089721952591899   3386.6277587180134   3497.3157074484348
0.10385506653859616   3231.340135357551   3353.4617310959197
0.10689962415629803   3104.7791116333538   3231.7704325764516
0.11003343433910281   3004.01978430205   3129.244934432302
0.11325911356578279   2923.990542421734   3041.569771080468
0.11657935501835284   2857.854847100651   2963.427344974403
0.11999693083066039   2797.8665352615217   2889.157384603873
0.12351469440289359   2735.755963233093   2813.13694739368
0.12713558278394044   2663.8554657229165   2730.5534176452784
0.13086261912358757   2576.2053344353862   2638.122753826887
0.13469891519660646   2469.5925458260904   2534.7431477968235
0.13864767400083483   2344.3277034264233   2421.845404708791
0.14271219243142114   2204.193865594191   2302.1353871626916
0.14689586403346616   2056.0896351474717   2180.247243398202
0.1512021818353596   1909.2051071208596   2062.1054237827025
0.15563474126517718   1773.431009026032   1952.8484461329813
0.16019724315257297   1656.8654889143602   1856.3213527712237
0.1648934968186736   1563.5618837399963   1774.3254702493907
0.1697274232565544   1493.0630980445526   1705.0880678970302
0.17470305840495237   1441.365251822488   1645.434899137706
0.17982455651794954   1401.7766115126262   1591.9765822186857
0.18509619363343993   1365.36382387566   1540.2690726778142
0.19052237114327647   1322.6439517763167   1486.4075428289518
0.19610761946807834   1267.0809775118237   1427.751824594931
0.20185660183976684   1197.679170322405   1365.3690114500127
0.20777411819498756   1118.5852368774792   1301.2794364677122
0.21386510918267082   1037.2437141486564   1238.4924221086883
0.22013466028907505   962.2732371311374   1180.2030151247782
0.22658800608375756   900.4452209915028   1127.9263352640855
0.23323053459001789   853.8202977391335   1082.3257751175322
0.2400677917834628   819.6821714279107   1041.2416051043983
0.24710548622244882   791.5176515532556   1002.8644735870987
0.25434949381426813   761.4808718151538   964.7104881455323
0.2618058627210567   724.4345836349091   925.8720735284745
0.2694808184095226   680.2535804054904   886.7560193062709
0.27738076884870827   633.0681824141883   848.7572222271301
0.2855123098601282   589.1229687651537   812.6055880560563
0.29388223062474755   553.1395147812982   779.9272475813489
0.3024975193514008   525.4414844853634   749.2523723625146
0.31136536911138296   502.5173408939752   720.5427817428879
0.3204931838440838   479.3682482403806   693.0366729046301
0.32988858453867975   452.81275637145853   665.6972809302077
0.3395594155970457   423.7041587968787   639.2487441728689
0.34951375138319807   395.5270671440494   613.9916486864837
0.3597599029647371   371.3522161365436   590.4427204094876
0.37030642505191835   351.5583013945946   568.1225247581184
0.3811621231401457   333.7812218204516   546.8949209411004
0.3923360608618501   315.3935772042195   526.5868774406174
0.4038375675538918   295.91466985092694   506.87161990586173
0.41567624604680364   276.9627273980774   487.9988545276922
0.42786198068238046   260.234217917758   470.2238475929331
0.4404049455663077   245.66138927758846   453.3635091051268
0.4533156130627191   231.8567940046096   437.2509410095811
0.4666047625377753   217.87550050310148   421.6913321052773
0.4802834893595659   204.2113063376157   406.79646703994894
0.49436321416184764   191.74057265918745   392.6434224186544
0.5088556923793517   180.48817420457303   379.2440857056964
0.5237730240626238   169.76678711292402   366.36977110917724
0.5391276639805903   159.28490270578146   354.0065876694425
0.5549324320192869   149.38842791993414   342.1909013106979
0.5712005238854289   140.2989147497706   330.94845740601266
0.5879455221237613   131.7730891728402   320.1961751436836
0.6051814074573895   123.59810261554567   309.85465288382267
0.622922570460556   115.88355094402566   299.94543632612067
0.6411838235736077   108.70566425745952   290.49540287009944
0.6599804134701901   101.96580542780181   281.40271377185366
0.6793280337869897   95.6067676826742   272.68146461060377
0.6992428382266549   89.61057239065319   264.31428204643623
0.7197414540448374   83.96338640136729   256.279845612738
0.7408409959326054   78.65100287639238   248.55827252523704
0.7625590803058332   73.65898864814619   241.13101256023396
0.7849138400134885   68.9726383144406   233.98072803002236
0.8079239394770964   64.57511431814686   227.09092595993306
0.8316085902740278   60.44883859430809   220.4460080909466
0.8559875671776167   56.5772876321385   214.03142441583825
0.8810812246675007   52.944959636044715   207.8336048690197
0.9069105139239728   49.53730871163329   201.83989222636376
0.9334970003205227   46.340683529377166   196.03848055953574
0.960862881429187   43.34227014420324   190.4183587372002
0.9890310055537336   40.530093387107854   184.96911122667856
1.0180248908061487   37.893189857868364   179.68021864582371
1.047868744742366   35.42129241984848   174.541641245805
1.0785874845736239   33.10467910992012   169.54408311489271
1.1102067579703248   30.93414873481538   164.67894629792778
1.1427529644757777   28.900997300688303   159.93828839219447
1.1762532775476793   26.996995152655206   155.31478357951346
1.210735667245765   25.214364799332873   150.80168681163534
1.246228923584555   23.54574015496738   146.39284544623789
1.2827626805706884   21.984121740734345   142.082735414309
1.3203674409449337   20.52290992459484   137.86632094324867
1.3590746016495152   19.155892438622327   133.73900780054169
1.3989164800420282   17.877223081743647   129.69661938650972
1.4399263408778291   16.68140149046312   125.73537421858813
1.4821384240834183   15.563253931248068   121.85186463191874
1.525587973344019   14.517915158724097   118.0430471210064
1.5703112655292182   13.540814505211234   114.3066433734649
1.6163456409812174   12.627659429037747   110.64119733250985
1.6637295346910133   11.774414825946039   107.04546180522708
1.7125025083885144   10.977288253571512   103.51834361553892
1.7627052835733923   10.232716267780019   100.05889272355887
1.814379775514258   9.537351457812944   96.66629156633883
1.8675691282445197   8.888050149775943   93.33984460361428
1.922317750584177   8.281860485122277   90.07901880808986
1.9786713532176083   7.716008536310472   86.88400752428439
2.0366769868582977   7.187889814882257   83.75542179530485
2.0963830815323896   6.695061788227273   80.69380824670351
2.1578394870138577   6.235234320116596   77.69963853972126
2.2210975144450407   5.806260595388655   74.77330860608023
2.286209979177315   5.406128552950266   71.91513809714286
2.3532312448676476   5.032952800957134   69.12537004827077
2.4222172688678643   4.684967661079898   66.40431888528553
2.4932256489445366   4.360522601994217   63.75299142493048
2.5663156713684585   4.0580721581813535   61.17243105350513
2.641548360413907   3.7761682921883652   58.663422057020455
2.7189865293089923   3.513454586423796   56.226503423494854
2.798694832679631   3.2686607553695177   53.86198311727957
2.8807398205309562   3.0405974614637032   51.56995243705119
2.9651899938111903   2.8281514126933005   49.350300038477
3.05211586160442   2.63027732119521   47.20256470543417
3.1415899999999994   2.445989544137292   45.12573272150321
