0.01   5296.458339237595   5296.147641349399
0.010293154462191829   5343.896966776367   5343.580571396612
0.010594902878253955   5388.795421466425   5388.474944059432
0.010905497183778876   5430.991392089627   5430.667695140207
0.011225196699963396   5470.321606868391   5469.9944229514185
0.011554268350120923   5506.624043544109   5506.292008155215
0.011892986882540897   5539.732038651254   5539.3936928534
0.012241635099881474   5569.476328152513   5569.130936430676
0.012600504095286909   5595.691147007311   5595.338738638885
0.012969893495426888   5618.211344507996   5617.852402525757
0.013350111710660605   5636.8673881798295   5636.502040720724
0.013741476192534558   5651.494419427507   5651.122309965233
0.014144313698828986   5661.933724261342   5661.554028938197
0.01455896056637426   5668.025406663392   5667.6370250243035
0.014985762991865008   5669.613731347992   5669.2153938245865
0.01542507732090645   5666.55320389613   5666.143479742295
0.015877270345534218   5658.705240528339   5658.282526831851
0.016342719610456153   5645.936247157906   5645.498746426651
0.016821813728271667   5628.125852606636   5627.671583237816
0.017314952703931925   5605.16833047908   5604.695111079299
0.017822548268711737   5576.971229961715   5576.476513307784
0.01834502422397195   5543.458535819314   5542.939368376895
0.018882816794999403   5504.572989543218   5504.026049206156
0.019436374995219892   5460.279978551502   5459.701769567799
0.02000616100108813   5410.568778630098   5409.95584814664
0.020592650537967844   5355.4499835715715   5354.798963233727
0.021196333277324068   5294.9612077241245   5294.268905763318
0.02181771324555934   5229.181910551831   5228.445567272859
0.022457309244835088   5158.217447954659   5157.434804356743
0.02311565528622961   5082.19622541653   5081.365572339357
0.023793301035594242   5001.3004034306805   5000.421210752099
0.024490812272480036   4915.756072675047   4914.829433840425
0.025208771362518027   4825.805248677842   4824.833800242999
0.0259477777436476   4731.730868674088   4730.718892018249
0.02670844842659881   4633.892931913973   4632.846732540354
0.027491418510046592   4532.664566098547   4531.5923521724235
0.028297341710866907   4428.4290369949   4427.34074948222
0.029126890909937666   4321.658948975172   4320.566483656164
0.029980758713939952   4212.861933994024   4211.779097508757
0.030859658033628758   4102.5254345111825   4101.467633473425
0.031764322679055976   3991.179010217924   3990.1629546638383
0.03269550797224261   3879.4284000969565   3878.4718261344983
0.033653991377811755   3767.8431124229382   3766.9645055246956
0.03464057315210884   3656.9661582722   3656.1841890968512
0.03565607701135116   3547.415738826607   3546.7472862480995
0.036701350819364466   3439.789684073077   3439.249277489613
0.03777726729548091   3334.6186413365876   3334.2186086179195
0.038884724743189276   3232.4100225356106   3232.159420175511
0.04002464780014597   3133.6525835511256   3133.5561327976734
0.041197988210172884   3038.770477229708   3038.8290523306737
0.04240572561788674   2948.126881166711   2948.3357390235997
0.04364886838662332   2862.0315847222473   2862.3724315805166
0.04492845444033957   2780.7468768811414   2781.187487931684
0.04624555213019635   2704.481613259035   2704.9778014313074
0.04760126112654554   2633.2121227596795   2633.7141740139987
0.04899671333706607   2566.751796768748   2567.209009249915
0.05043307385181555   2504.9200260013577   2505.280752429074
0.05191154191598653   2447.3140204215315   2447.522772665392
0.053433351931179485   2393.1554894495903   2393.148293478171
0.05499977448602865   2341.6902017666166   2341.394904479987
0.05661211741704101   2292.235156116552   2291.576235094294
0.05827172690053434   2244.1798111977405   2243.0860755801937
0.05997998857658587   2196.9517277749483   2195.357787319082
0.06173832870592997   2149.7636481145646   2147.623115396067
0.0635482153607709   2101.641785329306   2098.939515145708
0.06541115965050462   2051.650586250449   2048.4058519417163
0.06732871698337338   1998.7527616046084   1995.036007942013
0.06930248836510605   1941.9968941211812   1937.9311708418513
0.07133412173562886   1880.757373973338   1876.516663869225
0.07342531334496233   1814.7117478465432   1810.5160997506384
0.07557780916945323   1744.0171537482481   1740.1176404938662
0.07779340636952398   1669.4413079766791   1666.101961933212
0.08007395479015682   1591.971019209367   1589.4557271449478
0.08242135850536496   1512.8838355811297   1511.443436253981
0.08483757740794096   1433.5351978987637   1433.3926714701406
0.08732462884580919   1355.415395297939   1356.7483971290305
0.08988458930634863   1279.95964478101   1282.8772151645244
0.09251959615009227   1208.5556936697672   1213.0738482875604
0.09523184939525078   1142.5669331322665   1148.587235753445
0.09802361355455057   1083.2044582544547   1090.509647946753
0.10089721952591899   1031.2473969170055   1039.5081206020784
0.10385506653859616   987.0786839374833   995.8795239029371
0.10689962415629803   950.1361649403483   959.028122381724
0.11003343433910281   919.44125543194   927.9767353266977
0.11325911356578279   893.2750408583136   901.092798838656
0.11657935501835284   869.7487186214338   876.613260128383
0.11999693083066039   846.81124258827   852.6675467435698
0.12351469440289359   822.5668775347176   827.553997614367
0.12713558278394044   795.4075194960761   799.8653203332597
0.13086261912358757   764.3666544423044   768.8434425114007
0.13469891519660646   729.2187901142964   734.3912321210303
0.13864767400083483   690.5379186631446   697.089144963987
0.14271219243142114   649.5324679725471   658.0535654163361
0.14689586403346616   607.8875347649924   618.7828002792529
0.1512021818353596   567.6423265568062   581.0325804401526
0.15563474126517718   531.0066406036025   546.6305412609302
0.16019724315257297   499.6402041733785   516.8876672033393
0.1648934968186736   474.0517601307459   492.1313003501944
0.1697274232565544   453.5601893728235   471.6813514565995
0.17470305840495237   436.77059713570833   454.27619103722
0.17982455651794954   422.0642355778683   438.5532067953206
0.18509619363343993   407.5923251526656   423.0473807635448
0.19052237114327647   391.4444646457402   406.3246562210597
0.19610761946807834   372.59457439139464   387.6369367380092
0.20185660183976684   351.42507397940307   367.3656630680036
0.20777411819498756   329.23671829944703   346.6141539870297
0.21386510918267082   307.5693066824473   326.55977502161466
0.22013466028907505   287.92633115897974   308.22537970056436
0.22658800608375756   271.3183873384205   292.30786933048006
0.23323053459001789   257.7520023485145   278.7047904085163
0.2400677917834628   246.38238569500484   266.71968741586556
0.24710548622244882   235.90006933367096   255.44422268371304
0.25434949381426813   224.94085037266913   243.98126086385545
0.2618058627210567   212.89018072900353   232.0178174251163
0.2694808184095226   200.14536807459032   219.8115857828459
0.27738076884870827   187.52992005461087   207.94287653458494
0.2855123098601282   175.95523229751385   196.92505833451324
0.29388223062474755   165.98465891099661   187.09209192369596
0.3024975193514008   157.38720260544636   178.18734225031818
0.31136536911138296   149.48317041885784   169.8317143671868
0.3204931838440838   141.6119916260482   161.6764704218901
0.32988858453867975   133.4766240506162   153.55791636332455
0.3395594155970457   125.36984280259503   145.67062866089643
0.34951375138319807   117.77771768128514   138.2401647770281
0.3597599029647371   110.94716289090825   131.36027020892428
0.37030642505191835   104.79199005125784   124.96309068622824
0.3811621231401457   98.9770355131811   118.88379246500011
0.3923360608618501   93.25377995098908   113.017761280099
0.4038375675538918   87.66268792607079   107.37870487181658
0.41567624604680364   82.38630217219325   102.04119281789039
0.42786198068238046   77.53298142123793   97.03184108915238
0.4404049455663077   73.02489275392777   92.30346699715473
0.4533156130627191   68.73440597505919   87.80684654851736
0.4666047625377753   64.60506146093476   83.51480825462009
0.4802834893595659   60.697739866893315   79.44579571088987
0.49436321416184764   57.05002430699273   75.60106565140511
0.5088556923793517   53.63322605195492   71.9630847503509
0.5237730240626238   50.393934599756086   68.50735378005933
0.5391276639805903   47.32186798374928   65.22741303295038
0.5549324320192869   44.432733404574925   62.121889436366125
0.5712005238854289   41.72088740735292   59.18039002579621
0.5879455221237613   39.164274200658156   56.392174311631294
0.6051814074573895   36.7504822974541   53.74753140040909
0.622922570460556   34.47923789198256   51.24194828858541
0.6411838235736077   32.34469795992529   48.86810879693643
0.6599804134701901   30.334282289766055   46.61706601431958
0.6793280337869897   28.442347115999617   44.48353001637885
0.6992428382266549   26.663301517934446   42.46138452050427
0.7197414540448374   24.990994359794406   40.54443554456975
0.7408409959326054   23.41930482495185   38.7269937164994
0.7625590803058332   21.94243630227066   37.00368863298773
0.7849138400134885   20.554911484620508   35.36944497726937
0.8079239394770964   19.25155555894381   33.81946658494564
0.8316085902740278   18.027480243180854   32.349221328442894
0.8559875671776167   16.878069620069947   30.954424763869945
0.8810812246675007   15.798998209341272   29.630958684867853
0.9069105139239728   14.786214743082413   28.37485559854553
0.9334970003205227   13.835882968823661   27.182378760867426
0.960862881429187   12.944369142053151   26.050013476252293
0.9890310055537336   12.108232896302548   24.97445320703068
1.0180248908061487   11.324218401214026   23.952586589946307
1.047868744742366   10.58924566332417   22.98148436849636
1.0785874845736239   9.900393276148147   22.058329355304085
1.1102067579703248   9.254888173712018   21.180382514489725
1.1427529644757777   8.650113828760597   20.345070953111357
1.1762532775476793   8.08360341962594   19.549985149602673
1.210735667245765   7.553031859705148   18.79286760709394
1.246228923584555   7.05620820925492   18.071602357273477
1.2827626805706884   6.591068461743538   17.38420496661848
1.3203674409449337   6.155669785914979   16.728771592083746
1.3590746016495152   5.748184752741339   16.103434632062317
1.3989164800420282   5.3668926736385565   15.506441274281388
1.4399263408778291   5.01017351542972   14.936155931515097
1.4821384240834183   4.676502426151971   14.391051609167489
1.525587973344019   4.364444527654492   13.869701972690606
1.5703112655292182   4.072649963702121   13.37077401568861
1.6163456409812174   3.7998488661562986   12.892998619485507
1.6637295346910133   3.544846471603605   12.435130942037704
1.7125025083885144   3.3065197857480375   11.99600261939941
1.7627052835733923   3.0838136698956395   11.574526326956974
1.814379775514258   2.875736969832911   11.169689786796216
1.8675691282445197   2.6813588484680135   10.780550275034066
1.922317750584177   2.4998053127557434   10.406229582704967
1.9786713532176083   2.330255830396984   10.045902149679291
2.0366769868582977   2.1719400231727506   9.698774176170124
2.0963830815323896   2.0241350560882947   9.364102591715739
2.1578394870138577   1.8861629190040856   9.041197148975096
2.2210975144450407   1.7573877761975076   8.729416698935372
2.286209979177315   1.6372134629554573   8.428165765549252
2.3532312448676476   1.5250811217529279   8.136891391609979
2.4222172688678643   1.4204669027350199   7.855079476899875
2.4932256489445366   1.322879646124357   7.582249527305136
2.5663156713684585   1.2318591917766644   7.31795509194454
2.641548360413907   1.1469745933277373   7.061782524873536
2.7189865293089923   1.0678223334504566   6.813348799319864
2.798694832679631   0.9940246429304681   6.572299476332871
2.8807398205309562   0.925227917913175   6.3383068132807585
2.9651899938111903   0.8611013292441863   6.111076375070324
3.05211586160442   0.8013358715491639   5.890386316161483
3.1415899999999994   0.7456425171752129   5.676046834221537
