0.01   11901.389628496696   11897.44798098376
0.010293154462191829   12055.458394176476   12051.154184583193
0.010594902878253955   12206.187522265842   12201.486402685672
0.010905497183778876   12353.245964916858   12348.109471404845
0.011225196699963396   12496.291092107833   12490.677099343106
0.011554268350120923   12634.960803586533   12628.82467722004
0.011892986882540897   12768.886993866068   12762.181796922432
0.012241635099881474   12897.69687744493   12890.373228997763
0.012600504095286909   13021.001181025038   13013.005538854482
0.012969893495426888   13138.402092743167   13129.6758876071
0.013350111710660605   13249.501524938694   13239.981194864784
0.013741476192534558   13353.891890470064   13343.508888608172
0.014144313698828986   13451.150585041736   13439.831384890249
0.01455896056637426   13540.85725821397   13528.523507826516
0.014985762991865008   13622.594127702525   13609.162598515299
0.01542507732090645   13695.932900085005   13681.31421909452
0.015877270345534218   13760.448016415836   13744.546404414965
0.016342719610456153   13815.724875932467   13798.438461019226
0.016821813728271667   13861.350848602231   13842.57110610141
0.017314952703931925   13896.915398621071   13876.5264849554
0.017822548268711737   13922.025446593592   13899.904700575084
0.01834502422397195   13936.306231441436   13912.324584040663
0.018882816794999403   13939.396205492629   13913.417919324364
0.019436374995219892   13930.957367813859   13902.840645238077
0.02000616100108813   13910.680812587252   13880.278700225474
0.020592650537967844   13878.293418979907   13845.453628793623
0.021196333277324068   13833.559829268592   13798.124847240999
0.02181771324555934   13776.281327552055   13738.08970187328
0.022457309244835088   13706.30811153043   13665.197193094597
0.02311565528622961   13623.559776542654   13579.37091474564
0.023793301035594242   13528.002841717762   13480.583474281784
0.024490812272480036   13419.652344503158   13368.857596150898
0.025208771362518027   13298.627943970268   13244.32382285237
0.0259477777436476   13165.129976736467   13107.19575118166
0.02670844842659881   13019.400759613676   12957.730142607097
0.027491418510046592   12861.77681098684   12796.283403226063
0.028297341710866907   12692.740122350624   12623.366882131002
0.029126890909937666   12512.815020600056   12439.53516272849
0.029980758713939952   12322.576121285883   12245.39317335281
0.030859658033628758   12122.803180306222   12041.7540763356
0.031764322679055976   11914.36509097092   11829.520315596952
0.03269550797224261   11698.128797229581   11609.590438752237
0.033653991377811755   11475.062616622206   11382.967687862256
0.03464057315210884   11246.274023681575   11150.799459044929
0.03565607701135116   11012.843278785951   10914.202379745071
0.036701350819364466   10775.88375421002   10674.319026472338
0.03777726729548091   10536.86003387144   10432.624176882835
0.038884724743189276   10297.27163746449   10190.619209894885
0.04002464780014597   10058.498340495657   9949.683318396135
0.041197988210172884   9821.565607752269   9710.854764276819
0.04240572561788674   9587.152801402639   9474.839471818697
0.04364886838662332   9355.868082999292   9242.26850321792
0.04492845444033957   9128.568440902012   9013.986893126455
0.04624555213019635   8907.131097446158   8791.747218259856
0.04760126112654554   8693.497441653712   8577.349125176841
0.04899671333706607   8489.343188202678   8372.338807186075
0.05043307385181555   8295.079874358611   8177.04445690325
0.05191154191598653   8110.206480408312   7990.917545989042
0.053433351931179485   7934.226421188083   7813.419007290256
0.05499977448602865   7766.444883566647   7643.827166463789
0.05661211741704101   7605.817863279611   7481.094960077962
0.05827172690053434   7451.335254441935   7324.213352269189
0.05997998857658587   7301.854931168503   7172.070644161378
0.06173832870592997   7155.952291629842   7023.322510406332
0.0635482153607709   7012.259903350646   6876.687299221795
0.06541115965050462   6869.271994352339   6730.801765262476
0.06732871698337338   6725.368775413522   6584.2397529659975
0.06930248836510605   6578.950895905142   6435.62301546352
0.07133412173562886   6428.047397542144   6283.356949681121
0.07342531334496233   6270.743502067565   6125.927087390037
0.07557780916945323   6105.289061839903   5962.066540725524
0.07779340636952398   5930.148020773906   5790.763918055186
0.08007395479015682   5744.47983834474   5611.592373113172
0.08242135850536496   5548.3379472335   5424.882240160137
0.08483757740794096   5342.635789663002   5231.701836375692
0.08732462884580919   5129.607940896454   5034.308598541638
0.08988458930634863   4912.028963708532   4835.188155306729
0.09251959615009227   4693.383727819381   4637.079280342651
0.09523184939525078   4477.19014227181   4442.730521410665
0.09802361355455057   4266.948988826747   4254.895637832797
0.10089721952591899   4065.9338173330016   4075.899322622679
0.10385506653859616   3877.1039337452844   3907.659914704802
0.10689962415629803   3703.102777717856   3751.793465474612
0.11003343433910281   3545.9543771394747   3609.4296234113635
0.11325911356578279   3406.4728753745567   3480.5042340527875
0.11657935501835284   3284.4486726559894   3364.2683876174137
0.11999693083066039   3177.5604200007037   3258.799118809081
0.12351469440289359   3082.412330866172   3161.52517179135
0.12713558278394044   2994.2502557624557   3069.0329621439178
0.13086261912358757   2908.159310377979   2978.1559415834595
0.13469891519660646   2819.4278238968514   2886.1593199679724
0.13864767400083483   2724.2874635900052   2791.0164574211535
0.14271219243142114   2620.352473957712   2691.669546244209
0.14689586403346616   2506.9876839452063   2588.275754213621
0.1512021818353596   2385.680726303182   2482.4867680027655
0.15563474126517718   2259.5746175133295   2376.381884480329
0.16019724315257297   2132.931890722185   2272.15574602208
0.1648934968186736   2010.4962447889948   2172.2635340317697
0.1697274232565544   1897.00034039969   2078.855643856472
0.17470305840495237   1796.378764311519   1993.4537315669377
0.17982455651794954   1710.6071931901172   1916.4077296417724
0.18509619363343993   1638.6982500773984   1846.6497698118071
0.19052237114327647   1576.883345192219   1782.1880508601787
0.19610761946807834   1520.2372013170225   1720.508831933325
0.20185660183976684   1464.1121942145392   1659.8409741171847
0.20777411819498756   1404.5552522187447   1598.8661056055926
0.21386510918267082   1338.989887590471   1537.6264204009794
0.22013466028907505   1267.6853683930415   1475.9935564346392
0.22658800608375756   1194.0687029987666   1415.3850022730378
0.23323053459001789   1122.7669262536185   1357.446851792974
0.2400677917834628   1057.5681428825646   1303.1431748888847
0.24710548622244882   1000.7383021649861   1252.3214434095046
0.25434949381426813   952.4564426371217   1205.3255721943647
0.2618058627210567   910.3190430313695   1160.9022487503005
0.2694808184095226   870.6317862492008   1118.2137237591396
0.27738076884870827   830.0728153268474   1076.4782566219994
0.2855123098601282   786.8848305411849   1035.717179075926
0.29388223062474755   741.9434082711763   995.8901379052255
0.3024975193514008   698.0126979102672   957.9601576153294
0.31136536911138296   657.5703776941584   921.778977535331
0.3204931838440838   621.8555078062237   887.5365138323164
0.32988858453867975   590.3637566037596   855.1613038941975
0.3395594155970457   560.9902917210507   824.1399917848487
0.34951375138319807   531.7813627124003   794.2804105989328
0.3597599029647371   502.1058501408506   765.3003090336998
0.37030642505191835   472.7447929469006   737.6726699933964
0.3811621231401457   445.2147664930205   711.2811703317652
0.3923360608618501   420.27231448914375   686.0372814363565
0.4038375675538918   397.4702568258463   662.0483330594641
0.41567624604680364   375.80593929338147   639.0544793976698
0.42786198068238046   354.54382784988303   616.9731950397651
0.4404049455663077   333.82856322449396   595.7560707310851
0.4533156130627191   314.29607156284465   575.4881153054961
0.4666047625377753   296.23855768721864   556.1406296585106
0.4802834893595659   279.3881454303915   537.6509858963597
0.49436321416184764   263.2813802924137   519.9108616020717
0.5088556923793517   247.7995166638115   502.8768886979106
0.5237730240626238   233.12724893183142   486.54867098933295
0.5391276639805903   219.4116516826558   470.9397745393787
0.5549324320192869   206.51892459463934   455.9798676538101
0.5712005238854289   194.27027571129227   441.6091038821998
0.5879455221237613   182.6380404382083   427.81155508749845
0.6051814074573895   171.6848350248752   414.5757937541566
0.622922570460556   161.38647673699649   401.87365182670015
0.6411838235736077   151.65539604921992   389.6548663525614
0.6599804134701901   142.45463564558852   377.89938500533145
0.6793280337869897   133.7871742873935   366.5977816651192
0.6992428382266549   125.62685750531095   355.71510085535084
0.7197414540448374   117.93269033030019   345.22497498145947
0.7408409959326054   110.68026642066914   335.10694815124623
0.7625590803058332   103.85149950748477   325.34373820516515
0.7849138400134885   97.4233366255675   315.91390368175536
0.8079239394770964   91.37365215277008   306.79725014505794
0.8316085902740278   85.68145418565254   297.974971809141
0.8559875671776167   80.3268319203674   289.42955789548023
0.8810812246675007   75.29090514782858   281.14470682688204
0.9069105139239728   70.55577579736278   273.10524752330997
0.9334970003205227   66.10450759841916   265.2969090549653
0.960862881429187   61.92118307933933   257.70558795879003
0.9890310055537336   57.9907363751296   250.3179456879466
1.0180248908061487   54.29886457912356   243.121655836218
1.047868744742366   50.83199555792854   236.10534373686738
1.0785874845736239   47.57725666529299   229.2585306472533
1.1102067579703248   44.522444328950634   222.571582263279
1.1427529644757777   41.655994328137155   216.03566219225124
1.1762532775476793   38.966936151846795   209.6427868108944
1.210735667245765   36.444857869836035   203.3858473743089
1.246228923584555   34.07991243216124   197.25839332933393
1.2827626805706884   31.862793549548975   191.25457777287002
1.3203674409449337   29.784708973541623   185.36912495246443
1.3590746016495152   27.837354879089016   179.59729941626244
1.3989164800420282   26.012891320095996   173.93487658893198
1.4399263408778291   24.30391870654762   168.37819637361045
1.4821384240834183   22.703455103261113   162.92499113735067
1.525587973344019   21.204914877718778   157.57389191011407
1.5703112655292182   19.80208831822058   152.32373474433163
1.6163456409812174   18.4891219870493   147.17353385143875
1.6637295346910133   17.260499962828398   142.12246676867284
1.7125025083885144   16.111025944716843   137.16985977795866
1.7627052835733923   15.035806188116482   132.31517359537918
1.814379775514258   14.030232312907845   127.55839679259138
1.8675691282445197   13.089963917286864   122.90095712875878
1.922317750584177   12.210917054364979   118.3444092441571
1.9786713532176083   11.38925083538432   113.89009405079759
2.0366769868582977   10.621353906757454   109.53914283006164
2.0963830815323896   9.903831609051368   105.29248176395886
2.1578394870138577   9.233493788708278   101.15083687187438
2.2210975144450407   8.60734318831156   97.11475426264822
2.286209979177315   8.022563072824974   93.1850798554689
2.3532312448676476   7.476507020320405   89.36297143434537
2.4222172688678643   6.966691037851271   85.6492705217102
2.4932256489445366   6.490784215589481   82.04448207162234
2.5663156713684585   6.046599768393955   78.54879438673431
2.641548360413907   5.632086566245501   75.16209909764812
2.7189865293089923   5.24532112944991   71.88401108811269
2.798694832679631   4.884500551217119   68.7139309215819
2.8807398205309562   4.547938039264851   65.65131194094137
2.9651899938111903   4.234053341473339   62.695454808782976
3.05211586160442   3.941364815146853   59.84538300661211
3.1415899999999994   3.668483625973065   57.099867805673604
