0.01   15118.848966254616   15117.138915571632
0.010293154462191829   15254.16851180988   15252.327144432913
0.010594902878253955   15382.43748699417   15380.453196466242
0.010905497183778876   15503.187644982914   15501.048076220695
0.011225196699963396   15615.948525284435   15613.64052904447
0.011554268350120923   15720.229947726664   15717.739231249589
0.011892986882540897   15815.539226001747   15812.85025624775
0.012241635099881474   15901.390195791755   15898.48623213219
0.012600504095286909   15977.281085530167   15974.144092286175
0.012969893495426888   16042.693752560956   16039.304308402161
0.013350111710660605   16097.122665095734   16093.460029471084
0.013741476192534558   16140.070295756497   16136.112363301834
0.014144313698828986   16171.024951612575   16166.747844291827
0.01455896056637426   16189.489772143244   16184.86784164439
0.014985762991865008   16194.992402696482   16189.9983121541
0.01542507732090645   16187.060042221347   16181.663857659576
0.015877270345534218   16165.228567043303   16159.397076164281
0.016342719610456153   16129.070685317141   16122.767621361163
0.016821813728271667   16078.189724517839   16071.375755745023
0.017314952703931925   16012.205088687042   16004.837340322081
0.017822548268711737   15930.781390034455   15922.81371918724
0.01834502422397195   15833.636415368794   15825.019795721895
0.018882816794999403   15720.534062677918   15711.216195247123
0.019436374995219892   15591.293213865629   15581.218585525174
0.02000616100108813   15445.798816569453   15434.909391931415
0.020592650537967844   15284.012817262565   15272.249614695938
0.021196333277324068   15105.983921803938   15093.289383266721
0.02181771324555934   14911.836023266813   14898.154918027245
0.022457309244835088   14701.777102067113   14687.057774313771
0.02311565528622961   14476.156217764557   14460.35509254922
0.023793301035594242   14235.42301287923   14218.506666509496
0.024490812272480036   13980.098000133983   13962.043454685672
0.025208771362518027   13710.85529123444   13691.654475072584
0.0259477777436476   13428.549898987905   13408.215449569969
0.02670844842659881   13134.089926572115   13112.654548192504
0.027491418510046592   12828.468726685847   12805.985630187313
0.028297341710866907   12512.947681162796   12489.497861853784
0.029126890909937666   12188.860747256917   12164.55290417743
0.029980758713939952   11857.533251590863   11832.500522279932
0.030859658033628758   11520.521472109713   11494.921169589641
0.031764322679055976   11179.58772123813   11153.600659514303
0.03269550797224261   10836.402762827733   10810.228881747475
0.033653991377811755   10492.63767506157   10466.491876993885
0.03464057315210884   10150.23394868344   10124.342713709322
0.03565607701135116   9811.036097664166   9785.633558766922
0.036701350819364466   9476.720377193693   9452.043583409039
0.03777726729548091   9149.21083398648   9125.48053899693
0.038884724743189276   8830.52518597107   8807.933140875726
0.04002464780014597   8522.405332872413   8501.116089367888
0.041197988210172884   8226.260502396786   8206.404400083144
0.04240572561788674   7943.095777741623   7924.748555853928
0.04364886838662332   7673.7053137352805   7656.89151016758
0.04492845444033957   7418.796219256027   7403.489360016384
0.04624555213019635   7179.6433472821855   7165.702618137628
0.04760126112654554   6957.723263985645   6944.868268008352
0.04899671333706607   6754.2641813783   6742.092710125514
0.05043307385181555   6568.946148358869   6556.974580093702
0.05191154191598653   6399.714707591177   6387.419148258629
0.053433351931179485   6244.6084014429   6231.428450757923
0.05499977448602865   6101.858441495963   6087.196413124983
0.05661211741704101   5969.862109983124   5953.081856991631
0.05827172690053434   5847.103574878609   5827.536526826055
0.05997998857658587   5731.470726262994   5708.480082939722
0.06173832870592997   5620.493031969608   5593.519052423546
0.0635482153607709   5511.608531018341   5480.214056817496
0.06541115965050462   5401.562525205242   5365.5827122715955
0.06732871698337338   5287.131449119324   5246.711196256116
0.06930248836510605   5164.873348850223   5120.61652406308
0.07133412173562886   5031.414343456897   4984.454534007133
0.07342531334496233   4884.2077738240405   4836.177528569521
0.07557780916945323   4721.643542364217   4674.622924221061
0.07779340636952398   4543.29209263543   4499.743050567754
0.08007395479015682   4350.153035384439   4312.845502399347
0.08242135850536496   4144.437105161967   4116.244812580497
0.08483757740794096   3929.6349958400174   3913.3144820999155
0.08732462884580919   3709.874602790366   3707.835908268907
0.08988458930634863   3489.6733964211385   3503.803709768514
0.09251959615009227   3273.8843880719382   3305.3915453112754
0.09523184939525078   3067.335372369728   3116.624101919264
0.09802361355455057   2875.118886621234   2941.4708375813634
0.10089721952591899   2701.4167265472397   2783.0774725454144
0.10385506653859616   2549.643481983494   2643.62184750379
0.10689962415629803   2421.7260635474013   2524.123117052562
0.11003343433910281   2317.4074529842364   2423.8381857328886
0.11325911356578279   2234.741790487404   2340.6955303107716
0.11657935501835284   2169.841902834394   2271.0851658639053
0.11999693083066039   2117.5569536919475   2210.7243999606144
0.12351469440289359   2071.906388779177   2154.950507867021
0.12713558278394044   2026.390216300207   2098.9208124531847
0.13086261912358757   1974.876908292314   2038.4560438202022
0.13469891519660646   1912.2497836417085   1970.4551840486354
0.13864767400083483   1835.5184371422667   1893.3572570636122
0.14271219243142114   1744.2188880004096   1807.5752731252837
0.14689586403346616   1640.4914660698134   1715.237133805618
0.1512021818353596   1528.9108500686334   1619.6696578281849
0.15563474126517718   1416.1795897605543   1525.535964425621
0.16019724315257297   1310.0122589875075   1437.3877986650584
0.1648934968186736   1217.1990565927435   1359.028362842633
0.1697274232565544   1141.7012475131203   1292.400457877232
0.17470305840495237   1083.887587876818   1236.5655305940957
0.17982455651794954   1041.3348594423162   1189.7157304742975
0.18509619363343993   1009.7159069279545   1149.0849987749993
0.19052237114327647   982.8705093585723   1111.083185207626
0.19610761946807834   953.5541112064824   1072.0411301754962
0.20185660183976684   915.9790808135303   1029.4785846512475
0.20777411819498756   868.2923262412179   983.1350559695414
0.21386510918267082   812.4756572985095   934.9614610312171
0.22013466028907505   753.2282143171294   886.774579662506
0.22658800608375756   696.6457497225272   841.3062346442232
0.23323053459001789   648.2195972141723   800.3406934871069
0.2400677917834628   610.5428430832885   764.7957197687809
0.24710548622244882   582.7384158586163   733.4771672723706
0.25434949381426813   561.0131739020594   704.8643295887365
0.2618058627210567   539.8779785907209   677.0147178516315
0.2694808184095226   514.9284782076244   648.6678745696973
0.27738076884870827   485.0227623507822   619.8281602510891
0.2855123098601282   452.03027559657596   591.487572180534
0.29388223062474755   419.8313293704951   564.3124966611508
0.3024975193514008   392.2231092833668   539.3193915299364
0.31136536911138296   370.40767144266937   516.6585147365186
0.3204931838440838   352.82053570711093   495.3014272818644
0.32988858453867975   336.38009191500925   475.0857781304515
0.3395594155970457   318.3898793981631   455.3370645823956
0.34951375138319807   298.51305386357376   435.87000235100464
0.3597599029647371   278.53523555471196   417.32178371547934
0.37030642505191835   260.5840518073564   399.8718612619033
0.3811621231401457   245.56192518398478   383.5231609738122
0.3923360608618501   232.5138236398835   368.0944905587643
0.4038375675538918   219.73414339979112   353.32605288047233
0.41567624604680364   206.41726440097528   339.05361238920875
0.42786198068238046   193.13737755516058   325.3873178340685
0.4404049455663077   180.97956329398747   312.4749673733613
0.4533156130627191   170.28776228176977   300.2165183972792
0.4666047625377753   160.47948533294812   288.6089269495256
0.4802834893595659   150.826021256902   277.48886037292846
0.49436321416184764   141.33123962246114   266.8174602199711
0.5088556923793517   132.44851027314368   256.6731912194226
0.5237730240626238   124.38378043811348   247.0704703674241
0.5391276639805903   116.85921531147736   237.9057237802696
0.5549324320192869   109.6024736456477   229.148374670514
0.5712005238854289   102.68466879614276   220.7680821461773
0.5879455221237613   96.26439141966239   212.79679669936186
0.6051814074573895   90.29207094507562   205.20437694062971
0.622922570460556   84.62524374304964   197.93771741216835
0.6411838235736077   79.259149798227   190.9821233904226
0.6599804134701901   74.24814709855718   184.34741227031714
0.6793280337869897   69.55456442801513   178.01796675434977
0.6992428382266549   65.13812113793735   171.95848468472337
0.7197414540448374   60.984808121444175   166.15472988814983
0.7408409959326054   57.08144952300524   160.5936567391335
0.7625590803058332   53.41525137237387   155.26297283773255
0.7849138400134885   49.973822198426014   150.1510910228891
0.8079239394770964   46.74518904084908   145.24708471762796
0.8316085902740278   43.71777763710714   140.54057806618349
0.8559875671776167   40.87991943789996   136.02057581769884
0.8810812246675007   38.22009415361802   131.6757658160516
0.9069105139239728   35.72745163071855   127.49558948148608
0.9334970003205227   33.39178938562469   123.47022183916123
0.960862881429187   31.203514310625874   119.5905184391579
0.9890310055537336   29.153606652101068   115.84796677440713
1.0180248908061487   27.23358888966687   112.23463518012068
1.047868744742366   25.435563320353292   108.7429589255776
1.0785874845736239   23.75216590849811   105.36571051166209
1.1102067579703248   22.17644880325944   102.09617281302972
1.1427529644757777   20.701855090727634   98.92811505906387
1.1762532775476793   19.32219924365939   95.85576045474866
1.210735667245765   18.031648354072907   92.87375642777943
1.246228923584555   16.824703845220743   89.97714618795395
1.2827626805706884   15.696171609507791   87.16129519735186
1.3203674409449337   14.641144696280483   84.42185524900843
1.3590746016495152   13.655007594465024   81.754814302407
1.3989164800420282   12.733421420317773   79.15648121662291
1.4399263408778291   11.872308324185967   76.62346622732477
1.4821384240834183   11.067836704129306   74.1526627570792
1.525587973344019   10.316407200704212   71.74123168705214
1.5703112655292182   9.614640399688712   69.3867051255902
1.6163456409812174   8.959364683871723   67.08704852597238
1.6637295346910133   8.347602370374998   64.84042651486128
1.7125025083885144   7.776558337007158   62.64516683390859
1.7627052835733923   7.243609463004044   60.49975005100787
1.814379775514258   6.746294632436924   58.40279970158466
1.8675691282445197   6.282305272827405   56.3530734063313
1.922317750584177   5.849476126770041   54.349614070650574
1.9786713532176083   5.4457765281926225   52.3919246053015
2.0366769868582977   5.069303094812992   50.47959061662207
2.0963830815323896   4.718272234298064   48.612217630687596
2.1578394870138577   4.3910129639297155   46.78942781318979
2.2210975144450407   4.085960133222564   45.01085681573005
2.286209979177315   3.8016480287301926   43.27615079724196
2.3532312448676476   3.5367039438689862   41.58505490471409
2.4222172688678643   3.2898418515166936   39.937576843189134
2.4932256489445366   3.0598582859059547   38.33371969474238
2.5663156713684585   2.84562748192349   36.77342458715013
2.641548360413907   2.646096542388525   35.25657274694775
2.7189865293089923   2.4602808920833774   33.782987637625304
2.798694832679631   2.2872600025401115   32.35243717425998
2.8807398205309562   2.1261738026182107   30.964711325553665
2.9651899938111903   1.9762199851178397   29.619830934742502
3.05211586160442   1.8366487669544775   28.317776494777917
3.1415899999999994   1.7067591519915204   27.058410837101487
