0.01   14695.81268791261   14681.419884922985
0.010293154462191829   14910.339212317862   14894.533705640013
0.010594902878253955   15121.794561021245   15104.44281703017
0.010905497183778876   15329.77704792603   15310.733172924389
0.011225196699963396   15533.858025757254   15512.96334381252
0.011554268350120923   15733.593464903566   15710.676297311384
0.011892986882540897   15928.530751920125   15903.406302124853
0.012241635099881474   16118.198777821686   16090.667938721934
0.012600504095286909   16302.10710089549   16271.955138910798
0.012969893495426888   16479.75892557216   16446.755481395834
0.013350111710660605   16650.64734937326   16614.545679548126
0.013741476192534558   16814.24094511474   16774.77474854974
0.014144313698828986   16970.00135712576   16926.884264748143
0.01455896056637426   17117.3889207015   17070.31477640958
0.014985762991865008   17255.84958567361   17204.491143569707
0.01542507732090645   17384.82043066891   17328.828640733587
0.015877270345534218   17503.743703848057   17442.748561083692
0.016342719610456153   17612.06251800959   17545.672107981016
0.016821813728271667   17709.213526030806   17637.010444486863
0.017314952703931925   17794.643861874025   17716.186005305142
0.017822548268711737   17867.815292040657   17782.637413481654
0.01834502422397195   17928.198049470946   17835.811877656066
0.018882816794999403   17975.278943494555   17875.174593234085
0.019436374995219892   18008.56986304118   17900.218555423366
0.02000616100108813   18027.61557463116   17910.47113804827
0.020592650537967844   18031.999567955503   17905.499370151774
0.021196333277324068   18021.340758288934   17884.90926287635
0.02181771324555934   17995.302151691474   17848.355926366956
0.022457309244835088   17953.62050209729   17795.577319265787
0.02311565528622961   17896.086713360175   17726.371660993766
0.023793301035594242   17822.539373946693   17640.58981243429
0.024490812272480036   17732.919539303493   17538.195512494498
0.025208771362518027   17627.273982957693   17419.2686400046
0.0259477777436476   17505.70001869998   17283.944207873657
0.02670844842659881   17368.38165020911   17132.453124697608
0.027491418510046592   17215.679688449694   16965.223534553385
0.028297341710866907   17048.023731680518   16782.75807950224
0.029126890909937666   16865.895486104222   16585.61417149633
0.029980758713939952   16669.99147599839   16374.580110702442
0.030859658033628758   16461.15861633756   16150.603828545858
0.031764322679055976   16240.260612150607   15914.64715087798
0.03269550797224261   16008.263164578142   15667.778506980501
0.033653991377811755   15766.33326186581   15411.280258937117
0.03464057315210884   15515.645261175654   15146.436126360146
0.03565607701135116   15257.39958119429   14874.545296277702
0.036701350819364466   14993.171706293562   14597.26076829618
0.03777726729548091   14724.659466905749   14316.341038591043
0.038884724743189276   14453.46944797174   14033.442143192544
0.04002464780014597   14180.918121406854   13749.941945618131
0.041197988210172884   13907.957448253304   13466.876035348525
0.04240572561788674   13635.459526132623   13185.190584980099
0.04364886838662332   13364.461583042083   12905.946126661498
0.04492845444033957   13097.00368084028   12631.006084267425
0.04624555213019635   12835.294015195406   12362.346431298753
0.04760126112654554   12581.32197726976   12101.733096990904
0.04899671333706607   12336.00733470414   11849.916350584486
0.05043307385181555   12099.306513390678   11606.737414452607
0.05191154191598653   11871.130147303134   11372.00128913074
0.053433351931179485   11651.0528984337   11145.21283511743
0.05499977448602865   11437.950225363391   10925.247405716187
0.05661211741704101   11230.674934702018   10710.971030188866
0.05827172690053434   11027.94436305536   10501.162029432016
0.05997998857658587   10828.091148655167   10294.313852372446
0.06173832870592997   10629.493490696195   10088.979514468017
0.0635482153607709   10430.436927201214   9883.71616161635
0.06541115965050462   10229.087310117684   9677.07095646522
0.06732871698337338   10023.671193787575   9467.681184374145
0.06930248836510605   9812.103906725604   9254.104812960199
0.07133412173562886   9592.335201199225   9034.985159533877
0.07342531334496233   9362.39684181912   8809.1690737465
0.07557780916945323   9120.433118056957   8575.71703354094
0.07779340636952398   8865.25167543213   8334.186976935525
0.08007395479015682   8596.645491800567   8084.895603124393
0.08242135850536496   8315.311427209563   7828.826810224434
0.08483757740794096   8023.590215043293   7568.273771602928
0.08732462884580919   7724.57979210509   7305.875527813518
0.08988458930634863   7422.574655475866   7044.767680973565
0.09251959615009227   7122.036908134896   6788.048276628502
0.09523184939525078   6827.574224398026   6538.772294479096
0.09802361355455057   6543.42518553733   6299.493128102628
0.10089721952591899   6273.3842483386015   6072.2542678399695
0.10385506653859616   6020.724863372529   5858.595603581552
0.10689962415629803   5788.059958673959   5659.5956829260695
0.11003343433910281   5576.737813303694   5475.278523148689
0.11325911356578279   5387.020839791368   5304.995313296406
0.11657935501835284   5216.679759338901   5146.820256142646
0.11999693083066039   5062.051762744168   4998.197801966319
0.12351469440289359   4917.356469987537   4855.717448996866
0.12713558278394044   4776.378245058936   4716.071528789362
0.13086261912358757   4632.902263286414   4576.300014073026
0.13469891519660646   4481.964801575813   4434.327784130259
0.13864767400083483   4320.29297120619   4289.246966531612
0.14271219243142114   4146.8637130238985   4141.603771672236
0.14689586403346616   3963.2779644895077   3992.7733891358343
0.1512021818353596   3773.366403135593   3844.6465561185464
0.15563474126517718   3582.638814046652   3699.4931034136807
0.16019724315257297   3397.236260098959   3559.853694051737
0.1648934968186736   3223.023860002791   3427.544924761414
0.1697274232565544   3064.914272668811   3303.6975638540134
0.17470305840495237   2925.9129076661616   3188.6273195134545
0.17982455651794954   2805.7863873528354   3081.3591017206895
0.18509619363343993   2700.3618017103236   2980.3339930731468
0.19052237114327647   2602.9447011801894   2883.131900254998
0.19610761946807834   2506.862274571914   2787.9391067705014
0.20185660183976684   2407.0550953034635   2693.653452290329
0.20777411819498756   2300.4686092319416   2600.3154823711916
0.21386510918267082   2186.8433294073893   2508.425648028166
0.22013466028907505   2069.773724504775   2418.605546822627
0.22658800608375756   1955.5146715707883   2332.1510254525597
0.23323053459001789   1849.71120705616   2250.0904133531453
0.2400677917834628   1755.3984914343146   2172.3620384129526
0.24710548622244882   1672.8617275388658   2098.2001158101393
0.25434949381426813   1599.4505850404212   2027.7511375357226
0.2618058627210567   1530.2890654850087   1959.856041313349
0.2694808184095226   1460.7393009972548   1894.0067593424606
0.27738076884870827   1388.4068363828944   1829.8988865412762
0.2855123098601282   1313.8723336561698   1768.0040280132675
0.29388223062474755   1240.6076053890931   1708.4483486025858
0.3024975193514008   1172.4461627958183   1651.3993973926517
0.31136536911138296   1111.0674975230813   1596.8238517153816
0.3204931838440838   1055.898688014348   1544.8307144845567
0.32988858453867975   1004.4124246782391   1494.7547607130693
0.3395594155970457   953.6891703749943   1446.71325637237
0.34951375138319807   902.7027560563839   1400.1009729842294
0.3597599029647371   852.431223608751   1355.3987406494512
0.37030642505191835   804.8191259098605   1312.4580826896113
0.3811621231401457   761.151224812141   1271.333564806967
0.3923360608618501   720.9000869659869   1231.9947892973494
0.4038375675538918   682.6369019939976   1194.2000857935188
0.41567624604680364   645.3252265736814   1157.7761352253763
0.42786198068238046   609.0289657711548   1122.631718517804
0.4404049455663077   574.6053863748566   1088.9217932897664
0.4533156130627191   542.5515057057634   1056.565960996243
0.4666047625377753   512.5026751624553   1025.4850224507472
0.4802834893595659   483.81827258214474   995.5717267971546
0.49436321416184764   456.2545843071804   966.7284929195902
0.5088556923793517   430.06284389916084   938.9431150265514
0.5237730240626238   405.453755827943   912.2186058784309
0.5391276639805903   382.26099948411513   886.4656726533536
0.5549324320192869   360.21271069374967   861.6244041681874
0.5712005238854289   339.2465845777287   837.6068444085521
0.5879455221237613   319.4416131080669   814.4262821216041
0.6051814074573895   300.7700112586973   792.0405734223407
0.622922570460556   283.10082874123015   770.3754067112351
0.6411838235736077   266.36695281252656   749.3805633109072
0.6599804134701901   250.5649262648565   729.0507259315933
0.6793280337869897   235.65725027101456   709.343425347182
0.6992428382266549   221.57435163213546   690.1975563930962
0.7197414540448374   208.27555391072923   671.5952719886028
0.7408409959326054   195.72854313745322   653.5043197516349
0.7625590803058332   183.89516621116272   635.8931300230147
0.7849138400134885   172.73762677968242   618.7309308334449
0.8079239394770964   162.21995181976553   601.9892438823674
0.8316085902740278   152.30791470290518   585.6417529260042
0.8559875671776167   142.96896084511255   569.6641829466697
0.8810812246675007   134.17213714908354   554.0341893866841
0.9069105139239728   125.88815351874028   538.7313022843953
0.9334970003205227   118.08938706708742   523.7368661287749
0.960862881429187   110.74955228583262   509.0338641820359
0.9890310055537336   103.84362086500427   494.60682620491036
1.0180248908061487   97.34777428138845   480.4417519067398
1.047868744742366   91.23935719429679   466.5260388006061
1.0785874845736239   85.49683172053108   452.84841384298437
1.1102067579703248   80.09972500534124   439.399135106947
1.1427529644757777   75.02853587356073   426.1717674903376
1.1762532775476793   70.26473865341669   413.1617468334341
1.210735667245765   65.79077303827825   400.36519238345295
1.246228923584555   61.59000044132366   387.77885827228727
1.2827626805706884   57.646661641154786   375.4000934121935
1.3203674409449337   53.94583593378187   363.22680185302005
1.3590746016495152   50.47340175660106   351.2574218579807
1.3989164800420282   47.21599757279858   339.4925746206439
1.4399263408778291   44.16098486316932   327.9360849645677
1.4821384240834183   41.29641545482021   316.59184432980896
1.525587973344019   38.61099797970881   305.4634524640906
1.5703112655292182   36.09406542782064   294.5542119188993
1.6163456409812174   33.73554403257316   283.86712338035386
1.6637295346910133   31.525923453880875   273.40488184758846
1.7125025083885144   29.456227416753862   263.1702283468513
1.7627052835733923   27.517981506267738   253.16820822938413
1.814379775514258   25.703191855010125   243.40430008607092
1.8675691282445197   24.004323145057178   233.88305325490535
1.922317750584177   22.41427440556848   224.60812121292395
1.9786713532176083   20.926355916833522   215.58230424122797
2.0366769868582977   19.5342671984037   206.80759310354716
2.0963830815323896   18.232076003799275   198.28521670911405
2.1578394870138577   17.014195503542087   190.01594618171134
2.2210975144450407   15.875364258041273   182.0002703374587
2.286209979177315   14.81063354509923   174.2379731342077
2.3532312448676476   13.815350418363872   166.72813843811727
2.4222172688678643   12.885141083525104   159.46920386277284
2.4932256489445366   12.015895131396558   152.45901360930003
2.5663156713684585   11.203750589302606   145.69487007023574
2.641548360413907   10.44508089007232   139.17359086195083
2.7189865293089923   9.736487859914218   132.8915979028011
2.798694832679631   9.074782357535435   126.8449276634743
2.8807398205309562   8.45696846564791   121.02925239211326
2.9651899938111903   7.88023257878992   115.43992417073368
3.05211586160442   7.341933059769614   110.07201695686857
3.1415899999999994   6.839590422753388   104.9203664372008
