0.01   14695.21824853709   14690.968752696452
0.010293154462191829   14858.93900828555   14854.312302671344
0.010594902878253955   15016.971848346655   15011.934726008545
0.010905497183778876   15168.86733606854   15163.382749752844
0.011225196699963396   15314.167553230292   15308.19479637122
0.011554268350120923   15452.393533872908   15445.888899877635
0.011892986882540897   15583.06230959877   15575.979283246486
0.012241635099881474   15705.690948891204   15697.980211049307
0.012600504095286909   15819.777978656108   15811.3863748972
0.012969893495426888   15924.811229817858   15915.681072002419
0.013350111710660605   16020.285042630114   16010.3542245255
0.013741476192534558   16105.693254010164   16094.895187827316
0.014144313698828986   16180.518649484893   16168.781931194286
0.01455896056637426   16244.254731132969   16231.503326867389
0.014985762991865008   16296.409268927873   16282.562623819616
0.01542507732090645   16336.487719770073   16321.459266152868
0.015877270345534218   16364.00656782132   16347.70317734811
0.016342719610456153   16378.507817988459   16360.830291524675
0.016821813728271667   16379.554881640204   16360.397991028283
0.017314952703931925   16366.730626112281   16345.982867350782
0.017822548268711737   16339.652505754424   16317.196794639694
0.01834502422397195   16297.977926212083   16273.692371070596
0.018882816794999403   16241.411125943812   16215.16931409666
0.019436374995219892   16169.703699845466   16141.375520683028
0.02000616100108813   16082.656590584278   16052.109449803076
0.020592650537967844   15980.144214025224   15947.245227696238
0.021196333277324068   15862.121917377583   15826.740370583459
0.02181771324555934   15728.601494167384   15690.610233823567
0.022457309244835088   15579.670169200012   15538.947992844858
0.02311565528622961   15415.555728922778   15371.993205780385
0.023793301035594242   15236.562321134104   15190.064037823777
0.024490812272480036   15043.051490392872   14993.537121393454
0.025208771362518027   14835.547626617394   14782.956755422878
0.0259477777436476   14614.72186792511   14559.018020431597
0.02670844842659881   14381.282696892573   14322.453270973076
0.027491418510046592   14136.040787436697   14074.099168935863
0.028297341710866907   13880.053384603312   13815.045870425643
0.029126890909937666   13614.420014216492   13546.425370283629
0.029980758713939952   13340.249765514873   13269.376944605674
0.030859658033628758   13058.895772851172   12985.281812948988
0.031764322679055976   12771.844887261403   12695.65210769485
0.03269550797224261   12480.519208774234   12401.931855668989
0.033653991377811755   12186.395381207827   12105.615281865983
0.03464057315210884   11891.148135867696   11808.38901550621
0.03565607701135116   11596.368927610574   11511.85273526609
0.036701350819364466   11303.559657186574   11217.510792262872
0.03777726729548091   11014.420178110655   10927.039969758924
0.038884724743189276   10730.655084013039   10642.109781003957
0.04002464780014597   10453.794757710684   10364.216219427246
0.041197988210172884   10185.042052467456   10094.51892764004
0.04240572561788674   9925.194551253415   9833.758439594725
0.04364886838662332   9674.926228678029   9582.55441200035
0.04492845444033957   9434.903279814776   9341.51083820955
0.04624555213019635   9206.18245401135   9111.55491384987
0.04760126112654554   8989.877537414302   8893.654118340353
0.04899671333706607   8786.88490059515   8688.573847082565
0.05043307385181555   8596.30310169815   8495.375828601203
0.05191154191598653   8415.864844945896   8311.831563599466
0.053433351931179485   8243.44526839921   8135.857277650389
0.05499977448602865   8077.254336880667   7965.710227198608
0.05661211741704101   7915.784973902995   7799.93587881941
0.05827172690053434   7757.562854257445   7637.126446816697
0.05997998857658587   7600.573600433037   7475.440021277576
0.06173832870592997   7442.65650119986   7312.932669024641
0.0635482153607709   7281.537551986629   7147.623425863721
0.06541115965050462   7114.534451829965   6977.285761822986
0.06732871698337338   6939.152991166938   6799.892737998042
0.06930248836510605   6753.068922232584   6613.7046362171
0.07133412173562886   6554.3201845163685   6417.331692716556
0.07342531334496233   6342.068939952109   6210.388009120398
0.07557780916945323   6116.425133830683   5993.303848621726
0.07779340636952398   5878.948499381453   5767.778795260117
0.08007395479015682   5632.461871202762   5536.5971894123895
0.08242135850536496   5380.632399038557   5303.055834936414
0.08483757740794096   5127.686103051492   5070.753695613614
0.08732462884580919   4878.015487765297   4843.2938897264285
0.08988458930634863   4635.877672569539   4624.062706826883
0.09251959615009227   4405.41651620452   4416.1140015610845
0.09523184939525078   4190.388195956507   4222.066137142635
0.09802361355455057   3994.238283272808   4044.14029865174
0.10089721952591899   3819.338338785653   3883.675546438657
0.10385506653859616   3666.653642324837   3740.7117546643367
0.10689962415629803   3535.419204126426   3614.092053787894
0.11003343433910281   3422.5904103535495   3501.084750792242
0.11325911356578279   3323.568119764247   3398.005267606059
0.11657935501835284   3232.5259540410575   3300.4948353370623
0.11999693083066039   3143.3257801191194   3204.3966805393898
0.12351469440289359   3050.2251275622484   3106.0422666723716
0.12713558278394044   2948.4977293086604   3002.59029423397
0.13086261912358757   2835.25564440508   2892.9274672780634
0.13469891519660646   2709.8045357609053   2777.4656335702257
0.13864767400083483   2574.0532895461606   2657.8380548866808
0.14271219243142114   2431.991743528317   2536.667936785323
0.14689586403346616   2288.956645722543   2417.313860872336
0.1512021818353596   2151.0127301529037   2303.3475260461546
0.15563474126517718   2024.353554802898   2197.685315933453
0.16019724315257297   1913.9551577142413   2102.7222044176947
0.1648934968186736   1821.8077473972432   2018.584498777232
0.1697274232565544   1746.1140394506747   1943.6255704867133
0.17470305840495237   1682.1367089137502   1875.2735936071115
0.17982455651794954   1624.0793770700204   1810.218702043744
0.18509619363343993   1566.199550794414   1746.0376195541307
0.19052237114327647   1503.2331107294826   1680.558081921789
0.19610761946807834   1431.9873275190205   1613.272943612848
0.20185660183976684   1353.373213826092   1545.1979318416718
0.20777411819498756   1271.9334324655654   1477.9053208922746
0.21386510918267082   1193.1693849522794   1413.6320299182144
0.22013466028907505   1121.7896753975974   1353.9951947807033
0.22658800608375756   1060.7254517540914   1299.0178742681096
0.23323053459001789   1009.9082704319067   1248.5086468031313
0.2400677917834628   966.2104154798444   1201.3663381980111
0.24710548622244882   925.0602284935052   1155.9848521432134
0.25434949381426813   882.2111321278462   1111.173332975778
0.2618058627210567   835.6181731572631   1067.3012673647056
0.2694808184095226   786.7445862618816   1024.2852758457234
0.27738076884870827   738.9546244133569   983.0660902290518
0.2855123098601282   695.2870386497112   944.0348712808769
0.29388223062474755   657.3916130284554   907.6173136654928
0.3024975193514008   624.4057746655835   873.0524150373105
0.31136536911138296   593.6273684807294   840.0829267977138
0.3204931838440838   562.7227243298162   808.2395719611495
0.32988858453867975   530.9033561303295   777.4342718245626
0.3395594155970457   499.3176753778998   747.8171507414559
0.34951375138319807   469.88783438835844   719.6924492440344
0.3597599029647371   443.4595698942938   693.0224884157454
0.37030642505191835   419.48173775316525   667.5641220572809
0.3811621231401457   396.64315315075515   643.2157113335074
0.3923360608618501   374.05348704084076   619.8439657056484
0.4038375675538918   351.9728560157394   597.4368595314693
0.41567624604680364   331.21815951824846   576.0496491106393
0.42786198068238046   312.14036961210496   555.6830611725177
0.4404049455663077   294.3789365552814   536.2418458753724
0.4533156130627191   277.3603008803604   517.6129211793397
0.4666047625377753   260.94517843632804   499.7455894517218
0.4802834893595659   245.41519339861964   482.6606847032718
0.49436321416184764   230.93588587566978   466.3489133304537
0.5088556923793517   217.34303590153957   450.7507551498013
0.5237730240626238   204.41018094433153   435.790323101637
0.5391276639805903   192.12173382095526   421.45203051544325
0.5549324320192869   180.56587530239108   407.7301101740525
0.5712005238854289   169.71263940743407   394.5874569685522
0.5879455221237613   159.45539470820034   381.9774130566268
0.6051814074573895   149.7540142887096   369.8749398546434
0.622922570460556   140.6220505655035   358.2601200494041
0.6411838235736077   132.02892578561205   347.1098613317893
0.6599804134701901   123.92574857158849   336.39131680490794
0.6793280337869897   116.29194314514028   326.0837186356711
0.6992428382266549   109.10538484390067   316.16516839223306
0.7197414540448374   102.34149351061025   306.612920183663
0.7408409959326054   95.97691971227157   297.4057385430039
0.7625590803058332   89.98950063768055   288.5237996414746
0.7849138400134885   84.35820667221697   279.94859352552595
0.8079239394770964   79.06308992903517   271.66283431751555
0.8316085902740278   74.08523474666643   263.65037695305483
0.8559875671776167   69.40674337155309   255.89566923235773
0.8810812246675007   65.01073401071558   248.3829526203435
0.9069105139239728   60.88120406743236   241.0973913816859
0.9334970003205227   57.00297513489344   234.02522994228977
0.960862881429187   53.3616568137142   227.15372317424567
0.9890310055537336   49.94361164471328   220.47107246066287
1.0180248908061487   46.73592116006648   213.9663669622505
1.047868744742366   43.726352502706696   207.62952605395887
1.0785874845736239   40.90331035958834   201.45114060501976
1.1102067579703248   38.255808539890204   195.42242105691656
1.1427529644757777   35.77346291099253   189.53529421654451
1.1762532775476793   33.44646291377491   183.7823704516539
1.210735667245765   31.2655429174001   178.15690508848965
1.246228923584555   29.22195478246017   172.65276231543083
1.2827626805706884   27.30744159779194   167.26438129261214
1.3203674409449337   25.514212431302287   161.9868126976322
1.3590746016495152   23.83491737479062   156.8162327923467
1.3989164800420282   22.262625408537257   151.74954201319784
1.4399263408778291   20.79080313147345   146.78397303330107
1.4821384240834183   19.413293779410193   141.91706684035861
1.525587973344019   18.124297208819613   137.1466531160028
1.5703112655292182   16.918350818038228   132.4708311554215
1.6163456409812174   15.790311371294978   127.88795127224603
1.6637295346910133   14.735336778758883   123.39693221225308
1.7125025083885144   13.74886765035164   118.99804986949275
1.7627052835733923   12.826614887774257   114.69182351420591
1.814379775514258   11.964545466228152   110.47870790869133
1.8675691282445197   11.158868095941251   106.35909008149757
1.922317750584177   10.40601961579953   102.33328637348608
1.9786713532176083   9.702652086889584   98.4015397642038
2.0366769868582977   9.04562053286415   94.56402533671806
2.0963830815323896   8.431970095710376   90.82130870746258
2.1578394870138577   7.858924799734   87.17450758954742
2.2210975144450407   7.3238793052140645   83.62453107312517
2.286209979177315   6.824389113325485   80.17202187966504
2.3532312448676476   6.35816111613465   76.81736900809788
2.4222172688678643   5.9230446662659215   73.5607206210101
2.4932256489445366   5.517023140245671   70.4019970958538
2.5663156713684585   5.138206205985359   67.34094014930932
2.641548360413907   4.784824938069328   64.37754484289766
2.7189865293089923   4.4552229348235866   61.511844754245224
2.798694832679631   4.1478473094163295   58.7435674403101
2.8807398205309562   3.8612425371468064   56.07215185029135
2.9651899938111903   3.5940446857120727   53.49677304869077
3.05211586160442   3.344975960484295   51.01636633150541
3.1415899999999994   3.1128395497229198   48.62965062565271
