0.01   92.1091613605893   92.10916090561597
0.010293154462191829   93.16344226883122   93.16344339549414
0.010594902878253955   94.1814707441284   94.18147272028321
0.010905497183778876   95.16007473268475   95.1600767622557
0.011225196699963396   96.09602592710996   96.09602722129269
0.011554268350120923   96.98605809467574   96.98605792844376
0.011892986882540897   97.82670277567321   97.82670095643978
0.012241635099881474   98.61439165028631   98.61438877737483
0.012600504095286909   99.34556921421812   99.34556669718151
0.012969893495426888   100.01665684670141   100.01665624505577
0.013350111710660605   100.62402797985385   100.62402980668196
0.013741476192534558   101.16410862374991   101.16411219551773
0.014144313698828986   101.63336226274382   101.63336588777216
0.01455896056637426   102.02805408860345   102.0280565081919
0.014985762991865008   102.34444246195504   102.3444434705054
0.01542507732090645   102.57892360698627   102.5789240567931
0.015877270345534218   102.72794484153833   102.72794601488664
0.016342719610456153   102.78798055989249   102.78798325698654
0.016821813728271667   102.75571099685496   102.7557154597184
0.017314952703931925   102.62803758058779   102.62804345027084
0.017822548268711737   102.40199859456854   102.40200469415177
0.01834502422397195   102.07489162724562   102.07489590033839
0.018882816794999403   101.64434935672769   101.64434892023492
0.019436374995219892   101.10835554215923   101.10834768061112
0.02000616100108813   100.46527048282589   100.4652537888159
0.020592650537967844   99.71387166432089   99.71384608320948
0.021196333277324068   98.85342907522748   98.85339544859718
0.02181771324555934   97.8838892825721   97.88384751795647
0.022457309244835088   96.80572689199218   96.80567552160538
0.02311565528622961   95.6199212927046   95.61985761029152
0.023793301035594242   94.32844381002306   94.32836536887389
0.024490812272480036   92.93420957090548   92.93411554432696
0.025208771362518027   91.44058350312919   91.44047466121005
0.0259477777436476   89.85168988451296   89.8515681409129
0.02670844842659881   88.17318508516239   88.1730522089304
0.027491418510046592   86.41123041521577   86.41108777554398
0.028297341710866907   84.57229745017551   84.57214613817835
0.029126890909937666   82.66462482576785   82.66446721891019
0.029980758713939952   80.69766621335926   80.69750704768396
0.030859658033628758   78.68070155388865   78.6805476969749
0.031764322679055976   76.62358163090992   76.62344103842103
0.03269550797224261   74.53800144282238   74.5378808927687
0.033653991377811755   72.43533075521178   72.43523555105814
0.03464057315210884   70.32645426767685   70.32638866199333
0.03565607701135116   68.22480419763212   68.22477517329415
0.036701350819364466   66.14469084012384   66.14471009113075
0.03777726729548091   64.0989394815252   64.09902278922725
0.038884724743189276   62.098498328758616   62.098658548441456
0.04002464780014597   60.15209121750359   60.152324644366075
0.041197988210172884   58.26716255137792   58.267449121515746
0.04240572561788674   56.450877398885815   56.45118390993407
0.04364886838662332   54.71626489621033   54.71655666181279
0.04492845444033957   53.078144341654294   53.07839061066062
0.04624555213019635   51.549140089316104   51.54931430038913
0.04760126112654554   50.13288765114474   50.132987397661864
0.04899671333706607   48.82407153722374   48.82413942124828
0.05043307385181555   47.617312951330156   47.617432105554904
0.05191154191598653   46.50609441087488   46.50634264432438
0.053433351931179485   45.482576402008014   45.48297704038461
0.05499977448602865   44.53913388818653   44.53965778526743
0.05661211741704101   43.66432694930657   43.664897240145805
0.05827172690053434   42.844719731110615   42.84521559687855
0.05997998857658587   42.06618156918512   42.066458494394126
0.06173832870592997   41.31065780379553   41.31060097696829
0.0635482153607709   40.55992379801575   40.559458310566086
0.06541115965050462   39.792010243660215   39.791120888818135
0.06732871698337338   38.98372763559323   38.982467560544904
0.06930248836510605   38.11258068173107   38.11105294059341
0.07133412173562886   37.15720636337982   37.155543899054365
0.07342531334496233   36.101329018141094   36.0996553861953
0.07557780916945323   34.934957954297204   34.933340027062115
0.07779340636952398   33.65688928437587   33.65535131770466
0.08007395479015682   32.27568557712223   32.27423153260295
0.08242135850536496   30.80859413258526   30.80724511907981
0.08483757740794096   29.279756059367298   29.278580741586207
0.08732462884580919   27.718920001779814   27.71805709422852
0.08988458930634863   26.158639149696782   26.158270198499203
0.09251959615009227   24.635426437935973   24.63568348728642
0.09523184939525078   23.18331653055501   23.184250036137296
0.09802361355455057   21.837917353644144   21.839438012800414
0.10089721952591899   20.62822894688904   20.630143182866934
0.10385506653859616   19.576478764104152   19.578552707381473
0.10689962415629803   18.69250597329552   18.694526885578725
0.11003343433910281   17.973255175199863   17.975084237241255
0.11325911356578279   17.400584561521306   17.402103729164935
0.11657935501835284   16.94584737790148   16.94692688556198
0.11999693083066039   16.56929268110557   16.569792107654468
0.12351469440289359   16.226062867551782   16.225861500759677
0.12713558278394044   15.868692966330704   15.867731975301519
0.13086261912358757   15.452845176398908   15.451170304121275
0.13469891519660646   14.944627597635854   14.942386429143134
0.13864767400083483   14.326089928214817   14.323546907015794
0.14271219243142114   13.599491747884786   13.597058599518828
0.14689586403346616   12.787518470224695   12.785652517572215
0.1512021818353596   11.930927979982956   11.929991062236404
0.15563474126517718   11.08351236314512   11.083598643791788
0.16019724315257297   10.3023111630994   10.303211385801985
0.1648934968186736   9.633486011819738   9.63490090805705
0.1697274232565544   9.099761830423152   9.101452594742561
0.17470305840495237   8.69777100373168   8.699389815419432
0.17982455651794954   8.403637540983933   8.404720734527423
0.18509619363343993   8.177733110227287   8.177855318710689
0.19052237114327647   7.967474349455369   7.966577509428938
0.19610761946807834   7.717858487902689   7.716230911805487
0.20185660183976684   7.391928015524635   7.389968048389586
0.20777411819498756   6.985201820893784   6.9833296296191945
0.21386510918267082   6.522963404967658   6.521681964956376
0.22013466028907505   6.049527973201838   6.049170118927365
0.22658800608375756   5.615532288913687   5.615992137709115
0.23323053459001789   5.259537664235103   5.260447798260447
0.2400677917834628   4.9930058187314295   4.993824845383707
0.24710548622244882   4.7980996179472175   4.798311997046843
0.25434949381426813   4.635913532628634   4.6353084983650845
0.2618058627210567   4.460345163037394   4.459100775665531
0.2694808184095226   4.242220657340419   4.240727389387381
0.27738076884870827   3.982133343615243   3.9808970009844202
0.2855123098601282   3.7056209098548494   3.705050642520894
0.29388223062474755   3.4499698477704603   3.4499775585122214
0.3024975193514008   3.24225345001825   3.242451011193843
0.31136536911138296   3.083094782750127   3.0830263691959594
0.3204931838440838   2.950713028961077   2.9500899929170763
0.32988858453867975   2.815240280737593   2.814185420293255
0.3395594155970457   2.6586751895105056   2.6575709440205646
0.34951375138319807   2.4873052844444907   2.4865043651224696
0.3597599029647371   2.3224537015469076   2.322049096451579
0.37030642505191835   2.182125365792533   2.1818441606263987
0.3811621231401457   2.067601270279577   2.0671001900512485
0.3923360608618501   1.9640467437821392   1.9632237399571102
0.4038375675538918   1.855920586718668   1.8549653031262399
0.41567624604680364   1.7411291664576896   1.740301687485838
0.42786198068238046   1.6299695618524894   1.6293501787803728
0.4404049455663077   1.5324665777070972   1.5318885721515745
0.4533156130627191   1.4475976393207033   1.446854857369318
0.4666047625377753   1.3666694006806375   1.365782198668167
0.4802834893595659   1.2843244854723257   1.2834554034569134
0.49436321416184764   1.203993920010571   1.2032242342717259
0.5088556923793517   1.131010918637429   1.1302578053830332
0.5237730240626238   1.0651748049893164   1.0643369158254645
0.5391276639805903   1.002168464582487   1.0012692746359908
0.5549324320192869   0.9404430335332872   0.9395732030044767
0.5712005238854289   0.8822942137202135   0.8814536559227464
0.5879455221237613   0.8289711939276004   0.828098836505848
0.6051814074573895   0.7788453118698114   0.7779362773978579
0.622922570460556   0.7307325314291907   0.7298214800635301
0.6411838235736077   0.6853147310048834   0.6844173124581059
0.6599804134701901   0.642707296663357   0.6418156094991325
0.6793280337869897   0.6027467529493452   0.6018516084633445
0.6992428382266549   0.5652424374916359   0.5643381487116006
0.7197414540448374   0.5300204389074923   0.5291041838704886
0.7408409959326054   0.4969219649026078   0.49599323695676756
0.7625590803058332   0.4658018762290766   0.46486201018249185
0.7849138400134885   0.436527377218943   0.43557914096814776
0.8079239394770964   0.4089825591353793   0.4080294487711191
0.8316085902740278   0.3830756823201534   0.38212074589224415
0.8559875671776167   0.3587215623295906   0.357767290870993
0.8810812246675007   0.33583819969117024   0.33488661449551643
0.9069105139239728   0.3143467867434647   0.31339951534684224
0.9334970003205227   0.2941716986386794   0.29323004066077235
0.960862881429187   0.27524047023271053   0.27430545414980273
0.9890310055537336   0.257483727613822   0.25655616281818555
1.0180248908061487   0.24083365847819108   0.23991433219623923
1.047868744742366   0.22522382168617391   0.22431370490877783
1.0785874845736239   0.2105914565682629   0.20969166207181447
1.1102067579703248   0.1968774597546241   0.1959891897939672
1.1427529644757777   0.1840261790891137   0.18315068153495487
1.1762532775476793   0.1719852188013229   0.17112375071420916
1.210735667245765   0.16070525533783658   0.1598590530712224
1.246228923584555   0.150139886220297   0.1493101420683421
1.2827626805706884   0.14024574128481404   0.13943359500046149
1.3203674409449337   0.13098215467606544   0.1301886827388373
1.3590746016495152   0.12231076846982958   0.12153696807355156
1.3989164800420282   0.11419540889627171   0.11344218585093443
1.4399263408778291   0.10660197377366691   0.10587013396086728
1.4821384240834183   0.0994983248288738   0.0987885686872262
1.525587973344019   0.09285418476349835   0.09216710433785007
1.5703112655292182   0.08664102675129971   0.08597711332025926
1.6163456409812174   0.08083192755726115   0.08019161776003703
1.6637295346910133   0.07540154047909205   0.07478522064059094
1.7125025083885144   0.07032603666251816   0.06973402979773262
1.7627052835733923   0.0655830197026707   0.06501557623483005
1.814379775514258   0.06115144460297725   0.060608736252162315
1.8675691282445197   0.057011540943379395   0.056493657275294755
1.922317750584177   0.053144740063391704   0.05265168721196098
1.9786713532176083   0.0495336034770781   0.04906527452707337
2.0366769868582977   0.04616175398469924   0.04571785960248617
2.0963830815323896   0.04301382134694285   0.042593908609354136
2.1578394870138577   0.04007538478293173   0.0396788686869945
2.2210975144450407   0.03733291719619855   0.036959108047284854
2.286209979177315   0.03477373246309933   0.03442185959192689
2.3532312448676476   0.03238593563110812   0.03205516784647551
2.4222172688678643   0.030158376146441384   0.029847839673448878
2.4932256489445366   0.028080614778736232   0.027789424966772818
2.5663156713684585   0.026142882157699145   0.025870173574164948
2.641548360413907   0.024336021253994214   0.02408094990444296
2.7189865293089923   0.02265144988048769   0.022413193421319477
2.798694832679631   0.021081126586388062   0.02085888457145553
2.8807398205309562   0.01961751841571838   0.01941051255387652
2.9651899938111903   0.018253570440768127   0.01806104484577183
3.05211586160442   0.016982673442474564   0.01680389472653901
3.1415899999999994   0.015798595721934684   0.01563285150269988
