0.01   23464.50837082351   23453.140149616476
0.010293154462191829   23695.187915809758   23682.779603539882
0.010594902878253955   23915.845015302217   23902.30849949573
0.010905497183778876   24125.763216249426   24110.999553395668
0.011225196699963396   24324.225485526775   24308.124939189096
0.011554268350120923   24510.49497918647   24492.939110205352
0.011892986882540897   24683.810854816074   24664.675324570504
0.012241635099881474   24843.41749805343   24822.572591213957
0.012600504095286909   24988.558750933928   24965.868545499103
0.012969893495426888   25118.44286271515   25093.760063025147
0.013350111710660605   25232.28062571459   25205.445433301647
0.013741476192534558   25329.301498913803   25300.142167689086
0.014144313698828986   25408.725667421415   25377.059303418482
0.01455896056637426   25469.76948309827   25435.402994317457
0.014985762991865008   25511.681092799106   25474.412184401088
0.01542507732090645   25533.731416879487   25493.347716498996
0.015877270345534218   25535.18491528229   25491.458765660795
0.016342719610456153   25515.34462211635   25468.033276478378
0.016821813728271667   25473.565877101915   25422.413157896237
0.017314952703931925   25409.23739322811   25353.974568060326
0.017822548268711737   25321.794716150904   25262.14195284914
0.01834502422397195   25210.744846938964   25146.413694919098
0.018882816794999403   25075.66907602971   25006.3635259438
0.019436374995219892   24916.224088855324   24841.639643188453
0.02000616100108813   24732.153821515636   24651.980289561357
0.020592650537967844   24523.299876899157   24437.22563890572
0.021196333277324068   24289.64204551052   24197.363710165602
0.02181771324555934   24031.281214503593   23932.510398801063
0.022457309244835088   23748.420406021512   23642.88741217073
0.02311565528622961   23441.42989324463   23328.893333118005
0.023793301035594242   23110.8911480618   22991.151401419083
0.024490812272480036   22757.490406894187   22630.392745441488
0.025208771362518027   22382.042065137786   22247.481509509307
0.0259477777436476   21985.68021311182   21843.622402388166
0.02670844842659881   21569.694425275877   21420.181977656623
0.027491418510046592   21135.431727095835   20978.581974930516
0.028297341710866907   20684.520511125385   20520.537120812987
0.029126890909937666   20218.90748160316   20048.09361048194
0.029980758713939952   19740.53568477525   19563.286406028306
0.030859658033628758   19251.432031077955   19068.22796954325
0.031764322679055976   18754.104715718495   18565.515387469724
0.03269550797224261   18251.087866246322   18057.762181573664
0.033653991377811755   17744.783299387018   17547.43568705265
0.03464057315210884   17237.84595689614   17037.242739539743
0.03565607701135116   16733.11161486898   16530.057029965345
0.036701350819364466   16233.16996856633   16028.492799556023
0.03777726729548091   15740.56464513353   15535.087246503435
0.038884724743189276   15258.252508185022   15052.72078229543
0.04002464780014597   14788.975476258549   14584.04615328969
0.041197988210172884   14335.101610025595   14131.341791650577
0.04240572561788674   13898.367776869476   13696.219698426064
0.04364886838662332   13480.033554740356   13279.796378229092
0.04492845444033957   13081.151676082585   12882.993658885734
0.04624555213019635   12702.968834737963   12506.8442050122
0.04760126112654554   12347.41403369648   12152.859290897808
0.04899671333706607   12016.284265097926   11822.42759660926
0.05043307385181555   11710.56759332286   11516.206486089095
0.05191154191598653   11427.765147204596   11231.625579740083
0.053433351931179485   11164.402516060241   10965.227525212778
0.05499977448602865   10917.341500261193   10713.889982906465
0.05661211741704101   10683.898004606377   10474.939458837458
0.05827172690053434   10461.672703570295   10245.988098490785
0.05997998857658587   10248.038032177152   10024.507554576567
0.06173832870592997   10039.328469118818   9807.182503225182
0.0635482153607709   9831.885987560718   9590.757482418763
0.06541115965050462   9621.42701733595   9371.660305031473
0.06732871698337338   9403.204123379679   9146.11264389435
0.06930248836510605   9172.700546353006   8910.65032262999
0.07133412173562886   8925.383721161017   8662.058389663123
0.07342531334496233   8657.565206538175   8397.892318044076
0.07557780916945323   8367.572605357833   8117.68921265463
0.07779340636952398   8055.08299018378   7822.063190331285
0.08007395479015682   7722.29615930598   7513.533412192285
0.08242135850536496   7372.826930707165   7195.565751377001
0.08483757740794096   7012.392397251571   6873.087528377273
0.08732462884580919   6647.387620946813   6551.338849147648
0.08988458930634863   6284.850091651499   6235.707794749862
0.09251959615009227   5931.692356522606   5931.252109967112
0.09523184939525078   5594.937910485869   5642.813939757693
0.09802361355455057   5281.347387245013   5374.437603849475
0.10089721952591899   4997.098731989484   5129.357203169717
0.10385506653859616   4746.455302689213   4909.574102522308
0.10689962415629803   4532.00677085106   4715.954519330325
0.11003343433910281   4352.712326256458   4546.57959126176
0.11325911356578279   4205.018150951827   4397.728562358089
0.11657935501835284   4082.049889523573   4264.349206540368
0.11999693083066039   3975.4978179472346   4140.909972763923
0.12351469440289359   3875.7278467675173   4021.501170254227
0.12713558278394044   3773.2530611488282   3900.9761635267746
0.13086261912358757   3659.4429081532758   3775.236218135841
0.13469891519660646   3527.9734704518755   3641.6487133428377
0.13864767400083483   3375.9569002375606   3500.05865322099
0.14271219243142114   3204.364386349764   3352.340431408068
0.14689586403346616   3017.9598084268855   3201.1110010888938
0.1512021818353596   2824.4556553330076   3051.1123524207496
0.15563474126517718   2633.751648931819   2906.9227126378014
0.16019724315257297   2456.6356144139972   2772.2487628599642
0.1648934968186736   2302.477137575838   2650.7867647717476
0.1697274232565544   2176.029665369397   2542.648040443686
0.17470305840495237   2076.2132622359577   2446.3840125912507
0.17982455651794954   1997.5859815156143   2359.3032831698206
0.18509619363343993   1932.346496306269   2277.6614175931118
0.19052237114327647   1871.150306803193   2198.259289360243
0.19610761946807834   1804.0457834009305   2118.724780580531
0.20185660183976684   1723.8397658178021   2037.8223575617076
0.20777411819498756   1629.6782050211943   1955.7001025185148
0.21386510918267082   1526.7355932494327   1874.393699030671
0.22013466028907505   1422.8713446725467   1796.1981191338984
0.22658800608375756   1326.565218895578   1722.3582380569717
0.23323053459001789   1244.605560219509   1654.5169917119124
0.2400677917834628   1179.101924368228   1591.7101893791012
0.24710548622244882   1126.951821161719   1532.8198889920125
0.25434949381426813   1081.619218540574   1476.8610239768245
0.2618058627210567   1035.330935915659   1422.8502945484336
0.2694808184095226   982.8776786778093   1369.6098590650831
0.27738076884870827   924.4940981785718   1317.978265803883
0.2855123098601282   864.3098416157114   1267.833956034939
0.29388223062474755   807.8440209290679   1220.4774269748953
0.3024975193514008   759.4999349214082   1175.695141651013
0.31136536911138296   719.5585238887618   1133.3163526496164
0.3204931838440838   684.620364144484   1093.2813210346353
0.32988858453867975   650.3278105372402   1054.5880046946531
0.3395594155970457   613.8623917777732   1017.4074873672212
0.34951375138319807   575.907843798725   981.4570166727824
0.3597599029647371   539.4943222384229   947.1120603725511
0.37030642505191835   507.02674327430634   914.4623968400103
0.3811621231401457   478.76763173527746   883.5614489706836
0.3923360608618501   452.836271507985   854.0443114974154
0.4038375675538918   427.12565817315317   825.6966562798063
0.41567624604680364   401.23951322671996   798.2919169860311
0.42786198068238046   376.3713202831426   772.0588267626216
0.4404049455663077   353.6936322271522   747.123747849847
0.4533156130627191   333.1441598100053   723.318120202767
0.4666047625377753   313.7453621483722   700.5312839421856
0.4802834893595659   294.8125236686332   678.5783797323528
0.49436321416184764   276.64120014095914   657.4848172464887
0.5088556923793517   259.75061405766513   637.3243237254284
0.5237730240626238   244.13892965768548   618.057443851592
0.5391276639805903   229.3713668715218   599.5139065723012
0.5549324320192869   215.24212540551704   581.6883726221631
0.5712005238854289   201.91472314594606   564.5341043248684
0.5879455221237613   189.48603009014093   548.0782306292937
0.6051814074573895   177.80818653195328   532.247539664352
0.622922570460556   166.74346562993475   516.9616819057185
0.6411838235736077   156.32275878646522   502.22507803268513
0.6599804134701901   146.55505531472966   488.0320963552367
0.6793280337869897   137.37220252478852   474.3258222250601
0.6992428382266549   128.71530530759253   461.06685588519747
0.7197414540448374   120.57991770945233   448.2418226543212
0.7408409959326054   112.93956707678745   435.8252521873146
0.7625590803058332   105.76490292783511   423.7907938547084
0.7849138400134885   99.02830144931303   412.1139633737559
0.8079239394770964   92.70376246966093   400.77202123991174
0.8316085902740278   86.7668127887189   389.74386171162894
0.8559875671776167   81.19441545419868   379.009911310578
0.8810812246675007   75.96489170004077   368.55202716107556
0.9069105139239728   71.05809719978055   358.3530823776212
0.9334970003205227   66.45533941388813   348.39683108953267
0.960862881429187   62.13892803902176   338.66828728476213
0.9890310055537336   58.092105440140614   329.153685538068
1.0180248908061487   54.29900534577123   319.8404151642335
1.047868744742366   50.74461273533479   310.7169592409196
1.0785874845736239   47.4147249392257   301.77283791879444
1.1102067579703248   44.29590696293768   292.99862610351806
1.1427529644757777   41.37539631770922   284.38653301715294
1.1762532775476793   38.64111571585702   275.9299688971927
1.210735667245765   36.08168266963156   267.62305521498797
1.246228923584555   33.686373012587744   259.46058235369145
1.2827626805706884   31.445085590996154   251.43797433051267
1.3203674409449337   29.34830864874437   243.55125460593243
1.3590746016495152   27.387087838813578   235.7970127885802
1.3989164800420282   25.552997710507043   228.17286548211248
1.4399263408778291   23.838117408092238   220.6787515402091
1.4821384240834183   22.234995930948713   213.31521605402284
1.525587973344019   20.7366243346509   206.08288162318567
1.5703112655292182   19.336411335789382   198.98243371019873
1.6163456409812174   18.028160124476255   192.0146062270418
1.6637295346910133   16.80604633509668   185.1801673825264
1.7125025083885144   15.66459709111969   178.47992115467173
1.7627052835733923   14.598668767732692   171.91574478250715
1.814379775514258   13.60342749295635   165.49105184636267
1.8675691282445197   12.67433561401776   159.20897887327257
1.922317750584177   11.807134912913146   153.07221851903196
1.9786713532176083   10.99783031215828   147.08303309110997
2.0366769868582977   10.242674461841533   141.24326892721234
2.0963830815323896   9.538153165403113   135.55437152231482
2.1578394870138577   8.880971480731715   130.01745428046954
2.2210975144450407   8.268039235248695   124.63397595007004
2.286209979177315   7.696459670751607   119.40542932164571
2.3532312448676476   7.163519162171946   114.33277648734156
2.4222172688678643   6.666676164792298   109.41646867258481
2.4932256489445366   6.203550762058781   104.65648007373053
2.5663156713684585   5.771914813701424   100.0523415411783
2.641548360413907   5.369682672227835   95.60317391260617
2.7189865293089923   4.9949031254686025   91.30775966343344
2.798694832679631   4.6457535660066895   87.16471955227746
2.8807398205309562   4.320529040590237   83.17237742404905
2.9651899938111903   4.017633884350967   79.32872554983614
3.05211586160442   3.7355750592325396   75.63145867843126
3.1415899999999994   3.4729558710137796   72.07800680575086
