0.01   4786.809295006945   4786.689325548372
0.010293154462191829   4850.22916899135   4850.102702351959
0.010594902878253955   4912.293798682747   4912.160225467739
0.010905497183778876   4972.855557320854   4972.71417069472
0.011225196699963396   5031.756362716045   5031.6063626186215
0.011554268350120923   5088.834860863769   5088.675353099993
0.011892986882540897   5143.926475209389   5143.756469135443
0.012241635099881474   5196.858008802344   5196.676408923414
0.012600504095286909   5247.452288020184   5247.257890921736
0.012969893495426888   5295.531090267073   5295.322584199861
0.013350111710660605   5340.909089744742   5340.685024608177
0.013741476192534558   5383.392936718364   5383.15168765769
0.014144313698828986   5422.789643070656   5422.529409676954
0.01455896056637426   5458.9055689073575   5458.624374558053
0.014985762991865008   5491.540086441964   5491.235768581684
0.01542507732090645   5520.493510914981   5520.1637234384025
0.015877270345534218   5545.570105462529   5545.212309565195
0.016342719610456153   5566.571922840697   5566.183102802917
0.016821813728271667   5583.301073234187   5582.877496331567
0.017314952703931925   5595.567260018472   5595.104480007967
0.017822548268711737   5603.186814302495   5602.679744656077
0.01834502422397195   5605.979747071577   5605.422836145648
0.018882816794999403   5603.776804631341   5603.164093891308
0.019436374995219892   5596.422016163434   5595.747162309754
0.02000616100108813   5583.773754542193   5583.029897372961
0.020592650537967844   5565.706324585665   5564.886035756866
0.021196333277324068   5542.111633862233   5541.206979701642
0.02181771324555934   5512.905437863246   5511.908160604962
0.022457309244835088   5478.032714574319   5476.93451220422
0.02311565528622961   5437.460286619855   5436.252911393139
0.023793301035594242   5391.1807833086705   5389.856278189409
0.024490812272480036   5339.236299173449   5337.788115468202
0.025208771362518027   5281.701738117222   5280.125186576449
0.0259477777436476   5218.674324399601   5216.9665823578525
0.02670844842659881   5150.305458065243   5148.465984581356
0.027491418510046592   5076.808139437241   5074.839170430457
0.028297341710866907   4998.414109147061   4996.320566000241
0.029126890909937666   4915.38944212481   4913.179095583916
0.029980758713939952   4828.098814385697   4825.783479828291
0.030859658033628758   4736.934356389755   4734.529934584536
0.031764322679055976   4642.291916648871   4639.818013895178
0.03269550797224261   4544.645152254849   4542.125062716413
0.033653991377811755   4444.528502710917   4441.98909439749
0.03464057315210884   4342.457731641186   4339.928936765047
0.03565607701135116   4238.979911800012   4236.4937461491845
0.036701350819364466   4134.772713132953   4132.361464529355
0.03777726729548091   4030.4941621844328   4028.189861278105
0.038884724743189276   3926.7493836476706   3924.5835164479267
0.04002464780014597   3824.0919479325994   3822.0944002728847
0.041197988210172884   3723.0240994881137   3721.2225763687884
0.04240572561788674   3623.998281349688   3622.4183613379296
0.04364886838662332   3527.5491641966964   3526.2096448537513
0.04492845444033957   3434.4135289209307   3433.317558639297
0.04624555213019635   3345.2767518309743   3344.4124410890818
0.04760126112654554   3260.677545564545   3260.018940794729
0.04899671333706607   3180.762525368596   3180.2675393878185
0.05043307385181555   3105.5578118013864   3105.168735770111
0.05191154191598653   3035.0360529626323   3034.6813235465847
0.053433351931179485   2968.9419108181796   2968.538969901682
0.05499977448602865   2906.9685556358004   2906.425143387707
0.05661211741704101   2848.7416789133094   2847.9576250030077
0.05827172690053434   2793.6854059304887   2792.55616939582
0.05997998857658587   2741.21858459245   2739.6366410129917
0.06173832870592997   2690.6166616447013   2688.4812948449526
0.0635482153607709   2641.0598695946287   2638.28467109772
0.06541115965050462   2591.675680429781   2588.1981612944833
0.06732871698337338   2541.4204437992244   2537.222701721388
0.06930248836510605   2489.2625306564223   2484.3764925462747
0.07133412173562886   2434.088120682339   2428.6115511226403
0.07342531334496233   2374.868082265113   2368.9720612574533
0.07557780916945323   2310.778605708612   2304.7427831329364
0.07779340636952398   2241.231424591181   2235.440153780338
0.08007395479015682   2166.120641988025   2161.019258710481
0.08242135850536496   2085.70457896697   2081.779145997547
0.08483757740794096   2000.801385484528   1998.5842385806707
0.08732462884580919   1912.5502940277079   1912.5801576592248
0.08988458930634863   1822.437390542116   1825.1978592493967
0.09251959615009227   1732.1757792356486   1738.0601653671088
0.09523184939525078   1643.5352742629882   1652.829338781494
0.09802361355455057   1558.3331589244851   1571.1588108670924
0.10089721952591899   1478.3229247989493   1494.6111773587538
0.10385506653859616   1405.0575198959723   1424.532361970106
0.10689962415629803   1339.7849087224356   1361.973117568237
0.11003343433910281   1283.1455300392806   1307.380148115875
0.11325911356578279   1235.1892141899311   1260.664244407622
0.11657935501835284   1195.134633337868   1220.9989659690114
0.11999693083066039   1161.5247947762728   1186.9931150255015
0.12351469440289359   1132.363248557354   1156.812602408894
0.12713558278394044   1105.2525504162813   1128.3121099198245
0.13086261912358757   1077.7180492190828   1099.364131945189
0.13469891519660646   1047.4361651981503   1068.0684024398954
0.13864767400083483   1012.578102050536   1033.0238828648519
0.14271219243142114   972.1657113163026   993.5181221471935
0.14689586403346616   926.2602990404346   949.749795199053
0.1512021818353596   875.9965601009941   902.8314242848223
0.15563474126517718   823.4322980312546   854.5227924363957
0.16019724315257297   771.2740037019645   807.0332455396342
0.1648934968186736   722.4598824041346   762.6449642214228
0.1697274232565544   679.5405473279759   723.2212356265798
0.17470305840495237   643.9993567416434   689.7868073928204
0.17982455651794954   615.8627408848619   662.1449212869755
0.18509619363343993   593.8254816721807   639.0349114475812
0.19052237114327647   575.6751690254617   618.7447980593228
0.19610761946807834   558.6577873631031   599.2997135331817
0.20185660183976684   539.9038023828035   578.6587920492077
0.20777411819498756   517.2816210391679   555.4556056617115
0.21386510918267082   490.3314829175883   529.7590310288381
0.22013466028907505   460.3983961920957   502.4903891516135
0.22658800608375756   429.9266764792713   475.3414021037776
0.23323053459001789   401.6277512223329   450.07029098411107
0.2400677917834628   377.6639588364133   427.97848940388826
0.24710548622244882   358.80941261864484   409.2598370691997
0.25434949381426813   344.14756371992354   393.2552069308351
0.2618058627210567   331.5350288408222   378.53928157467607
0.2694808184095226   318.43113483027815   363.6729927194501
0.27738076884870827   303.0836027872948   347.9731183386334
0.2855123098601282   285.41576292456875   331.2992328695869
0.29388223062474755   266.90790331426234   314.64320613352174
0.3024975193514008   249.60667117133247   299.06196553066206
0.31136536911138296   235.09399907701624   285.13500084650815
0.3204931838440838   223.51565844274333   272.84528691536724
0.32988858453867975   213.61240826190667   261.5645925091136
0.3395594155970457   203.6697786480001   250.47738489928327
0.34951375138319807   192.60945590690937   239.2064647229646
0.3597599029647371   180.71973876248623   227.97550872961358
0.37030642505191835   169.26369266638744   217.27801960576144
0.3811621231401457   159.313155597577   207.44700551527023
0.3923360608618501   150.96590547066464   198.39882741240348
0.4038375675538918   143.36847189232648   189.87533529670557
0.41567624604680364   135.5715825311487   181.53369032343733
0.42786198068238046   127.41762257134121   173.36941891531333
0.4404049455663077   119.52689008818379   165.5860649766361
0.4533156130627191   112.50851288019297   158.2931685573449
0.4666047625377753   106.32112500688365   151.46505094916674
0.4802834893595659   100.42723180355773   144.95317363074642
0.49436321416184764   94.48624290138956   138.65293735837838
0.5088556923793517   88.70065866373729   132.62517872890564
0.5237730240626238   83.40831152321113   126.94313775983066
0.5391276639805903   78.60196608293775   121.57010760932748
0.5549324320192869   74.00790678609621   116.4425058708856
0.5712005238854289   69.52009698509931   111.52763771250852
0.5879455221237613   65.28456485440809   106.85465450457255
0.6051814074573895   61.3849598623763   102.4320808576588
0.622922570460556   57.71518305176934   98.22323448423961
0.6411838235736077   54.19202398512864   94.19787032072723
0.6599804134701901   50.867158949463054   90.37129907631544
0.6793280337869897   47.76912804044325   86.7369940275546
0.6992428382266549   44.85036149495124   83.27307940757187
0.7197414540448374   42.0930499377803   79.97387463526199
0.7408409959326054   39.49055277071358   76.83269552365205
0.7625590803058332   37.03741452208597   73.84118512505478
0.7849138400134885   34.727938381529846   70.99146519577468
0.8079239394770964   32.55617788568912   68.27609760771101
0.8316085902740278   30.515001035897164   65.68793648691005
0.8559875671776167   28.596744153454452   63.22015818617013
0.8810812246675007   26.794174606474137   60.866342295037875
0.9069105139239728   25.10048635965071   58.6204480164236
0.9334970003205227   23.509274029236135   56.47678973328356
0.960862881429187   22.014508597030005   54.43001426524137
0.9890310055537336   20.610514684575566   52.47507965867766
1.0180248908061487   19.291992999944597   50.60712594536776
1.047868744742366   18.054078251183117   48.82123890346751
1.0785874845736239   16.892180272248588   47.11275509426369
1.1102067579703248   15.801941616837322   45.47731547231444
1.1427529644757777   14.779228117573783   43.91084351624311
1.1762532775476793   13.820119632974876   42.40952509703844
1.210735667245765   12.920900996563356   40.96978993444701
1.246228923584555   12.078052121917008   39.588285815187135
1.2827626805706884   11.288221125056902   38.261706258549076
1.3203674409449337   10.548223826828318   36.98681675624808
1.3590746016495152   9.855055414384882   35.76060109065802
1.3989164800420282   9.205881831804447   34.58025108060136
1.4399263408778291   8.598030836602074   33.443151623394144
1.4821384240834183   8.028983470399178   32.34686697450706
1.525587973344019   7.496365928399372   31.28912815090607
1.5703112655292182   6.9979426086083745   30.26780055889729
1.6163456409812174   6.531610739392954   29.28081525256296
1.6637295346910133   6.095390284911528   28.326231132250577
1.7125025083885144   5.687416518926927   27.402247470357008
1.7627052835733923   5.3059338401388745   26.507194417284676
1.814379775514258   4.9492898790824755   25.639524259961867
1.8675691282445197   4.615929885860054   24.79780336026335
1.922317750584177   4.304391330689605   23.980704080556613
1.9786713532176083   4.013297380706959   23.186981466219414
2.0366769868582977   3.7413524142332313   22.41546777604274
2.0963830815323896   3.4873392838803374   21.66508639904133
2.1578394870138577   3.250114920239934   20.934847070659256
2.2210975144450407   3.0286060713326792   20.22384040821992
2.286209979177315   2.821805268803361   19.531232799656102
2.3532312448676476   2.6287670101194247   18.85626160853018
2.4222172688678643   2.4486045693110756   18.198268623127575
2.4932256489445366   2.2804880425965166   17.556838557440322
2.5663156713684585   2.1236391765068876   16.931639605032544
2.641548360413907   1.9773276713501748   16.322356549724972
2.7189865293089923   1.8408684186288078   15.728689466006285
2.798694832679631   1.7136188823688687   15.150352498105711
2.8807398205309562   1.594976617831991   14.58707269072539
2.9651899938111903   1.4843768400846005   14.038586578356867
3.05211586160442   1.3812870410001812   13.504546877760045
3.1415899999999994   1.285204928566098   12.984507047436939
