0.01   17370.904182343533   17367.386669923177
0.010293154462191829   17531.59881787092   17527.79194426509
0.010594902878253955   17683.846247893605   17679.727628390538
0.010905497183778876   17827.077715092244   17822.623149445768
0.011225196699963396   17960.701686130837   17955.88343469406
0.011554268350120923   18084.128274877257   18078.914868366635
0.011892986882540897   18196.76933365479   18191.125807298264
0.012241635099881474   18298.00962683097   18291.898960065137
0.012600504095286909   18387.230467756046   18380.61428907121
0.012969893495426888   18463.82749020097   18456.666203605288
0.013350111710660605   18527.191913719773   18519.443193641764
0.013741476192534558   18576.706797540737   18568.323568459924
0.014144313698828986   18611.778436039567   18602.70894140465
0.01455896056637426   18631.833301461276   18622.021396363085
0.014985762991865008   18636.291281752972   18625.67685426576
0.01542507732090645   18624.59909480483   18613.118488119213
0.015877270345534218   18596.244788124586   18583.83114665384
0.016342719610456153   18550.74290123363   18537.324553225037
0.016821813728271667   18487.641492072034   18473.140653417413
0.017314952703931925   18406.54483870546   18390.878275904044
0.017822548268711737   18307.11578171848   18290.195616838635
0.01834502422397195   18189.074763849214   18170.809332770485
0.018882816794999403   18052.21131768018   18032.50617744653
0.019436374995219892   17896.392181082174   17875.151381410695
0.02000616100108813   17721.589918438585   17698.718971603117
0.020592650537967844   17527.8740394713   17503.28215671578
0.021196333277324068   17315.396435586263   17288.997679934302
0.02181771324555934   17084.437716844288   17056.154176380154
0.022457309244835088   16835.44549962541   16805.212096726893
0.02311565528622961   16568.953278876645   16536.71882600574
0.023793301035594242   16285.595965353192   16251.32512340729
0.024490812272480036   15986.257980223367   15949.941156398163
0.025208771362518027   15671.949614290237   15633.606095228235
0.0259477777436476   15343.728327718614   15303.405046780463
0.02670844842659881   15002.873990701517   14960.648405408183
0.027491418510046592   14650.915195587188   14606.898543318042
0.028297341710866907   14289.376912270869   14243.711232343949
0.029126890909937666   13919.856385350822   13872.712415577786
0.029980758713939952   13544.332588303121   13495.911960797552
0.030859658033628758   13164.794132476434   13115.326016980924
0.031764322679055976   12783.124292194652   12732.860113466139
0.03269550797224261   12401.426722910322   12350.632386312203
0.033653991377811755   12021.931176503693   11970.880041022709
0.03464057315210884   11646.660355141039   11595.629166174944
0.03565607701135116   11277.625757093001   11226.880536700139
0.036701350819364466   10917.165521329252   10866.930578412153
0.03777726729548091   10567.417207723336   10517.87262959987
0.038884724743189276   10230.208854116674   10181.491989783106
0.04002464780014597   9906.895826982216   9859.084788717824
0.041197988210172884   9598.498429563193   9551.606420403697
0.04240572561788674   9305.866847337142   9259.848808322991
0.04364886838662332   9030.055753249157   8984.760204900058
0.04492845444033957   8772.604279445643   8727.684308182555
0.04624555213019635   8534.914975117568   8489.837696362645
0.04760126112654554   8317.618256394864   8271.702304717524
0.04899671333706607   8118.627908749471   8071.1458747491715
0.05043307385181555   7935.329433079994   7885.534941341821
0.05191154191598653   7765.371381135895   7712.5019618132565
0.053433351931179485   7606.723020840809   7550.012814918178
0.05499977448602865   7457.5495472728835   7396.233439354068
0.05661211741704101   7315.723532853605   7249.079591292221
0.05827172690053434   7178.267768395406   7105.714688801488
0.05997998857658587   7042.215468232555   6963.338292889255
0.06173832870592997   6903.966290937699   6818.686998855843
0.0635482153607709   6759.587803655111   6668.281220826787
0.06541115965050462   6605.260415764774   6508.84377544601
0.06732871698337338   6437.1186847387735   6337.229405540905
0.06930248836510605   6252.033080048405   6150.980964095174
0.07133412173562886   6048.4467647912015   5949.117345558
0.07342531334496233   5825.890683855695   5731.6399627525
0.07557780916945323   5585.919703446833   5500.555774155168
0.07779340636952398   5331.20912864275   5258.752797647234
0.08007395479015682   5066.189805639198   5010.247460911256
0.08242135850536496   4795.845777674488   4759.411578120583
0.08483757740794096   4525.772160434085   4511.233703530019
0.08732462884580919   4261.600291968692   4270.490581358975
0.08988458930634863   4009.1182649818106   4041.7295706056357
0.09251959615009227   3774.087443936416   3829.323831814421
0.09523184939525078   3561.7155668264704   3637.1613761437266
0.09802361355455057   3375.6955728611524   3467.4467138816776
0.10089721952591899   3218.4070290258396   3321.082976028754
0.10385506653859616   3089.2315264214876   3196.965417377001
0.10689962415629803   2985.6764405051395   3092.6541984706596
0.11003343433910281   2902.5321949443423   3003.541468248752
0.11325911356578279   2833.434856515158   2924.3494615486156
0.11657935501835284   2770.7760486059065   2849.4314538759077
0.11999693083066039   2706.8166343180815   2773.354562529115
0.12351469440289359   2634.2524849581014   2691.294525745704
0.12713558278394044   2547.4252032111085   2599.9448257886525
0.13086261912358757   2443.3263909418383   2498.184077789717
0.13469891519660646   2322.0379897894663   2387.093643487697
0.13864767400083483   2186.8165859715496   2269.512557100984
0.14271219243142114   2043.6224288978392   2149.351666497183
0.14689586403346616   1900.5861923966768   2031.7809612837648
0.1512021818353596   1766.86737223721   1922.3635163425292
0.15563474126517718   1650.561268613841   1824.9964437333688
0.16019724315257297   1556.0018382059986   1741.7125249397045
0.1648934968186736   1482.946681144459   1671.2560392873957
0.1697274232565544   1427.7329099495792   1610.7028061008684
0.17470305840495237   1384.5502114863255   1556.6802193082299
0.17982455651794954   1345.7770984090157   1505.0760479827552
0.18509619363343993   1302.8192024523257   1451.9717624205591
0.19052237114327647   1249.1329569892773   1394.879879370661
0.19610761946807834   1183.2955763786865   1333.897881943569
0.20185660183976684   1108.6785635268473   1271.2090345374365
0.20777411819498756   1031.3941545298305   1209.4894734105287
0.21386510918267082   958.7519405869033   1151.6126490504994
0.22013466028907505   896.9528818969407   1099.3230767026494
0.22658800608375756   848.4652682435345   1053.4162954985948
0.23323053459001789   811.4655491756415   1012.1327443043256
0.2400677917834628   780.9085910261775   973.8321174396776
0.24710548622244882   750.1517223815982   936.2660681110233
0.25434949381426813   714.3247714262847   898.2109443607902
0.2618058627210567   672.8732736560423   860.0523376478577
0.2694808184095226   628.6716104252623   822.7431823813284
0.27738076884870827   586.4376405205759   787.2400105489435
0.2855123098601282   550.3664440280763   754.3949665839234
0.29388223062474755   521.285771375532   724.3520031971802
0.3024975193514008   496.8052419320581   695.8020356283837
0.31136536911138296   473.1960296273736   668.6099203549195
0.3204931838440838   447.6201394130014   641.8977340863433
0.32988858453867975   420.1954726646407   616.0814361130545
0.3395594155970457   393.31679354654415   591.321775750297
0.34951375138319807   369.30050139655305   567.9610491074621
0.3597599029647371   348.80188586359355   546.0728632157375
0.37030642505191835   330.42372663191395   525.2315515218526
0.3811621231401457   312.2316064589099   505.1971616207197
0.3923360608618501   293.5877651200634   486.00559772704804
0.4038375675538918   275.3673929209613   467.55198874363754
0.41567624604680364   258.7350786680924   450.0883194783358
0.42786198068238046   243.8584518653862   433.56531388666025
0.4404049455663077   229.9623800384364   417.7862907843233
0.4533156130627191   216.3170297080403   402.64808605748567
0.4666047625377753   203.0698661975407   388.16345721621144
0.4802834893595659   190.72071513786997   374.35462773971784
0.49436321416184764   179.38637445253295   361.2476103211137
0.5088556923793517   168.70859075250473   348.7253758903773
0.5237730240626238   158.4424357190886   336.7095156612115
0.5391276639805903   148.70930283353158   325.2387615118645
0.5549324320192869   139.64473267006758   314.3020064146469
0.5712005238854289   131.1521315021167   303.85691038090454
0.5879455221237613   123.08974357298239   293.85023348877456
0.6051814074573895   115.47200374058444   284.2743072255744
0.622922570460556   108.33471098120255   275.12556889692837
0.6411838235736077   101.63056954474331   266.3577220930494
0.6599804134701901   95.31709403978475   257.9577358668655
0.6793280337869897   89.37184485049592   249.9073309242104
0.6992428382266549   83.77644551961143   242.18657403041064
0.7197414540448374   78.51311299003163   234.77681761157302
0.7408409959326054   73.5646725743246   227.6606082414592
0.7625590803058332   68.91456827029216   220.8216024404032
0.7849138400134885   64.54686484389477   214.24448403606237
0.8079239394770964   60.44587117412275   207.91439131558167
0.8316085902740278   56.595955772651074   201.81650722519285
0.8559875671776167   52.982294884696984   195.93691421903318
0.8810812246675007   49.59091059478131   190.26263081030862
0.9069105139239728   46.408623984869585   184.7815463143424
0.9334970003205227   43.42301082731638   179.48236104445115
0.960862881429187   40.62235985097881   174.35453051180698
0.9890310055537336   37.99568164182931   169.3879388062453
1.0180248908061487   35.53271902223176   164.57251553413587
1.047868744742366   33.22379090673656   159.89881791704823
1.0785874845736239   31.059746082415646   155.358086762828
1.1102067579703248   29.031937567696236   150.9422031772547
1.1427529644757777   27.132197951266214   146.6436488981109
1.1762532775476793   25.352815690156046   142.45546987922768
1.210735667245765   23.686503494035524   138.371222113875
1.246228923584555   22.12636171447124   134.38490078513917
1.2827626805706884   20.665885148373814   130.4909700477553
1.3203674409449337   19.298947572463504   126.68434947080797
1.3590746016495152   18.01978110911378   122.9603889489717
1.3989164800420282   16.82295661157675   119.31484532634933
1.4399263408778291   15.703365025612733   115.74386053083785
1.4821384240834183   14.656200326807912   112.24403776054449
1.525587973344019   13.676944376513212   108.81270194263332
1.5703112655292182   12.761348452941482   105.44754289957301
1.6163456409812174   11.905417487761836   102.14649097598685
1.6637295346910133   11.105395851960138   98.90770343507613
1.7125025083885144   10.357753868887503   95.7295513049989
1.7627052835733923   9.659175022383216   92.61060661407932
1.814379775514258   9.006543660739805   89.54975525857813
1.8675691282445197   8.396932856028247   86.54670737034323
1.922317750584177   7.827594327741929   83.60145019169985
1.9786713532176083   7.295948433604351   80.71399230496156
2.0366769868582977   6.7995743562618385   77.88435848497559
2.0963830815323896   6.336200820524895   75.11258488511281
2.1578394870138577   5.903697315707257   72.39871435713717
2.2210975144450407   5.500065534446195   69.74286312813291
2.286209979177315   5.123430063427146   67.14563796205213
2.3532312448676476   4.772032515557571   64.60776885705643
2.4222172688678643   4.444225393627642   62.129862006585455
2.4932256489445366   4.138465375310941   59.71240187168061
2.5663156713684585   3.853306980778342   57.35575458599464
2.641548360413907   3.58739660637383   55.06017156313752
2.7189865293089923   3.3394671537288176   52.825842584057824
2.798694832679631   3.108334740123841   50.65331542071923
2.8807398205309562   2.892892006586432   48.54320966273123
2.9651899938111903   2.6921019713397802   46.49592512445134
3.05211586160442   2.504993760441425   44.511652337198726
3.1415899999999994   2.3306585960285284   42.59038660635632
