0.01   3330.2000717195324   3330.106493004377
0.010293154462191829   3367.1738073135343   3367.0789705617253
0.010594902878253955   3402.7522685812955   3402.6561628657273
0.010905497183778876   3436.820628555252   3436.72334352722
0.011225196699963396   3469.262797105049   3469.1645067592162
0.011554268350120923   3499.9570505745382   3499.8578552666413
0.011892986882540897   3528.779144411203   3528.6789907884636
0.012241635099881474   3555.605277139047   3555.5039545112086
0.012600504095286909   3580.3085131257867   3580.205774007435
0.012969893495426888   3602.756636966793   3602.652399347854
0.013350111710660605   3622.818830213346   3622.7132009233087
0.013741476192534558   3640.365841515563   3640.259067651144
0.014144313698828986   3655.264793420825   3655.1569383973633
0.01455896056637426   3667.384209144923   3667.275025064825
0.014985762991865008   3676.597387045826   3676.486314828342
0.01542507732090645   3682.778933621566   3682.665242986172
0.015877270345534218   3685.8042646350536   3685.68724055156
0.016342719610456153   3685.5559737441254   3685.4349331462267
0.016821813728271667   3681.924321639131   3681.798577349986
0.017314952703931925   3674.804825564164   3674.67349603131
0.017822548268711737   3664.102293791297   3663.964251772428
0.01834502422397195   3649.73316614802   3649.5870507664
0.018882816794999403   3631.6272282779814   3631.4715008808957
0.019436374995219892   3609.728574086785   3609.561578272264
0.02000616100108813   3583.9956930247495   3583.815672929681
0.020592650537967844   3554.404887508499   3554.2100378881014
0.021196333277324068   3520.9582477559675   3520.746853541921
0.02181771324555934   3483.676177361689   3483.4466562912494
0.022457309244835088   3442.596442096645   3442.3473706201357
0.02311565528622961   3397.7930135031775   3397.5233766453703
0.023793301035594242   3349.37212770029   3349.081517737302
0.024490812272480036   3297.454792810175   3297.1433943704606
0.025208771362518027   3242.190488399596   3241.8591932346912
0.0259477777436476   3183.7843399652643   3183.435123461201
0.02670844842659881   3122.457358720127   3122.0932728483194
0.027491418510046592   3058.4413288567484   3058.0664159878093
0.028297341710866907   2992.0335832411074   2991.652938795267
0.029126890909937666   2923.570657804829   2923.190415966293
0.029980758713939952   2853.3814884594844   2853.0086774661563
0.030859658033628758   2781.8176940323797   2781.4601450992413
0.031764322679055976   2709.2925998543806   2708.9589292442006
0.03269550797224261   2636.205283709182   2635.9047510215755
0.033653991377811755   2562.9399413337737   2562.682233043502
0.03464057315210884   2489.972709463857   2489.7672096279325
0.03565607701135116   2417.802407649406   2417.6578322710666
0.036701350819364466   2346.8767884122035   2346.8012009386184
0.03777726729548091   2277.570332224266   2277.57067617518
0.038884724743189276   2210.16938204377   2210.2506452526263
0.04002464780014597   2144.9187160020224   2145.0840512614823
0.041197988210172884   2082.0639509672337   2082.314389789582
0.04240572561788674   2022.067150534318   2022.3981257590808
0.04364886838662332   1965.4421234356685   1965.8425373622522
0.04492845444033957   1912.6256989138735   1913.0787989716775
0.04624555213019635   1863.6853252535898   1864.170686007891
0.04760126112654554   1818.3647367061533   1818.8599039699393
0.04899671333706607   1776.4146839063972   1776.895258330549
0.05043307385181555   1737.5583276320874   1737.9959219870666
0.05191154191598653   1701.4921966741229   1701.8525020655836
0.053433351931179485   1667.918603133839   1668.1618999347213
0.05499977448602865   1636.398409805163   1636.4822842129715
0.05661211741704101   1606.4329757255778   1606.313856853693
0.05827172690053434   1577.491530478929   1577.1271651666443
0.05997998857658587   1548.911953779925   1548.2673581798304
0.06173832870592997   1520.031111724345   1519.0804503875886
0.0635482153607709   1490.0593871324054   1488.7939755058212
0.06541115965050462   1458.1871618953787   1456.6191706386544
0.06732871698337338   1423.6620105392299   1421.828155928917
0.06930248836510605   1385.8100355714666   1383.773970935147
0.07133412173562886   1344.1814405421023   1342.0322274181615
0.07342531334496233   1298.5798540810285   1296.429240304372
0.07557780916945323   1249.1499132190625   1247.1265749975414
0.07779340636952398   1196.3747909748977   1194.6177370450973
0.08007395479015682   1141.0311279494526   1139.6832663844968
0.08242135850536496   1084.0939551909687   1083.2948792870106
0.08483757740794096   1026.7004588079085   1026.5726416970906
0.08732462884580919   970.0475082240648   970.6837818021214
0.08988458930634863   915.4266995267134   916.8729588576165
0.09251959615009227   864.0149890408215   866.2670753595486
0.09523184939525078   816.9881334199326   819.9785576751356
0.09802361355455057   775.242210230511   778.840522803429
0.10089721952591899   739.3677287370958   743.3717761255818
0.10385506653859616   709.4628431168674   713.632916432181
0.10689962415629803   685.1530658051821   689.2418255510562
0.11003343433910281   665.5229349999182   669.2886600145447
0.11325911356578279   649.3256016808612   652.5540025405598
0.11657935501835284   634.991885990858   637.5460833964572
0.11999693083066039   620.8532792900652   622.7005970952346
0.12351469440289359   605.2727435640344   606.5012198106114
0.12713558278394044   586.868569512748   587.6896242795593
0.13086261912358757   564.7754293158434   565.5412351215733
0.13469891519660646   538.7881094132481   539.935367191567
0.13864767400083483   509.4270466522532   511.3785117168018
0.14271219243142114   477.8774954389078   481.0248231466032
0.14689586403346616   445.85217303055174   450.43784349565993
0.1512021818353596   415.34924251928624   421.40071952573305
0.15563474126517718   388.23788510964755   395.5629051386177
0.16019724315257297   365.7567953174919   373.95843165642515
0.1648934968186736   348.18681668904594   356.74908106215264
0.1697274232565544   334.9174182488746   343.35843853734593
0.17470305840495237   324.7225660191711   332.60257101871593
0.17982455651794954   315.92777142242835   323.041115207672
0.18509619363343993   306.58389066231433   313.0074358491176
0.19052237114327647   295.0126098456374   301.10195806891613
0.19610761946807834   280.5272451414296   286.8467312491842
0.20185660183976684   263.64661986939933   270.7909750894569
0.20777411819498756   245.7250299997089   254.0225395834899
0.21386510918267082   228.49379772662576   238.00022154432392
0.22013466028907505   213.55812131201796   223.95727874864534
0.22658800608375756   201.77943059932045   212.55722411302335
0.23323053459001789   192.92541687040801   203.4810850891647
0.2400677917834628   185.90752796155945   195.86486691389257
0.24710548622244882   179.1308120217427   188.45103261005607
0.25434949381426813   171.21249431246324   180.20310196076366
0.2618058627210567   161.72786911392367   170.9707184865925
0.2694808184095226   151.2692347434369   161.1365425491443
0.27738076884870827   141.01723697142572   151.60605912102673
0.2855123098601282   132.15330849820987   143.20481959970815
0.29388223062474755   125.12415462462349   136.15220161267203
0.3024975193514008   119.44122774795002   130.0913355545368
0.31136536911138296   114.11824567438651   124.33034310823248
0.3204931838440838   108.282888914159   118.32603047481392
0.32988858453867975   101.78423637099134   112.02289941992414
0.3395594155970457   95.21601671820052   105.8017249573534
0.34951375138319807   89.30866681281675   100.11485295107524
0.3597599029647371   84.37265974626705   95.10326171806173
0.37030642505191835   80.09706396424204   90.5511753564527
0.3811621231401457   75.88926268264753   86.12679885626375
0.3923360608618501   71.45384595029455   81.68890319357872
0.4038375675538918   67.00053995444814   77.34715583986477
0.41567624604680364   62.92210440557148   73.30924095911251
0.42786198068238046   59.35731165075136   69.62996518099217
0.4404049455663077   56.08497667538287   66.17412553172026
0.4533156130627191   52.837249688611955   62.824334921004414
0.4666047625377753   49.611395615972334   59.582404570298884
0.4802834893595659   46.59143460997732   56.52429755040593
0.49436321416184764   43.86051095543407   53.67860920274822
0.5088556923793517   41.30964710888571   50.990031084817254
0.5237730240626238   38.82880462829571   48.41123326996692
0.5391276639805903   36.45100954858772   45.95810760850366
0.5549324320192869   34.24742582012022   43.64952311677131
0.5712005238854289   32.19771222837087   41.472221144219766
0.5879455221237613   30.242165471670926   39.402164348355356
0.6051814074573895   28.38257486063404   37.436478983852496
0.622922570460556   26.64483369560386   35.5814111074309
0.6411838235736077   25.01125127048514   33.82643243118697
0.6599804134701901   23.47132053659297   32.16375725065962
0.6793280337869897   22.020421123405043   30.588863986119364
0.6992428382266549   20.654102635537598   29.0974207133355
0.7197414540448374   19.36806706020542   27.685271691373277
0.7408409959326054   18.158170609588172   26.348434491777972
0.7625590803058332   17.020423884695308   25.0830957836032
0.7849138400134885   15.950917588793562   23.885518884614658
0.8079239394770964   14.945784611071186   22.751987118625028
0.8316085902740278   14.001347235945243   21.67897020142867
0.8559875671776167   13.11412452811734   20.6631333821315
0.8810812246675007   12.280822681644652   19.7013269510291
0.9069105139239728   11.498325785994842   18.79057626916681
0.9334970003205227   10.763686994618327   17.928072297890687
0.960862881429187   10.074120552916122   17.111161590616415
0.9890310055537336   9.427002516168184   16.33731830901443
1.0180248908061487   8.819859662432549   15.604141585777725
1.047868744742366   8.250352272081363   14.909368852970921
1.0785874845736239   7.716267386958276   14.25086852479354
1.1102067579703248   7.215512719246766   13.62663229240291
1.1427529644757777   6.746110794737228   13.034767872883183
1.1762532775476793   6.306193325916556   12.47349218607668
1.210735667245765   5.893995461810601   11.9411178594834
1.246228923584555   5.507848383349401   11.43600002859206
1.2827626805706884   5.1461764662098055   10.956569255505991
1.3203674409449337   4.807493927047743   10.50135498232662
1.3590746016495152   4.490400118281605   10.068978986402302
1.3989164800420282   4.193575030221045   9.658149124269093
1.4399263408778291   3.915775002836581   9.267653527909582
1.4821384240834183   3.6558286394373143   8.896355218604674
1.525587973344019   3.4126328624092555   8.543174021546294
1.5703112655292182   3.185149090836502   8.207049791574704
1.6163456409812174   2.9723999048208047   7.88698182144864
1.6637295346910133   2.77346573335704   7.582036066019375
1.7125025083885144   2.587481656145792   7.291340248258751
1.7627052835733923   2.4136343653815713   7.014079357233798
1.814379775514258   2.2511592807526353   6.749491504257537
1.8675691282445197   2.0993378070174677   6.4968638943148
1.922317750584177   1.9574943699546696   6.25550954706961
1.9786713532176083   1.8249937917601389   6.024751811932704
2.0366769868582977   1.7012396791116935   5.803957794257217
2.0963830815323896   1.5856722464780928   5.592538893165114
2.1578394870138577   1.4777661790696337   5.38994745120221
2.2210975144450407   1.3770286124498412   5.195673687403835
2.286209979177315   1.2829972230236706   5.00924288752988
2.3532312448676476   1.1952384591489265   4.830212827468461
2.4222172688678643   1.1133464683706815   4.658171402906396
2.4932256489445366   1.0369412191413188   4.492734459573762
2.5663156713684585   0.9656662817895925   4.333543803788887
2.641548360413907   0.8991874234300637   4.180265366191058
2.7189865293089923   0.8371913047286083   4.0325875105079865
2.798694832679631   0.7793842468323972   3.890219474652659
2.8807398205309562   0.7254910651879544   3.7528899323962035
2.9651899938111903   0.6752536837527486   3.620340204307908
3.05211586160442   0.6284283496725264   3.4922872025095293
3.1415899999999994   0.5847863875126645   3.3684508154879533
