0.01   4294.597062331082   4294.408337698668
0.010293154462191829   4338.633712065938   4338.442309539342
0.010594902878253955   4380.786968403171   4380.592901715638
0.010905497183778876   4420.914937267438   4420.718159874611
0.011225196699963396   4458.875232773238   4458.675634971369
0.011554268350120923   4494.5241965900395   4494.321624424621
0.011892986882540897   4527.7135606270795   4527.507884679454
0.012241635099881474   4558.295241833751   4558.086373342236
0.012600504095286909   4586.122477357646   4585.910365998863
0.012969893495426888   4611.041729887376   4610.826308222374
0.013350111710660605   4632.895624273454   4632.67676534186
0.013741476192534558   4651.53053180977   4651.308047833129
0.014144313698828986   4666.79418347901   4666.567820413604
0.01455896056637426   4678.531508559542   4678.300932873878
0.014985762991865008   4686.592749097159   4686.3575469557745
0.01542507732090645   4690.834739932198   4690.594405738494
0.015877270345534218   4691.113020646016   4690.866829621101
0.016342719610456153   4687.287344936519   4687.034284699419
0.016821813728271667   4679.228349994661   4678.9671274058355
0.017314952703931925   4666.815129062811   4666.544230299628
0.017822548268711737   4649.933424645364   4649.651218442198
0.01834502422397195   4628.482974993283   4628.1877358117035
0.018882816794999403   4602.379102467023   4602.068982280787
0.019436374995219892   4571.551896439031   4571.224650306134
0.02000616100108813   4535.9487421829845   4535.601636786397
0.020592650537967844   4495.536443605757   4495.166301717998
0.021196333277324068   4450.30652318317   4449.910047981253
0.02181771324555934   4400.277422585178   4399.851613911263
0.022457309244835088   4345.489240665901   4345.031442758219
0.02311565528622961   4286.008682606743   4285.516623384654
0.023793301035594242   4221.947953666475   4221.41986379709
0.024490812272480036   4153.446567508237   4152.8812141626795
0.025208771362518027   4080.6647663214617   4080.0614802391624
0.0259477777436476   4003.8154669436763   4003.174897891468
0.02670844842659881   3923.161236472724   3922.486049812595
0.027491418510046592   3838.9772044940546   3838.2719551579494
0.028297341710866907   3751.5700521045965   3750.841049770783
0.029126890909937666   3661.328950468975   3660.5842180875593
0.029980758713939952   3568.6555662301075   3567.904644825266
0.030859658033628758   3473.949541865383   3473.2032913424687
0.031764322679055976   3377.690407562826   3376.961363764474
0.03269550797224261   3280.4033102789062   3279.7058301895127
0.033653991377811755   3182.5817755007497   3181.9316903596127
0.03464057315210884   3084.7308306671125   3084.144827433254
0.03565607701135116   2987.4306570928134   2986.9253078486036
0.036701350819364466   2891.222105525044   2890.813607561435
0.03777726729548091   2796.600177517456   2796.3041348917477
0.038884724743189276   2704.131302117087   2703.961538435442
0.04002464780014597   2614.3824563662865   2614.3505297995566
0.041197988210172884   2527.842556565419   2527.958011191076
0.04240572561788674   2444.9055851972125   2445.173600545481
0.04364886838662332   2365.8613935520793   2366.278500479532
0.04492845444033957   2290.945356724503   2291.500100324252
0.04624555213019635   2220.370736106566   2221.044669916876
0.04760126112654554   2154.4557399069026   2155.2235050234385
0.04899671333706607   2093.5321100187202   2094.3619774512194
0.05043307385181555   2037.8656230013173   2038.7201642574332
0.05191154191598653   1987.2080753043815   1988.0432173235706
0.053433351931179485   1940.8754912950067   1941.6395544171992
0.05499977448602865   1898.231176947865   1898.8652802593563
0.05661211741704101   1858.7164902542138   1859.1557387836058
0.05827172690053434   1821.8405053650358   1822.01509082325
0.05997998857658587   1787.1243051697677   1786.96068696506
0.06173832870592997   1753.8708301993806   1753.3000765955426
0.0635482153607709   1721.2963420706265   1720.2586040011256
0.06541115965050462   1688.5641045996997   1687.0149572904618
0.06732871698337338   1654.6389212950826   1652.5643646632775
0.06930248836510605   1618.5212588693823   1615.9408281267172
0.07133412173562886   1579.2064887331028   1576.1845859659538
0.07342531334496233   1535.7814702501048   1532.4298938564223
0.07557780916945323   1487.697670912316   1484.1685125196173
0.07779340636952398   1434.7496836737037   1431.2268449167534
0.08007395479015682   1377.1378698913588   1373.8368105111954
0.08242135850536496   1315.4639852468715   1312.6292255723117
0.08483757740794096   1250.6813331696517   1248.5599897456163
0.08732462884580919   1184.029229523453   1182.8469734149471
0.08988458930634863   1116.8826321530657   1116.836178690841
0.09251959615009227   1050.6509207027038   1051.8991560428615
0.09523184939525078   986.8356881299217   989.4621409355309
0.09802361355455057   926.8866000633785   930.8858310336892
0.10089721952591899   872.2542436686764   877.520208696675
0.10385506653859616   824.0308399790093   830.3612332507538
0.10689962415629803   782.9238812376153   789.9910300484568
0.11003343433910281   749.1103326119434   756.5134547811402
0.11325911356578279   722.0515964479257   729.3893089880934
0.11657935501835284   700.7111258197441   707.5993261307017
0.11999693083066039   683.5649937381793   689.6571073063892
0.12351469440289359   668.7906805357109   673.8524607523342
0.12713558278394044   654.4408791329018   658.3991925034137
0.13086261912358757   638.5721474141748   641.546405112569
0.13469891519660646   619.569337241733   621.8804076866887
0.13864767400083483   596.3494900838475   598.5025848984543
0.14271219243142114   568.6306568808744   571.2604059395967
0.14689586403346616   536.9198534022008   540.6965528056031
0.1512021818353596   502.4540352117718   507.96400451971874
0.15563474126517718   467.1036693937405   474.72702889292617
0.16019724315257297   433.20512883126645   443.0224363770975
0.1648934968186736   402.9950923648795   414.7078197902775
0.1697274232565544   377.94647382007037   390.98222203485454
0.17470305840495237   358.41727796410044   372.0553849275675
0.17982455651794954   343.78483110865113   357.24534140026594
0.18509619363343993   332.8173149115381   345.47681984353284
0.19052237114327647   323.77629043538764   335.2544758480077
0.19610761946807834   314.48646801865834   324.80804556167317
0.20185660183976684   302.9736442752861   312.61580415132374
0.20777411819498756   288.3707825064874   298.0730695821226
0.21386510918267082   271.0831480906657   281.67036936431083
0.22013466028907505   252.41628966028685   264.42311924027365
0.22658800608375756   234.1451866884059   247.71964495993595
0.23323053459001789   218.04456844092599   232.84866319913928
0.2400677917834628   205.14632441582793   220.495647867362
0.24710548622244882   195.40171654152323   210.54358325507994
0.25434949381426813   187.8435462398717   202.18148217200817
0.2618058627210567   180.87135141919302   194.2815880984025
0.2694808184095226   172.98290470472716   185.84723174453222
0.27738076884870827   163.60925372017962   176.51485817125828
0.2855123098601282   153.15698152440538   166.69241717153147
0.29388223062474755   142.67113869075493   157.05360115480198
0.3024975193514008   133.3662161848816   148.33809471454833
0.31136536911138296   125.81779653643994   140.83440638162557
0.3204931838440838   119.70594572525434   134.31595376218274
0.32988858453867975   114.18255272988476   128.2214407084612
0.3395594155970457   108.36553173862828   122.0860621634119
0.34951375138319807   101.97108434114648   115.7724382410235
0.3597599029647371   95.43227925590153   109.55324115309324
0.37030642505191835   89.3884401245399   103.75447106176068
0.3811621231401457   84.20839682772531   98.52673594598396
0.3923360608618501   79.7277515351435   93.74258051456565
0.4038375675538918   75.45721140777044   89.182754216287
0.41567624604680364   71.07596006664997   84.6936297701959
0.42786198068238046   66.6745156415075   80.3352034828722
0.4404049455663077   62.55459571498893   76.23438750095558
0.4533156130627191   58.881681121909736   72.42647233688835
0.4666047625377753   55.534505848770515   68.85911548737172
0.4802834893595659   52.293608650193946   65.44986262733651
0.49436321416184764   49.10731485439927   62.17133836729883
0.5088556923793517   46.088181697757186   59.06479329551687
0.5237730240626238   43.31926648900588   56.150046791746924
0.5391276639805903   40.747480012595   53.3973754654538
0.5549324320192869   38.28438680333122   50.77760300474377
0.5712005238854289   35.928099310903775   48.28656487193212
0.5879455221237613   33.72386665306067   45.93213208984944
0.6051814074573895   31.670543980932873   43.70918274862234
0.622922570460556   29.728805116489376   41.59990487260304
0.6411838235736077   27.887759797196843   39.59815601264202
0.6599804134701901   26.15843914517209   37.70559422540953
0.6793280337869897   24.539118487885922   35.91386152730836
0.6992428382266549   23.014789488100917   34.216548720017165
0.7197414540448374   21.57886978969269   32.6085802676545
0.7408409959326054   20.227105363045464   31.08525957336878
0.7625590803058332   18.95535184039177   29.642126279953704
0.7849138400134885   17.759582445305057   28.274945961987896
0.8079239394770964   16.63589440020398   26.979700112925816
0.8316085902740278   15.580513937940786   25.752576434935456
0.8559875671776167   14.589754909525604   24.589938640291415
0.8810812246675007   13.659850909030633   23.488235122311746
0.9069105139239728   12.787169023723754   22.444081310366343
0.9334970003205227   11.968289125927946   21.454288411255614
0.960862881429187   11.199991536981209   20.51585190561983
0.9890310055537336   10.479245357991143   19.625940698550487
1.0180248908061487   9.803197485278718   18.781886912483245
1.047868744742366   9.169166688079288   17.981169007174486
1.0785874845736239   8.574662707783757   17.221353228024736
1.1102067579703248   8.017349886771044   16.500125109340885
1.1427529644757777   7.495020082393721   15.815312088379535
1.1762532775476793   7.005586427791338   15.164874413577504
1.210735667245765   6.547077458631203   14.546896472581938
1.246228923584555   6.117631462215765   13.959578719322591
1.2827626805706884   5.715490533500911   13.401225706086757
1.3203674409449337   5.3389895050648475   12.870186151416187
1.3590746016495152   4.986554757684603   12.36487329041956
1.3989164800420282   4.656704573251256   11.883803271280431
1.4399263408778291   4.3480442074294   11.425588681481644
1.4821384240834183   4.059261096326249   10.988931653406034
1.525587973344019   3.789120304974452   10.572617505179604
1.5703112655292182   3.53646023304047   10.175507240133518
1.6163456409812174   3.3001890796228643   9.796495382943837
1.6637295346910133   3.0792807767547195   9.434510702174657
1.7125025083885144   2.8727706215969837   9.088553427946879
1.7627052835733923   2.67975179891405   8.75769174073389
1.814379775514258   2.4993721134503666   8.441056713875424
1.8675691282445197   2.3308308913535427   8.137837673250505
1.922317750584177   2.173376040396124   7.84727761775533
1.9786713532176083   2.026301136729483   7.568652946097518
2.0366769868582977   1.8889427725710963   7.301264852577106
2.0963830815323896   1.7606782763508972   7.044461351625015
2.1578394870138577   1.6409233546475233   6.79763585033025
2.2210975144450407   1.529129844461389   6.560223830072347
2.286209979177315   1.4247835882580655   6.331699802832309
2.3532312448676476   1.327402424637708   6.111574475530729
2.4222172688678643   1.236534098386977   5.899384646762724
2.4932256489445366   1.1517543221894013   5.694683540880255
2.5663156713684585   1.0726655291459861   5.497054666227857
2.641548360413907   0.9988953113379972   5.306111844828631
2.7189865293089923   0.9300948881831588   5.121497095956367
2.798694832679631   0.8659376635653198   4.942878687248014
2.8807398205309562   0.806117866972419   4.769949340070969
2.9651899938111903   0.7503494602900674   4.602434275596464
3.05211586160442   0.6983652582889006   4.4401089997151475
3.1415899999999994   0.6499151905186225   4.28276920763649
