0.01   8334.466841420752   8333.81213161308
0.010293154462191829   8434.018222780678   8433.309206308773
0.010594902878253955   8530.76055586601   8529.992107732036
0.010905497183778876   8624.434973144022   8623.601480776468
0.011225196699963396   8714.772791763278   8713.86812816577
0.011554268350120923   8801.502777204398   8800.520300425153
0.011892986882540897   8884.345980698838   8883.278443369236
0.012241635099881474   8963.01177987757   8961.851167682089
0.012600504095286909   9037.208283837761   9035.945802972445
0.012969893495426888   9106.642106018013   9105.268205668412
0.013350111710660605   9171.005897636838   9169.510371629733
0.013741476192534558   9229.988730802166   9228.36077828951
0.014144313698828986   9283.283648408324   9281.511896817381
0.01455896056637426   9330.580517536788   9328.65259683173
0.014985762991865008   9371.564284589034   9369.466235033353
0.01542507732090645   9405.927696975785   9403.643966137746
0.015877270345534218   9433.371210245952   9430.884705097895
0.016342719610456153   9453.594041869814   9450.886178213705
0.016821813728271667   9466.305431828001   9463.356219698768
0.017314952703931925   9471.230646789258   9468.018782518564
0.017822548268711737   9468.108655748983   9464.611157944095
0.01834502422397195   9456.6940110456   9452.885853860853
0.018882816794999403   9436.763603596559   9432.61787321126
0.019436374995219892   9408.120660681985   9403.608910545236
0.02000616100108813   9370.601169521216   9365.694188051806
0.020592650537967844   9324.071054224902   9318.73923526389
0.021196333277324068   9268.427905666858   9262.641540872573
0.02181771324555934   9203.623243164573   9197.353253173851
0.022457309244835088   9129.659196864788   9122.877770652882
0.02311565528622961   9046.571648847666   9039.252516999088
0.023793301035594242   8954.451598032078   8946.5711878097
0.024490812272480036   8853.48163091162   8845.021724203303
0.025208771362518027   8743.884951263788   8734.833152137011
0.0259477777436476   8625.922583495105   8616.272446198544
0.02670844842659881   8499.976409655503   8489.728975403843
0.027491418510046592   8366.507570212045   8355.672114898052
0.028297341710866907   8225.99364567967   8214.587298338916
0.029126890909937666   8078.98869404819   8067.037249225451
0.029980758713939952   7926.184576935608   7913.724495201077
0.030859658033628758   7768.280885066527   7755.35866365693
0.031764322679055976   7605.9897213775885   7592.660716951241
0.03269550797224261   7440.2163028697405   7426.542542843455
0.033653991377811755   7271.92587931111   7257.974468357893
0.03464057315210884   7102.030029781812   7087.872139788556
0.03565607701135116   6931.427440901107   6917.13696609113
0.036701350819364466   6761.024278598799   6746.6763470216165
0.03777726729548091   6591.661376560667   6577.331572258275
0.038884724743189276   6424.155454637546   6409.916973520632
0.04002464780014597   6259.530877373997   6245.44106755792
0.041197988210172884   6098.813171285912   6084.909845656417
0.04240572561788674   5942.920278419496   5929.222997706314
0.04364886838662332   5792.675224659734   5779.174542272202
0.04492845444033957   5648.815326958101   5635.460277484293
0.04624555213019635   5511.993996084298   5498.695085017897
0.04760126112654554   5382.589524318871   5369.222783924155
0.04899671333706607   5260.37041153651   5246.781935816757
0.05043307385181555   5145.018860772527   5131.027517166722
0.05191154191598653   5036.111661206774   5021.515021800412
0.053433351931179485   4932.888364884216   4917.475617577989
0.05499977448602865   4834.57558169771   4818.130499563512
0.05661211741704101   4740.272222465259   4722.584320279933
0.05827172690053434   4648.8599435704755   4629.740934991092
0.05997998857658587   4559.237237817279   4538.527185634324
0.06173832870592997   4470.05985001173   4447.66721633205
0.0635482153607709   4379.925853460383   4355.845413261004
0.06541115965050462   4287.333286580722   4261.679082381271
0.06732871698337338   4190.629973855685   4163.677674017653
0.06930248836510605   4088.2955881947355   4060.4966655813296
0.07133412173562886   3978.942653353916   3950.965595350952
0.07342531334496233   3861.5386676533262   3834.2643890288855
0.07557780916945323   3735.738202406577   3710.274691640492
0.07779340636952398   3601.738198354075   3579.352119781714
0.08007395479015682   3460.6639148991335   3442.641296850484
0.08242135850536496   3314.1588729238815   3301.7459870553403
0.08483757740794096   3164.527785413108   3158.8928686559175
0.08732462884580919   3014.3148763104914   3016.434247898494
0.08988458930634863   2866.2219210566295   2876.7678100980706
0.09251959615009227   2723.043337653984   2742.3040128317994
0.09523184939525078   2587.3519124945296   2615.2305719975657
0.09802361355455057   2461.5637222246833   2497.4758787716055
0.10089721952591899   2347.7091791045455   2390.5890220500496
0.10385506653859616   2247.0256647353103   2295.3363236640444
0.10689962415629803   2159.9755204484327   2211.8256311865516
0.11003343433910281   2085.632786231577   2139.036098599065
0.11325911356578279   2022.0908212396803   2075.1516346027897
0.11657935501835284   1966.348184726903   2017.4852960085277
0.11999693083066039   1914.8119157089077   1963.0734295528046
0.12351469440289359   1863.7031310591085   1908.914728637168
0.12713558278394044   1809.4290260779778   1852.2016614411302
0.13086261912358757   1749.1236932331426   1791.06386853628
0.13469891519660646   1681.0406242953507   1724.5667082425969
0.13864767400083483   1604.9494410966765   1652.7046968252023
0.14271219243142114   1522.269016621729   1576.788877798471
0.14689586403346616   1435.7622067021803   1499.1334514119967
0.1512021818353596   1349.1371182917708   1422.5277406605253
0.15563474126517718   1266.5572261307223   1349.76710522209
0.16019724315257297   1192.0001281563668   1283.4478981286545
0.1648934968186736   1128.272022850979   1225.3218144782338
0.1697274232565544   1076.0867920502214   1175.2692873327003
0.17470305840495237   1033.8861332961756   1131.9664839445577
0.17982455651794954   998.5056839835593   1093.1896427339864
0.18509619363343993   966.0583512017582   1056.3604128506697
0.19052237114327647   932.5153524289381   1019.1541307143056
0.19610761946807834   894.4472663933109   979.7577410086295
0.20185660183976684   850.3524343704873   937.499710668673
0.20777411819498756   801.5135384401229   893.5179579233217
0.21386510918267082   751.2450321804881   850.0438801527524
0.22013466028907505   703.3692020684814   808.7486516912513
0.22658800608375756   661.1295177004972   771.2408140527069
0.23323053459001789   626.2290067120238   737.9184714235104
0.2400677917834628   598.0362741758129   708.4828363551409
0.24710548622244882   573.9074847330602   681.1774081721443
0.25434949381426813   550.4126315574474   654.5008068854941
0.2618058627210567   524.6318835543894   627.6735308958495
0.2694808184095226   495.73975767804546   600.2162254230807
0.27738076884870827   465.3189104943923   573.0581089410506
0.2855123098601282   436.02137318795513   547.0684517651033
0.29388223062474755   410.16452020162353   523.2310505493748
0.3024975193514008   388.5885567331358   501.21394863262947
0.31136536911138296   370.07929546559654   480.826713537885
0.3204931838440838   352.3990790380924   461.24030822315945
0.32988858453867975   333.8383409435752   441.99632022129555
0.3395594155970457   314.20074331067764   423.12931058431974
0.34951375138319807   294.834359091457   404.970971162275
0.3597599029647371   277.2868520935396   387.9017536801393
0.37030642505191835   262.0269461420309   371.9093631001688
0.3811621231401457   248.29673264770267   356.7899872263909
0.3923360608618501   234.85725686531404   342.2647575069821
0.4038375675538918   221.17048612545386   328.2295761377401
0.41567624604680364   207.75294013206366   314.76325843636016
0.42786198068238046   195.397334917333   302.0215088283621
0.4404049455663077   184.29413498794435   289.95892349411963
0.4533156130627191   173.92941578422716   278.4532257117482
0.4666047625377753   163.79060778017572   267.429136644323
0.4802834893595659   153.90726850089854   256.8658849539227
0.49436321416184764   144.6616565768901   246.81795610165426
0.5088556923793517   136.16173057584547   237.28293450319578
0.5237730240626238   128.16290673891464   228.18573152276565
0.5391276639805903   120.45998449901083   219.4737052069604
0.5549324320192869   113.13344833907335   211.1648797797427
0.5712005238854289   106.30418807059519   203.2529044312099
0.5879455221237613   99.90615783073343   195.71101362471973
0.6051814074573895   93.82433809930673   188.49805603781786
0.622922570460556   88.06455781206178   181.60534072722905
0.6411838235736077   82.66657264922291   175.03433406273237
0.6599804134701901   77.59098359257216   168.75651774703823
0.6793280337869897   72.80628442431096   162.75665977937916
0.6992428382266549   68.29625900933576   157.02091650270592
0.7197414540448374   64.0477497742036   151.53540508403634
0.7408409959326054   60.047970213621305   146.28705966155437
0.7625590803058332   56.2845067120234   141.2635841072625
0.7849138400134885   52.74533508073405   136.45340206486026
0.8079239394770964   49.41876245369203   131.84551205255258
0.8316085902740278   46.29294896833664   127.42872928082404
0.8559875671776167   43.35635610104915   123.19216984892037
0.8810812246675007   40.59807102660293   119.12566279361236
0.9069105139239728   38.00777720106569   115.21970251852719
0.9334970003205227   35.57572370827415   111.46540161002807
0.960862881429187   33.292696075680254   107.85444741757834
0.9890310055537336   31.14998861058722   104.37906121091874
1.0180248908061487   29.139408426147863   101.03172728450198
1.047868744742366   27.253279545345762   97.8048852685532
1.0785874845736239   25.484343988631082   94.69142793265482
1.1102067579703248   23.825731279730963   91.68474899457331
1.1427529644757777   22.270940550021848   88.7787081416858
1.1762532775476793   20.813823253676297   85.96759895095909
1.210735667245765   19.448566490014173   83.24611943310667
1.246228923584555   18.16967607701483   80.60933370878702
1.2827626805706884   16.971950585214806   78.05250137320158
1.3203674409449337   15.850472868538471   75.57111707999904
1.3590746016495152   14.800605358895783   73.16101562097987
1.3989164800420282   13.817975753621997   70.81835298812474
1.4399263408778291   12.898463113001077   68.53958597851864
1.4821384240834183   12.038184592329438   66.32145331405471
1.525587973344019   11.233482786474852   64.1609581205189
1.5703112655292182   10.480913612650252   62.05540115291305
1.6163456409812174   9.777234705303817   60.00248177401368
1.6637295346910133   9.119394652843559   58.000126235735124
1.7125025083885144   8.504522614337766   56.046433560034444
1.7627052835733923   7.929918395637334   54.139664832502845
1.814379775514258   7.393043013485694   52.278233041400554
1.8675691282445197   6.891509727895173   50.46069340643954
1.922317750584177   6.423075458864207   48.68574079012423
1.9786713532176083   5.985631125893552   46.952369117883855
2.0366769868582977   5.57719438009148   45.25984808632178
2.0963830815323896   5.195904321632347   43.607512187049956
2.1578394870138577   4.8400145530164895   41.99474536643269
2.2210975144450407   4.507886504730667   40.42097649333276
2.286209979177315   4.197983122357428   38.88567498139523
2.3532312448676476   3.9088628975731106   37.38834656264379
2.4222172688678643   3.639174777945999   35.92861647295073
2.4932256489445366   3.3876549784122645   34.506588961474115
2.5663156713684585   3.1531192488938693   33.122458916271135
2.641548360413907   2.934457109554116   31.776335654357588
2.7189865293089923   2.730627539108158   30.46824683546573
2.798694832679631   2.5406548930385733   29.198142595426738
2.8807398205309562   2.363625040348627   27.965899717709046
2.9651899938111903   2.198681639633787   26.771323837986905
3.05211586160442   2.0450185192867885   25.61403047061871
3.1415899999999994   1.901875503010057   24.49340398806229
