0.01   3130.338871709646   3130.2027995416397
0.010293154462191829   3162.470302636627   3162.3327180115375
0.010594902878253955   3193.2293125284764   3193.0901735454245
0.010905497183778876   3222.512241797392   3222.37151267209
0.011225196699963396   3250.2150539617523   3250.0727077478546
0.011554268350120923   3276.2328454893136   3276.088874141027
0.011892986882540897   3300.4575811809254   3300.3120285075183
0.012241635099881474   3322.7814113754557   3322.6343813864196
0.012600504095286909   3343.0974386039074   3342.949092202493
0.012969893495426888   3361.293652536104   3361.144140489732
0.013350111710660605   3377.2551106196242   3377.1045220416936
0.013741476192534558   3390.8695932026335   3390.717952916398
0.014144313698828986   3402.0259363044065   3401.8732073139568
0.01455896056637426   3410.6110999314114   3410.4571914965613
0.014985762991865008   3416.515942675886   3416.3607117150914
0.01542507732090645   3419.6361201299687   3419.479368097962
0.015877270345534218   3419.8662541453255   3419.707692212808
0.016342719610456153   3417.1039881835845   3416.943218973566
0.016821813728271667   3411.2548992821194   3411.091419472663
0.017314952703931925   3402.2307357944424   3402.0639354672853
0.017822548268711737   3389.9481058482843   3389.777265297599
0.01834502422397195   3374.333823897949   3374.1581194480655
0.018882816794999403   3355.326079001594   3355.1445782556098
0.019436374995219892   3332.8739009904316   3332.685486051679
0.02000616100108813   3306.9389602284978   3306.742305974523
0.020592650537967844   3277.4970834939973   3277.290677403668
0.021196333277324068   3244.5420771666454   3244.324341584128
0.02181771324555934   3208.0873185925716   3207.8567668995593
0.022457309244835088   3168.1619745173825   3167.917233261612
0.02311565528622961   3124.814602885806   3124.5544668642333
0.023793301035594242   3078.1268862056536   3077.850536857522
0.024490812272480036   3028.2004110534463   3027.907471959651
0.025208771362518027   2975.1518949545275   2974.8424239257088
0.0259477777436476   2919.136604874473   2918.811261504765
0.02670844842659881   2860.3461448365247   2860.0063404601087
0.027491418510046592   2798.981276626076   2798.6291200512987
0.028297341710866907   2735.265694770194   2734.90403684588
0.029126890909937666   2669.483019241389   2669.115761613726
0.029980758713939952   2601.925951119962   2601.557999636751
0.030859658033628758   2532.8857463933364   2532.5228772801424
0.031764322679055976   2462.7120595711444   2462.3609430318947
0.03269550797224261   2391.7879110465665   2391.456074813991
0.033653991377811755   2320.473263180282   2320.168917834618
0.03464057315210884   2249.136432999562   2248.8681423893104
0.03565607701135116   2178.2004667772007   2177.976612202184
0.036701350819364466   2108.0597293825963   2107.888385304298
0.03777726729548091   2039.0751616984865   2038.9640207580896
0.038884724743189276   1971.6597899168569   1971.6157683248023
0.04002464780014597   1906.2270451662637   1906.2561346158875
0.041197988210172884   1843.1334464921968   1843.240813521156
0.04240572561788674   1782.666300886148   1782.8546899454532
0.04364886838662332   1725.036998751147   1725.303879803742
0.04492845444033957   1670.4172101449242   1670.7551534330958
0.04624555213019635   1618.9624807741204   1619.3599569503504
0.04760126112654554   1570.904881306838   1571.347671596442
0.04899671333706607   1526.486351345076   1526.9582813339368
0.05043307385181555   1485.9007301619793   1486.3838187795845
0.05191154191598653   1448.9670743012202   1449.4398529747307
0.053433351931179485   1415.186681154721   1415.622680854586
0.05499977448602865   1384.0953196206215   1384.46334434571
0.05661211741704101   1355.28568903405   1355.5506559498172
0.05827172690053434   1328.3998813456699   1328.5235884764265
0.05997998857658587   1303.088734825012   1303.0305527821977
0.06173832870592997   1278.8439783719903   1278.5655333121324
0.0635482153607709   1255.0941120499558   1254.5617985456026
0.06541115965050462   1231.229016733913   1230.4174614995072
0.06732871698337338   1206.4939239423093   1205.394167755869
0.06930248836510605   1180.1600619989567   1178.7811546860942
0.07133412173562886   1151.494867558134   1149.8690898340506
0.07342531334496233   1119.8324558817183   1118.016375689968
0.07557780916945323   1084.7728451689113   1082.8430986771295
0.07779340636952398   1046.1662861571558   1044.2148365494377
0.08007395479015682   1004.158941471599   1002.2935027536557
0.08242135850536496   959.1896862668743   957.5330062555576
0.08483757740794096   911.9535556654496   910.6304157630004
0.08732462884580919   863.3539998129457   862.4792792941314
0.08988458930634863   814.3936523317359   814.0680839913662
0.09251959615009227   766.1003843520829   766.405521214455
0.09523184939525078   719.5690689336947   720.5471213458553
0.09802361355455057   675.8566740232758   677.5029497483755
0.10089721952591899   636.0209313672875   638.2772265767762
0.10385506653859616   600.8583010817484   603.6154112060995
0.10689962415629803   570.8847654103735   573.9682837282717
0.11003343433910281   546.2293662327559   549.4270121365607
0.11325911356578279   526.4992127342837   529.598982978433
0.11657935501835284   510.9385254730277   513.737101607475
0.11999693083066039   498.43632817612223   500.74909256096265
0.12351469440289359   487.6636360720051   489.36473360293604
0.12713558278394044   477.2003985928263   478.24920138898295
0.13086261912358757   465.6295633441331   466.08785177828906
0.13469891519660646   451.77342598324043   451.8109516315229
0.13864767400083483   434.84230389621405   434.7288988590313
0.14271219243142114   414.6306316532103   414.7085919616275
0.14689586403346616   391.50811322848534   392.14175912417846
0.1512021818353596   366.3766838874286   367.8886321770076
0.15563474126517718   340.60022722321213   343.2056614495853
0.16019724315257297   315.8823935569671   319.6339918654699
0.1648934968186736   293.854097517402   298.6019180107761
0.1697274232565544   275.5893361711468   281.0346389959713
0.17470305840495237   261.34920214956276   267.1111135959859
0.17982455651794954   250.67967002557208   256.3446981868017
0.18509619363343993   242.68243893129875   247.91375266016297
0.19052237114327647   236.0900105465836   240.68293658862035
0.19610761946807834   229.31613179945603   233.28723194909685
0.20185660183976684   220.9212972348148   224.5355864374631
0.20777411819498756   210.27325965399757   213.93996573536384
0.21386510918267082   197.6675950983119   201.84449761589764
0.22013466028907505   184.0561807822327   189.04431257104622
0.22658800608375756   170.73331058044414   176.62187973329304
0.23323053459001789   158.9931462724363   165.59905927046307
0.2400677917834628   149.5880808337532   156.5329147297724
0.24710548622244882   142.48256193750595   149.34577171113756
0.25434949381426813   136.97132626409226   143.41592954729694
0.2618058627210567   131.88735844530538   137.84039754773715
0.2694808184095226   126.13531126517172   131.80853445284555
0.27738076884870827   119.3002673807862   125.02366932954632
0.2855123098601282   111.67872863314606   117.78692330958016
0.29388223062474755   104.03268034746398   110.65070210066135
0.3024975193514008   97.24775828890311   104.23023165425309
0.31136536911138296   91.74361769623484   98.77884545433422
0.3204931838440838   87.28699258857218   94.11290543193434
0.32988858453867975   83.25944116679405   89.77885241294554
0.3395594155970457   79.01782357853465   85.37491853581965
0.34951375138319807   74.35513084104822   80.78212038719312
0.3597599029647371   69.58717804344145   76.22457206347853
0.37030642505191835   65.18013400238577   71.98570470900734
0.3811621231401457   61.40296176892296   68.20427005084147
0.3923360608618501   58.135779447254066   64.7810204290611
0.4038375675538918   55.021798915588676   61.518056888298375
0.41567624604680364   51.827095459170145   58.2828064831908
0.42786198068238046   48.617642519131486   55.12423068479922
0.4404049455663077   45.61349807707713   52.157274827409374
0.4533156130627191   42.93528878481474   49.42305872224335
0.4666047625377753   40.49459179124434   46.87374523588735
0.4802834893595659   38.1313991373104   44.43350810203077
0.49436321416184764   35.808024779357105   42.08047022846717
0.5088556923793517   33.60653971503098   39.852787307052715
0.5237730240626238   31.587498344467285   37.770899917964016
0.5391276639805903   29.712213843410115   35.810455326586656
0.5549324320192869   27.916173641989843   33.944618747859934
0.5712005238854289   26.198022034724815   32.170845840822096
0.5879455221237613   24.59073842460196   30.497964469658427
0.6051814074573895   23.093500591711646   28.92228100925961
0.622922570460556   21.677628585576503   27.429251758951796
0.6411838235736077   20.33517612315299   26.014160271185556
0.6599804134701901   19.074190832429203   24.678562020978738
0.6793280337869897   17.893415963447275   23.41688011504399
0.6992428382266549   16.781907253061235   22.22388148255834
0.7197414540448374   15.734864876044636   21.09575026707105
0.7408409959326054   14.749186795935165   20.029073288232574
0.7625590803058332   13.821850958098466   19.020598836232775
0.7849138400134885   12.949921069148182   18.06723110507881
0.8079239394770964   12.13055126681699   17.166024604692574
0.8316085902740278   11.360989772195243   16.314178579502123
0.8559875671776167   10.638548717315665   15.509019890578925
0.8810812246675007   9.960481777232578   14.747952238266826
0.9069105139239728   9.324139974978166   14.028502266600343
0.9334970003205227   8.727029477598506   13.348334813596072
0.960862881429187   8.166802603036198   12.705245542217304
0.9890310055537336   7.641249313001635   12.097153911779088
1.0180248908061487   7.148289204887862   11.522096492104824
1.047868744742366   6.685967189472986   10.978218708053477
1.0785874845736239   6.252467384286903   10.463755984960288
1.1102067579703248   5.846086626317023   9.977038708348474
1.1427529644757777   5.465214744595144   9.516494757188063
1.1762532775476793   5.108330009276401   9.080643846862475
1.210735667245765   4.773994847560607   8.668092142223909
1.246228923584555   4.460851721926347   8.277527181972049
1.2827626805706884   4.16761879675953   7.907711144306831
1.3203674409449337   3.8930818877402484   7.557453278581847
1.3590746016495152   3.6360935790995543   7.2256179469394715
1.3989164800420282   3.395573460518316   6.911140168451181
1.4399263408778291   3.1705045348394276   6.613021341319267
1.4821384240834183   2.959929723824573   6.330324851658501
1.525587973344019   2.7629485501218043   6.06217198787285
1.5703112655292182   2.578714006174471   5.807737288163334
1.6163456409812174   2.406429965809983   5.56622596321078
1.6637295346910133   2.2453482231505144   5.336873996924803
1.7125025083885144   2.094765321774699   5.118966929422464
1.7627052835733923   1.9540200190574861   4.911837242424078
1.814379775514258   1.822490902976606   4.714860981964163
1.8675691282445197   1.699594132246257   4.527454643700108
1.922317750584177   1.5847812923887545   4.349072065478716
1.9786713532176083   1.4775372755350382   4.179189847834009
2.0366769868582977   1.3773783466664065   4.01730148059328
2.0963830815323896   1.2838504735945486   3.8629336730886896
2.1578394870138577   1.196527607140387   3.7156453369310953
2.2210975144450407   1.1150100423726572   3.5750251747385153
2.286209979177315   1.0389228693392316   3.440689467289126
2.3532312448676476   0.967914508076906   3.3122800005312474
2.4222172688678643   0.9016551834300575   3.1894547491793785
2.4932256489445366   0.8398355107693763   3.0718790391783104
2.5663156713684585   0.782165589683783   2.959239884225061
2.641548360413907   0.7283738657710376   2.8512464712064394
2.7189865293089923   0.6782060137033037   2.7476284857787094
2.798694832679631   0.6314238850358311   2.648134580052735
2.8807398205309562   0.5878045172831045   2.552530969527999
2.9651899938111903   0.5471393371266202   2.460601766373423
3.05211586160442   0.5092335197585319   2.372151015519507
3.1415899999999994   0.4739047201080969   2.2869968228689697
