0.01   3409.6898183919348   3409.6161563565947
0.010293154462191829   3453.081402498524   3453.0069482712584
0.010594902878253955   3495.4825473896285   3495.4076360367803
0.010905497183778876   3536.793674232718   3536.718605083269
0.011225196699963396   3576.911282688793   3576.8360785360223
0.011554268350120923   3615.7304954542406   3615.6548870165634
0.011892986882540897   3653.1427165627406   3653.066289685783
0.012241635099881474   3689.0332187343142   3688.9557242457445
0.012600504095286909   3723.285997321409   3723.2073955139635
0.012969893495426888   3755.7839887144037   3755.704425009115
0.013350111710660605   3786.4047750915606   3786.3243572239753
0.013741476192534558   3815.024003161957   3814.9427014343164
0.014144313698828986   3841.518064627606   3841.435707403983
0.01455896056637426   3865.7606894539485   3865.6769610939336
0.014985762991865008   3887.6220386458854   3887.5364788180227
0.01542507732090645   3906.974270629836   3906.8862730079936
0.015877270345534218   3923.691124032247   3923.599958045777
0.016342719610456153   3937.643452560955   3937.548364256917
0.016821813728271667   3948.704620462737   3948.6048639258092
0.017314952703931925   3956.752943270786   3956.6477752249093
0.017822548268711737   3961.6688505763495   3961.5573488690047
0.01834502422397195   3963.3360143731707   3963.216911286132
0.018882816794999403   3961.6456204510387   3961.517302396641
0.019436374995219892   3956.4967343761837   3956.35726857983
0.02000616100108813   3947.7959203978826   3947.643118445013
0.020592650537967844   3935.459707407201   3935.291150062905
0.021196333277324068   3919.41612135361   3919.229184382522
0.02181771324555934   3899.6087159653966   3899.4006745614674
0.022457309244835088   3875.995967085484   3875.7640699673098
0.02311565528622961   3848.5497900102587   3848.2912835101183
0.023793301035594242   3817.2625626512063   3816.974860257818
0.024490812272480036   3782.1535848656526   3781.8345706034374
0.025208771362518027   3743.2577732795467   3742.905840009544
0.0259477777436476   3700.6283521738947   3700.2424650213106
0.02670844842659881   3654.360553962765   3653.940681046738
0.027491418510046592   3604.5739577544564   3604.12121717532
0.028297341710866907   3551.4004003400396   3550.9170107619393
0.029126890909937666   3495.011281107921   3494.500821018419
0.029980758713939952   3435.6240781824763   3435.0918165186995
0.030859658033628758   3373.4634653489816   3372.916246927371
0.031764322679055976   3308.7732974139026   3308.2194774377313
0.03269550797224261   3241.8691180550672   3241.3187972955425
0.033653991377811755   3173.079361682588   3172.5442833948578
0.03464057315210884   3102.725164747688   3102.218483321724
0.03565607701135116   3031.171263026413   3030.707288199696
0.036701350819364466   2958.8139624900987   2958.4079169050697
0.03777726729548091   2886.0268463733046   2885.694661679438
0.038884724743189276   2813.1977795067914   2812.9554397060456
0.04002464780014597   2740.799510224965   2740.6615863422894
0.041197988210172884   2669.283130647958   2669.2626078016388
0.04240572561788674   2599.050316558902   2599.1586157749707
0.04364886838662332   2530.3970778907137   2530.643109814583
0.04492845444033957   2463.5471638361296   2463.9369097293597
0.04624555213019635   2398.698262278337   2399.2350573736117
0.04760126112654554   2336.137713422798   2336.8194453191472
0.04899671333706607   2276.3384103909134   2277.152185996017
0.05043307385181555   2219.745506551952   2220.6682056788877
0.05191154191598653   2166.651915249188   2167.6521478168397
0.053433351931179485   2116.8412925148077   2117.8840170682433
0.05499977448602865   2069.9762103087032   2071.024087195511
0.05661211741704101   2025.7373033555393   2026.7503736837589
0.05827172690053434   1983.7876970530347   1984.721435341046
0.05997998857658587   1943.803143336281   1944.608165046256
0.06173832870592997   1905.4190911795934   1906.0435518094857
0.0635482153607709   1868.1420360142422   1868.5368107254967
0.06541115965050462   1831.4833923046099   1831.6034220326128
0.06732871698337338   1794.8699416365139   1794.682944501291
0.06930248836510605   1757.6820259859164   1757.1746321267467
0.07133412173562886   1719.2881768814095   1718.4713167098423
0.07342531334496233   1678.9853006242645   1677.9056623256226
0.07557780916945323   1636.1388121710643   1634.8801062724688
0.07779340636952398   1590.2214187178936   1588.9112316378048
0.08007395479015682   1540.8541604541147   1539.6603122940749
0.08242135850536496   1488.002963408048   1487.1255797889219
0.08483757740794096   1431.8605959499127   1431.522984048801
0.08732462884580919   1373.0131099786352   1373.4525256813372
0.08988458930634863   1312.2354483091472   1313.6888832473855
0.09251959615009227   1250.5522652785558   1253.2318656102038
0.09523184939525078   1189.0433483938705   1193.125072231638
0.09802361355455057   1128.8379816997365   1134.4514867529622
0.10089721952591899   1071.0693198370375   1078.2700740379883
0.10385506653859616   1016.7956663766772   1025.5532720844787
0.10689962415629803   966.9502085037883   977.1453626766748
0.11003343433910281   922.3151623493212   933.7416972203243
0.11325911356578279   883.2650665089864   895.620622888039
0.11657935501835284   849.8415351529466   862.7419974742521
0.11999693083066039   821.4686672982343   834.5389634349069
0.12351469440289359   797.213830301506   810.1219357911178
0.12713558278394044   775.7061083013498   788.187460230137
0.13086261912358757   755.4259514007949   767.3392699690658
0.13469891519660646   734.8162921534735   746.1893531412805
0.13864767400083483   712.4746771066549   723.5134368583798
0.14271219243142114   687.3588363261963   698.4365781785172
0.14689586403346616   658.9378823823452   670.5680149272288
0.1512021818353596   627.3528908783283   640.1346220399831
0.15563474126517718   593.3803760613561   607.8465940508873
0.16019724315257297   558.2912090482317   574.8401868083259
0.1648934968186736   523.6810540058661   542.5208980051449
0.1697274232565544   491.27243985223686   512.2813904263339
0.17470305840495237   462.59698213008244   485.3240017851103
0.17982455651794954   438.54927134703945   462.3580090328202
0.18509619363343993   419.09322785421705   443.19407944227385
0.19052237114327647   403.33248210364246   427.02099587927677
0.19610761946807834   389.86169440161103   412.6945405507916
0.20185660183976684   377.07726746743026   398.90230620011727
0.20777411819498756   363.3713660603221   384.4387897373502
0.21386510918267082   347.52651142731264   368.4171606510708
0.22013466028907505   329.29005487735196   350.7464685255966
0.22658800608375756   309.5118542430234   332.20196847144075
0.23323053459001789   289.6423285126861   313.84601303187515
0.2400677917834628   271.1704125278882   296.75345497485057
0.24710548622244882   255.2529973773757   281.64340659091926
0.25434949381426813   242.29876987317743   268.7745746788687
0.2618058627210567   231.76048799500384   257.6463128770118
0.2694808184095226   222.44942588778082   247.4138740452887
0.27738076884870827   212.97798036716182   237.1707802419533
0.2855123098601282   202.404001321235   226.37808147554492
0.29388223062474755   190.7210322709211   215.10781876515335
0.3024975193514008   178.75076028524998   203.90047905317644
0.31136536911138296   167.53282335475453   193.35773980196785
0.3204931838440838   157.84912404086498   183.90284373127076
0.32988858453867975   149.77955277546974   175.5046904301719
0.3395594155970457   142.65821260538942   167.77364679670978
0.34951375138319807   135.63010198500615   160.21340008343716
0.3597599029647371   128.17921613846067   152.6177921510194
0.37030642505191835   120.43518094712174   145.08785103535362
0.3811621231401457   113.00894487665104   137.90644969216964
0.3923360608618501   106.3938604271032   131.2578388225407
0.4038375675538918   100.61676241143115   125.1645993812112
0.41567624604680364   95.29163993256024   119.4123254344775
0.42786198068238046   89.98744631582984   113.8175291956893
0.4404049455663077   84.62940920015753   108.37352259634602
0.4533156130627191   79.4834178412221   103.18739376267767
0.4666047625377753   74.79831980072382   98.32842994929769
0.4802834893595659   70.55530325630228   93.76764012241783
0.49436321416184764   66.5303134447676   89.4255686076563
0.5088556923793517   62.585011703763435   85.25361902427764
0.5237730240626238   58.78811285410599   81.26958824071968
0.5391276639805903   55.26571666801854   77.51186274456794
0.5549324320192869   52.010949355742795   73.95674390884733
0.5712005238854289   48.9219006305551   70.57458770758006
0.5879455221237613   45.95426498733218   67.35000099932336
0.6051814074573895   43.15310441741849   64.2879033281777
0.622922570460556   40.543009573225596   61.39004699820804
0.6411838235736077   38.08590948979669   58.636964422473056
0.6599804134701901   35.75086775625939   56.01767242842383
0.6793280337869897   33.549388823075205   53.53218156187792
0.6992428382266549   31.48526524063519   51.17366584186889
0.7197414540448374   29.54249593819707   48.933308675167886
0.7408409959326054   27.711839845972502   46.80545816751508
0.7625590803058332   25.98746784945297   44.78441343042697
0.7849138400134885   24.36401957546845   42.86461473623991
0.8079239394770964   22.836325573932914   41.04079621513189
0.8316085902740278   21.399408309958122   39.307970692586906
0.8559875671776167   20.048482191759145   37.661415262432946
0.8810812246675007   18.778952732844132   36.09665756473122
0.9069105139239728   17.58640295373104   34.60944989737074
0.9334970003205227   16.46647337432058   33.195626086311776
0.960862881429187   15.414944110946388   31.851167386046328
0.9890310055537336   14.42782651167862   30.572292633571326
1.0180248908061487   13.501352750686   29.35544479093346
1.047868744742366   12.631964304836703   28.197276731547674
1.0785874845736239   11.816300991606628   27.094637981539908
1.1102067579703248   11.051190564521965   26.044562226882142
1.1427529644757777   10.3336481740136   25.04420090601256
1.1762532775476793   9.660877874374629   24.090738674903598
1.210735667245765   9.030238723072268   23.181519088836453
1.246228923584555   8.439233242881928   22.31405619029865
1.2827626805706884   7.885500592628925   21.486022450991587
1.3203674409449337   7.366809988540629   20.695237643145706
1.3590746016495152   6.881054372915271   19.939658563145716
1.3989164800420282   6.426243987704902   19.217361848956056
1.4399263408778291   6.00049678061998   18.52644615495418
1.4821384240834183   5.602035305151049   17.865069042060814
1.525587973344019   5.2291845785086215   17.2315126655167
1.5703112655292182   4.880366704900396   16.624175968340822
1.6163456409812174   4.554095682527884   16.041566085622936
1.6637295346910133   4.248972456139554   15.482290456620564
1.7125025083885144   3.963680205869453   14.945049559784866
1.7627052835733923   3.6969798452191687   14.428612821663513
1.814379775514258   3.447705730765742   13.931784771304319
1.8675691282445197   3.214761658285055   13.453445246574853
1.922317750584177   2.9971170150498994   12.992552555728427
1.9786713532176083   2.7938031150737643   12.548137878079004
2.0366769868582977   2.6039097194936   12.119300121189358
2.0963830815323896   2.4265817341977858   11.705201192115847
2.1578394870138577   2.2610160300055306   11.30505951703348
2.2210975144450407   2.1064578835368373   10.918118044606796
2.286209979177315   1.9621985238094328   10.543652656911917
2.3532312448676476   1.8275730102672612   10.180993369230348
2.4222172688678643   1.7019576714767115   9.829521230796034
2.4932256489445366   1.5847676705498965   9.488664882046399
2.5663156713684585   1.475454704738277   9.157897369911888
2.641548360413907   1.3735048326881178   8.836733209853724
2.7189865293089923   1.2784367634321516   8.524752169140918
2.798694832679631   1.1898004607942065   8.221645179925584
2.8807398205309562   1.1071742572967929   7.927136697180034
2.9651899938111903   1.0301629667859054   7.640966818438662
3.05211586160442   0.9583963182796471   7.362890287470752
3.1415899999999994   0.8915274745852193   7.09267554897316
