0.01   7121.476579717004   7121.128486375805
0.010293154462191829   7194.60811898411   7194.2464480637445
0.010594902878253955   7264.593812271105   7264.2173955447915
0.010905497183778876   7331.20162934973   7330.808972835047
0.011225196699963396   7394.190517651673   7393.780155762638
0.011554268350120923   7453.318986248697   7452.889527208441
0.011892986882540897   7508.344625357357   7507.894717425711
0.012241635099881474   7559.011814631698   7558.539874887416
0.012600504095286909   7605.061754892237   7604.565857620711
0.012969893495426888   7646.239650763044   7645.717527779305
0.013350111710660605   7682.287907422084   7681.736956739439
0.013741476192534558   7712.944855253415   7712.36215462217
0.014144313698828986   7737.956212492781   7737.338529841634
0.01455896056637426   7757.073693146422   7756.417482639336
0.014985762991865008   7770.043779891198   7769.345121568033
0.01542507732090645   7776.6212333649055   7775.875832182831
0.015877270345534218   7776.5751097070215   7775.778304089883
0.016342719610456153   7769.682688433955   7768.829140482501
0.016821813728271667   7755.731939621467   7754.815355615148
0.017314952703931925   7734.53100701051   7733.5441750468235
0.017822548268711737   7705.909088318181   7704.843957302609
0.01834502422397195   7669.715529296678   7668.563335678738
0.018882816794999403   7625.825132054052   7624.576493201032
0.019436374995219892   7574.141461618612   7572.786484238146
0.02000616100108813   7514.606553986193   7513.135120684213
0.020592650537967844   7447.199193639381   7445.601190531827
0.021196333277324068   7371.930242843195   7370.195670198332
0.02181771324555934   7288.858342447012   7286.977850757469
0.022457309244835088   7198.106789027208   7196.072675786908
0.02311565528622961   7099.8345657870195   7097.640925890295
0.023793301035594242   6994.240141040847   6991.883079103537
0.024490812272480036   6881.617451325845   6879.096636862421
0.025208771362518027   6762.316312400163   6759.635571502618
0.0259477777436476   6636.7090583217805   6633.876147084572
0.02670844842659881   6505.250773536887   6502.277665770257
0.027491418510046592   6368.50389442807   6365.407264931369
0.028297341710866907   6227.039308748272   6223.840123199279
0.029126890909937666   6081.455562231092   6078.1788498145
0.029980758713939952   5932.506616060283   5929.1824208565195
0.030859658033628758   5780.97101310923   5777.634152313451
0.031764322679055976   5627.592920643742   5624.2821724201785
0.03269550797224261   5473.196315621467   5469.953070415471
0.033653991377811755   5318.678224461636   5315.545191732965
0.03464057315210884   5164.867373135382   5161.888008317906
0.03565607701135116   5012.585386365405   5009.802033518336
0.036701350819364466   4862.819559732842   4860.268214405689
0.03777726729548091   4716.502578507919   4714.212254064565
0.038884724743189276   4574.447994260007   4572.441241214831
0.04002464780014597   4437.26113644726   4435.5520951980025
0.041197988210172884   4305.38312742471   4303.976468579934
0.04240572561788674   4179.186970501088   4178.0790124407085
0.04364886838662332   4059.1465035473107   4058.318028319565
0.04492845444033957   3946.0677642491646   3945.465154260814
0.04624555213019635   3840.7165174883976   3840.2525042225698
0.04760126112654554   3743.5935116990945   3743.1526626140812
0.04899671333706607   3654.0702656688572   3653.52351240451
0.05043307385181555   3571.1667113197354   3570.376719149543
0.05191154191598653   3493.9901840918396   3492.811865769002
0.053433351931179485   3421.73194116443   3420.0142091176963
0.05499977448602865   3353.6512881401445   3351.237913476477
0.05661211741704101   3288.9436673092214   3285.6780021708223
0.05827172690053434   3226.4778843667787   3222.217267547008
0.05997998857658587   3165.1145952326865   3159.7343456909443
0.06173832870592997   3103.5117272126754   3096.927970255961
0.0635482153607709   3040.1533631540833   3032.3444422693146
0.06541115965050462   2973.5447544973235   2964.5661620342285
0.06732871698337338   2902.069696291157   2892.0942535351082
0.06930248836510605   2824.311757973094   2813.629960740928
0.07133412173562886   2739.335580133787   2728.353734313335
0.07342531334496233   2646.5987380410193   2635.827183810066
0.07557780916945323   2546.350544933909   2536.4070782562803
0.07779340636952398   2439.3528219026157   2430.9345268978727
0.08007395479015682   2327.157897072735   2320.951752248931
0.08242135850536496   2211.6659884813307   2208.301948564558
0.08483757740794096   2095.133752475099   2095.165574426579
0.08732462884580919   1979.8608819740273   1983.725919444533
0.08988458930634863   1868.2400877407006   1876.186673208032
0.09251959615009227   1762.6611627002515   1774.7173171350971
0.09523184939525078   1665.3951758038272   1681.3636337330436
0.09802361355455057   1578.2630772406121   1597.656321960577
0.10089721952591899   1502.6693724396982   1524.6656408930467
0.10385506653859616   1438.9450893033754   1462.5553049375117
0.10689962415629803   1386.6087478462393   1410.781955601555
0.11003343433910281   1343.9518723254243   1367.6440206925774
0.11325911356578279   1308.6333424929032   1330.9002510644304
0.11657935501835284   1277.6124115155926   1297.8259353762198
0.11999693083066039   1247.6738812922042   1265.6108975980976
0.12351469440289359   1215.6199963904203   1231.5299680533337
0.12713558278394044   1178.7094426971023   1193.3531998557478
0.13086261912358757   1135.1121472638754   1149.7188704092753
0.13469891519660646   1084.2092897619998   1100.343081561073
0.13864767400083483   1026.7923681931043   1046.1013882914272
0.14271219243142114   964.8607329369177   988.7304463617318
0.14689586403346616   901.3946797130735   930.7245529340016
0.1512021818353596   840.0253106839134   875.0408696211969
0.15563474126517718   784.4609079121349   824.4646990944437
0.16019724315257297   737.4430520158318   781.0229678874688
0.1648934968186736   699.8912411963433   745.1373785450817
0.1697274232565544   670.8869727069397   715.8268795394235
0.17470305840495237   648.264539268531   691.3165030326248
0.17982455651794954   629.1087287792475   669.3163073614016
0.18509619363343993   609.9536202884341   647.3113463878011
0.19052237114327647   587.4624726265339   623.071599608849
0.19610761946807834   559.8312099011272   595.5670325231868
0.20185660183976684   527.5890357472393   565.395176047835
0.20777411819498756   492.9755832111302   534.2020576868553
0.21386510918267082   458.9920496994411   504.065680920747
0.22013466028907505   428.5756446644347   476.7032920948913
0.22658800608375756   403.6714084402769   453.2870057156654
0.23323053459001789   384.3356725712612   433.48006948388667
0.2400677917834628   368.9472603893843   416.26099676935553
0.24710548622244882   354.86266984188967   399.9525845729183
0.25434949381426813   339.4187989001499   383.0617480086069
0.2618058627210567   321.41091897749067   365.1874454915044
0.2694808184095226   301.52715166287413   346.76605643020406
0.27738076884870827   281.56744246178425   328.820458240524
0.2855123098601282   263.59418575142763   312.26743583216586
0.29388223062474755   248.7670728969515   297.70922739275665
0.3024975193514008   236.60756460351186   284.5216667341551
0.31136536911138296   225.61011419825903   272.1880803732834
0.3204931838440838   214.22417223123938   259.98087172863126
0.32988858453867975   201.8323212114153   247.73251760107274
0.3395594155970457   189.14752550239155   235.73135904608202
0.34951375138319807   177.35589085756402   224.46108544243677
0.3597599029647371   167.13936543705756   214.09807529342052
0.37030642505191835   158.2596159092938   204.47724759438518
0.3811621231401457   149.83931110547127   195.2823931108259
0.3923360608618501   141.24813733160408   186.37218650349578
0.4038375675538918   132.61847936941282   177.7482642778033
0.41567624604680364   124.50403967635533   169.57964101138236
0.42786198068238046   117.24029772907203   161.93607481174337
0.4404049455663077   110.61346706817972   154.71506178776553
0.4533156130627191   104.22090554138603   147.81458701201151
0.4666047625377753   97.93009308304845   141.19594272510415
0.4802834893595659   91.95747071567969   134.90341247804915
0.49436321416184764   86.46721434583579   128.96218921190263
0.5088556923793517   81.3696740483695   123.3330022678036
0.5237730240626238   76.48953738496279   117.95919831287475
0.5391276639805903   71.81504693762824   112.84238566763452
0.5549324320192869   67.43604903013906   107.98830713758505
0.5712005238854289   63.35517592012082   103.38419515986307
0.5879455221237613   59.496608092144555   99.00470340313268
0.6051814074573895   55.83332152098194   94.83497135093643
0.622922570460556   52.391456659799296   90.87509214107328
0.6411838235736077   49.16623059980266   87.1131922518739
0.6599804134701901   46.129197133448585   83.53570248715403
0.6793280337869897   43.266795521894515   80.13294566355165
0.6992428382266549   40.570677316162936   76.89583261372788
0.7197414540448374   38.0327138350564   73.81577051004601
0.7408409959326054   35.64501012646767   70.88463513227221
0.7625590803058332   33.399916186354666   68.09474470266481
0.7849138400134885   31.29003566126216   65.43883520044996
0.8079239394770964   29.308229137562716   62.91003386405685
0.8316085902740278   27.44740414806185   60.50161022980572
0.8559875671776167   25.700448857196886   58.206849127111376
0.8810812246675007   24.060623290523708   56.019420570025254
0.9069105139239728   22.521575811103432   53.933390284243586
0.9334970003205227   21.077321130260202   51.94319253435219
0.960862881429187   19.722219557229295   50.043604972798484
0.9890310055537336   18.450957417308533   48.229725349470584
1.0180248908061487   17.25853073635296   46.49694070784027
1.047868744742366   16.140270075121563   44.840720091664636
1.0785874845736239   15.091808750676352   43.25663437585322
1.1102067579703248   14.109018787466978   41.74054182649221
1.1427529644757777   13.187997576004449   40.28857517472075
1.1762532775476793   12.325057059059501   38.8971216829593
1.210735667245765   11.516713320206517   37.56280481929407
1.246228923584555   10.759676569084231   36.28246739922626
1.2827626805706884   10.050840427705564   35.05313811514151
1.3203674409449337   9.387263932032946   33.87186481211046
1.3590746016495152   8.766170005818926   32.73580122649153
1.3989164800420282   8.184943301103116   31.642299962917466
1.4399263408778291   7.641121489644502   30.588899205678167
1.4821384240834183   7.132386905915486   29.573309390283754
1.525587973344019   6.656558603035222   28.59340098191669
1.5703112655292182   6.211584804361323   27.647193257244965
1.6163456409812174   5.795535839657872   26.732835301090674
1.6637295346910133   5.406597716312905   25.84856269522399
1.7125025083885144   5.04306516849837   24.992724478176225
1.7627052835733923   4.703335358906694   24.163790025394608
1.814379775514258   4.385902096870782   23.360340993299474
1.8675691282445197   4.089350355164585   22.581063876980604
1.922317750584177   3.8123510720144593   21.824743129090166
1.9786713532176083   3.5536562248905383   21.0902547893371
2.0366769868582977   3.3120937485994735   20.376563910290283
2.0963830815323896   3.086562546986819   19.682724411937123
2.1578394870138577   2.8760295122326007   19.007865116707343
2.2210975144450407   2.679525731048303   18.35118329252289
2.286209979177315   2.496142675892161   17.71194027401969
2.3532312448676476   2.3250286088489878   17.089457346032386
2.4222172688678643   2.1653851872653744   16.48311186343603
2.4932256489445366   2.0164642728637507   15.892335080771264
2.5663156713684585   1.8775656470998479   15.316702979610225
2.641548360413907   1.7480343294179166   14.755971776197379
2.7189865293089923   1.6272565817336253   14.209917730864904
2.798694832679631   1.5146573381416575   13.678321526697964
2.8807398205309562   1.40969789525958   13.160967728271034
2.9651899938111903   1.311873730304699   12.657644270822033
3.05211586160442   1.220712440643442   12.168141979542417
3.1415899999999994   1.1357716626516887   11.692249582482843
