0.01   1951.817098382202   1951.7351701103933
0.010293154462191829   1969.3006281694516   1969.217870758538
0.010594902878253955   1985.900789132626   1985.81744545656
0.010905497183778876   2001.558745441924   2001.4749338056129
0.011225196699963396   2016.215848427029   2016.1315569850444
0.011554268350120923   2029.8126863257667   2029.7278376427582
0.011892986882540897   2042.2880952523528   2042.2026804051573
0.012241635099881474   2053.5815011920663   2053.495597589606
0.012600504095286909   2063.632944715764   2063.5467048216206
0.012969893495426888   2072.3799510791755   2072.2935069324803
0.013350111710660605   2079.7599603155536   2079.6733795376463
0.013741476192534558   2085.7123601801404   2085.625645190291
0.014144313698828986   2090.17675674689   2090.0898742644385
0.01455896056637426   2093.09236511958   2093.005289916482
0.014985762991865008   2094.401240616609   2094.3139592661705
0.01542507732090645   2094.048110351688   2093.9606158700863
0.015877270345534218   2091.9773826879987   2091.8896457675833
0.016342719610456153   2088.1364680884058   2088.0484282102225
0.016821813728271667   2082.4775374483643   2082.389103392008
0.017314952703931925   2074.9564908026455   2074.8675362328822
0.017822548268711737   2065.533320964033   2065.4436800649405
0.01834502422397195   2054.1741580944054   2054.0836272424003
0.018882816794999403   2040.8517216856815   2040.7600549016277
0.019436374995219892   2025.5455608554762   2025.4524476304396
0.02000616100108813   2008.2426255750934   2008.147689558074
0.020592650537967844   1988.937887943976   1988.84069624224
0.021196333277324068   1967.6378359929931   1967.5379666914487
0.02181771324555934   1944.3598439659138   1944.2569382997235
0.022457309244835088   1919.1295981794528   1919.0233630508346
0.02311565528622961   1891.9852971192151   1891.8755140247943
0.023793301035594242   1862.9840425573907   1862.870588532494
0.024490812272480036   1832.1919679824184   1832.074816310895
0.025208771362518027   1799.6840224661078   1799.5632519542241
0.0259477777436476   1765.5603575330122   1765.4362788062433
0.02670844842659881   1729.9365628417495   1729.8097769906508
0.027491418510046592   1692.9317032663428   1692.803077202923
0.028297341710866907   1654.6831644213091   1654.5538348759499
0.029126890909937666   1615.3580217798178   1615.2294219085572
0.029980758713939952   1575.1232385556798   1574.9970642768888
0.030859658033628758   1534.1475193816866   1534.0256918449877
0.031764322679055976   1492.6364561675766   1492.5211075167776
0.03269550797224261   1450.8020797872437   1450.6955209582018
0.033653991377811755   1408.8429201656895   1408.7475965176193
0.03464057315210884   1366.9708929381982   1366.8892805546654
0.03565607701135116   1325.417688797771   1325.3521806424003
0.036701350819364466   1284.3947001813244   1284.3475887024933
0.03777726729548091   1244.101051239079   1244.0744505360456
0.038884724743189276   1204.7635171125808   1204.7590264638663
0.04002464780014597   1166.595362045821   1166.614022433766
0.041197988210172884   1129.7802103127542   1129.8225652285641
0.04240572561788674   1094.4567807579024   1094.5226417538636
0.04364886838662332   1060.7236272814723   1060.8118689318949
0.04492845444033957   1028.6615974297029   1028.77027326411
0.04624555213019635   998.3508484784043   998.4769698509494
0.04760126112654554   969.9050534122722   970.0435763277113
0.04899671333706607   943.4313037300063   943.575124648114
0.05043307385181555   918.9937455631128   919.1340200531149
0.05191154191598653   896.401363663947   896.528547070666
0.053433351931179485   875.354434474526   875.458771363819
0.05499977448602865   855.5811340623048   855.6526583062731
0.05661211741704101   836.8525652818595   836.8810951478044
0.05827172690053434   818.9688885571314   818.9440450280792
0.05997998857658587   801.722029710936   801.633535675333
0.06173832870592997   784.8148442478268   784.6537033316644
0.0635482153607709   767.9437044419739   767.7025663583546
0.06541115965050462   750.7688095050505   750.4433761342035
0.06732871698337338   732.9032038950743   732.4939476501452
0.06930248836510605   713.9893043108492   713.5019303621716
0.07133412173562886   693.6888625218269   693.136022532343
0.07342531334496233   671.7297754506083   671.1309264470592
0.07557780916945323   648.0229424292951   647.4039158591855
0.07779340636952398   622.5996335913237   621.9915526164889
0.08007395479015682   595.678099917698   595.1158969784709
0.08242135850536496   567.5931076097049   567.1135169249137
0.08483757740794096   538.8179431447867   538.4544389743539
0.08732462884580919   509.87777348256094   509.65788728164944
0.08988458930634863   481.32854784414076   481.27310050411126
0.09251959615009227   453.70629555582883   453.828070416683
0.09523184939525078   427.5580852396083   427.8576417187505
0.09802361355455057   403.3900535143286   403.85327663873267
0.10089721952591899   381.6645526382353   382.2607300113861
0.10385506653859616   362.6718115414636   363.3554634937118
0.10689962415629803   346.53788821533846   347.2492591194681
0.11003343433910281   333.12724155929635   333.8000873763278
0.11325911356578279   322.07124403513194   322.6395907081718
0.11657935501835284   312.7929294571743   313.19981940340585
0.11999693083066039   304.6019084969383   304.8062554766396
0.12351469440289359   296.7399927434412   296.72610008196006
0.12713558278394044   288.4831773867044   288.26493307594086
0.13086261912358757   279.1984892284701   278.8210894072633
0.13469891519660646   268.47165258900213   268.0071716996798
0.13864767400083483   256.1603488616449   255.70359380344388
0.14271219243142114   242.4318467296725   242.09171708021051
0.14689586403346616   227.72331035192198   227.59508938476156
0.1512021818353596   212.67756676911392   212.82896947107014
0.15563474126517718   198.0801074221925   198.53908754811002
0.16019724315257297   184.75866246795772   185.49874046075675
0.1648934968186736   173.3600272924938   174.30303978123004
0.1697274232565544   164.12190863609908   165.1534282932165
0.17470305840495237   156.849698217358   157.8506075093768
0.17982455651794954   151.05783740670756   151.92752885217007
0.18509619363343993   146.1175224597149   146.7902807823219
0.19052237114327647   141.2977398501278   141.76639921620458
0.19610761946807834   135.8631885169054   136.19413267561043
0.20185660183976684   129.37360319106855   129.69883995544066
0.20777411819498756   121.90895578877812   122.36028957870319
0.21386510918267082   113.94165497834297   114.62066212880285
0.22013466028907505   106.08389681529789   107.0340609063313
0.22658800608375756   98.96056674518626   100.14604309124286
0.23323053459001789   93.0036321543937   94.32079609989705
0.2400677917834628   88.2604137881317   89.58953844878286
0.24710548622244882   84.41671669209148   85.64760024591484
0.25434949381426813   80.94306590224502   82.03925791180055
0.2618058627210567   77.27777957703472   78.28802236033711
0.2694808184095226   73.13084631195534   74.1586078500359
0.27738076884870827   68.61922158438033   69.76555222271142
0.2855123098601282   64.08684729957218   65.40303604722872
0.29388223062474755   59.93642922957976   61.39195285340163
0.3024975193514008   56.42851574253539   57.93886780568799
0.31136536911138296   53.497358052867526   54.974341012669804
0.3204931838440838   50.85763831699744   52.26071255853664
0.32988858453867975   48.205826802401724   49.568023132258446
0.3395594155970457   45.393901708238054   46.78050573176057
0.34951375138319807   42.53373173981878   43.9956562898323
0.3597599029647371   39.84859373379072   41.382962650949665
0.37030642505191835   37.474629559096364   39.031111969717884
0.3811621231401457   35.38610200061873   36.91622650444287
0.3923360608618501   33.42855033878532   34.92415476218617
0.4038375675538918   31.47501240076032   32.96577949230761
0.41567624604680364   29.53366359754696   31.049478991013846
0.42786198068238046   27.697373392643026   29.238973936485827
0.4404049455663077   26.030828842795575   27.57369604095849
0.4533156130627191   24.50492307758728   26.028363346843058
0.4666047625377753   23.050934621608118   24.558738408492108
0.4802834893595659   21.636634941624003   23.145068104489024
0.49436321416184764   20.293379599232686   21.80547116199418
0.5088556923793517   19.04909174151199   20.554533185004367
0.5237730240626238   17.89280977411477   19.383226863408673
0.5391276639805903   16.794883004381937   18.272550941166102
0.5549324320192869   15.74885166261945   17.219306205883576
0.5712005238854289   14.766839354056113   16.227701145822802
0.5879455221237613   13.850045480872978   15.296614306398485
0.6051814074573895   12.986753017063677   14.418521242032398
0.622922570460556   12.17035505414553   13.588744612840523
0.6411838235736077   11.403361419011429   12.80728340627304
0.6599804134701901   10.684328762845148   12.072124332585668
0.6793280337869897   10.008104165741644   11.379347354110878
0.6992428382266549   9.372492239170045   10.72672568649484
0.7197414540448374   8.77538222216171   10.112113699630994
0.7408409959326054   8.214600879917425   9.533370603776694
0.7625590803058332   7.688084678959886   8.988466067977106
0.7849138400134885   7.193875309123561   8.475475589245212
0.8079239394770964   6.730115269962079   7.992575930719388
0.8316085902740278   6.295043566659191   7.538040663268594
0.8559875671776167   5.886991516991052   7.110235818399293
0.8810812246675007   5.5043760131285335   6.707615978984895
0.9069105139239728   5.145691563367994   6.3287206728589815
0.9334970003205227   4.8095143716036795   5.972169460172041
0.960862881429187   4.494499820825507   5.636657929788651
0.9890310055537336   4.199378478288588   5.320954017265253
1.0180248908061487   3.922952272661576   5.023894450110079
1.047868744742366   3.6640908378861217   4.744381321177644
1.0785874845736239   3.421728021891239   4.481378792638206
1.1102067579703248   3.194858860714796   4.233910137354307
1.1427529644757777   2.9825365329997426   4.001054805751017
1.1762532775476793   2.783868698432215   3.7819450983838436
1.210735667245765   2.5980145631096048   3.5757633433665332
1.246228923584555   2.42418214728813   3.3817392399771347
1.2827626805706884   2.2616256794939966   3.1991473188125994
1.3203674409449337   2.109643112533492   3.027304515904911
1.3590746016495152   1.967573746886544   2.8655677831483786
1.3989164800420282   1.834795696512476   2.7133297636519584
1.4399263408778291   1.710723796125832   2.570016911665714
1.4821384240834183   1.5948079386275258   2.4350902564405246
1.525587973344019   1.4865311313154195   2.308043523416223
1.5703112655292182   1.3854076294977986   2.188401203121756
1.6163456409812174   1.290981165718371   2.0757167269174404
1.6637295346910133   1.202823270406579   1.9695707444645782
1.7125025083885144   1.1205316687998133   1.8695692283908325
1.7627052835733923   1.0437286366381033   1.7753385519490295
1.814379775514258   0.9720596565978606   1.6865258313733187
1.8675691282445197   0.9051921898545243   1.6028005736640203
1.922317750584177   0.8428143874408691   1.5238532908251448
1.9786713532176083   0.7846338689434305   1.4493941340321348
2.0366769868582977   0.7303765682812962   1.3791516176032326
2.0963830815323896   0.679785643255927   1.3128714268819135
2.1578394870138577   0.6326204266768328   1.250314559582218
2.2210975144450407   0.588655337267834   1.1912515124457561
2.286209979177315   0.5476790786806452   1.13546542733458
2.3532312448676476   0.5094938461711437   1.0827540635696795
2.4222172688678643   0.4739145009666005   1.0329287578585358
2.4932256489445366   0.4407677920592659   0.9858134468852533
2.5663156713684585   0.409891623331521   0.9412437646103442
2.641548360413907   0.38113436355574704   0.8990662082607636
2.7189865293089923   0.3543542477456481   0.8591364374026726
2.798694832679631   0.32941892364654457   0.8213154622343131
2.8807398205309562   0.30620465469059   0.7854727066446102
2.9651899938111903   0.2845957140593976   0.7514866692051756
3.05211586160442   0.2644838904303476   0.7192442320409345
3.1415899999999994   0.24576802225680863   0.6886400265245652
