0.01   107.78443817049117   107.78443906107807
0.010293154462191829   108.77140040075903   108.77140107882796
0.010594902878253955   109.70736504483172   109.70736633386834
0.010905497183778876   110.58868763070973   110.58868975750238
0.011225196699963396   111.41169170151908   111.4116941650296
0.011554268350120923   112.17270480466422   112.17270646136765
0.011892986882540897   112.86793098314736   112.86793093132975
0.012241635099881474   113.4935448804062   113.49354292225162
0.012600504095286909   114.04578887200864   114.04578553108732
0.012969893495426888   114.52090891605087   114.52090519116138
0.013350111710660605   114.91511524443338   114.91511217749398
0.013741476192534558   115.22473331079026   115.22473194100868
0.014144313698828986   115.44617740056638   115.44617867755686
0.01455896056637426   115.57563279604291   115.57563705117413
0.014985762991865008   115.6093257543977   115.60933248977786
0.01542507732090645   115.54370900187773   115.54371690119658
0.015877270345534218   115.375432722541   115.37544012977581
0.016342719610456153   115.10135467968055   115.10136023646378
0.016821813728271667   114.71864572520734   114.71864841960263
0.017314952703931925   114.22476942186223   114.22476855242451
0.017822548268711737   113.61729663089005   113.61729162135732
0.01834502422397195   112.89412984502725   112.89412019009266
0.018882816794999403   112.05362178909326   112.05360704743198
0.019436374995219892   111.09471326389377   111.09469281777979
0.02000616100108813   110.01696078472557   110.01693359591768
0.020592650537967844   108.82043937317472   108.82040399515223
0.021196333277324068   107.50582636731531   107.50578104919303
0.02181771324555934   106.07460745031798   106.0745504427971
0.022457309244835088   104.52886545858588   104.52879509585217
0.02311565528622961   102.8712602408489   102.87117498978428
0.023793301035594242   101.10571253809168   101.10561160452411
0.024490812272480036   99.23722037078004   99.23710416004725
0.025208771362518027   97.27120374018435   97.27107379157962
0.0259477777436476   95.2139790408369   95.21383776876671
0.02670844842659881   93.07364792053126   93.07349805384082
0.027491418510046592   90.85869254287901   90.85853699064613
0.028297341710866907   88.57781050612725   88.57765236486561
0.029126890909937666   86.24177085501219   86.24161397195878
0.029980758713939952   83.86241068306373   83.86225994148033
0.030859658033628758   81.45107461602204   81.45093578037172
0.031764322679055976   79.01969717747339   79.01957689678112
0.03269550797224261   76.58202297971991   76.58192897630941
0.033653991377811755   74.15101864406581   74.15095955019369
0.03464057315210884   71.73892019533987   71.73890520493983
0.03565607701135116   69.3606975170087   69.36073495568328
0.036701350819364466   67.0316220601227   67.0317187730509
0.03777726729548091   64.76501849839615   64.76517999521602
0.038884724743189276   62.571640629493395   62.57187117826763
0.04002464780014597   60.45937582710104   60.459678506417
0.041197988210172884   58.43468323161305   58.43506009432977
0.04240572561788674   56.50400981127357   56.50446142690556
0.04364886838662332   54.680217372507755   54.68073892224299
0.04492845444033957   52.977288506987634   52.9778688917042
0.04624555213019635   51.40664540693535   51.40726816989827
0.04760126112654554   49.967020822118485   49.967665728923386
0.04899671333706607   48.64699405703907   48.647638276214934
0.05043307385181555   47.43585628800411   47.4364745636445
0.05191154191598653   46.32307009216626   46.32363454245004
0.053433351931179485   45.298266645296344   45.29874657334876
0.05499977448602865   44.351354526599444   44.35171668699569
0.05661211741704101   43.46767378314303   43.46788401507824
0.05827172690053434   42.63091954095809   42.630943640118254
0.05997998857658587   41.82357585667852   41.82338145962993
0.06173832870592997   41.02380219071379   41.023363046173515
0.0635482153607709   40.209876905439764   40.20917427283041
0.06541115965050462   39.35650402233303   39.355532112919654
0.06732871698337338   38.43838743893727   38.437156000973495
0.06930248836510605   37.433531535425935   37.4320711511788
0.07133412173562886   36.323788264131515   36.322153529386696
0.07342531334496233   35.099113795762904   35.09737853243006
0.07557780916945323   33.758076541966176   33.7563280831231
0.07779340636952398   32.309822400790736   32.308160757072
0.08007395479015682   30.773127804066696   30.771663167583547
0.08242135850536496   29.174401507192634   29.173239523400355
0.08483757740794096   27.544496666235133   27.543728686448507
0.08732462884580919   25.918168818519927   25.91787133734979
0.08988458930634863   24.331321814452824   24.33154755892648
0.09251959615009227   22.822360337068353   22.823119401930228
0.09523184939525078   21.42507589462734   21.42633547590581
0.09802361355455057   20.171752072569642   20.173430155186846
0.10089721952591899   19.08434191701496   19.086310172933427
0.10385506653859616   18.173656079364154   18.175735772870887
0.10689962415629803   17.435466262373154   17.43745392614247
0.11003343433910281   16.852166776953535   16.85385540906247
0.11325911356578279   16.392313300006514   16.393507262321098
0.11657935501835284   16.01663519614349   16.017170042467754
0.11999693083066039   15.678373661489863   15.678155161087636
0.12351469440289359   15.329331374779267   15.328354053073358
0.12713558278394044   14.924138565132246   14.922497065386072
0.13086261912358757   14.427413095275517   14.425301118942802
0.13469891519660646   13.820686349124196   13.818377388736534
0.13864767400083483   13.105114544752551   13.102939034647465
0.14271219243142114   12.30201975573955   12.300321218219015
0.14689586403346616   11.451115858060462   11.450154607150532
0.1512021818353596   10.606238036967913   10.60615357226154
0.15563474126517718   9.825186631373754   9.825958372069529
0.16019724315257297   9.155064132676111   9.156475750686365
0.1648934968186736   8.61959153153751   8.621283629846463
0.1697274232565544   8.216163983115592   8.217749949847883
0.17470305840495237   7.922155702947471   7.923231609979935
0.17982455651794954   7.700075652910129   7.700355260597738
0.18509619363343993   7.499091995102133   7.498471218910114
0.19052237114327647   7.264383119190866   7.262996879222012
0.19610761946807834   6.957779982991786   6.955992740206597
0.20185660183976684   6.57283044586963   6.571156594855967
0.20777411819498756   6.131955286150707   6.130810791167969
0.21386510918267082   5.676521747200444   5.676154442099221
0.22013466028907505   5.254927121392552   5.255315661010161
0.22658800608375756   4.9056178762149   4.9064458397264215
0.23323053459001789   4.641741281297591   4.642563186240397
0.2400677917834628   4.449167825664287   4.449516949506251
0.24710548622244882   4.292493313159713   4.292132616431785
0.25434949381426813   4.127924234675248   4.126940153334154
0.2618058627210567   3.9261684840261672   3.924925181222491
0.2694808184095226   3.685228530104528   3.68418823151402
0.27738076884870827   3.426370519451416   3.4258575546534207
0.2855123098601282   3.1835022572124227   3.183511092121786
0.29388223062474755   2.9831893030564234   2.983439866303863
0.3024975193514008   2.8284099858027587   2.82845905001569
0.31136536911138296   2.7012244349464014   2.700826135602068
0.3204931838440838   2.574879022231578   2.5740888873955736
0.32988858453867975   2.4313237498937434   2.4304541171141416
0.3395594155970457   2.273925743560782   2.2732901724950376
0.34951375138319807   2.120541386307467   2.120226821751614
0.3597599029647371   1.9877423374850445   1.9875716138926023
0.37030642505191835   1.8785481476504902   1.878229364689534
0.3811621231401457   1.7812534291405404   1.7806681216336546
0.3923360608618501   1.681934868550395   1.6812216531362956
0.4038375675538918   1.577283164415474   1.5766532227695107
0.41567624604680364   1.4750106701633736   1.4745456431370128
0.42786198068238046   1.3840170943080765   1.3836051458344916
0.4404049455663077   1.3045698124930813   1.3040540271500285
0.4533156130627191   1.2299461505784557   1.2293090016999078
0.4666047625377753   1.1549993379928258   1.1543590009168907
0.4802834893595659   1.0817362624787241   1.0811706365211398
0.49436321416184764   1.0144921309411479   1.013950921666708
0.5088556923793517   0.9537344533351243   0.953139187243279
0.5237730240626238   0.8962013771616146   0.8955559708276493
0.5391276639805903   0.8402256803287135   0.8395913746193289
0.5549324320192869   0.7872881160760735   0.7866783143539336
0.5712005238854289   0.7385466143629995   0.7379197550223409
0.5879455221237613   0.6929594976344969   0.6923043154754671
0.6051814074573895   0.6494193496489726   0.6487622627418245
0.622922570460556   0.6083216610916734   0.6076708983148632
0.6411838235736077   0.570071129485326   0.5694094795836034
0.6599804134701901   0.5342076056823603   0.533531843075824
0.6793280337869897   0.5004131632914076   0.49972830052287043
0.6992428382266549   0.46859496078516816   0.46790477703107525
0.7197414540448374   0.43866702646208944   0.43797402927940515
0.7408409959326054   0.4105434366188788   0.409849109341239
0.7625590803058332   0.38413885684959703   0.38344387205215724
0.7849138400134885   0.35936899313667137   0.3586733961746747
0.8079239394770964   0.3361465976448751   0.33545016431218666
0.8316085902740278   0.3143779348953001   0.3136806858223162
0.8559875671776167   0.29397355703861017   0.2932757723193916
0.8810812246675007   0.2748495340078544   0.27415170197655137
0.9069105139239728   0.2569271049886953   0.2562298775619785
0.9334970003205227   0.2401323527893005   0.2394365066795322
0.960862881429187   0.22439589953505903   0.2237023027059596
0.9890310055537336   0.20965263595745448   0.2089622189477277
1.0180248908061487   0.1958421450813613   0.19515588601567413
1.047868744742366   0.1829085515115143   0.18222746535833834
1.0785874845736239   0.17079914150727915   0.1701242562820014
1.1102067579703248   0.15946411728687807   0.15879645308541818
1.1427529644757777   0.14885645654127735   0.14819700833238544
1.1762532775476793   0.13893177702667991   0.1382815007501258
1.210735667245765   0.12964820619382378   0.1290080077542749
1.246228923584555   0.12096624905424026   0.12033697734660331
1.2827626805706884   0.1128485307825452   0.11223100353067969
1.3203674409449337   0.1052597292886997   0.10465475013744335
1.3590746016495152   0.0981666248925454   0.09757496625593512
1.3989164800420282   0.09153798929175713   0.0909603775870991
1.4399263408778291   0.08534447328740603   0.08478157763981238
1.4821384240834183   0.07955850032097238   0.07901092424746713
1.525587973344019   0.07415416555921642   0.07362244119577976
1.5703112655292182   0.0691071415839912   0.0685917281109249
1.6163456409812174   0.06439460111773468   0.06389590569816804
1.6637295346910133   0.05999512160986008   0.059513506763792655
1.7125025083885144   0.05588859304914133   0.055424368127117526
1.7627052835733923   0.05205614201495126   0.051609557045983606
1.814379775514258   0.04848005995724705   0.04805130177621488
1.8675691282445197   0.04514373530606427   0.04473292558492146
1.922317750584177   0.0420315892308277   0.041638784083813586
1.9786713532176083   0.03912901263206384   0.03875419692611304
2.0366769868582977   0.03642229640246731   0.03606534310268095
2.0963830815323896   0.03389859015100623   0.0335592587168688
2.1578394870138577   0.03154585800867459   0.031223814254703216
2.2210975144450407   0.029352829211027356   0.02904766279865475
2.286209979177315   0.027308951486111746   0.027020191207283318
2.3532312448676476   0.025404347130421227   0.02513147421777805
2.4222172688678643   0.023629771629001678   0.023372231305216307
2.4932256489445366   0.02197657847897396   0.021733792468343484
2.5663156713684585   0.02043669358449998   0.020208078616564304
2.641548360413907   0.01900256465478121   0.018787539014768814
2.7189865293089923   0.017667124260233813   0.01746511029204459
2.798694832679631   0.016423760253056027   0.01623418656981868
2.8807398205309562   0.015266287866524744   0.01508859128902603
2.9651899938111903   0.014188923407522702   0.014022550650025726
3.05211586160442   0.013186259444734984   0.013030668566215157
3.1415899999999994   0.012253227379857892   0.012107888283897635
