0.01   16660.5661505953   16654.417006537617
0.010293154462191829   16862.550574496185   16855.822812090668
0.010594902878253955   17058.480510846686   17051.121211782913
0.010905497183778876   17247.81325304321   17239.764523980157
0.011225196699963396   17429.98837422361   17421.187659234034
0.011554268350120923   17604.418831596275   17594.79953134101
0.011892986882540897   17770.512315031054   17760.003951217925
0.012241635099881474   17927.67017071131   17916.19813178856
0.012600504095286909   18075.25947941368   18062.74264615532
0.012969893495426888   18212.635954427973   18198.985834679133
0.013350111710660605   18339.15977965269   18324.28068335914
0.013741476192534558   18454.177467247842   18437.966876499268
0.014144313698828986   18557.018935044172   18539.367990979044
0.01455896056637426   18647.026035830306   18627.819964159517
0.014985762991865008   18723.54871861052   18702.666537481186
0.01542507732090645   18785.918821005747   18763.230583034216
0.015877270345534218   18833.482548403248   18808.849107474252
0.016342719610456153   18865.613839333753   18838.887494150866
0.016821813728271667   18881.695906157765   18852.719067692833
0.017314952703931925   18881.12884877808   18849.733133700014
0.017822548268711737   18863.355166394533   18829.362552099068
0.01834502422397195   18827.85972651884   18791.083599010908
0.018882816794999403   18774.164347975286   18734.410101095167
0.019436374995219892   18701.84629667239   18658.912942972103
0.02000616100108813   18610.547164804226   18564.229208497043
0.020592650537967844   18499.988538310223   18450.077119880963
0.021196333277324068   18369.97131899336   18316.255921525804
0.02181771324555934   18220.372446164318   18162.643390452176
0.022457309244835088   18051.17917762806   17989.233821735826
0.02311565528622961   17862.518913767835   17796.170992178635
0.023793301035594242   17654.606014365563   17583.688568340815
0.024490812272480036   17427.756597605614   17352.125172981894
0.025208771362518027   17182.508021786718   17102.050263652345
0.0259477777436476   16919.52737333727   16834.167234799384
0.02670844842659881   16639.550606251807   16549.249065729935
0.027491418510046592   16343.525969241584   16248.291328019457
0.028297341710866907   16032.6453187895   15932.545206396395
0.029126890909937666   15708.138159465672   15603.297376883324
0.029980758713939952   15371.336807893302   15261.936001898403
0.030859658033628758   15023.961096778607   14910.24236779588
0.031764322679055976   14667.794262234302   14550.05748719716
0.03269550797224261   14304.571570250837   14183.167562348217
0.033653991377811755   13936.26718771929   13811.595602772379
0.03464057315210884   13565.025967402566   13437.531522916532
0.03565607701135116   13192.852255379246   13063.015757101974
0.036701350819364466   12821.81824874752   12690.1371080583
0.03777726729548091   12454.47275642469   12321.42178493536
0.038884724743189276   12093.226858214412   11959.24868938986
0.04002464780014597   11740.2034323479   11605.706172461783
0.041197988210172884   11397.007501694483   11262.362153111071
0.04240572561788674   11064.871089268963   10930.41075012442
0.04364886838662332   10744.860218033231   10610.88025207357
0.04492845444033957   10438.493427956093   10305.164677202169
0.04624555213019635   10148.295136849601   10015.498300209698
0.04760126112654554   9876.624160623385   9743.956236493259
0.04899671333706607   9625.044159545963   9491.865695737411
0.05043307385181555   9392.453470131815   9258.01443718068
0.05191154191598653   9177.098195389228   9040.578487638139
0.053433351931179485   8977.337553597083   8837.851132468128
0.05499977448602865   8791.461033371817   8648.057981666212
0.05661211741704101   8617.831759585426   8469.502237383836
0.05827172690053434   8454.582319223719   8300.30639627792
0.05997998857658587   8299.076387035579   8137.942529951303
0.06173832870592997   8148.676497316513   7979.91025206653
0.0635482153607709   8000.2024808006845   7823.3309065885705
0.06541115965050462   7850.126044772672   7665.102468160508
0.06732871698337338   7694.783723233273   7502.107285820119
0.06930248836510605   7529.97223552692   7330.946505342458
0.07133412173562886   7351.820612688835   7148.597718838691
0.07342531334496233   7157.040095392797   6952.79882652543
0.07557780916945323   6943.115549513079   6741.995685558757
0.07779340636952398   6709.227986606676   6516.163482148836
0.08007395479015682   6455.804015409838   6276.255211166909
0.08242135850536496   6185.467394235721   6024.899054372317
0.08483757740794096   5901.974273651357   5765.57325683145
0.08732462884580919   5610.4837789347885   5503.001204167786
0.08988458930634863   5316.610105243709   5241.917429248363
0.09251959615009227   5026.429063162207   4986.861884876843
0.09523184939525078   4746.314467664746   4742.438757874929
0.09802361355455057   4482.392998408603   4513.028596608969
0.10089721952591899   4240.286458093243   4302.211270682671
0.10385506653859616   4024.897331285078   4112.781091151798
0.10689962415629803   3838.9986545564548   3945.9007787762066
0.11003343433910281   3683.6049361432506   3801.4160292337624
0.11325911356578279   3556.4744803075623   3676.7755108435817
0.11657935501835284   3453.446093522416   3568.2537742807635
0.11999693083066039   3367.8748279641545   3470.9204307349046
0.12351469440289359   3291.9893457296685   3379.4837670136717
0.12713558278394044   3217.3279179186525   3288.6407973229784
0.13086261912358757   3135.6217084364707   3193.7828769956723
0.13469891519660646   3040.0008925420916   3091.430842069348
0.13864767400083483   2925.965402756537   2979.775485056209
0.14271219243142114   2792.507612922069   2859.4724687456087
0.14689586403346616   2642.22568243338   2733.1094088920336
0.1512021818353596   2480.928916283265   2604.236485026381
0.15563474126517718   2316.9763632046916   2477.0876204415827
0.16019724315257297   2160.2924220437562   2356.8968800056314
0.1648934968186736   2020.4007652969747   2247.773741085199
0.1697274232565544   1903.7119468972694   2151.3637555263986
0.17470305840495237   1811.8112176003185   2067.775547362315
0.17982455651794954   1741.6905338148622   1994.572681157987
0.18509619363343993   1687.2037987916608   1927.8940632183833
0.19052237114327647   1640.1148984022925   1864.5145669802587
0.19610761946807834   1590.8482221090155   1801.136830324711
0.20185660183976684   1530.9217108247728   1735.5028193853277
0.20777411819498756   1456.6285775401604   1666.624278930111
0.21386510918267082   1370.399556751597   1596.2924657549952
0.22013466028907505   1278.8888670985823   1527.1493500160927
0.22658800608375756   1190.5416354986266   1461.2347471058665
0.23323053459001789   1113.3173422606703   1400.778776853843
0.2400677917834628   1051.6504174831337   1345.6979466134892
0.24710548622244882   1004.6196038373995   1295.6178538198885
0.25434949381426813   967.0276171465151   1248.7525621690127
0.2618058627210567   931.1448592519511   1203.47851876782
0.2694808184095226   890.0468369244381   1158.7207687758907
0.27738076884870827   841.4237620829807   1113.6712631904463
0.2855123098601282   788.0445526254455   1070.0004578700955
0.29388223062474755   735.4956877236629   1028.2292631468106
0.3024975193514008   689.5221474070983   988.8137040067783
0.31136536911138296   652.5282840235928   952.3648068078082
0.3204931838440838   622.3070230971724   917.499740297281
0.32988858453867975   594.1874928373754   884.5522982813933
0.3395594155970457   563.9274243863708   852.3624234134921
0.34951375138319807   530.5865511404602   821.0056986743542
0.3597599029647371   496.8761958429302   790.9801357225969
0.37030642505191835   466.26925276153474   762.4893700614222
0.3811621231401457   440.3313952268765   735.4982600673266
0.3923360608618501   417.7447990867855   709.8748901745877
0.4038375675538918   395.74112250580566   685.3266813942527
0.41567624604680364   372.8299637456712   661.521221119075
0.42786198068238046   349.88342299293316   638.6079720644996
0.4404049455663077   328.6973336147127   616.8104768472912
0.4533156130627191   309.99407461082836   596.0743561809244
0.4666047625377753   292.816781305443   576.2992397469203
0.4802834893595659   275.9295630899359   557.2646020924113
0.49436321416184764   259.23272711410385   538.9077913661852
0.5088556923793517   243.53503412003602   521.3422960906789
0.5237730240626238   229.24078771620776   504.63158164381446
0.5391276639805903   215.89810937300183   488.6015908483863
0.5549324320192869   202.993860984066   473.1560946220895
0.5712005238854289   190.6352900115207   458.28912481560167
0.5879455221237613   179.13350893247912   444.0488735545182
0.6051814074573895   168.4169103526829   430.40484054490724
0.622922570460556   158.22264014037586   417.2410373586562
0.6411838235736077   148.53020094308513   404.51953052568416
0.6599804134701901   139.46590831891592   392.36251242922975
0.6793280337869897   130.95264887794164   380.66553241679645
0.6992428382266549   122.91927967294752   369.35504225074095
0.7197414540448374   115.34410552625528   358.41449303780587
0.7408409959326054   108.20583323374599   347.82818581434685
0.7625590803058332   101.48363160177949   337.5812241198234
0.7849138400134885   95.15718237596006   327.6594694880918
0.8079239394770964   89.20672271246204   318.0494996588283
0.8316085902740278   83.61304284054903   308.7384312704002
0.8559875671776167   78.35663966378382   299.71048041925013
0.8810812246675007   73.41795699511137   290.9471693092596
0.9069105139239728   68.77848712101141   282.4312477045981
0.9334970003205227   64.42076632267897   274.14680414815
0.960862881429187   60.32831738875053   266.0791822482923
0.9890310055537336   56.48559525373955   258.21490407378434
1.0180248908061487   52.87793559204438   250.54159988138568
1.047868744742366   49.49152306466764   243.04803167505946
1.0785874845736239   46.31347494395993   235.72475236601463
1.1102067579703248   43.33168704970666   228.56357438522545
1.1427529644757777   40.53470143946661   221.55703433165758
1.1762532775476793   37.9116755083795   214.6983478956459
1.210735667245765   35.45235314726876   207.9813721689112
1.246228923584555   33.14703692719433   201.40056989986388
1.2827626805706884   30.986561299873813   194.9509754470332
1.3203674409449337   28.96225966206159   188.62839312002154
1.3590746016495152   27.065919714735344   182.43007003154227
1.3989164800420282   25.289788459490648   176.353825412628
1.4399263408778291   23.626557044626992   170.3977428137065
1.4821384240834183   22.069337222339456   164.5601506936759
1.525587973344019   20.611638915584454   158.8396034338616
1.5703112655292182   19.247348852369484   153.2348627445289
1.6163456409812174   17.97071022884778   147.74488425460464
1.6637295346910133   16.776303770667827   142.3695158963067
1.7125025083885144   15.659029605710804   137.110094465666
1.7627052835733923   14.614088845710349   131.96794795423924
1.814379775514258   13.636966885853887   126.94419774448289
1.8675691282445197   12.723417654606513   122.03976178323589
1.922317750584177   11.869448654776873   117.25535819121211
1.9786713532176083   11.071306762055693   112.59150928799032
2.0366769868582977   10.325464639342986   108.04857096285338
2.0963830815323896   9.62860549294552   103.62732066496915
2.1578394870138577   8.977611680183317   99.32887074998236
2.2210975144450407   8.369556247119286   95.15398373797805
2.286209979177315   7.801691969795026   91.10305965877154
2.3532312448676476   7.271440848176463   87.17615751608548
2.4222172688678643   6.776384175255636   83.37301680917417
2.4932256489445366   6.3142531526290595   79.69307899116845
2.5663156713684585   5.882920471558545   76.13554978796381
2.641548360413907   5.4803952478794065   72.69973694186567
2.7189865293089923   5.104812164027958   69.38482941589122
2.798694832679631   4.754421717109934   66.1897013463432
2.8807398205309562   4.427583415980702   63.11293921545151
2.9651899938111903   4.122759366843123   60.1528703045211
3.05211586160442   3.838508205998659   57.30759013524575
3.1415899999999994   3.5734793633435946   54.57498880922531
