0.01   5859.944015006273   5859.680764983747
0.010293154462191829   5911.713947303333   5911.445514118003
0.010594902878253955   5960.429635776863   5960.156612231033
0.010905497183778876   6005.8902069164105   6005.612688588249
0.011225196699963396   6047.895799567906   6047.613310048896
0.011554268350120923   6086.246374497534   6085.957968043171
0.011892986882540897   6120.729822601253   6120.434757312696
0.012241635099881474   6151.1325270114185   6150.830518980314
0.012600504095286909   6177.245715311467   6176.9369378134425
0.012969893495426888   6198.85899879096   6198.5436683662365
0.013350111710660605   6215.759908031637   6215.437776167266
0.013741476192534558   6227.744118308447   6227.41443759975
0.014144313698828986   6234.613713481032   6234.275293030016
0.01455896056637426   6236.166574201898   6235.81801832223
0.014985762991865008   6232.209511959123   6231.849290462173
0.01542507732090645   6222.563674623411   6222.190123562744
0.015877270345534218   6207.058391460086   6206.669534584796
0.016342719610456153   6185.533609920838   6185.127000934958
0.016821813728271667   6157.8489493414845   6157.4216894847395
0.017314952703931925   6123.884027409199   6123.432774836854
0.017822548268711737   6083.536670836571   6083.057613457972
0.01834502422397195   6036.728726687975   6036.217614074294
0.018882816794999403   5983.409035954297   5982.861254205797
0.019436374995219892   5923.560457047337   5922.971393536393
0.02000616100108813   5857.198892624619   5856.564197885435
0.020592650537967844   5784.369882780531   5783.685514408262
0.021196333277324068   5705.161321621655   5704.423701957247
0.02181771324555934   5619.718802344041   5618.925120253664
0.022457309244835088   5528.22003953095   5527.368293899421
0.02311565528622961   5430.876581604899   5429.965678679433
0.023793301035594242   5327.981928076158   5327.012563952482
0.024490812272480036   5219.8795039455845   5218.854529935252
0.025208771362518027   5106.930430784555   5105.854701372738
0.0259477777436476   4989.562655182873   4988.443411312779
0.02670844842659881   4868.300341268834   4867.147916490266
0.027491418510046592   4743.672040446445   4742.499581088082
0.028297341710866907   4616.22103908787   4615.044152063178
0.029126890909937666   4486.622527792727   4485.459163386352
0.029980758713939952   4355.574545424386   4354.4446635988925
0.030859658033628758   4223.734595031009   4222.659715684536
0.031764322679055976   4091.817861342954   4090.8206124312483
0.03269550797224261   3960.611896871178   3959.715596510597
0.033653991377811755   3830.834804002323   3830.0631261803287
0.03464057315210884   3703.1732691177654   3702.5493101514603
0.03565607701135116   3578.446653905208   3577.989816835703
0.036701350819364466   3457.4278794061747   3457.153390697025
0.03777726729548091   3340.7784503106895   3340.6977918224616
0.038884724743189276   3229.0128718131514   3229.132260212559
0.04002464780014597   3122.5157200962562   3122.8348724296543
0.041197988210172884   3021.601348063466   3022.1143717830455
0.04240572561788674   2926.60673872183   2927.2996006453122
0.04364886838662332   2838.084372701543   2838.9245855146414
0.04492845444033957   2756.5646413396175   2757.5012193024522
0.04624555213019635   2682.4117684207886   2683.378053707639
0.04760126112654554   2615.117273041992   2616.03839889682
0.04899671333706607   2553.804887089876   2554.6011908849828
0.05043307385181555   2497.68209425709   2498.2690298680122
0.05191154191598653   2446.045664242476   2446.3330288869774
0.053433351931179485   2398.261594863659   2398.153238088526
0.05499977448602865   2353.661592559631   2353.057563599861
0.05661211741704101   2311.255635476845   2310.0609596074
0.05827172690053434   2270.0160344653555   2268.1436101532217
0.05997998857658587   2228.7488742235805   2226.131235601709
0.06173832870592997   2186.044957444985   2182.649025436726
0.0635482153607709   2140.531866588507   2136.3659582361997
0.06541115965050462   2090.7562148156785   2085.89230876552
0.06732871698337338   2035.4262595860337   2030.0023361451517
0.06930248836510605   1973.728863624862   1967.9473867654717
0.07133412173562886   1905.226383423967   1899.346981528362
0.07342531334496233   1830.1233738690892   1824.4551581253895
0.07557780916945323   1749.0893763503873   1743.9766943381317
0.07779340636952398   1663.4068105103695   1659.203740106985
0.08007395479015682   1574.6794200123588   1571.7261029541978
0.08242135850536496   1484.7879168578502   1483.3762338520921
0.08483757740794096   1395.6675916583176   1396.022157184282
0.08732462884580919   1309.4016334918488   1311.659519007238
0.08988458930634863   1228.0700944249857   1232.251089821105
0.09251959615009227   1153.706377444447   1159.6888485854513
0.09523184939525078   1087.8766815939928   1095.39083840607
0.09802361355455057   1031.7502559882876   1040.3620321364815
0.10089721952591899   985.5967022684231   994.7715668475034
0.10385506653859616   948.9452013713255   958.0933612753863
0.10689962415629803   920.4173069063743   928.9526566965262
0.11003343433910281   898.1100270766739   905.5008212841097
0.11325911356578279   879.5563733085089   885.4355943543225
0.11657935501835284   862.0980673823921   866.3110409292703
0.11999693083066039   843.0005219077088   845.6506847782777
0.12351469440289359   819.8728559879316   821.380704684277
0.12713558278394044   791.0297064300145   792.099597001437
0.13086261912358757   755.7918261133503   757.313089308008
0.13469891519660646   714.6329840536745   717.5728758035713
0.13864767400083483   669.0966085541767   674.3354056930716
0.14271219243142114   621.6909661563351   629.8586823312156
0.14689586403346616   575.617419816665   586.9434311013607
0.1512021818353596   534.122269756334   548.2820763937543
0.15563474126517718   499.48247120318666   515.7164544157531
0.16019724315257297   472.45904685430054   489.734393936574
0.1648934968186736   452.45582621169365   469.64921900340346
0.1697274232565544   437.94435134976254   454.07960250855734
0.17470305840495237   426.6109718866331   441.072112003817
0.17982455651794954   415.4333938832365   428.1343530691494
0.18509619363343993   401.4948224769801   413.01929566409865
0.19052237114327647   383.23006999128836   394.64483653767405
0.19610761946807834   360.87815612645085   373.36649489348986
0.20185660183976684   336.0641911804579   350.5343995014534
0.20777411819498756   311.23866950763386   328.0437285416244
0.21386510918267082   289.02444344122955   307.7840673091801
0.22013466028907505   271.14342033275494   290.92396952673965
0.22658800608375756   257.81584798886576   277.5094903308951
0.23323053459001789   247.88913155488342   266.51644984248696
0.2400677917834628   239.18139661800996   256.41896211119115
0.24710548622244882   229.42479303869638   245.71935051141168
0.25434949381426813   217.52240919943208   233.70809305712393
0.2618058627210567   203.79452563660374   220.8797195035012
0.2694808184095226   189.62821790903115   207.9745498641065
0.27738076884870827   176.84219798432275   196.2077798133149
0.2855123098601282   166.4924496947816   186.13861114290114
0.29388223062474755   158.3432175195139   177.48062606061944
0.3024975193514008   151.25688472532747   169.5785086385828
0.31136536911138296   143.87599920951303   161.6259454449082
0.3204931838440838   135.58174078233594   153.40493569484076
0.32988858453867975   126.85478474248411   145.17276076430232
0.3395594155970457   118.64373495361347   137.41932202991097
0.34951375138319807   111.62369247978027   130.43901248474543
0.3597599029647371   105.69603609037132   124.14777370763113
0.37030642505191835   100.1680151466479   118.17384439609903
0.3811621231401457   94.46810392058161   112.29007034952099
0.3923360608618501   88.62475434636168   106.54449108842982
0.4038375675538918   83.07748298805052   101.09073558393915
0.41567624604680364   78.15491599624161   96.05641958563777
0.42786198068238046   73.74297253150512   91.36045688347774
0.4404049455663077   69.50070376392078   86.86735625027245
0.4533156130627191   65.28674511379454   82.55096897485294
0.4666047625377753   61.25144839970428   78.44158876038189
0.4802834893595659   57.55747876432535   74.58347909053415
0.49436321416184764   54.1590156485597   70.95412268300878
0.5088556923793517   50.90899139196504   67.49657507796377
0.5237730240626238   47.778547659310156   64.20223822791786
0.5391276639805903   44.84180387335508   61.089242854557746
0.5549324320192869   42.11764633172497   58.15026337206153
0.5712005238854289   39.54735511596521   55.363624685772095
0.5879455221237613   37.101493021308706   52.716395515938046
0.6051814074573895   34.803963716866264   50.213786754197436
0.622922570460556   32.65283360941525   47.84452047724374
0.6411838235736077   30.6272493118847   45.59948990212615
0.6599804134701901   28.71964634911797   43.47203012609674
0.6793280337869897   26.924136526337865   41.456019117932655
0.6992428382266549   25.23502328695671   39.54563768790997
0.7197414540448374   23.64680619182829   37.73535678157683
0.7408409959326054   22.154183946280344   36.01992508398843
0.7625590803058332   20.75205602777467   34.39435689058656
0.7849138400134885   19.435440245249996   32.853860205208065
0.8079239394770964   18.199351289854178   31.393729721250676
0.8316085902740278   17.039040613161774   30.00950172689396
0.8559875671776167   15.950029972502895   28.696972025118285
0.8810812246675007   14.928096535117247   27.45218047182842
0.9069105139239728   13.969258781002772   26.27139644714876
0.9334970003205227   13.069763162473194   25.151105203671566
0.960862881429187   12.226079802666217   24.087975728087798
0.9890310055537336   11.434914104958336   23.07879034362184
1.0180248908061487   10.693161621883332   22.12050611530363
1.047868744742366   9.997888085182561   21.210266822868117
1.0785874845736239   9.346321122080981   20.345390698010057
1.1102067579703248   8.735842294439875   19.523359014739608
1.1427529644757777   8.163979454278977   18.74180547089591
1.1762532775476793   7.628398212345189   17.998491888826088
1.210735667245765   7.126888946462456   17.291223151879933
1.246228923584555   6.657366593612354   16.617908854590883
1.2827626805706884   6.217867449068093   15.976595317731213
1.3203674409449337   5.8065425712763385   15.36545585207787
1.3590746016495152   5.421651502590731   14.782781670150802
1.3989164800420282   5.061556302679812   14.226973505380645
1.4399263408778291   4.72471593235618   13.69652756897225
1.4821384240834183   4.409681312664106   13.189971358266472
1.525587973344019   4.115089863447471   12.705893458869523
1.5703112655292182   3.8396603263392524   12.242978490540915
1.6163456409812174   3.582188197863013   11.800000443336785
1.6637295346910133   3.341541401652462   11.375816044789623
1.7125025083885144   3.1166561845660583   10.969358673726381
1.7627052835733923   2.906533217192378   10.579631060475226
1.814379775514258   2.7102337616399197   10.205672315778763
1.8675691282445197   2.526876252606027   9.846562225822867
1.922317750584177   2.3556331425959507   9.501444111789468
1.9786713532176083   2.1957277655904273   9.169521018397917
2.0366769868582977   2.04643136547321   8.850051374538165
2.0963830815323896   1.9070602861898014   8.542345011437003
2.1578394870138577   1.7769733037343385   8.24575907987187
2.2210975144450407   1.6555687354507602   7.959680590214467
2.286209979177315   1.5422821130460789   7.683522369050605
2.3532312448676476   1.4365844841813067   7.416738951444694
2.4222172688678643   1.3379802956291162   7.158824798715956
2.4932256489445366   1.2460053646963989   6.909311531047011
2.5663156713684585   1.1602249679355223   6.66776537641341
2.641548360413907   1.0802320455032766   6.433785063586205
2.7189865293089923   1.0056459120930656   6.2070219079397155
2.798694832679631   0.9361108269800013   5.987191290825516
2.8807398205309562   0.8712936941514455   5.774030164095435
2.9651899938111903   0.8108826114022738   5.5672914034470224
3.05211586160442   0.7545855859886683   5.366742809109371
3.1415899999999994   0.7021293229374497   5.172166165173374
