0.01   23541.95429331511   23531.587554130292
0.010293154462191829   23775.63873477059   23764.310363214783
0.010594902878253955   23999.05950222859   23986.684755245617
0.010905497183778876   24211.480725611847   24197.968595436858
0.011225196699963396   24412.130592961617   24397.38302792908
0.011554268350120923   24600.226160052498   24584.13789725159
0.011892986882540897   24774.98795594918   24757.44669468687
0.012241635099881474   24935.60946105186   24916.49495851299
0.012600504095286909   25081.25424446115   25060.43727783941
0.012969893495426888   25211.097220100204   25188.43990342975
0.013350111710660605   25324.318377949177   25299.67415106239
0.013741476192534558   25420.07059190732   25393.282883300624
0.014144313698828986   25497.520890760687   25468.423339533685
0.01455896056637426   25555.864583615323   25524.2816347017
0.014985762991865008   25594.289611076365   25560.033961596408
0.01542507732090645   25611.989967744055   25574.86082217609
0.015877270345534218   25608.205808891194   25567.990075570226
0.016342719610456153   25582.214111421352   25538.686744476596
0.016821813728271667   25533.308681553415   25486.23143829769
0.017314952703931925   25460.842626688416   25409.96556442722
0.017822548268711737   25364.239713750572   25309.303073103754
0.01834502422397195   25242.983356418685   25183.71680310746
0.018882816794999403   25096.6315766493   25032.755159053704
0.019436374995219892   24924.834231242014   24856.06144483381
0.02000616100108813   24727.35056858801   24653.39257389378
0.020592650537967844   24504.06318994802   24424.63389309325
0.021196333277324068   24254.963002131775   24169.782812233592
0.02181771324555934   23980.165497183225   23888.966745744103
0.022457309244835088   23679.990912795518   23582.532216568645
0.02311565528622961   23354.90454750598   23250.9779212422
0.023793301035594242   23005.483234253086   22894.916966872068
0.024490812272480036   22632.54595996489   22515.21747053338
0.025208771362518027   22237.17383099163   22113.023635277703
0.0259477777436476   21820.53765487778   21689.569576493428
0.02670844842659881   21383.964594568748   21246.250646466455
0.027491418510046592   20929.187375124147   20784.890371015303
0.028297341710866907   20458.0484992171   20307.422562515756
0.029126890909937666   19972.414792758107   19815.79874004533
0.029980758713939952   19474.556169031523   19312.3787334124
0.030859658033628758   18967.033599235536   18799.813947712515
0.031764322679055976   18452.30525948823   18280.640486977456
0.03269550797224261   17932.90624504918   17757.461576475987
0.033653991377811755   17411.77527949412   17233.279002561034
0.03464057315210884   16891.714514423948   16710.944455316752
0.03565607701135116   16375.351199382261   16193.116054179736
0.036701350819364466   15865.8325934049   15682.911982163232
0.03777726729548091   15366.422072974232   15183.531746544031
0.038884724743189276   14879.993236344888   14697.783031113184
0.04002464780014597   14408.85536945902   14227.90471288404
0.041197988210172884   13954.635107486409   13775.4467561107
0.04240572561788674   13518.668928384075   13341.672325663927
0.04364886838662332   13102.298501594627   12927.813017705732
0.04492845444033957   12708.17919150057   12536.140245428038
0.04624555213019635   12339.232106730342   12169.114645254365
0.04760126112654554   11997.871548555138   11828.744722043839
0.04899671333706607   11683.667384806427   11514.376164764448
0.05043307385181555   11393.84194124568   11223.159739030534
0.05191154191598653   11125.782003603974   10952.419497288032
0.053433351931179485   10877.009355385995   10699.602394435382
0.05499977448602865   10645.16258921598   10462.262366404888
0.05661211741704101   10427.943196251977   10238.041491081027
0.05827172690053434   10222.08328973506   10023.7906260059
0.05997998857658587   10023.956366725644   9816.092982716187
0.06173832870592997   9829.697095929045   9611.4286155641
0.0635482153607709   9634.539117377159   9405.694443701688
0.06541115965050462   9433.785307674068   9194.932258486655
0.06732871698337338   9222.117785657385   8974.926360642752
0.06930248836510605   8994.315531060436   8741.678990621109
0.07133412173562886   8746.124279644364   8492.33054555916
0.07342531334496233   8474.323876966926   8225.100439308377
0.07557780916945323   8177.608475505346   7939.659139892419
0.07779340636952398   7856.669004438801   7637.170941194924
0.08007395479015682   7514.446932980787   7320.921294505833
0.08242135850536496   7155.890772202062   6996.006106643938
0.08483757740794096   6787.357714530254   6667.70991799279
0.08732462884580919   6415.936278415044   6341.323664621353
0.08988458930634863   6049.32411182009   6022.847809819936
0.09251959615009227   5695.247214541602   5718.042467837319
0.09523184939525078   5361.769603927896   5432.1306227846235
0.09802361355455057   5055.781093417813   5169.352169398287
0.10089721952591899   4783.494470876742   4933.102821284653
0.10385506653859616   4548.740179871705   4724.9821908122485
0.10689962415629803   4352.538491100278   4544.212791221803
0.11003343433910281   4192.626560306959   4388.035179226017
0.11325911356578279   4063.727740417118   4251.903377240944
0.11657935501835284   3957.8147912718186   4130.011681003681
0.11999693083066039   3865.42088107415   4016.0839480932354
0.12351469440289359   3775.9930071347303   3903.7764381060283
0.12713558278394044   3679.3144145101714   3787.75153010775
0.13086261912358757   3566.5332510396474   3663.99610232439
0.13469891519660646   3431.7827430854836   3530.233288996446
0.13864767400083483   3273.354229964304   3386.616727895319
0.14271219243142114   3093.8630663443228   3235.804257514144
0.14689586403346616   2899.9528955648693   3082.391824677679
0.1512021818353596   2701.6200101915483   2931.4421441525005
0.15563474126517718   2510.99655331239   2788.651706765077
0.16019724315257297   2339.8662233848877   2657.999951723108
0.1648934968186736   2196.506572190904   2541.849803839081
0.1697274232565544   2083.4069278681172   2440.6892290744854
0.17470305840495237   1997.4015282985158   2351.0824863290095
0.17982455651794954   1931.533650910387   2269.651260596299
0.18509619363343993   1876.2280703006832   2193.0324678473585
0.19052237114327647   1819.9473272415883   2116.8082570683837
0.19610761946807834   1752.0135163707694   2038.5499485028822
0.20185660183976684   1667.1861568709012   1958.1557028941636
0.20777411819498756   1567.5721465819895   1876.3040105546202
0.21386510918267082   1460.5201458941972   1795.5540144921667
0.22013466028907505   1355.9442602775432   1718.7738656152105
0.22658800608375756   1263.520075949779   1647.3360928493628
0.23323053459001789   1189.1365029494896   1582.5170784703362
0.2400677917834628   1132.5926542807924   1522.9440138398559
0.24710548622244882   1088.3166279811521   1466.7994270676836
0.25434949381426813   1047.4249912476942   1413.074779811978
0.2618058627210567   1001.3770121323613   1360.6324130982518
0.2694808184095226   946.6986185583576   1308.6870002712176
0.27738076884870827   885.8561186575296   1257.6465868090875
0.2855123098601282   824.9952621395477   1209.0714182574793
0.29388223062474755   771.0241811153286   1163.1933690051471
0.3024975193514008   727.3780219007837   1120.1267517283768
0.31136536911138296   692.1620283081845   1079.7323514090035
0.3204931838440838   660.2551926018413   1041.0189955674703
0.32988858453867975   626.4993073713304   1003.5930964020928
0.3395594155970457   589.174308843294   967.4912324321443
0.34951375138319807   550.9150093773314   932.511056570428
0.3597599029647371   515.7068052833985   899.2782615032028
0.37030642505191835   485.7484453392873   867.8624258730929
0.3811621231401457   459.98992217168336   838.1070192001753
0.3923360608618501   435.3714318793666   809.5975134278328
0.4038375675538918   409.883619844693   782.1166743764718
0.41567624604680364   384.1530044215405   755.5838248416042
0.42786198068238046   360.1488254814182   730.2833332368954
0.4404049455663077   338.9383192821205   706.2983167753914
0.4533156130627191   319.675938856993   683.3526401251862
0.4666047625377753   300.9353883052837   661.3014056953332
0.4802834893595659   282.38062720287235   640.0426756278733
0.49436321416184764   264.82317811137847   619.6534235295795
0.5088556923793517   248.82512092205033   600.242846557679
0.5237730240626238   234.0053523316006   581.6531723750629
0.5391276639805903   219.7506570756995   563.7474227999484
0.5549324320192869   206.07520868009846   546.4929867938704
0.5712005238854289   193.32258436489272   529.9559341918921
0.5879455221237613   181.48189613061055   514.090807397447
0.6051814074573895   170.26886627330714   498.8001921624999
0.622922570460556   159.61439952721162   484.005076006414
0.6411838235736077   149.63195607471687   469.8102035478466
0.6599804134701901   140.30522545242493   456.1792781398368
0.6793280337869897   131.51491143910954   442.9851509160614
0.6992428382266549   123.23598971352445   430.20729743028784
0.7197414540448374   115.44451354408046   417.8270194510065
0.7408409959326054   108.11700088137077   405.82665414292376
0.7625590803058332   101.2305051582004   394.18951416258716
0.7849138400134885   94.76267483527572   382.8998316460836
0.8079239394770964   88.6918024755854   371.942705592084
0.8316085902740278   82.99637358356456   361.30241800317077
0.8559875671776167   77.65414550824197   350.95878347978004
0.8810812246675007   72.64381110112024   340.89201683828895
0.9069105139239728   67.94532762372408   331.08389342879894
0.9334970003205227   63.53984185471122   321.5176550559874
0.960862881429187   59.40961969419502   312.1779238888656
0.9890310055537336   55.53797998800824   303.05062345912603
1.0180248908061487   51.90923332260611   294.12291187985704
1.047868744742366   48.50873029766843   285.38376903093337
1.0785874845736239   45.322863148776975   276.8244199029777
1.1102067579703248   42.33879500037816   268.4370396628787
1.1427529644757777   39.54439755437683   260.2145594211737
1.1762532775476793   36.928216743170424   252.15062542243527
1.210735667245765   34.47943966947981   244.23956006964303
1.246228923584555   32.18786281554589   236.47632452912808
1.2827626805706884   30.043860523008846   228.8565182478238
1.3203674409449337   28.038331199984615   221.37727254188198
1.3590746016495152   26.162675035747654   214.03716287917584
1.3989164800420282   24.40879849950706   206.83505103417875
1.4399263408778291   22.769088031839534   199.77000512362542
1.4821384240834183   21.236383415341066   192.84128035050418
1.525587973344019   19.80395248788802   186.04830006157152
1.5703112655292182   18.465467140567938   179.39063712160848
1.6163456409812174   17.214980702631845   172.86814212809207
1.6637295346910133   16.04690788960461   166.4824276057777
1.7125025083885144   14.95600317373459   160.2359814817132
1.7627052835733923   13.937340122958458   154.13097093907973
1.814379775514258   12.986293116058107   148.169229793529
1.8675691282445197   12.098520038983528   142.35226688678765
1.922317750584177   11.269945895771738   136.68127511858057
1.9786713532176083   10.496747291746937   131.1571410600262
2.0366769868582977   9.775337145823551   125.78061809195107
2.0963830815323896   9.102348184094831   120.55308874078234
2.1578394870138577   8.474622913321333   115.47581348753235
2.2210975144450407   7.889202515120926   110.54956241527795
2.286209979177315   7.343314897938695   105.77464416141314
2.3532312448676476   6.834363424256327   101.1509356129201
2.4222172688678643   6.359916280092778   96.67791151242223
2.4932256489445366   5.917696453346008   92.35467383856884
2.5663156713684585   5.505573528956906   88.18008902645416
2.641548360413907   5.12155697483153   84.15302606722048
2.7189865293089923   4.763783704938574   80.27205164858557
2.798694832679631   4.430509499576359   76.53538669298872
2.8807398205309562   4.120101807168976   72.94094091611841
2.9651899938111903   3.8310329507407364   69.48634613146925
3.05211586160442   3.5618737187975342   66.16898819451681
3.1415899999999994   3.311287266264199   62.98603284737263
