0.01   17023.680725778555   17016.409877650214
0.010293154462191829   17232.67383157309   17224.71605394983
0.010594902878253955   17435.75404809213   17427.048118625924
0.010905497183778876   17632.372041261136   17622.85074986494
0.011225196699963396   17821.969716199805   17811.559653763696
0.011554268350120923   18003.980476878176   17992.60207408484
0.011892986882540897   18177.809396815093   18165.37717526459
0.012241635099881474   18342.849681281703   18329.272444077746
0.012600504095286909   18498.493992854394   18483.674953987716
0.012969893495426888   18644.114047353723   18627.94969130163
0.013350111710660605   18779.05594672111   18761.434534764285
0.013741476192534558   18902.670221549804   18883.471948855225
0.014144313698828986   19014.30891912878   18993.405927490985
0.01455896056637426   19113.301811502315   19090.557144634124
0.014985762991865008   19198.98444058162   19174.252153036534
0.01542507732090645   19270.709843390436   19243.83550614331
0.015877270345534218   19327.825138235727   19298.644289048003
0.016342719610456153   19369.677579769967   19338.014472000257
0.016821813728271667   19395.644268401124   19361.312789083728
0.017314952703931925   19405.127841240097   19367.931817874105
0.017822548268711737   19397.541096962785   19357.27305495107
0.01834502422397195   19372.3361505181   19328.77837284539
0.018882816794999403   19329.014294138033   19281.94038458478
0.019436374995219892   19267.12260982053   19216.29719363681
0.02000616100108813   19186.261974988174   19131.44140469811
0.020592650537967844   19086.097823728796   19027.03259741052
0.021196333277324068   18966.37407932897   18902.81253192165
0.02181771324555934   18826.927494208736   18758.62078960855
0.022457309244835088   18667.67356128936   18594.37882937242
0.02311565528622961   18488.61679086282   18410.10082949396
0.023793301035594242   18289.919027561657   18205.96711123916
0.024490812272480036   18071.85777673677   17982.27899677969
0.025208771362518027   17834.79145947869   17739.42124799765
0.0259477777436476   17579.250477627873   17477.96187108171
0.02670844842659881   17305.976846366622   17198.695263103946
0.027491418510046592   17015.784735177265   16902.488883937393
0.028297341710866907   16709.595065145604   16590.318594829423
0.029126890909937666   16388.64410550656   16263.486583572585
0.029980758713939952   16054.276091118287   15923.403516077686
0.030859658033628758   15707.851160864477   15571.491891035996
0.031764322679055976   15351.008586102971   15209.460836647448
0.03269550797224261   14985.652432641904   14839.29030078618
0.033653991377811755   14613.625246388774   14462.889841902523
0.03464057315210884   14236.80251258585   14082.192406575938
0.03565607701135116   13857.384036226764   13699.445720511629
0.036701350819364466   13477.507315899402   13316.824679344923
0.03777726729548091   13099.170335254466   12936.352482737699
0.038884724743189276   12724.711033568288   12560.351602177268
0.04002464780014597   12356.631038286836   12191.278244696607
0.041197988210172884   11997.166963321792   11831.320798310124
0.04240572561788674   11648.159374398536   11482.266317858775
0.04364886838662332   11310.885993283304   11145.329103212269
0.04492845444033957   10986.399373998593   10821.49968617641
0.04624555213019635   10675.708790307153   10511.708975502754
0.04760126112654554   10380.725401442234   10217.603419436477
0.04899671333706607   10103.702214037277   9941.089142673809
0.05043307385181555   9846.582160602127   9683.795336532765
0.05191154191598653   9609.32736385025   9445.493649829466
0.053433351931179485   9389.726531782475   9223.917092044185
0.05499977448602865   9185.62937776197   9016.871403038464
0.05661211741704101   8995.032892581798   8822.319260264203
0.05827172690053434   8816.051067562577   8638.35160133193
0.05997998857658587   8646.878849033057   8463.153420351135
0.06173832870592997   8485.04944402494   8294.370938584016
0.0635482153607709   8327.719162254805   8129.357089788129
0.06541115965050462   8171.94062594646   7965.443452022477
0.06732871698337338   8014.036328236302   7799.491124549728
0.06930248836510605   7850.366693759726   7628.46225437077
0.07133412173562886   7676.934800083243   7449.257171075314
0.07342531334496233   7489.763572516275   7258.930067562459
0.07557780916945323   7285.706511185145   7055.350336920555
0.07779340636952398   7062.5500783230045   6837.269751089947
0.08007395479015682   6819.520275776529   6604.698746171275
0.08242135850536496   6557.586157289829   6359.171747448764
0.08483757740794096   6279.313327592222   6103.344632525369
0.08732462884580919   5988.970591786752   5841.060323973654
0.08988458930634863   5691.742187522322   5576.6937308024135
0.09251959615009227   5393.389726206728   5314.895835959999
0.09523184939525078   5100.009398584097   5060.198429683707
0.09802361355455057   4817.626114460855   4816.8568750802
0.10089721952591899   4552.483599716886   4589.072959972944
0.10385506653859616   4309.878367601773   4380.168681448778
0.10689962415629803   4094.3761595940596   4192.149719590257
0.11003343433910281   3908.7772160608342   4025.9787751975723
0.11325911356578279   3753.3303795080756   3881.2359656857197
0.11657935501835284   3625.8421870403595   3755.6396121016355
0.11999693083066039   3521.4785875973066   3644.8554200823487
0.12351469440289359   3433.4448062424694   3544.080580520638
0.12713558278394044   3353.841692922491   3448.3462417898277
0.13086261912358757   3274.18954614095   3352.6021745830362
0.13469891519660646   3186.5831444275855   3252.6535889142265
0.13864767400083483   3084.5093231380374   3145.5883272222063
0.14271219243142114   2964.1752349930757   3030.3241406948896
0.14689586403346616   2825.2325518296184   2907.7962534435815
0.1512021818353596   2670.7558079696614   2780.468292391767
0.15563474126517718   2506.8221876641264   2651.7977697964498
0.16019724315257297   2341.8449388581707   2526.180950410407
0.1648934968186736   2185.524475827936   2407.7444848524065
0.1697274232565544   2046.8582658674034   2300.22550829192
0.17470305840495237   1931.6570397239568   2205.1781538046243
0.17982455651794954   1840.8167286844819   2121.220031509407
0.18509619363343993   1770.6715081406826   2046.7091797358858
0.19052237114327647   1714.7618994405043   1978.2819294378755
0.19610761946807834   1664.9300767142006   1912.4177009894659
0.20185660183976684   1611.975880546642   1846.4491081330555
0.20777411819498756   1548.0941167346366   1778.2147666325657
0.21386510918267082   1470.4701553060963   1708.3318185950127
0.22013466028907505   1382.2715873472243   1637.8286387015971
0.22658800608375756   1290.339685638285   1568.9471787845384
0.23323053459001789   1202.7889930992467   1503.6770236157313
0.2400677917834628   1126.7989523578115   1443.3590334152955
0.24710548622244882   1065.9513342220498   1388.3359419959786
0.25434949381426813   1018.7860239736596   1337.3811264661845
0.2618058627210567   979.8636342807633   1289.4941139692585
0.2694808184095226   941.8010325516194   1243.1600874847054
0.27738076884870827   898.4194747909331   1196.9325109479535
0.2855123098601282   848.269921828688   1151.6916711299382
0.29388223062474755   794.4998291092242   1107.7531370324914
0.3024975193514008   742.4352003720588   1065.8591244960817
0.31136536911138296   697.1445051583368   1026.2200066355
0.3204931838440838   660.3055728924829   989.212565308235
0.32988858453867975   629.4027082209069   953.9552971867375
0.3395594155970457   600.0382540923498   920.1878133533497
0.34951375138319807   568.615502685339   887.5571903671274
0.3597599029647371   534.7374376584364   855.7242859493861
0.37030642505191835   501.13903733005765   825.4455249248871
0.3811621231401457   470.8174578198163   796.6645681863545
0.3923360608618501   444.8226640070794   769.2227075041365
0.4038375675538918   421.70423417793785   743.1992039587054
0.41567624604680364   399.01771775112474   718.1626007209242
0.42786198068238046   375.70209866186644   693.8980147473019
0.4404049455663077   352.72634733950605   670.6377516211073
0.4533156130627191   331.5987667954971   648.4568515707717
0.4666047625377753   312.7400696857014   627.3729823384067
0.4802834893595659   295.207040671285   607.2221302569692
0.49436321416184764   278.01689974353474   587.7783188382747
0.5088556923793517   261.2159204446582   569.0292004030497
0.5237730240626238   245.48834498602915   551.1031704861958
0.5391276639805903   231.0670610908185   533.9919582200536
0.5549324320192869   217.51995726277013   517.5599818947586
0.5712005238854289   204.46833950783775   501.69764356852704
0.5879455221237613   192.0436183226074   486.43763641894054
0.6051814074573895   180.46447487441276   471.80833306167597
0.622922570460556   169.62758532084897   457.75236495157367
0.6411838235736077   159.3290711355662   444.1711247933681
0.6599804134701901   149.57507976929728   431.07626089098306
0.6793280337869897   140.43301404932336   418.4717448244398
0.6992428382266549   131.8441275270737   406.31116647755283
0.7197414540448374   123.74295083560727   394.5558957204641
0.7408409959326054   116.10651030999678   383.1827830940827
0.7625590803058332   108.91243569942003   372.1702234673026
0.7849138400134885   102.13898364092576   361.49805044355105
0.8079239394770964   95.76506866836597   351.1474435781966
0.8316085902740278   89.7702875193207   341.10084289816376
0.8559875671776167   84.1349366014972   331.34186880869504
0.8810812246675007   78.83962942103727   321.8545231843024
0.9069105139239728   73.86480270468024   312.622033621717
0.9334970003205227   69.19179844717422   303.6285967405705
0.960862881429187   64.8030054810512   294.85964384115937
0.9890310055537336   60.68180264555805   286.30176835820015
1.0180248908061487   56.81250496149332   277.9426590441583
1.047868744742366   53.1803126554854   269.77103824789003
1.0785874845736239   49.77126441367907   261.7766114418214
1.1102067579703248   46.572273034005335   253.95038685822684
1.1427529644757777   43.5710968832637   246.2847649732407
1.1762532775476793   40.75616144545248   238.7729061244572
1.210735667245765   38.11651637574233   231.40863980404947
1.246228923584555   35.64180599265647   224.18642826536862
1.2827626805706884   33.32224084511331   217.10133171648246
1.3203674409449337   31.148570340519147   210.14897487990723
1.3590746016495152   29.112055250105897   203.3255749081649
1.3989164800420282   27.204422981888193   196.62895678401958
1.4399263408778291   25.417852061558925   190.05822883839954
1.4821384240834183   23.74496952028219   183.61269264586596
1.525587973344019   22.178827750182087   177.2917892147449
1.5703112655292182   20.712881727346588   171.09508367273006
1.6163456409812174   19.340967326077706   165.02225023096614
1.6637295346910133   18.057280681332436   159.07305743726275
1.7125025083885144   16.856358638620115   153.24753843211843
1.7627052835733923   15.733060659711366   147.54734645620988
1.814379775514258   14.682550560307567   141.97471945412036
1.8675691282445197   13.70027927230124   136.5315682143019
1.922317750584177   12.781968877485982   131.21947795615117
1.9786713532176083   11.923597451655722   126.0397184048235
2.0366769868582977   11.121384680655712   120.99325441461386
2.0963830815323896   10.371778214596295   116.08075707509586
2.1578394870138577   9.67143997669982   111.3027873507122
2.2210975144450407   9.017231562167227   106.66038195336752
2.286209979177315   8.406205861747228   102.15437951394499
2.3532312448676476   7.835597018975035   97.7851899456422
2.4222172688678643   7.3028098114746145   93.55282173510945
2.4932256489445366   6.805409615357711   89.45690920598499
2.5663156713684585   6.341112923633292   85.49673956668717
2.641548360413907   5.9077783943588775   81.67127979682638
2.7189865293089923   5.503399942645456   77.97928677078245
2.798694832679631   5.126100503545803   74.4194401076183
2.8807398205309562   4.774120374078302   70.9901549350357
2.9651899938111903   4.445809638257681   67.68957382496362
3.05211586160442   4.139621692599483   64.51559538826332
3.1415899999999994   3.8541071234724127   61.46590173598633
