0.01   5303.017200197109   5302.811666647231
0.010293154462191829   5360.768479288767   5360.55680896394
0.010594902878253955   5416.233314387227   5416.015021650098
0.010905497183778876   5469.229966762606   5469.004608317277
0.011225196699963396   5519.575955812479   5519.343136239704
0.011554268350120923   5567.084216758376   5566.843531878956
0.011892986882540897   5611.557883166607   5611.308786206322
0.012241635099881474   5652.799783254199   5652.541564222369
0.012600504095286909   5690.613614133398   5690.3453964211
0.012969893495426888   5724.797114881283   5724.517840720188
0.013350111710660605   5755.147435582918   5754.855859907437
0.013741476192534558   5781.466250141874   5781.160943590547
0.014144313698828986   5803.554425528503   5803.23382778408
0.01455896056637426   5821.20990904808   5820.872408648852
0.014985762991865008   5834.237926547256   5833.881875457674
0.01542507732090645   5842.451549432248   5842.075166115755
0.015877270345534218   5845.666767121088   5845.267614008657
0.016342719610456153   5843.709306992966   5843.28413745076
0.016821813728271667   5836.4184527102   5835.963248316745
0.017314952703931925   5823.646250457547   5823.156631039829
0.017822548268711737   5805.258994916302   5804.73062999274
0.01834502422397195   5781.140940775292   5780.569597492624
0.018882816794999403   5751.198006046532   5750.5794161690055
0.019436374995219892   5715.363819938103   5714.6931933940905
0.02000616100108813   5673.595111574373   5672.867087641268
0.020592650537967844   5625.872934784938   5625.081726646084
0.021196333277324068   5572.221559249075   5571.36199033245
0.02181771324555934   5512.701762469981   5511.769941833594
0.022457309244835088   5447.397919050597   5446.39125176303
0.02311565528622961   5376.4398326026485   5375.357092205317
0.023793301035594242   5300.02442385238   5298.865895907765
0.024490812272480036   5218.372859710291   5217.140304464108
0.025208771362518027   5131.733972187141   5130.4306899518615
0.0259477777436476   5040.446379632684   5039.078116373669
0.02670844842659881   4944.889578977359   4943.464772566118
0.027491418510046592   4845.448599746489   4843.978141681656
0.028297341710866907   4742.58201137756   4741.079260465545
0.029126890909937666   4636.838377857998   4635.319228661782
0.029980758713939952   4528.754362810692   4527.236921397803
0.030859658033628758   4418.872105090939   4417.37627923234
0.031764322679055976   4307.830615567895   4306.3775211053235
0.03269550797224261   4196.261871750709   4194.873462568259
0.033653991377811755   4084.758235629668   4083.4569540752527
0.03464057315210884   3974.006793908612   3972.813707088656
0.03565607701135116   3864.7598858167567   3863.693209596332
0.036701350819364466   3757.697608205513   3756.772864923396
0.03777726729548091   3653.388043020632   3652.617194731948
0.038884724743189276   3552.2256339469104   3551.61427635901
0.04002464780014597   3454.5361876590796   3454.083691635325
0.041197988210172884   3360.6316247447485   3360.3311801847335
0.04240572561788674   3271.100417040696   3270.932434073836
0.04364886838662332   3186.6542077899767   3186.583321244264
0.04492845444033957   3107.9153151798973   3107.8920746455024
0.04624555213019635   3034.943335310637   3034.9082091339133
0.04760126112654554   2967.1251333724695   2967.0128396743626
0.04899671333706607   2903.8529340104756   2903.592947721328
0.05043307385181555   2844.5541167005977   2844.069122394431
0.05191154191598653   2788.680496207579   2787.8843048828826
0.053433351931179485   2735.708103212908   2734.5065935171356
0.05499977448602865   2684.9231373009948   2683.222476815746
0.05661211741704101   2635.4894543857085   2633.202232106288
0.05827172690053434   2586.549000589717   2583.5994345032896
0.05997998857658587   2537.035270114835   2533.3764955148426
0.06173832870592997   2485.888525455256   2481.5073331302247
0.0635482153607709   2431.938208755868   2426.8729099547754
0.06541115965050462   2374.0013826237364   2368.351846190383
0.06732871698337338   2311.114835568751   2305.046136013529
0.06930248836510605   2242.570564347302   2236.3155125692656
0.07133412173562886   2168.0661708018456   2161.917157078376
0.07342531334496233   2087.819330231448   2082.1178988810248
0.07557780916945323   2002.5188612424254   1997.6297872079779
0.07779340636952398   1913.392982230204   1909.6748013744382
0.08007395479015682   1821.9595831257495   1819.7546686160024
0.08242135850536496   1729.9431794337697   1729.5675839885132
0.08483757740794096   1639.1711130855992   1640.8654244967702
0.08732462884580919   1551.45811364797   1555.3570732674766
0.08988458930634863   1468.6870609469468   1474.7860047859554
0.09251959615009227   1392.4762072372073   1400.6363144144548
0.09523184939525078   1324.247842864804   1334.1651249572562
0.09802361355455057   1264.945404897046   1276.1760061336904
0.10089721952591899   1214.7461672526997   1226.7328538693803
0.10385506653859616   1173.1300054949406   1185.2658240228086
0.10689962415629803   1138.7090507403436   1150.4186018634932
0.11003343433910281   1109.5038782508248   1120.3123006831074
0.11325911356578279   1083.1383835192669   1092.7355184064577
0.11657935501835284   1057.0476719209692   1065.3727445677985
0.11999693083066039   1028.8129919940857   1036.097566383084
0.12351469440289359   996.3969781782919   1003.1735367991499
0.12713558278394044   958.5624610033601   965.5981793602215
0.13086261912358757   915.0823796859063   923.329427951686
0.13469891519660646   866.7842240705198   877.2490932663833
0.13864767400083483   815.4395406919382   828.9336875132128
0.14271219243142114   763.529246768273   780.548481202632
0.14689586403346616   713.9427817544162   734.511472705524
0.1512021818353596   669.4577299070887   693.0936380916239
0.15563474126517718   632.0196897052275   657.8117861860358
0.16019724315257297   602.1097981558303   628.8293583886191
0.1648934968186736   578.7329540613006   605.2441436402405
0.1697274232565544   559.9497803395369   585.3371448728816
0.17470305840495237   543.299760386265   567.065717823601
0.17982455651794954   526.0161466691078   548.3031436827251
0.18509619363343993   505.636795646878   527.2724057243079
0.19052237114327647   481.07880671954774   503.2530345221466
0.19610761946807834   453.1303396413562   476.9911811712552
0.20185660183976684   423.84122039112566   450.17294143678004
0.20777411819498756   395.67851499260047   424.5279696017408
0.21386510918267082   370.9163896003599   401.66301108237406
0.22013466028907505   350.8019208983797   382.30671600574294
0.22658800608375756   335.03204005276376   366.0829789209523
0.23323053459001789   322.02571628622405   351.86218144514237
0.2400677917834628   309.5414497627501   338.0906424352201
0.24710548622244882   295.58456273552224   323.5121973159926
0.25434949381426813   279.5160485947363   307.84678006222583
0.2618058627210567   262.2205265297957   291.7656625603478
0.2694808184095226   245.31673828853852   276.27854793280903
0.27738076884870827   230.4041918704868   262.2075751139502
0.2855123098601282   218.15141551584787   249.95096343615538
0.29388223062474755   207.87998824733188   238.97521934060788
0.3024975193514008   198.2339076783433   228.5011731781486
0.31136536911138296   188.04299005539247   217.92527892848517
0.3204931838440838   177.06403209900694   207.2874622758812
0.32988858453867975   166.0866978798551   196.89451593506408
0.3395594155970457   156.08445493301184   187.23228306932415
0.34951375138319807   147.45214211452696   178.43010878005484
0.3597599029647371   139.80295608039356   170.2711813462463
0.37030642505191835   132.3665433577359   162.40241640400103
0.3811621231401457   124.7463714315675   154.686381580684
0.3923360608618501   117.19957961204426   147.24641082288088
0.4038375675538918   110.2104089870217   140.2385131021453
0.41567624604680364   103.9571362156792   133.71591566809303
0.42786198068238046   98.16601827475922   127.54067720507751
0.4404049455663077   92.51235826929738   121.60803400505169
0.4533156130627191   86.97288822446438   115.92653424041823
0.4666047625377753   81.76499652849796   110.53990883518746
0.4802834893595659   76.9822841140682   105.45912831415313
0.49436321416184764   72.50060316808214   100.64438751926289
0.5088556923793517   68.18696860328097   96.0437890313421
0.5237730240626238   64.07084997957183   91.66500832871505
0.5391276639805903   60.22750575525775   87.52066291824453
0.5549324320192869   56.63251860337762   83.59113404390467
0.5712005238854289   53.21843498906407   79.85260803048413
0.5879455221237613   49.98004186501893   76.29878369926864
0.6051814074573895   46.9408850960576   72.92786658857325
0.622922570460556   44.08648581802246   69.72917003203247
0.6411838235736077   41.39420415811758   66.69066154497717
0.6599804134701901   38.85484871089799   63.80392155170443
0.6793280337869897   36.46123642745101   61.06132626155342
0.6992428382266549   34.2063630339388   58.45562437433339
0.7197414540448374   32.08341606643258   55.97992091785721
0.7408409959326054   30.08578550119825   53.62766159594227
0.7625590803058332   28.207072103240712   51.39261759270405
0.7849138400134885   26.440969886345208   49.26876561568285
0.8079239394770964   24.781067515148102   47.25008486558553
0.8316085902740278   23.221230437649055   45.33084607464092
0.8559875671776167   21.75566510836783   43.505656911976416
0.8810812246675007   20.378900671838615   41.769440948048285
0.9069105139239728   19.08577160365513   40.1174180008712
0.9334970003205227   17.871401259819702   38.54508576924731
0.960862881429187   16.731186820863037   37.048200755928434
0.9890310055537336   15.660812541481556   35.62265889552888
1.0180248908061487   14.656240679217184   34.2644472962262
1.047868744742366   13.713651115802087   32.96979395991261
1.0785874845736239   12.829427381842583   31.73516461935407
1.1102067579703248   12.000147215315998   30.55724626447797
1.1427529644757777   11.222573448713355   29.43293190723514
1.1762532775476793   10.493645222076072   28.359306485201348
1.210735667245765   9.810468996307957   27.333624587418285
1.246228923584555   9.170303501924343   26.35317107117545
1.2827626805706884   8.570555856607463   25.41530244436224
1.3203674409449337   8.008780595066915   24.51755103657058
1.3590746016495152   7.4826720989866224   23.657614922928232
1.3989164800420282   6.9900572028069625   22.83334577249974
1.4399263408778291   6.528888146610239   22.042737689046852
1.4821384240834183   6.09723586297069   21.283916956001462
1.525587973344019   5.693283621035728   20.555118366346928
1.5703112655292182   5.315321114820994   19.854604026567344
1.6163456409812174   4.961738482484931   19.18072191303251
1.6637295346910133   4.631020711955548   18.531935730856084
1.7125025083885144   4.321742422862741   17.906816640422008
1.7627052835733923   4.032562908204431   17.304035583508195
1.814379775514258   3.762221424612164   16.722356239313573
1.8675691282445197   3.5095327203606046   16.160628542006528
1.922317750584177   3.27338239409631   15.617768300778813
1.9786713532176083   3.052722254961615   15.092726012938657
2.0366769868582977   2.846567711851202   14.584521760541824
2.0963830815323896   2.653994337974439   14.092248620435358
2.1578394870138577   2.474134375965541   13.615067739262779
2.2210975144450407   2.3061734326876944   13.15220378760844
2.286209979177315   2.149347354393576   12.702940755840727
2.3532312448676476   2.0029392892082902   12.266619016624752
2.4222172688678643   1.8662776857129797   11.842681153123433
2.4932256489445366   1.7387337548711246   11.430683980034175
2.5663156713684585   1.6197176679124943   11.0302184730892
2.641548360413907   1.5086761812930247   10.640901401308117
2.7189865293089923   1.4050904963299884   10.26237369351456
2.798694832679631   1.3084742337676811   9.894298891540668
2.8807398205309562   1.2183715179086878   9.536361683804436
2.9651899938111903   1.134354953050148   9.188260587443512
3.05211586160442   1.0560212112005471   8.849627540993582
3.1415899999999994   0.982991060501849   8.52006136855018
