0.01   5940.51203245859   5940.193733171803
0.010293154462191829   5998.117645598804   5997.792961204318
0.010594902878253955   6052.947417518387   6052.616152809251
0.010905497183778876   6104.810365500323   6104.471423226208
0.011225196699963396   6153.5125877033815   6153.164363390967
0.011554268350120923   6198.853655743055   6198.494958691991
0.011892986882540897   6240.63399244222   6240.264187818721
0.012241635099881474   6278.655286151922   6278.274242751866
0.012600504095286909   6312.710418080732   6312.317930004663
0.012969893495426888   6342.590497271086   6342.185989905377
0.013350111710660605   6368.091910780169   6367.674435338325
0.013741476192534558   6389.011470522864   6388.579747613608
0.014144313698828986   6405.143876127479   6404.696369633676
0.01455896056637426   6416.291866029614   6415.826795366447
0.014985762991865008   6422.266298292291   6421.781642295399
0.01542507732090645   6422.877352632497   6422.370834562332
0.015877270345534218   6417.9439124685205   6417.413004837502
0.016342719610456153   6407.299305279427   6406.741239635397
0.016821813728271667   6390.788261426846   6390.199817191071
0.017314952703931925   6368.267681640503   6367.644942961463
0.017822548268711737   6339.613415415672   6338.9517935219665
0.01834502422397195   6304.722095638696   6304.016477679633
0.018882816794999403   6263.512648544992   6262.757860248351
0.019436374995219892   6215.927513050637   6215.1184677127085
0.02000616100108813   6161.934475552611   6161.06620976353
0.020592650537967844   6101.538748203403   6100.606297147254
0.021196333277324068   6034.781696548703   6033.780001781432
0.02181771324555934   5961.731363429255   5960.655331723698
0.022457309244835088   5882.495634694824   5881.340666044266
0.02311565528622961   5797.2454821771735   5796.0088082346
0.023793301035594242   5706.181992564321   5704.862855808308
0.024490812272480036   5609.534220802841   5608.133836531372
0.025208771362518027   5507.613105614176   5506.135023687708
0.0259477777436476   5400.782818319105   5399.233052396887
0.02670844842659881   5289.418990634003   5287.805822628854
0.027491418510046592   5173.955092656314   5172.289428170349
0.028297341710866907   5054.925447186785   5053.221678919058
0.029126890909937666   4932.8658239909855   4931.141545409341
0.029980758713939952   4808.316039567296   4806.591581397832
0.030859658033628758   4681.93533255261   4680.233212642717
0.031764322679055976   4554.408854692103   4552.753295343183
0.03269550797224261   4426.3781183094125   4424.794620626344
0.033653991377811755   4298.526377180726   4297.04076730491
0.03464057315210884   4171.607630569205   4170.244958531905
0.03565607701135116   4046.312005900646   4045.096356339762
0.036701350819364466   3923.284910393711   3922.2387724721343
0.03777726729548091   3803.2475133958915   3802.3889331509595
0.038884724743189276   3686.879950974177   3686.222071712079
0.04002464780014597   3574.7714621644773   3574.3229007526174
0.041197988210172884   3467.387292103064   3467.146697694788
0.04240572561788674   3365.079015097817   3365.029877083205
0.04364886838662332   3268.1409396452777   3268.253155604488
0.04492845444033957   3176.8371301161314   3177.0685095253707
0.04624555213019635   3091.452087675235   3091.7491487069556
0.04760126112654554   3012.2447744784313   3012.5437854814145
0.04899671333706607   2939.361764919829   2939.5895504217624
0.05043307385181555   2872.1821377420333   2872.2561254030556
0.05191154191598653   2809.732631455607   2809.5611094401825
0.053433351931179485   2751.125443206618   2750.608480087861
0.05499977448602865   2695.6089550236043   2694.6421226972143
0.05661211741704101   2642.525434336085   2641.002020171917
0.05827172690053434   2591.1862498166024   2589.001503881006
0.05997998857658587   2540.578710473514   2537.6479194396807
0.06173832870592997   2489.6525916006212   2485.916473899501
0.0635482153607709   2437.240700176588   2432.6822749122725
0.06541115965050462   2382.0086946943684   2376.675127179482
0.06732871698337338   2322.7366874385525   2316.741447769069
0.06930248836510605   2258.3352214632437   2251.8691672440727
0.07133412173562886   2187.9541308214743   2181.2805601048035
0.07342531334496233   2111.4207556487418   2104.8650530179684
0.07557780916945323   2028.994573979078   2022.92928572492
0.07779340636952398   1941.528751170534   1936.3549963868004
0.08007395479015682   1850.2491750802424   1846.3762239658954
0.08242135850536496   1756.7969355344544   1754.605299566104
0.08483757740794096   1662.9658258654272   1662.7830314863136
0.08732462884580919   1570.633297564597   1572.7061255463113
0.08988458930634863   1481.6095843264463   1486.0848635708148
0.09251959615009227   1397.7722227230531   1404.65198183465
0.09523184939525078   1320.8283083444148   1329.9475020099128
0.09802361355455057   1252.305580685495   1263.3125792248743
0.10089721952591899   1193.0862130782991   1205.4792751757764
0.10385506653859616   1143.4079393100596   1156.5577882093298
0.10689962415629803   1102.620635972032   1115.8617525979548
0.11003343433910281   1069.2814692650954   1081.9884574064931
0.11325911356578279   1041.3090923076193   1052.9580538401742
0.11657935501835284   1016.2889969881254   1026.5203300253165
0.11999693083066039   991.6303143055111   1000.3752183824128
0.12351469440289359   964.9084528704855   972.405065939797
0.12713558278394044   934.0788137655425   940.8572338256079
0.13086261912358757   897.9338181631284   904.8327454449728
0.13469891519660646   856.2389706353113   864.2764302623006
0.13864767400083483   809.790909276338   819.9680190023374
0.14271219243142114   760.2618145366548   773.4422178056739
0.14689586403346616   710.0250652680477   726.7633961966161
0.1512021818353596   661.9140468024949   682.2792380295207
0.15563474126517718   618.7625128781151   642.2472576767299
0.16019724315257297   582.5342541692501   608.1813035722474
0.1648934968186736   553.6356108195391   580.2457679432828
0.1697274232565544   531.0883698830954   557.4697467751498
0.17470305840495237   513.1074358381798   538.3128787497944
0.17982455651794954   497.445389940518   520.9455321800968
0.18509619363343993   481.4642189927194   503.3394158781346
0.19052237114327647   462.7150159795888   483.7133491094458
0.19610761946807834   440.1138037653977   461.4234262963424
0.20185660183976684   414.3660888635545   437.20836688133977
0.20777411819498756   387.25849849974196   412.34960933093157
0.21386510918267082   361.0006877432016   388.49264199654573
0.22013466028907505   337.70160406327926   367.05666082410363
0.22658800608375756   318.5927147116279   348.7236795811751
0.23323053459001789   303.4951341267143   333.3177753969227
0.2400677917834628   291.10084970234334   319.77240123358473
0.24710548622244882   279.4473983091436   306.8222446971505
0.25434949381426813   266.6905578090567   293.3598574909084
0.2618058627210567   252.19893318637276   279.11258420680633
0.2694808184095226   236.63954575220143   264.51732727032675
0.27738076884870827   221.29506440285826   250.37192971129568
0.2855123098601282   207.55874186189007   237.4528482388781
0.29388223062474755   196.08904093277482   226.04687383951872
0.3024975193514008   186.39900890741364   215.74706972678916
0.31136536911138296   177.43324015292728   206.01754649780364
0.3204931838440838   168.19714289484511   196.40010566910522
0.32988858453867975   158.39431406522507   186.73896006599765
0.3395594155970457   148.5918113721402   177.3465349010257
0.34951375138319807   139.53569161128428   168.55587836970523
0.3597599029647371   131.58158128497956   160.48298401806616
0.37030642505191835   124.50190430341995   152.97126554117605
0.3811621231401457   117.72675342788848   145.78759848424363
0.3923360608618501   110.91521357840332   138.82009068528333
0.4038375675538918   104.20517526773592   132.1026809480175
0.41567624604680364   97.92546240194197   125.75966918510458
0.42786198068238046   92.2333703147831   119.82720781981591
0.4404049455663077   86.964882085976   114.21797448771896
0.4533156130627191   81.8930534112055   108.862471200737
0.4666047625377753   76.9686201625118   103.738914999788
0.4802834893595659   72.31851642631457   98.87985004112046
0.49436321416184764   68.01172446133154   94.29274031596182
0.5088556923793517   63.98168914943654   89.94700729603962
0.5237730240626238   60.137090339667076   85.80741482863107
0.5391276639805903   56.47977031235972   81.8745918401108
0.5549324320192869   53.05031642676308   78.14858698951029
0.5712005238854289   49.837789249491195   74.61630062384728
0.5879455221237613   46.801243576988675   71.26270787335287
0.6051814074573895   43.928828745679105   68.0770863070196
0.622922570460556   41.22867142746729   65.0558653638439
0.6411838235736077   38.69161448021116   62.18941918935013
0.6599804134701901   36.300250214502775   59.467568943047205
0.6793280337869897   34.049097784028746   56.88421331684006
0.6992428382266549   31.931216391516994   54.43228011915723
0.7197414540448374   29.93918212936935   52.10469381446954
0.7408409959326054   28.065951315310652   49.89477540013669
0.7625590803058332   26.304843343145546   47.79621986268245
0.7849138400134885   24.649524147403437   45.803074915477694
0.8079239394770964   23.0939902715252   43.90972094258514
0.8316085902740278   21.632558098545584   42.1108151386492
0.8559875671776167   20.259858125578265   40.40119435037035
0.8810812246675007   18.970805397609567   38.77597419548204
0.9069105139239728   17.760582857761285   37.23055944074929
0.9334970003205227   16.624629008765503   35.76062580943507
0.960862881429187   15.558626010338347   34.36210299446454
0.9890310055537336   14.558488207189319   33.03115879377442
1.0180248908061487   13.62034948181285   31.764145256521125
1.047868744742366   12.740547814358298   30.557458572714395
1.0785874845736239   11.915621771082463   29.407675476776717
1.1102067579703248   11.14230264314756   28.311591431570957
1.1427529644757777   10.417504655138389   27.26620524871587
1.1762532775476793   9.738315602675321   26.268704879910107
1.210735667245765   9.101987905402897   25.316454286883673
1.246228923584555   8.50592987501942   24.40695922769117
1.2827626805706884   7.947696737754703   23.537752327668077
1.3203674409449337   7.424983807183071   22.70648289558335
1.3590746016495152   6.935619476750696   21.91095804079902
1.3989164800420282   6.4775580855484725   21.1491311268669
1.4399263408778291   6.048873125622629   20.419091086676264
1.4821384240834183   5.647750778097302   19.719052605681995
1.525587973344019   5.272483748471366   19.04733659481121
1.5703112655292182   4.921465316951369   18.402291177986395
1.6163456409812174   4.593183883923378   17.78233877537345
1.6637295346910133   4.286217758290849   17.18601173335583
1.7125025083885144   3.9992301390944256   16.61194456884574
1.7627052835733923   3.7309643523619056   16.058866598931306
1.814379775514258   3.480239332419043   15.525595182346422
1.8675691282445197   3.245945306223595   15.011027405344498
1.922317750584177   3.0270394508498675   14.514113910332508
1.9786713532176083   2.822542261715056   14.033865641596607
2.0366769868582977   2.631534125942465   13.569364252626222
2.0963830815323896   2.4531518516627617   13.119757501540551
2.1578394870138577   2.286585381171575   12.684254792311549
2.2210975144450407   2.1310746824327977   12.262123062538263
2.286209979177315   1.9859067751909185   11.852682802898318
2.3532312448676476   1.850412476808491   11.455301942971065
2.4222172688678643   1.7239640499275892   11.069393595665552
2.4932256489445366   1.6059731851330203   10.694415413868708
2.5663156713684585   1.4958886337661539   10.329866792729428
2.641548360413907   1.3931939636699937   9.97528619650334
2.7189865293089923   1.2974054441728449   9.630248659080925
2.798694832679631   1.2080700827593789   9.29436620645899
2.8807398205309562   1.1247643688637743   8.967346656594698
2.9651899938111903   1.047092295365183   8.648981708323618
3.05211586160442   0.9746829509426524   8.339075868465372
3.1415899999999994   0.9071889767663343   8.037442591172622
