0.01   253.19463515814746   253.1941355020519
0.010293154462191829   256.1797887861067   256.1792871032264
0.010594902878253955   259.07600792278606   259.075504144088
0.010905497183778876   261.875222207615   261.8747142589344
0.011225196699963396   264.56928027127   264.568764299065
0.011554268350120923   267.1500000205459   267.14947288561376
0.011892986882540897   269.60918284636585   269.6086434311937
0.012241635099881474   271.9386227014781   271.93807198076433
0.012600504095286909   274.12966891511616   274.12910852325695
0.012969893495426888   276.172926828449   276.17235656382667
0.013350111710660605   278.058988277212   278.0584058082287
0.013741476192534558   279.7785200721575   279.7779216179504
0.014144313698828986   281.3221641236921   281.32154908263556
0.01455896056637426   282.6806848186031   282.680057666802
0.014985762991865008   283.84507354809193   283.84444379463247
0.01542507732090645   284.8061775096505   284.80555411512967
0.015877270345534218   285.5546027259342   285.55398653838586
0.016342719610456153   286.08130425190114   286.0806873836837
0.016821813728271667   286.37763093130883   286.37699902861556
0.017314952703931925   286.435164398026   286.4345080170691
0.017822548268711737   286.2459785574718   286.2452966999523
0.01834502422397195   285.8027857906769   285.8020855403045
0.018882816794999403   285.0988467357409   285.0981336340696
0.019436374995219892   284.12802575514655   284.1272935703463
0.02000616100108813   282.8850231038345   282.88425350842755
0.020592650537967844   281.365541451476   281.3647082451043
0.021196333277324068   279.5666094533055   279.5656938197004
0.02181771324555934   277.4863509959454   277.4853450167173
0.022457309244835088   275.1239897094227   275.12289565557387
0.02311565528622961   272.4806717991736   272.4794932431935
0.023793301035594242   269.5593445006608   269.5580789267074
0.024490812272480036   266.3640527754822   266.3626916294536
0.025208771362518027   262.9006692554295   262.89920172577234
0.0259477777436476   259.17831985865763   259.17674322394794
0.02670844842659881   255.20741675198644   255.2057378677368
0.027491418510046592   250.9994209153606   250.99765527091927
0.028297341710866907   246.56962724893532   246.56779362769362
0.029126890909937666   241.93589071262215   241.9340076188063
0.029980758713939952   237.11629849335114   237.1143839833187
0.030859658033628758   232.13128915865443   232.12936470017908
0.031764322679055976   227.0063496845346   227.00444889341196
0.03269550797224261   221.76689176442366   221.76506039578578
0.033653991377811755   216.4378679738789   216.43616216317344
0.03464057315210884   211.0482728321252   211.04675489991993
0.03565607701135116   205.62814556461038   205.62688139960963
0.036701350819364466   200.2054312567567   200.20448935259654
0.03777726729548091   194.81017794239145   194.80962219053401
0.038884724743189276   189.47765050148223   189.47752849898785
0.04002464780014597   184.24044430889708   184.2407876179343
0.041197988210172884   179.1269515388227   179.12777777723204
0.04240572561788674   174.15725052581627   174.15856777486601
0.04364886838662332   169.34675725354538   169.34856644465486
0.04492845444033957   164.70902298656895   164.7113184771721
0.04624555213019635   160.26538269816388   160.26813187442525
0.04760126112654554   156.04865262098247   156.05176782746204
0.04899671333706607   152.0889616972465   152.09230388298138
0.05043307385181555   148.40194716114658   148.40533711989013
0.05191154191598653   144.96351351454052   144.9667556206803
0.053433351931179485   141.74348080169008   141.7463682549637
0.05499977448602865   138.71388565332038   138.71619951249858
0.05661211741704101   135.84797161922438   135.84947635509664
0.05827172690053434   133.12074735033033   133.12119097950153
0.05997998857658587   130.5028968489104   130.50201862259064
0.06173832870592997   127.95590404208885   127.9534475132961
0.0635482153607709   125.44182386758357   125.43754495650634
0.06541115965050462   122.91488420025067   122.90860663237667
0.06732871698337338   120.3267490981307   120.31839445667718
0.06930248836510605   117.62768511418608   117.61727247199799
0.07133412173562886   114.76403510233112   114.75168157704027
0.07342531334496233   111.689831517926   111.67578144087233
0.07557780916945323   108.37197703928184   108.35669393741836
0.07779340636952398   104.79088084200123   104.77502042185178
0.08007395479015682   100.95398953991428   100.93828895563846
0.08242135850536496   96.88583280700131   96.87107234253388
0.08483757740794096   92.64042151458857   92.62743404343696
0.08732462884580919   88.28327289127027   88.27287358565927
0.08988458930634863   83.89372699519255   83.88657391314287
0.09251959615009227   79.55316420272247   79.54973998676675
0.09523184939525078   75.344134850908   75.34473963107361
0.09802361355455057   71.34992942341185   71.35451765753496
0.10089721952591899   67.64604123424783   67.65417573999491
0.10385506653859616   64.29628761217997   64.30716258405083
0.10689962415629803   61.34991215087027   61.36238665553238
0.11003343433910281   58.81977281102493   58.83235282578666
0.11325911356578279   56.69259222637556   56.70351600249702
0.11657935501835284   54.9089990272043   54.91659311411944
0.11999693083066039   53.386664383145344   53.3894791425679
0.12351469440289359   52.017675512588355   52.014630806565584
0.12713558278394044   50.68784502055468   50.67851429281443
0.13086261912358757   49.28594185533358   49.27071065034892
0.13469891519660646   47.71719615687297   47.697194454419716
0.13864767400083483   45.91987214348078   45.89701629812457
0.14271219243142114   43.874543648753146   43.851333790899204
0.14689586403346616   41.61143404977149   41.590441733026914
0.1512021818353596   39.20367811201618   39.187355402122414
0.15563474126517718   36.75588738228306   36.74597167787396
0.16019724315257297   34.3918230222746   34.38882501175956
0.1648934968186736   32.23707695355029   32.240188292743234
0.1697274232565544   30.388780646032835   30.395743796976205
0.17470305840495237   28.882894693302884   28.89046791381201
0.17982455651794954   27.686471027971997   27.691354276038304
0.18509619363343993   26.716796153755485   26.71615243199043
0.19052237114327647   25.866282386793742   25.858408624350144
0.19610761946807834   25.01573988794024   25.00079490529684
0.20185660183976684   24.052565801922654   24.03263165870999
0.20777411819498756   22.912922504375672   22.891456132481906
0.21386510918267082   21.615256958010818   21.596191761523432
0.22013466028907505   20.24403469694994   20.230316070479724
0.22658800608375756   18.907237936307148   18.89976457126597
0.23323053459001789   17.706453818850264   17.704033801814017
0.2400677917834628   16.70786944235954   16.707249734306426
0.24710548622244882   15.911919744585235   15.909132930575568
0.25434949381426813   15.256118013579481   15.248362214725649
0.2618058627210567   14.646387820400978   14.632858139859799
0.2694808184095226   13.990267717459831   13.972766233100339
0.27738076884870827   13.24495125498584   13.227275099024451
0.2855123098601282   12.438557803055103   12.423779996044148
0.29388223062474755   11.639065335294543   11.628657288277203
0.3024975193514008   10.917190206562603   10.909975024300744
0.31136536911138296   10.312284607366077   10.305240341297406
0.3204931838440838   9.80552900447756   9.795830671681955
0.32988858453867975   9.3399980662548   9.326706252126698
0.3395594155970457   8.861548908940359   8.846264701342468
0.34951375138319807   8.350233278879715   8.335608725442567
0.3597599029647371   7.8328681170247645   7.8206897850047135
0.37030642505191835   7.353295870800346   7.343164428397739
0.3811621231401457   6.933966828514237   6.923951009006057
0.3923360608618501   6.564148926669512   6.55251533221282
0.4038375675538918   6.211769944483012   6.198618658475116
0.41567624604680364   5.854851479719396   5.8416545842580225
0.42786198068238046   5.499484012028551   5.4875242183893285
0.4404049455663077   5.166339105459406   5.155518814804922
0.4533156130627191   4.8663038101778735   4.855439392516524
0.4666047625377753   4.590649090391638   4.5790787550032235
0.4802834893595659   4.324614842165204   4.3128233139573755
0.49436321416184764   4.064096935096543   4.05289753213047
0.5088556923793517   3.8174442298066436   3.806955722091791
0.5237730240626238   3.5901248651673034   3.579824748431057
0.5391276639805903   3.378277716810641   3.367859062659274
0.5549324320192869   3.175520917584218   3.1653171460886664
0.5712005238854289   2.9817516237177677   2.972070453761118
0.5879455221237613   2.8002508537397097   2.7909598258237116
0.6051814074573895   2.63078714552011   2.6216915615217435
0.622922570460556   2.470457341665754   2.4616355906113014
0.6411838235736077   2.318365438767754   2.3099698569126654
0.6599804134701901   2.1754981220831637   2.1674912427552444
0.6793280337869897   2.041411477276693   2.033728657062995
0.6992428382266549   1.915049904216799   1.9077118434894749
0.7197414540448374   1.79604937078882   1.789077114728366
0.7408409959326054   1.6840323399653263   1.677442164710659
0.7625590803058332   1.5786312793667854   1.572434916301067
0.7849138400134885   1.4794940997161274   1.4736992038205357
0.8079239394770964   1.3862838582511479   1.3808944478551184
0.8316085902740278   1.298678432454963   1.293695300691389
0.8559875671776167   1.2163698434991956   1.2117910200097557
0.8810812246675007   1.1390592115654703   1.1348815188031955
0.9069105139239728   1.066458796603288   1.0626787937675612
0.9334970003205227   0.9982962089057142   0.9949100005051348
0.960862881429187   0.9343137926570397   0.9313168603292677
0.9890310055537336   0.8742678982168003   0.8716549819021602
1.0180248908061487   0.8179281857454735   0.8156932067081414
1.047868744742366   0.765076959123533   0.7632129781506843
1.0785874845736239   0.7155086669514118   0.7140078009698971
1.1102067579703248   0.6690298774435048   0.6678829404699694
1.1427529644757777   0.6254580059980939   0.6246545253719847
1.1762532775476793   0.5846204713875817   0.5841488679709425
1.210735667245765   0.5463542076987522   0.5462019665390722
1.246228923584555   0.5105051959378183   0.5106590267612168
1.2827626805706884   0.47692801443851024   0.47737400173276057
1.3203674409449337   0.4454854073616559   0.44620914977346765
1.3590746016495152   0.41604779087624255   0.4170344806831968
1.3989164800420282   0.3884927778589137   0.38972722065244847
1.4399263408778291   0.36270500063268973   0.3641717478873921
1.4821384240834183   0.3385757695228631   0.3402592542234393
1.525587973344019   0.31600271602870245   0.3178873724766091
1.5703112655292182   0.29488945285530715   0.2969598218375304
1.6163456409812174   0.2751452501711696   0.2773860706215429
1.6637295346910133   0.25668472671594744   0.25908102280810646
1.7125025083885144   0.2394275392352406   0.2419648782690714
1.7627052835733923   0.22329810864452404   0.22596279816863415
1.814379775514258   0.20822537674449362   0.2110044261493133
1.8675691282445197   0.1941425540466594   0.19702363217789104
1.922317750584177   0.18098687937891803   0.18395827850439736
1.9786713532176083   0.16869939182320753   0.17174999684840112
2.0366769868582977   0.15722471444178102   0.16034397642386075
2.0963830815323896   0.1465108436788415   0.14968873887468517
2.1578394870138577   0.13650892026584444   0.1397357995367263
2.2210975144450407   0.1271730795290951   0.13043962900499237
2.286209979177315   0.11846029897211753   0.12175757253021448
2.3532312448676476   0.11033023081947306   0.11364967599269213
2.4222172688678643   0.10274504365866138   0.1060785212597457
2.4932256489445366   0.09566927286695005   0.0990090710360017
2.5663156713684585   0.08906967938569697   0.09240852272133562
2.641548360413907   0.0829151360712066   0.08624622051129613
2.7189865293089923   0.07717653561110911   0.08049361200588179
2.798694832679631   0.07182660857603125   0.07512396728592607
2.8807398205309562   0.06683980102800695   0.07011223731919711
2.9651899938111903   0.06219217259834519   0.0654349546603849
3.05211586160442   0.0578613001369374   0.06107013941742019
3.1415899999999994   0.05382618666679779   0.05699721025936298
