0.01   933.9609594787618   933.9386012426409
0.010293154462191829   945.3381964470717   945.3156246182067
0.010594902878253955   956.3770506708909   956.3542999008712
0.010905497183778876   967.0477176462759   967.0247629808553
0.011225196699963396   977.318989153286   977.295774275554
0.011554268350120923   987.1573820420332   987.133874115914
0.011892986882540897   996.529005992271   996.5052026797723
0.012241635099881474   1005.3996714899357   1005.3755983321713
0.012600504095286909   1013.7337988905252   1013.7094855077846
0.012969893495426888   1021.4953864180146   1021.4708567614105
0.013350111710660605   1028.648679966962   1028.6239522069804
0.013741476192534558   1035.1569608600569   1035.1320533240228
0.014144313698828986   1040.9823249562774   1040.9572638233824
0.01455896056637426   1046.0875112020653   1046.0623310998624
0.014985762991865008   1050.4357628543253   1050.410499247722
0.01542507732090645   1053.989551306301   1053.9642079562261
0.015877270345534218   1056.712217795375   1056.6867577405405
0.016342719610456153   1058.5686465856097   1058.5429936573864
0.016821813728271667   1059.5240405161317   1059.4981119724505
0.017314952703931925   1059.5443718489298   1059.5181073589758
0.017822548268711737   1058.5979839317727   1058.5713469806192
0.01834502422397195   1056.655678265678   1056.6286443481067
0.018882816794999403   1053.6905574577386   1053.6630803636558
0.019436374995219892   1049.6788764554901   1049.6508829841182
0.02000616100108813   1044.6004922559293   1044.5718824970875
0.020592650537967844   1038.4396554132084   1038.4102965851077
0.021196333277324068   1031.1850127896985   1031.1547365181175
0.02181771324555934   1022.8294848632946   1022.7980897274339
0.022457309244835088   1013.3722240111061   1013.3395086177857
0.02311565528622961   1002.8203179281131   1002.7861404174396
0.023793301035594242   991.185749261071   991.1500330312383
0.024490812272480036   978.4862112476923   978.4489405496604
0.025208771362518027   964.7517674501049   964.7129664315821
0.0259477777436476   950.0197527915408   949.9794760313657
0.02670844842659881   934.3313839981304   934.2897159221449
0.027491418510046592   917.7398494172426   917.6969421837854
0.028297341710866907   900.3120777528868   900.2681980599389
0.029126890909937666   882.117125928206   882.072648465065
0.029980758713939952   863.2298291919507   863.1852255116725
0.030859658033628758   843.7467724611048   843.7025995534905
0.031764322679055976   823.7681088217913   823.724996786766
0.03269550797224261   803.3913108011067   803.3499513954013
0.033653991377811755   782.7272758404109   782.688432282515
0.03464057315210884   761.8964968969209   761.8610099219334
0.03565607701135116   741.0115892188855   740.9803622219873
0.036701350819364466   720.1890023164683   720.1629442749937
0.03777726729548091   699.5719989074319   699.5518915327934
0.038884724743189276   679.2961194533916   679.2826037652567
0.04002464780014597   659.4807191283766   659.4743075393998
0.041197988210172884   640.2160404282587   640.2171139745284
0.04240572561788674   621.5713598389123   621.5801730564893
0.04364886838662332   603.606632523041   603.6233280682522
0.04492845444033957   586.4072447456439   586.4316437272633
0.04624555213019635   570.115108780595   570.1463025079188
0.04760126112654554   554.8628403860425   554.8992256291338
0.04899671333706607   540.7383879942414   540.7777773358209
0.05043307385181555   527.6799643981783   527.7197912755175
0.05191154191598653   515.5891299905   515.626519805068
0.053433351931179485   504.3737844358992   504.40556884935063
0.05499977448602865   493.9378792531648   493.96059943390856
0.05661211741704101   484.1894888510488   484.1994052416391
0.05827172690053434   475.0237359583925   475.0169149433086
0.05997998857658587   466.29255376354155   466.2650688324223
0.06173832870592997   457.8478039385697   457.79580262832
0.0635482153607709   449.51084533901746   449.430956696056
0.06541115965050462   441.08346607713685   440.9731237729346
0.06732871698337338   432.35984086888595   432.2176116857906
0.06930248836510605   423.1037862530058   422.93005204434996
0.07133412173562886   413.09777832939074   412.89492580549427
0.07342531334496233   402.1569918667965   401.9299674448948
0.07557780916945323   390.1400763187911   389.8963684596291
0.07779340636952398   377.001043735746   376.7505917585444
0.08007395479015682   362.7638974771523   362.518550650234
0.08242135850536496   347.57601394686446   347.3482485798168
0.08483757740794096   331.64841920312165   331.45069010808567
0.08732462884580919   315.2711081162344   315.11571309328536
0.08988458930634863   298.7596036990035   298.6574064566458
0.09251959615009227   282.4552540079117   282.4137587830312
0.09523184939525078   266.7162291417377   266.7386977701276
0.09802361355455057   251.88687653043485   251.97215622358897
0.10089721952591899   238.2831691947995   238.42438499207228
0.10385506653859616   226.18065202224741   226.36467383596613
0.10689962415629803   215.7351802411151   215.94339209209951
0.11003343433910281   207.00378107278894   207.21297147459813
0.11325911356578279   199.86053490498094   200.04517744103876
0.11657935501835284   194.0716402284305   194.20615106534012
0.11999693083066039   189.26366593767585   189.3265788968812
0.12351469440289359   184.99991317667894   184.97660930832546
0.12713558278394044   180.80489905429187   180.69040533861957
0.13086261912358757   176.2139093969188   176.01566770432723
0.13469891519660646   170.84086695973323   170.57884029793135
0.13864767400083483   164.4329072835584   164.138364857154
0.14271219243142114   156.93343751106133   156.6467308571535
0.14689586403346616   148.48839398700034   148.25168829453213
0.1512021818353596   139.42421469204533   139.27392717498242
0.15563474126517718   130.21072835191444   130.17098765439565
0.16019724315257297   121.4056819732298   121.48238237735673
0.1648934968186736   113.54424944102495   113.72074947595344
0.1697274232565544   106.98672787400146   107.22554247862317
0.17470305840495237   101.82223622688664   102.07516896094376
0.17982455651794954   97.8817298505428   98.09953967581424
0.18509619363343993   94.81980753846882   94.9607128253184
0.19052237114327647   92.17361612466205   92.21485479431078
0.19610761946807834   89.40502644960308   89.35428299564128
0.20185660183976684   86.03734345450734   85.93378716508828
0.20777411819498756   81.86223242545675   81.76220654138682
0.21386510918267082   77.01630932749453   76.97969589235973
0.22013466028907505   71.87352676293301   71.94283455696687
0.22658800608375756   66.9085145120084   67.09290933517495
0.23323053459001789   62.56861307727767   62.8437759003349
0.2400677917834628   59.10299720183059   59.413881770504936
0.24710548622244882   56.459925572388975   56.749294380877394
0.25434949381426813   54.34730151061478   54.573719238334114
0.2618058627210567   52.330725612604624   52.48972082102971
0.2694808184095226   50.02105785792689   50.14990047042184
0.27738076884870827   47.288464282515875   47.4401827337882
0.2855123098601282   44.288571271938316   44.51320605118591
0.29388223062474755   41.3353334282159   41.6473403779179
0.3024975193514008   38.751626334519344   39.125005006445605
0.31136536911138296   36.67257288063263   37.05893367379343
0.3204931838440838   34.97414588648344   35.329616658314
0.32988858453867975   33.39383601920392   33.71330425526581
0.3395594155970457   31.693203845529762   32.00342135818133
0.34951375138319807   29.819441948277316   30.160733606122356
0.3597599029647371   27.92490618377563   28.318806795856446
0.37030642505191835   26.204785154481474   26.638511080286772
0.3811621231401457   24.747066908655935   25.187343419747386
0.3923360608618501   23.47768806753267   23.900507264619716
0.4038375675538918   22.24107068728737   22.651817596335235
0.41567624604680364   20.953445324305207   21.37513337809667
0.42786198068238046   19.66383687039322   20.11201326450947
0.4404049455663077   18.47316736799422   18.941250056665318
0.4533156130627191   17.422026506299215   17.890092083659145
0.4666047625377753   16.456648892026124   16.91613540444261
0.4802834893595659   15.50757200312899   15.967486684774112
0.49436321416184764   14.569194111093946   15.040127021434985
0.5088556923793517   13.686968917715213   14.1673842576313
0.5237730240626238   12.88362078390315   13.364143028808718
0.5391276639805903   12.133748242914242   12.610462325213263
0.5549324320192869   11.40851483602202   11.88666259139505
0.5712005238854289   10.713950933056374   11.196543777379494
0.5879455221237613   10.067537654735768   10.550937992961247
0.6051814074573895   9.465253458045515   9.94635730534797
0.622922570460556   8.89232484944726   9.372329254254094
0.6411838235736077   8.347598938761129   8.827770552375847
0.6599804134701901   7.838170529852357   8.317120575994581
0.6793280337869897   7.359708314153045   7.836567152090298
0.6992428382266549   6.908220500578259   7.382712353188004
0.7197414540448374   6.482486505304646   6.954323653244936
0.7408409959326054   6.081308564172241   6.550196812675151
0.7625590803058332   5.703515078590695   6.169158604604359
0.7849138400134885   5.347963451958825   5.810069060214876
0.8079239394770964   5.013542453089198   5.471823272608225
0.8316085902740278   4.699172073568457   5.153350861044391
0.8559875671776167   4.403756176585379   4.853570987423628
0.8810812246675007   4.126195921860931   4.571403402590502
0.9069105139239728   3.8654513655164675   4.305825508713984
0.9334970003205227   3.620541198857196   4.055872121436558
0.960862881429187   3.3905395226503616   3.8206324452731986
0.9890310055537336   3.174572796512097   3.599247190614325
1.0180248908061487   2.9718169538944568   3.3909058272199064
1.047868744742366   2.7814956153636015   3.1948452743462057
1.0785874845736239   2.6028847473516357   3.0103575601532357
1.1102067579703248   2.435304044169449   2.836779185021866
1.1427529644757777   2.27810952567968   2.6734818039918355
1.1762532775476793   2.130691800134885   2.5198706098941415
1.210735667245765   1.992474442441145   2.3753828312993175
1.246228923584555   1.8629124301966193   2.2394862690701056
1.2827626805706884   1.7414906369028027   2.1116778735908257
1.3203674409449337   1.6277219827085594   1.9914820771170314
1.3590746016495152   1.5211449314876284   1.8784486382227006
1.3989164800420282   1.4213237618716463   1.7721524773806119
1.4399263408778291   1.3278477127050934   1.672192747396318
1.4821384240834183   1.2403296601031133   1.5781915791283991
1.525587973344019   1.1584048568528613   1.4897928790170067
1.5703112655292182   1.0817297317856254   1.4066611776106486
1.6163456409812174   1.009980746943475   1.3284805308763545
1.6637295346910133   0.9428533321864031   1.2549538676161043
1.7125025083885144   0.880060865752849   1.1858022834672544
1.7627052835733923   0.8213336417173213   1.1207632248197086
1.814379775514258   0.7664179316730196   1.0595895000718738
1.8675691282445197   0.7150750994878039   1.0020484464307589
1.922317750584177   0.6670807605368586   0.9479211346866065
1.9786713532176083   0.6222239835133124   0.8970016109850698
2.0366769868582977   0.5803065268918043   0.8490961199660025
2.0963830815323896   0.5411419830409879   0.8040211609932787
2.1578394870138577   0.5045551376661394   0.7616031070695344
2.2210975144450407   0.4703814931194412   0.7216790863698478
2.286209979177315   0.4384666525055584   0.6840963875734278
2.3532312448676476   0.40866572927715167   0.6487118300584678
2.4222172688678643   0.3808427891487883   0.6153911719848293
2.4932256489445366   0.35487032271803204   0.5840085541330423
2.5663156713684585   0.3306287722636136   0.5544457479265027
2.641548360413907   0.3080062465213665   0.5265899086265404
2.7189865293089923   0.2868979110013854   0.5003344941981985
2.798694832679631   0.2672054403450367   0.47558001775727526
2.8807398205309562   0.2488366359678621   0.4522335679969604
2.9651899938111903   0.2317050655368196   0.43020835295875853
3.05211586160442   0.21572972196107862   0.4094232767690515
3.1415899999999994   0.20083470097387124   0.38980254687590504
