0.01   3235.658629657376   3235.526318860987
0.010293154462191829   3265.448418284697   3265.3148548804293
0.010594902878253955   3293.7138298622804   3293.5790066954955
0.010905497183778876   3320.3500513475446   3320.214033604871
0.011225196699963396   3345.2524603518646   3345.1153834857428
0.011554268350120923   3368.3139701319524   3368.1759673480224
0.011892986882540897   3389.4259282064713   3389.287067756159
0.012241635099881474   3408.481193082821   3408.341474532583
0.012600504095286909   3425.3714462348685   3425.2308256518554
0.012969893495426888   3439.9818478254897   3439.8403110317267
0.013350111710660605   3452.19904967672   3452.056625715873
0.013741476192534558   3461.9128657632223   3461.7696235943304
0.014144313698828986   3469.011578333913   3468.867582169187
0.01455896056637426   3473.384852011018   3473.2401332489153
0.014985762991865008   3474.928068652746   3474.782625312024
0.01542507732090645   3473.538895119517   3473.39267882966
0.015877270345534218   3469.11374768589   3468.966637690619
0.016342719610456153   3461.5563259465057   3461.408127257945
0.016821813728271667   3450.778776890171   3450.629206841693
0.017314952703931925   3436.697479783619   3436.5460539821047
0.017822548268711737   3419.2372599891814   3419.083245508023
0.01834502422397195   3398.33499480073   3398.17742095548
0.018882816794999403   3373.9387412335013   3373.7764687922204
0.019436374995219892   3346.007768180463   3345.839586401375
0.02000616100108813   3314.5158977645965   3314.340543779327
0.020592650537967844   3279.453190637945   3279.269365385117
0.021196333277324068   3240.8296522328906   3240.636047371825
0.02181771324555934   3198.6730219859046   3198.4683386106117
0.022457309244835088   3153.028242060573   3152.8112099477944
0.02311565528622961   3103.9682285160043   3103.7377395378235
0.023793301035594242   3051.5942647215193   3051.3495089645808
0.024490812272480036   2996.0236737893943   2995.7641420119858
0.025208771362518027   2937.3977537874193   2937.1233289586057
0.0259477777436476   2875.9051075066614   2875.6164160359767
0.02670844842659881   2811.7521838853368   2811.4506255747547
0.027491418510046592   2745.156258225825   2744.8439514906527
0.028297341710866907   2676.3853195444913   2676.065290732463
0.029126890909937666   2605.7436710598017   2605.419958145312
0.029980758713939952   2533.531799893064   2533.209316683954
0.030859658033628758   2460.0738709037073   2459.758355681421
0.031764322679055976   2385.763203961855   2385.461314447032
0.03269550797224261   2310.9828340417407   2310.7020028939
0.033653991377811755   2236.096721843269   2235.8449509159004
0.03464057315210884   2161.521675165454   2161.3071389850397
0.03565607701135116   2087.682954684182   2087.5137455782365
0.036701350819364466   2014.9602132672298   2014.844257508841
0.03777726729548091   1943.7440198974084   1943.688807600474
0.038884724743189276   1874.4825887715697   1874.494767861838
0.04002464780014597   1807.5720368245761   1807.6574553069725
0.041197988210172884   1743.342969676225   1743.5063889337387
0.04240572561788674   1682.042486373287   1682.2848613270633
0.04364886838662332   1623.8599366424069   1624.177709356226
0.04492845444033957   1568.948407317158   1569.3341825998416
0.04624555213019635   1517.5138027398111   1517.9570128489984
0.04760126112654554   1469.8471478449565   1470.3346617395791
0.04899671333706607   1426.2045463103627   1426.721069304784
0.05043307385181555   1386.6642127049633   1387.1920479086841
0.05191154191598653   1350.8158826788874   1351.3334219767705
0.053433351931179485   1318.1922719921758   1318.6738937251957
0.05499977448602865   1288.3747446338193   1288.7908313675314
0.05661211741704101   1260.9911665632405   1261.3075878638933
0.05827172690053434   1235.7028113247259   1235.8810263664489
0.05997998857658587   1212.0972259690516   1212.0970094031693
0.06173832870592997   1189.6092949128292   1189.3934122979829
0.0635482153607709   1167.6766166958791   1167.2119879332613
0.06541115965050462   1145.5912240257744   1144.85554203842
0.06732871698337338   1122.5915106672933   1121.5769784363981
0.06930248836510605   1097.9200265961042   1096.6358970759468
0.07133412173562886   1070.803981096987   1069.2802860598456
0.07342531334496233   1040.607117846572   1038.895182861898
0.07557780916945323   1006.9374266547916   1005.1119378999412
0.07779340636952398   969.6235699659303   967.7779125854009
0.08007395479015682   928.9202132080586   927.155641262748
0.08242135850536496   885.287021498239   883.7087921662107
0.08483757740794096   839.4385152333937   838.1595448480103
0.08732462884580919   792.2220979321575   791.3541892279085
0.08988458930634863   744.6795812866724   744.3175078006191
0.09251959615009227   697.8856063377082   698.0999336170087
0.09523184939525078   652.9324755439836   653.7632666510339
0.09802361355455057   610.9577682955111   612.3921223435849
0.10089721952591899   572.973235026777   574.9429966963621
0.10385506653859616   539.7471588458408   542.1365382393411
0.10689962415629803   511.7992155487011   514.4534020424047
0.11003343433910281   489.1059462789544   491.8364209883493
0.11325911356578279   471.3267004232828   473.9228119358749
0.11657935501835284   457.61788748801075   459.88504289010956
0.11999693083066039   446.9127289862062   448.68467188992804
0.12351469440289359   437.8854433386756   439.0401754791941
0.12713558278394044   429.10837389341594   429.6055886807116
0.13086261912358757   419.17474852758386   419.07611108912516
0.13469891519660646   406.88326561378045   406.34625160722305
0.13864767400083483   391.4719247153143   390.74904115263615
0.14271219243142114   372.7154488877969   372.1252224816749
0.14689586403346616   350.9820831119891   350.85649888241255
0.1512021818353596   327.2116797455139   327.8700755497577
0.15563474126517718   302.85250540765713   304.4997096913682
0.16019724315257297   279.63417756452566   282.2942461954579
0.1648934968186736   259.16225262360047   262.6944129406832
0.1697274232565544   242.42951991778776   246.55907854189994
0.17470305840495237   229.62555354394016   233.97619512933744
0.17982455651794954   220.32337444485643   224.53435506880697
0.18509619363343993   213.652603108607   217.39241717628016
0.19052237114327647   208.29958910654088   211.37784557717976
0.19610761946807834   202.6351334367989   205.09905521209288
0.20185660183976684   195.27476126603986   197.3791108184413
0.20777411819498756   185.63562378734625   187.76595121824707
0.21386510918267082   174.023741525519   176.60937180361722
0.22013466028907505   161.38543903947527   164.7264629203676
0.22658800608375756   149.06233749536543   153.22647156048063
0.23323053459001789   138.35395468874717   143.17232752936013
0.2400677917834628   129.96806725050817   135.06654495559417
0.24710548622244882   123.84708992204436   128.8245585954087
0.25434949381426813   119.2545447685569   123.80783459420353
0.2618058627210567   114.99055305087809   119.06490036369888
0.2694808184095226   109.99497060191577   113.79549840316984
0.27738076884870827   103.87834752041626   107.73963106212759
0.2855123098601282   96.93338173048201   101.16682375169889
0.29388223062474755   89.97320151783873   94.69421716738802
0.3024975193514008   83.89645710551183   88.9538153936155
0.31136536911138296   79.0859557329917   84.17920358240582
0.3204931838440838   75.2972176259421   80.17382265154504
0.32988858453867975   71.88488171961339   76.46632127502296
0.3395594155970457   68.1950133220627   72.62345354356201
0.34951375138319807   64.05077419765124   68.56252116712872
0.3597599029647371   59.78269489828872   64.50830446076792
0.37030642505191835   55.87392208187771   60.764556250195376
0.3811621231401457   52.59655993960035   57.47976281111598
0.3923360608618501   49.80657823571918   54.54028552730483
0.4038375675538918   47.13143404782721   51.72760669471227
0.41567624604680364   44.34079100838167   48.91169652799809
0.42786198068238046   41.51147192512476   46.14712626422325
0.4404049455663077   38.882723579445226   43.565091876741164
0.4533156130627191   36.57203674304513   41.20882251845181
0.4666047625377753   34.482680063493206   39.02250234668721
0.4802834893595659   32.44276244811036   36.92101604942088
0.49436321416184764   30.421950295066253   34.88918711429351
0.5088556923793517   28.511385465121208   32.96924440422608
0.5237730240626238   26.77557638029579   31.185696953002534
0.5391276639805903   25.168937749138248   29.509764929186915
0.5549324320192869   23.62355959695765   27.913660978789512
0.5712005238854289   22.14201247948878   26.396521810253546
0.5879455221237613   20.761718407042327   24.969577393351948
0.6051814074573895   19.481445087322744   23.629473008661744
0.622922570460556   18.269540913566633   22.360420353696103
0.6411838235736077   17.11911560160329   21.159076229753673
0.6599804134701901   16.041902884901145   20.026541409893316
0.6793280337869897   15.03495156972178   18.96020037168127
0.6992428382266549   14.087192037337552   17.953096197865506
0.7197414540448374   13.195282598035998   17.001934215589195
0.7408409959326054   12.356510011635391   16.103812634409817
0.7625590803058332   11.568227832691846   15.255953498626036
0.7849138400134885   10.827862423769991   14.455700417217201
0.8079239394770964   10.132917860030044   13.700515982894881
0.8316085902740278   9.48097921287479   12.987978596699765
0.8559875671776167   8.869637770127548   12.315735964607258
0.8810812246675007   8.296443903835861   11.681470899052279
0.9069105139239728   7.759074917649512   11.082988106913824
0.9334970003205227   7.255347793947189   10.518218643926247
0.960862881429187   6.783210771604927   9.985212923657453
0.9890310055537336   6.340735440731636   9.482134080267798
1.0180248908061487   5.926109328408747   9.00725167122588
1.047868744742366   5.53763776206043   8.558936669307917
1.0785874845736239   5.173750860748684   8.13565738920381
1.1102067579703248   4.832970850630918   7.735971350148879
1.1427529644757777   4.513902225264848   7.358519713056502
1.1762532775476793   4.215227698029849   7.002022571252949
1.210735667245765   3.9357043112414156   6.665274488003286
1.246228923584555   3.6741596993505623   6.347140269883077
1.2827626805706884   3.4294873075567973   6.046546252390404
1.3203674409449337   3.200639422440637   5.762461800131174
1.3590746016495152   2.986628893306862   5.493914229682804
1.3989164800420282   2.786527402897618   5.239991281281402
1.4399263408778291   2.5994621638193456   4.999837228855925
1.4821384240834183   2.4246127857409197   4.772649246867842
1.525587973344019   2.2612083056621284   4.557674017043059
1.5703112655292182   2.108524450567482   4.354201963690324
1.6163456409812174   1.9658813699198443   4.161550173827056
1.6637295346910133   1.8326406797605468   3.9790728076654753
1.7125025083885144   1.7082028499227198   3.8061661955675503
1.7627052835733923   1.5920049723063945   3.642265895459037
1.814379775514258   1.4835186480291012   3.4868439447695874
1.8675691282445197   1.3822479870917264   3.3394063176654467
1.922317750584177   1.2877277031074108   3.1994892637563765
1.9786713532176083   1.1995212131227222   3.066644854548227
2.0366769868582977   1.1172190302286824   2.9404468091091576
2.0963830815323896   1.0404372467932967   2.8204977342913735
2.1578394870138577   0.9688160137111608   2.7064270907258865
2.2210975144450407   0.9020181031257148   2.597889196766231
2.286209979177315   0.8397275516559352   2.494561393733485
2.3532312448676476   0.7816483690885901   2.396141805485305
2.4222172688678643   0.7275031517844943   2.3023383629890883
2.4932256489445366   0.6770320288602579   2.212870348062543
2.5663156713684585   0.6299917780614752   2.1274765715357202
2.641548360413907   0.5861548042505896   2.04591417934046
2.7189865293089923   0.5453081715100377   1.9679572472379847
2.798694832679631   0.507252692492954   1.8933954947583322
2.8807398205309562   0.47180207810111996   1.8220331038376112
2.9651899938111903   0.4387823447130685   1.7536875154440368
3.05211586160442   0.40803103803996393   1.6881884281820072
3.1415899999999994   0.37939621052608463   1.625377058774652
