0.01   995.728680743591   995.6962743331374
0.010293154462191829   1008.0877703070923   1008.0548380752776
0.010594902878253955   1020.1184805449858   1020.0851332617381
0.010905497183778876   1031.790397066786   1031.7567444048543
0.011225196699963396   1043.0717854948434   1043.0378674382057
0.011554268350120923   1053.9305733679064   1053.8963543088396
0.011892986882540897   1064.3338158883864   1064.2992124491236
0.012241635099881474   1074.2463637475066   1074.2113393588331
0.012600504095286909   1083.6325886942934   1083.597174204432
0.012969893495426888   1092.4568100821834   1092.4211003050934
0.013350111710660605   1100.6822975799932   1100.6463798970424
0.013741476192534558   1108.2717790774636   1108.2356827594149
0.014144313698828986   1115.1884100105988   1115.1521036373151
0.01455896056637426   1121.39488166455   1121.3583036512657
0.014985762991865008   1126.8522732320064   1126.815401803228
0.01542507732090645   1131.5222935405143   1131.4851570811602
0.015877270345534218   1135.3676174963848   1135.3302884927557
0.016342719610456153   1138.350655314423   1138.313193603973
0.016821813728271667   1140.4346147134731   1140.3970388937776
0.017314952703931925   1141.5845468630225   1141.5468338587668
0.017822548268711737   1141.7666371661915   1141.7287316281654
0.01834502422397195   1140.9478912861512   1140.909720838033
0.018882816794999403   1139.0978443679296   1139.059321443877
0.019436374995219892   1136.1888991369847   1136.1499208619753
0.02000616100108813   1132.1962223252408   1132.1566668376909
0.020592650537967844   1127.0983209095236   1127.0580469051883
0.021196333277324068   1120.8775002884324   1120.8363487398594
0.02181771324555934   1113.5210318302925   1113.478837239164
0.022457309244835088   1105.0214972549702   1104.9781002733778
0.02311565528622961   1095.3759199822107   1095.3311693298463
0.023793301035594242   1084.5870960249715   1084.5408535991367
0.024490812272480036   1072.6672615559396   1072.6194185193021
0.025208771362518027   1059.6343253563373   1059.584806026954
0.0259477777436476   1045.5110904026508   1045.4598535680327
0.02670844842659881   1030.3323618011655   1030.2794268011135
0.027491418510046592   1014.1431635307403   1014.0886298818815
0.028297341710866907   996.9919965610987   996.9360398598076
0.029126890909937666   978.9359714703695   978.8788592638152
0.029980758713939952   960.0498227278232   959.9919652296317
0.030859658033628758   940.4116106866106   940.3535571774942
0.031764322679055976   920.1013731617169   920.0437976915287
0.03269550797224261   899.219225939997   899.1629222172062
0.033653991377811755   877.874842861014   877.8207133672634
0.03464057315210884   856.1735017458575   856.1225394194458
0.03565607701135116   834.2269072035559   834.1801483496638
0.036701350819364466   812.1624943318479   812.1209480779365
0.03777726729548091   790.1008153964219   790.065451167631
0.038884724743189276   768.1572232595478   768.1289719313742
0.04002464780014597   746.4705158092584   746.4503025221243
0.041197988210172884   725.1800921572212   725.1688481399473
0.04240572561788674   704.4098087178054   704.4084607094414
0.04364886838662332   684.2568588929325   684.2659501579303
0.04492845444033957   664.789219175516   664.8084207634477
0.04624555213019635   646.0643099406528   646.0924813103506
0.04760126112654554   628.1440411705447   628.1794151998123
0.04899671333706607   611.1449324120731   611.1856336521976
0.05043307385181555   595.188839159997   595.233041171484
0.05191154191598653   580.3737015565484   580.419599801912
0.053433351931179485   566.6544735805968   566.6999241312068
0.05499977448602865   553.8953018197967   553.9375901429313
0.05661211741704101   541.9699340273319   542.0057910854985
0.05827172690053434   530.7619645553167   530.7873242294443
0.05997998857658587   520.163725941679   520.1735760072671
0.06173832870592997   510.0675482911134   510.05609917189145
0.0635482153607709   500.3216302012802   500.2830383982923
0.06541115965050462   490.7643680488956   490.6930355763352
0.06732871698337338   481.2188497352329   481.1101388980718
0.06930248836510605   471.4734809234726   471.3249398625764
0.07133412173562886   461.32218969990004   461.13374891410825
0.07342531334496233   450.5380660257221   450.312721033694
0.07557780916945323   438.9091328923788   438.6530166081777
0.07779340636952398   426.2819968481588   426.00405963456
0.08007395479015682   412.55721646040246   412.268815560602
0.08242135850536496   397.7347936593187   397.4491578600956
0.08483757740794096   381.9010333619564   381.63262438493695
0.08732462884580919   365.2462974253346   365.0097995719027
0.08988458930634863   348.0337757308472   347.8433212840331
0.09251959615009227   330.579172488957   330.4484646273762
0.09523184939525078   313.2131397400464   313.1547459969756
0.09802361355455057   296.28282984879337   296.3050593483806
0.10089721952591899   280.12785947412783   280.2329282039719
0.10385506653859616   265.0872200948391   265.26944057215326
0.10689962415629803   251.43925352713512   251.68541426801707
0.11003343433910281   239.41209395485853   239.70101968888665
0.11325911356578279   229.1077865537292   229.41273080208308
0.11657935501835284   220.49254925214976   220.78342611903778
0.11999693083066039   213.3723964475449   213.61914055111504
0.12351469440289359   207.43162039378407   207.60696330308758
0.12713558278394044   202.245198564245   202.32854037141232
0.13086261912358757   197.35096503456558   197.3312834793662
0.13469891519660646   192.27501469032606   192.1542918135264
0.13864767400083483   186.60013795140847   186.39591662487706
0.14271219243142114   180.01773697871278   179.76230379484758
0.14689586403346616   172.38985567308688   172.12607443404323
0.1512021818353596   163.78309935975903   163.56204132814028
0.15563474126517718   154.44580339791705   154.31748484583304
0.16019724315257297   144.77502974033644   144.77735770110337
0.1648934968186736   135.27451559950435   135.42588736140152
0.1697274232565544   126.48725565823169   126.77820092091946
0.17470305840495237   118.86430179635732   119.26026959555125
0.17982455651794954   112.62917166584297   113.07750038679781
0.18509619363343993   107.72047459289315   108.16175157342514
0.19052237114327647   103.85098315464109   104.23232903493304
0.19610761946807834   100.61025557621834   100.89369324174592
0.20185660183976684   97.5138338692816   97.68989857680303
0.20777411819498756   94.06064012709531   94.1590966482675
0.21386510918267082   89.90460783577629   89.9873454803896
0.22013466028907505   85.02719524597518   85.16219888944536
0.22658800608375756   79.7120991015621   79.95889047276067
0.23323053459001789   74.38369062406   74.77332616305794
0.2400677917834628   69.48775598486321   70.00779851724025
0.24710548622244882   65.35687370777013   65.95987662970809
0.25434949381426813   62.07939736375346   62.696172745856124
0.2618058627210567   59.46995192622395   60.042192017395244
0.2694808184095226   57.1677482749209   57.66929675689547
0.27738076884870827   54.76541982808834   55.21572754412396
0.2855123098601282   52.008428922915606   52.46352526098588
0.29388223062474755   48.93371110958279   49.449749102127754
0.3024975193514008   45.78231354133771   46.39816207217505
0.31136536911138296   42.857658357955984   43.56301086229756
0.3204931838440838   40.3818543312848   41.12896068963505
0.32988858453867975   38.34722756933128   39.083932155294626
0.3395594155970457   36.55280075685669   37.25097650235729
0.34951375138319807   34.75817993673367   35.43032630578541
0.3597599029647371   32.825128604210434   33.51043737392109
0.37030642505191835   30.81254040484943   31.54651711011768
0.3811621231401457   28.896879156505577   29.681745812407236
0.3923360608618501   27.206705708230388   28.01405834224129
0.4038375675538918   25.741453492475774   26.538768789416643
0.41567624604680364   24.384556980439516   25.162126951895065
0.42786198068238046   23.020869777370013   23.795181090689628
0.4404049455663077   21.640715502127996   22.433766384524482
0.4533156130627191   20.3208152482767   21.13681394500784
0.4666047625377753   19.12622927074871   19.948809010007288
0.4802834893595659   18.044630058928725   18.858199937311596
0.49436321416184764   17.015169571257207   17.820830909878214
0.5088556923793517   16.002972928538853   16.81139179786414
0.5237730240626238   15.031937328213145   15.847929485224157
0.5391276639805903   14.133250883903973   14.949960474577546
0.5549324320192869   13.302663066354697   14.112481361019903
0.5712005238854289   12.512615755514945   13.316968964498253
0.5879455221237613   11.75387841531181   12.557340009960633
0.6051814074573895   11.038954086588557   11.840664317361774
0.622922570460556   10.37284175618231   11.169004477696244
0.6411838235736077   9.745211404220766   10.534914869206819
0.6599804134701901   9.148773152679246   9.93357948554321
0.6793280337869897   8.586784747551006   9.3664409848721
0.6992428382266549   8.060074351148362   8.832775157683797
0.7197414540448374   7.564451408957372   8.329519911455273
0.7408409959326054   7.097163945565798   7.854589816702216
0.7625590803058332   6.656859106353902   7.40653525046483
0.7849138400134885   6.242223286616675   6.983965504877003
0.8079239394770964   5.851981171439509   6.585546911467987
0.8316085902740278   5.484897379882958   6.210002050236268
0.8559875671776167   5.1397777276566705   5.856108790650212
0.8810812246675007   4.815470124925879   5.5226991805296874
0.9069105139239728   4.510844340688879   5.208649023335099
0.9334970003205227   4.2247603881531335   4.912862030681038
0.960862881429187   3.9561305452837394   4.634295262470155
0.9890310055537336   3.7039288177204512   4.371962040997534
1.0180248908061487   3.4671875279394304   4.124929267385742
1.047868744742366   3.2449940897083307   3.8923148325829615
1.0785874845736239   3.0364879578156003   3.673285122817955
1.1102067579703248   2.8408578523898993   3.467052694758325
1.1427529644757777   2.657344266010605   3.272877649603334
1.1762532775476793   2.485237541257527   3.0900660626953713
1.210735667245765   2.3238668680088197   2.9179619514975044
1.246228923584555   2.1725977697020973   2.755945033827993
1.2827626805706884   2.0308303813710182   2.603429041229801
1.3203674409449337   1.8979977901353169   2.459860085997491
1.3590746016495152   1.7735644374130033   2.324715082887406
1.3989164800420282   1.6570244787660895   2.1975001369594365
1.4399263408778291   1.54789901431948   2.077747940286578
1.4821384240834183   1.4457354510221228   1.9650169743755308
1.525587973344019   1.350107336030715   1.858891182172511
1.5703112655292182   1.2606129833940938   1.7589786272199317
1.6163456409812174   1.1768741368852471   1.6649101882233228
1.6637295346910133   1.098534697637205   1.576338314106838
1.7125025083885144   1.0252595139742797   1.4929358377968487
1.7627052835733923   0.9567332424290353   1.414394695101205
1.814379775514258   0.8926593065564981   1.3404241411932531
1.8675691282445197   0.8327587980405546   1.2707504790800008
1.922317750584177   0.7767694637001346   1.2051164492889945
1.9786713532176083   0.7244447734658956   1.1432802730503697
2.0366769868582977   0.6755530358772645   1.0850147465677304
2.0963830815323896   0.6298765589688573   1.0301063847717442
2.1578394870138577   0.5872108544715975   0.9783546110342155
2.2210975144450407   0.547363813832089   0.9295697359750603
2.286209979177315   0.5101548930230299   0.8835702633013126
2.3532312448676476   0.4754146412814836   0.8401857386947279
2.4222172688678643   0.4429840894165069   0.7992566945667738
2.4932256489445366   0.41271413185885447   0.7606339153366438
2.5663156713684585   0.3844649428968472   0.7241777532323339
2.641548360413907   0.3581054253698164   0.6897574910711655
2.7189865293089923   0.33351269313517395   0.6572507118708422
2.798694832679631   0.31057171487173246   0.6265410249514013
2.8807398205309562   0.289174860670263   0.597517205571658
2.9651899938111903   0.26922124614808   0.5700753709714869
3.05211586160442   0.2506163171010123   0.544118647225957
3.1415899999999994   0.23327147387066435   0.5195566592491275
