0.01   7258.905109831731   7258.551552095755
0.010293154462191829   7329.928566169145   7329.562456732145
0.010594902878253955   7397.793697152619   7397.413708652648
0.010905497183778876   7462.279919006434   7461.884139707291
0.011225196699963396   7523.159095545265   7522.745603718018
0.011554268350120923   7580.2002770166655   7579.76742428171
0.011892986882540897   7633.173977124543   7632.720399794588
0.012241635099881474   7681.844606149761   7681.36894962182
0.012600504095286909   7725.967365943875   7725.4678712373725
0.012969893495426888   7765.300738748745   7764.775208168664
0.013350111710660605   7799.606433515251   7799.052237452314
0.013741476192534558   7828.641944616335   7828.056054681215
0.014144313698828986   7852.169315615366   7851.548322120788
0.01455896056637426   7869.959398048939   7869.299519311968
0.014985762991865008   7881.7841742699175   7881.081199520387
0.01542507732090645   7887.418449891068   7886.667688101859
0.015877270345534218   7886.650354117807   7885.846656440068
0.016342719610456153   7879.281025761042   7878.4186844449105
0.016821813728271667   7865.12134449204   7864.193720951238
0.017314952703931925   7843.999480960542   7842.9989756974255
0.017822548268711737   7815.76408362532   7814.682229358611
0.01834502422397195   7780.287156965215   7779.1150750709185
0.018882816794999403   7737.465092887838   7736.193819079427
0.019436374995219892   7687.219251219555   7685.839813858578
0.02000616100108813   7629.504740262901   7628.008201312626
0.020592650537967844   7564.31898499458   7562.696447224702
0.021196333277324068   7491.688819636553   7489.931504604533
0.02181771324555934   7411.674707429369   7409.774238208343
0.022457309244835088   7324.404095910007   7322.353947765589
0.02311565528622961   7230.047830788826   7227.843928943353
0.023793301035594242   7128.803447637745   7126.444139699347
0.024490812272480036   7020.9384796078175   7018.425007860753
0.025208771362518027   6906.801907400037   6904.138999665043
0.0259477777436476   6786.762609395856   6783.958324486819
0.02670844842659881   6661.2279222151465   6658.293788704538
0.027491418510046592   6530.726087293353   6527.678476288925
0.028297341710866907   6395.814349874197   6392.674473977035
0.029126890909937666   6257.048444920314   6253.841825633972
0.029980758713939952   6115.089923374555   6111.845797364768
0.030859658033628758   5970.680520738777   5967.431238136618
0.031764322679055976   5824.528240475404   5821.3087094045795
0.03269550797224261   5677.353294567566   5674.200148910722
0.033653991377811755   5529.977500189814   5526.927779061169
0.03464057315210884   5383.184237503666   5380.274898385352
0.03565607701135116   5237.704227501761   5234.971413471292
0.036701350819364466   5094.361694042096   5091.835595140574
0.03777726729548091   4953.993845927867   4951.696164191468
0.038884724743189276   4817.3466928827465   4815.291421267875
0.04002464780014597   4685.009693498088   4683.202391101903
0.041197988210172884   4557.369791077194   4555.805642765795
0.04240572561788674   4434.747215772454   4433.411898993153
0.04364886838662332   4317.454897971034   4316.3228573103
0.04492845444033957   4206.012577691916   4205.02981382965
0.04624555213019635   4100.976617023919   4100.056258342355
0.04760126112654554   4002.7983852832585   4001.824603097973
0.04899671333706607   3911.0830393465303   3909.9281438594526
0.05043307385181555   3824.7498720692374   3823.288280535463
0.05191154191598653   3742.78488727381   3740.8933476306493
0.053433351931179485   3664.324077468363   3661.8814343883387
0.05499977448602865   3588.634246407522   3585.5214138733877
0.05661211741704101   3515.002486043527   3511.104780087538
0.05827172690053434   3442.4508659706203   3437.6755655936918
0.05997998857658587   3369.917943328777   3364.202562661658
0.06173832870592997   3296.293897682341   3289.6196385513517
0.0635482153607709   3220.261733354362   3212.683924453741
0.06541115965050462   3140.5835227950674   3132.2360144282143
0.06732871698337338   3056.0534941372516   3047.1766179409096
0.06930248836510605   2965.6194704723116   2956.5637306635804
0.07133412173562886   2868.781865683143   2860.0056438364295
0.07342531334496233   2765.5225283925274   2757.580729866828
0.07557780916945323   2656.4416671433496   2649.9383653784407
0.07779340636952398   2542.71406981676   2538.256278327382
0.08007395479015682   2425.9868308308423   2424.162987048191
0.08242135850536496   2308.2586035790478   2309.6175489800507
0.08483757740794096   2191.6192432833104   2196.5855257718076
0.08732462884580919   2078.1123175400844   2086.941733498272
0.08988458930634863   1969.7607374313543   1982.5358804876998
0.09251959615009227   1868.4246543119461   1885.034682060818
0.09523184939525078   1775.8499279356909   1795.9234483564078
0.09802361355455057   1693.2917296854287   1716.23379769705
0.10089721952591899   1621.3803704625195   1646.3925951908052
0.10385506653859616   1559.9604257842147   1586.1176859909085
0.10689962415629803   1507.7829101259856   1534.1272678084129
0.11003343433910281   1462.8524102381498   1488.5366553761255
0.11325911356578279   1422.5114221117578   1446.9391028512243
0.11657935501835284   1383.8690188930475   1406.77475509588
0.11999693083066039   1344.1155548047539   1365.638104520684
0.12351469440289359   1300.8138097886879   1321.5887331282797
0.12713558278394044   1252.2991421758384   1273.3656317863843
0.13086261912358757   1197.8891177851433   1220.5352604290426
0.13469891519660646   1138.1496943353222   1163.7162466271038
0.13864767400083483   1074.7008062314155   1104.3657342381503
0.14271219243142114   1009.9172302352483   1044.525660912904
0.14689586403346616   946.6434482170307   986.5314519391617
0.1512021818353596   887.9232869640072   932.6467846757249
0.15563474126517718   836.3672317603189   884.8625419043298
0.16019724315257297   793.3164398521578   843.9426228235742
0.1648934968186736   758.3589441694303   809.2876069074342
0.1697274232565544   729.5818345285345   779.4089966114511
0.17470305840495237   704.3924877947036   752.1973112600856
0.17982455651794954   680.0525769906442   725.6910489401438
0.18509619363343993   653.8690739740102   698.0271237019098
0.19052237114327647   623.9123861323677   667.9766995126008
0.19610761946807834   590.0863218682268   635.7693023311774
0.20185660183976684   554.1664327851331   602.7762560540497
0.20777411819498756   518.6808381379643   570.6206051503157
0.21386510918267082   486.01775349120464   540.8284576026061
0.22013466028907505   457.9142527704365   514.4225363059005
0.22658800608375756   434.7722439869347   491.3150498272217
0.23323053459001789   415.4707988186336   470.80615009898673
0.2400677917834628   397.9623764551503   451.5595298357431
0.24710548622244882   380.0818070335356   432.4116760184572
0.25434949381426813   360.4622580855425   412.65217201383894
0.2618058627210567   339.36773331306694   392.6522892872592
0.2694808184095226   318.2272873097274   373.06127502944474
0.27738076884870827   298.5874913906829   354.7115397355096
0.2855123098601282   281.5230063760826   338.039421973921
0.29388223062474755   266.9706964548834   322.88821896000627
0.3024975193514008   253.79654209018236   308.6580009021173
0.31136536911138296   240.7682637967661   294.7952305074605
0.3204931838440838   227.24216985410655   281.21153642817933
0.32988858453867975   213.52830459946452   267.8859429467409
0.3395594155970457   200.54101000227746   255.25948281868054
0.34951375138319807   188.87937724210462   243.51717551241433
0.3597599029647371   178.47107481337295   232.5288521727458
0.37030642505191835   168.7402944846492   222.09208574737886
0.3811621231401457   159.13817971584314   212.0270460576403
0.3923360608618501   149.63665449074054   202.35557946913494
0.4038375675538918   140.6078035699987   193.15049685491618
0.41567624604680364   132.32110133517608   184.47521035093004
0.42786198068238046   124.69814293033136   176.27847826842654
0.4404049455663077   117.44868861947016   168.45832591426677
0.4533156130627191   110.4313177704168   160.9914492603365
0.4666047625377753   103.74540355197006   153.88318386900542
0.4802834893595659   97.51682852234897   147.14433132105378
0.49436321416184764   91.70854205750727   140.75662226754585
0.5088556923793517   86.20042979895315   134.6746543823763
0.5237730240626238   80.95245422151883   128.88012214354143
0.5391276639805903   76.00998727082847   123.37785290810274
0.5549324320192869   71.38225751653978   118.15395278853
0.5712005238854289   67.0204775899348   113.18615910502234
0.5879455221237613   62.893210352074284   108.46046262004113
0.6051814074573895   59.007141602025364   103.96810837480842
0.622922570460556   55.35739445720093   99.69903399571207
0.6411838235736077   51.9198779332958   95.6371407887224
0.6599804134701901   48.68217198358551   91.77416412831253
0.6793280337869897   45.6370879892691   88.09961481072038
0.6992428382266549   42.77397196668148   84.60343118838065
0.7197414540448374   40.08247793232753   81.27612679172567
0.7408409959326054   37.55281693655125   78.10875888699299
0.7625590803058332   35.17572881440164   75.09289552756005
0.7849138400134885   32.94245527805469   72.22058469838468
0.8079239394770964   30.844714438834682   69.48432473970772
0.8316085902740278   28.874710724397637   66.87687541851338
0.8559875671776167   27.025142941260707   64.39105747392017
0.8810812246675007   25.289099552514706   62.02009209424301
0.9069105139239728   23.660029418407976   59.757626220968476
0.9334970003205227   22.13172583150674   57.59770309967783
0.960862881429187   20.698311039932108   55.534735044278534
0.9890310055537336   19.354221261650252   53.563478236055495
1.0180248908061487   18.09419180247634   51.679002356071656
1.047868744742366   16.9132322293201   49.87646529946573
1.0785874845736239   15.806614727173436   48.1510945674994
1.1102067579703248   14.769875570695124   46.498424665324976
1.1427529644757777   13.798802470779572   44.914288549827795
1.1762532775476793   12.889421650191183   43.394795863238755
1.210735667245765   12.037985492853679   41.936312941546106
1.246228923584555   11.240960747940756   40.53544444039566
1.2827626805706884   10.495017322113732   39.18899905246397
1.3203674409449337   9.79701798897565   37.893814642467795
1.3590746016495152   9.14400778421648   36.64684167608193
1.3989164800420282   8.533203901465908   35.44524454961266
1.4399263408778291   7.961986422296818   34.28638767536268
1.4821384240834183   7.427889492506525   33.167821267681674
1.525587973344019   6.928592922935423   32.087268310179084
1.5703112655292182   6.461914198373173   31.04261259264561
1.6163456409812174   6.02580054695676   30.03187979249209
1.6637295346910133   5.618320671264303   29.053199924140106
1.7125025083885144   5.237659330804663   28.104828644844947
1.7627052835733923   4.882111262743412   27.185150020377566
1.814379775514258   4.550074910295426   26.292668088305472
1.8675691282445197   4.240046479334884   25.42599905845009
1.922317750584177   3.950614308280477   24.583864089730152
1.9786713532176083   3.6804535349852436   23.76508262702327
2.0366769868582977   3.4283206773732258   22.968574969836638
2.0963830815323896   3.1930485455134328   22.19336576868484
2.1578394870138577   2.973542614447846   21.43855925174619
2.2210975144450407   2.768776830993716   20.703331448191566
2.286209979177315   2.57778952741943   19.9869256452363
2.3532312448676476   2.3996795642503206   19.28864810164098
2.4222172688678643   2.2336026904363115   18.60786399210011
2.4932256489445366   2.0787681430511595   17.94399836949174
2.5663156713684585   1.9344362979022867   17.296665925535788
2.641548360413907   1.7999154233291672   16.665662161283226
2.7189865293089923   1.674557625311058   16.050792980661445
2.798694832679631   1.5577561571314609   15.451864789025883
2.8807398205309562   1.448942942411543   14.868684095375214
2.9651899938111903   1.3475862362238316   14.301057143346727
3.05211586160442   1.253188417463534   13.748789570882566
3.1415899999999994   1.1652835665760861   13.211673936329626
