0.01   4523.070331859038   4522.822027241334
0.010293154462191829   4588.719876740119   4588.454374046835
0.010594902878253955   4653.305536370764   4653.021017420311
0.010905497183778876   4716.692171113095   4716.386999029019
0.011225196699963396   4778.7407956534735   4778.413469226978
0.011554268350120923   4839.302793474847   4838.951516450116
0.011892986882540897   4898.223880938395   4897.846359293701
0.012241635099881474   4955.347363464747   4954.94079191997
0.012600504095286909   5010.51110995409   5010.072351861289
0.012969893495426888   5063.5461637394465   5063.072036036006
0.013350111710660605   5114.281918227988   5113.769225543598
0.013741476192534558   5162.545640701817   5161.991125733829
0.014144313698828986   5208.156276588771   5207.556284586612
0.01455896056637426   5250.930267091821   5250.280627184791
0.014985762991865008   5290.684939018591   5289.98096547927
0.01542507732090645   5327.234716131484   5326.471228123443
0.015877270345534218   5360.390922665502   5359.562271942427
0.016342719610456153   5389.967942450627   5389.068029751851
0.016821813728271667   5415.783127797162   5414.805357272561
0.017314952703931925   5437.65306726749   5436.590084819308
0.017822548268711737   5455.399056121171   5454.242698389064
0.01834502422397195   5468.849812989201   5467.591143349413
0.018882816794999403   5477.841150469336   5476.470543556887
0.019436374995219892   5482.2171969030705   5480.724431313624
0.02000616100108813   5481.833033307408   5480.207355214656
0.020592650537967844   5476.557659399049   5474.787830600506
0.021196333277324068   5466.279264716197   5464.35356460457
0.02181771324555934   5450.9016998655125   5448.807997059298
0.022457309244835088   5430.3452058799   5428.071083234836
0.02311565528622961   5404.560952787457   5402.094239667547
0.023793301035594242   5373.5283612887315   5370.857565584173
0.024490812272480036   5337.24447622201   5334.358884830438
0.025208771362518027   5295.7373655000665   5292.627474844312
0.0259477777436476   5249.088140727921   5245.746637915851
0.02670844842659881   5197.400172182434   5193.822104405387
0.027491418510046592   5140.797612572419   5136.980431787286
0.028297341710866907   5079.474624599108   5075.418720178417
0.029126890909937666   5013.67137880287   5009.380336662831
0.029980758713939952   4943.637549504502   4939.118020197417
0.030859658033628758   4869.665024134232   4864.926948538113
0.031764322679055976   4792.123000102889   4787.1802089973635
0.03269550797224261   4711.387075168425   4706.257082245854
0.033653991377811755   4627.841833712204   4622.5453975459495
0.03464057315210884   4541.986431916332   4536.54636500847
0.03565607701135116   4454.361564674798   4448.801996795237
0.036701350819364466   4365.481621076103   4359.82771342349
0.03777726729548091   4275.834779486934   4270.112379910401
0.038884724743189276   4185.883252126088   4180.1185220690195
0.04002464780014597   4096.058800203583   4090.277999767988
0.041197988210172884   4006.793452352644   4001.0216587564105
0.04240572561788674   3918.6885034847073   3912.9423873601695
0.04364886838662332   3832.3749910235247   3826.6605535403673
0.04492845444033957   3748.426838318032   3742.740140655031
0.04624555213019635   3667.3041568954054   3661.628128653041
0.04760126112654554   3589.34052489467   3583.6406212581333
0.04899671333706607   3514.831213950756   3509.056429025099
0.05043307385181555   3443.93738651181   3438.022542583733
0.05191154191598653   3376.4728715532137   3370.3429091070852
0.053433351931179485   3312.198388017484   3305.769701767417
0.05499977448602865   3250.8254919962314   3244.0080541515545
0.05661211741704101   3191.8753276076754   3184.578180535601
0.05827172690053434   3134.8576908553805   3126.990314302182
0.05997998857658587   3079.228615487711   3070.7070627277917
0.06173832870592997   3024.3347655613156   3015.0916378615652
0.0635482153607709   2969.5350635707305   2959.5221498052806
0.06541115965050462   2914.0647002293804   2903.270807015496
0.06732871698337338   2857.1263099766343   2845.5857644964026
0.06930248836510605   2797.892691380759   2785.697832976124
0.07133412173562886   2735.4737116590545   2722.7928081028585
0.07342531334496233   2669.0832429619754   2656.16967138905
0.07557780916945323   2598.081175058977   2585.3035006854584
0.07779340636952398   2522.0532639152734   2509.879411498234
0.08007395479015682   2441.064286502316   2430.019150549276
0.08242135850536496   2355.4918922672123   2346.1364933626246
0.08483757740794096   2266.2684719651174   2259.192286940527
0.08732462884580919   2174.579025086597   2170.3574587825997
0.08988458930634863   2081.9401629624767   2081.059982803969
0.09251959615009227   1989.9293380042934   1992.7661145242994
0.09523184939525078   1900.1489048648405   1906.949757478909
0.09802361355455057   1814.167052251453   1824.9873170275262
0.10089721952591899   1733.39714439166   1748.088213932322
0.10385506653859616   1659.0599375686234   1677.2653983624045
0.10689962415629803   1592.1227543069688   1613.2930231844994
0.11003343433910281   1532.9584619437253   1556.3547012161303
0.11325911356578279   1481.4523223816889   1506.2010519682792
0.11657935501835284   1436.596343683795   1461.8496383991028
0.11999693083066039   1396.8559688006776   1421.8788780107302
0.12351469440289359   1360.1296183272607   1384.4009648110555
0.12713558278394044   1324.1608938784505   1347.5128879191243
0.13086261912358757   1286.7754156760923   1309.451879249288
0.13469891519660646   1246.1568119472158   1268.7786552912976
0.13864767400083483   1201.1398430286479   1224.6790725208293
0.14271219243142114   1151.3811265167449   1177.023645652099
0.14689586403346616   1097.5027113008477   1126.4229381389491
0.1512021818353596   1041.0077212408025   1074.2989482308164
0.15563474126517718   983.9787737466494   1022.3121941650566
0.16019724315257297   928.785794673679   972.2062602381309
0.1648934968186736   877.7761251624986   925.7603317942995
0.1697274232565544   832.8660598734623   884.279290092058
0.17470305840495237   794.9515587069717   848.1524024603829
0.17982455651794954   763.5091359966752   816.9376127941247
0.18509619363343993   736.7699482055491   789.125066093499
0.19052237114327647   712.360596886669   762.9715766110533
0.19610761946807834   687.8985837872063   736.9267781625858
0.20185660183976684   661.3274910768444   709.657169542997
0.20777411819498756   631.4046863951227   680.4896711703713
0.21386510918267082   598.3809494326619   649.8331485297571
0.22013466028907505   564.0290670211249   618.8827332311222
0.22658800608375756   530.7193091757797   589.1087698446056
0.23323053459001789   500.481609875779   561.7254802916802
0.2400677917834628   474.54180799380305   537.2265885183923
0.24710548622244882   452.9133549318408   515.5137134787543
0.25434949381426813   434.27512888759514   495.70559692048613
0.2618058627210567   416.6087074169646   476.66665866571316
0.2694808184095226   398.0851263009953   457.4905935247819
0.27738076884870827   377.8485600726737   437.84345116070557
0.2855123098601282   356.4500820379084   418.06715255827515
0.29388223062474755   335.47390008773687   399.021499562124
0.3024975193514008   316.36436965635727   381.26686196338323
0.31136536911138296   299.8342620043917   364.9950286686352
0.3204931838440838   285.49463910505295   350.0287548953091
0.32988858453867975   272.0785375401589   335.71997256418166
0.3395594155970457   258.44277240695277   321.6803413057968
0.34951375138319807   244.25337636688525   307.83792217776625
0.3597599029647371   230.0861501124146   294.408805409016
0.37030642505191835   216.9014437730057   281.71988749483774
0.3811621231401457   205.1510306375542   269.86711628668536
0.3923360608618501   194.52708591654198   258.6762441372055
0.4038375675538918   184.34604488652474   247.96138413418913
0.41567624604680364   174.15600789493107   237.56888140053587
0.42786198068238046   164.11684276567914   227.5599906892351
0.4404049455663077   154.6907204003702   218.06096797990241
0.4533156130627191   146.07819674388236   209.0704770581435
0.4666047625377753   138.06794422173598   200.52464568592478
0.4802834893595659   130.33088008461326   192.33761390917405
0.49436321416184764   122.80795777545192   184.48403375490912
0.5088556923793517   115.67853868712079   176.99754122184962
0.5237730240626238   109.05586737678749   169.8903662219924
0.5391276639805903   102.83492054323523   163.11313299574962
0.5549324320192869   96.87988030115855   156.6397764456769
0.5712005238854289   91.1950904102003   150.45292112285344
0.5879455221237613   85.85095882608955   144.56079400531203
0.6051814074573895   80.83280478049424   138.948867130931
0.622922570460556   76.072725304285   133.58919699320205
0.6411838235736077   71.55458819863132   128.47074581331063
0.6599804134701901   67.29821671314419   123.59222964496038
0.6793280337869897   63.287801543121695   118.93943216667827
0.6992428382266549   59.49976750186408   114.49481315195968
0.7197414540448374   55.92351270626848   110.25278113303467
0.7408409959326054   52.548655991508205   106.20314219056367
0.7625590803058332   49.36517813517356   102.33590641432609
0.7849138400134885   46.363440877516545   98.64165852084186
0.8079239394770964   43.5341827922544   95.11152189336094
0.8316085902740278   40.86851414154858   91.73712503905918
0.8559875671776167   38.35787514921048   88.51048775040854
0.8810812246675007   35.99389554668746   85.42366222653797
0.9069105139239728   33.768552574955834   82.46905140684203
0.9334970003205227   31.67422426664458   79.63953010730022
0.960862881429187   29.70367205472955   76.92841275401052
0.9890310055537336   27.850023922353607   74.32942345708612
1.0180248908061487   26.10675812932981   71.83666832399638
1.047868744742366   24.467687794640646   69.44460401879066
1.0785874845736239   22.92695815810919   67.14775453358557
1.1102067579703248   21.4790329040838   64.94062651879335
1.1427529644757777   20.11866060988455   62.8180700082016
1.1762532775476793   18.840860802550615   60.77528196649447
1.210735667245765   17.640911953509605   58.80778162411202
1.246228923584555   16.514339857796184   56.91138781963954
1.2827626805706884   15.456906396964829   55.08219816923381
1.3203674409449337   14.464597713299955   53.31653372463772
1.3590746016495152   13.533608867007345   51.61072738894202
1.3989164800420282   12.660339012904595   49.9612785995965
1.4399263408778291   11.841384329240016   48.364940584381394
1.4821384240834183   11.073528319287693   46.818703382049634
1.525587973344019   10.35373250386738   45.31977795604125
1.5703112655292182   9.67912750287598   43.86558158016031
1.6163456409812174   9.047004488208575   42.4537244980153
1.6637295346910133   8.45480650287274   41.08200734495405
1.7125025083885144   7.900120462782187   39.7484150483731
1.7627052835733923   7.3806706374186275   38.4510889813212
1.814379775514258   6.894311555178523   37.18831546871852
1.8675691282445197   6.439021137523765   35.958516775907164
1.922317750584177   6.012894151376328   34.76024268615607
1.9786713532176083   5.614135968207473   33.5921626067691
2.0366769868582977   5.241056403460809   32.45306554615236
2.0963830815323896   4.892062614739699   31.341905676038113
2.1578394870138577   4.565655064243882   30.257756190314797
2.2210975144450407   4.260423331082519   29.199769827047533
2.286209979177315   3.9750411377255337   28.167173417462916
2.3532312448676476   3.708261624092137   27.15926292027873
2.4222172688678643   3.458912865586185   26.175398662369304
2.4932256489445366   3.225893631341678   25.215001688801223
2.5663156713684585   3.0081705034828135   24.277698649048627
2.641548360413907   2.8047748771803276   23.363451107888576
2.7189865293089923   2.6147967699722066   22.47223706336972
2.798694832679631   2.437381204085506   21.604007894603583
2.8807398205309562   2.27172511015447   20.758689122339984
2.9651899938111903   2.1170743870104154   19.936181206491053
3.05211586160442   1.972721111110721   19.136360377757278
3.1415899999999994   1.838000314285787   18.359065817214915
