0.01   16683.82579923547   16680.320766611334
0.010293154462191829   16840.496508492914   16836.710307950118
0.010594902878253955   16989.460790697376   16985.371096502768
0.010905497183778876   17130.196487572608   17125.77611168069
0.011225196699963396   17262.181651582174   17257.398674394957
0.011554268350120923   17384.87518832635   17379.695524829993
0.011892986882540897   17497.724758883316   17492.11411741907
0.012241635099881474   17600.185097188507   17594.109163746936
0.012600504095286909   17691.707012217925   17685.130420316804
0.012969893495426888   17771.72088114081   17764.60456595459
0.013350111710660605   17839.667214662346   17831.968138351873
0.013741476192534558   17895.001033479217   17886.672318675162
0.014144313698828986   17937.16752504047   17928.158426208578
0.01455896056637426   17965.619802870777   17955.875833866266
0.014985762991865008   17979.838502380473   17969.301723174958
0.01542507732090645   17979.317895928132   17967.926428915805
0.015877270345534218   17963.557127218035   17951.244150277133
0.016342719610456153   17932.092029392574   17918.78611862426
0.016821813728271667   17884.498995882135   17870.12445312427
0.017314952703931925   17820.38219896804   17804.858293902107
0.017822548268711737   17739.390501399233   17722.63167811778
0.01834502422397195   17641.229351114074   17623.146053616027
0.018882816794999403   17525.66523255323   17506.164663574753
0.019436374995219892   17392.529465573105   17371.516393340356
0.02000616100108813   17241.72097310873   17219.098805608464
0.020592650537967844   17073.218619201907   17048.891193998137
0.021196333277324068   16887.114204409096   16860.98968489845
0.02181771324555934   16683.58334144859   16655.576018085456
0.022457309244835088   16462.879428537548   16432.910963990274
0.02311565528622961   16225.409478424821   16193.414100786784
0.023793301035594242   15971.721976931392   15937.650926487857
0.024490812272480036   15702.431273036666   15666.253188606053
0.025208771362518027   15418.275204330672   15379.979103955771
0.0259477777436476   15120.234027245842   15079.837647351616
0.02670844842659881   14809.356877226503   14766.906934619756
0.027491418510046592   14486.738180503955   14442.309168739152
0.028297341710866907   14153.742880985244   14107.44169429629
0.029126890909937666   13811.890485402204   13763.85773134697
0.029980758713939952   13462.665964586904   13413.072232663297
0.030859658033628758   13107.685484685115   13056.729179201233
0.031764322679055976   12748.8734118282   12696.780161242845
0.03269550797224261   12388.081348206308   12335.099492778032
0.033653991377811755   12027.076943000191   11973.471830722203
0.03464057315210884   11667.883165515163   11613.925944621516
0.03565607701135116   11312.523372480213   11258.484128566004
0.036701350819364466   10962.813768275519   10908.958376495271
0.03777726729548091   10620.600478594974   10567.17101807446
0.038884724743189276   10287.869822995013   10235.057984900797
0.04002464780014597   9966.38047428683   9914.32915965469
0.041197988210172884   9657.617000052918   9606.419127802305
0.04240572561788674   9362.676862384213   9312.349475659968
0.04364886838662332   9082.425390527218   9032.907310658251
0.04492845444033957   8817.588078947436   8768.746669011322
0.04624555213019635   8568.899867621185   8520.479196011995
0.04760126112654554   8337.132073246446   8288.697292160281
0.04899671333706607   8122.955582568132   8073.906337164617
0.05043307385181555   7926.102992189104   7875.730272857671
0.05191154191598653   7744.099989203122   7691.706561568519
0.053433351931179485   7574.336392482981   7519.253266176638
0.05499977448602865   7414.495318982573   7356.078659809234
0.05661211741704101   7262.63890521344   7200.265898504356
0.05827172690053434   7116.998499209372   7050.069545785954
0.05997998857658587   6975.3385491423105   6903.363855081688
0.06173832870592997   6834.7360206140065   6757.455624658647
0.0635482153607709   6692.315941335064   6609.729112978794
0.06541115965050462   6544.586780371781   6457.140956509368
0.06732871698337338   6388.009374811422   6296.666130710013
0.06930248836510605   6219.388646620347   6125.706835622078
0.07133412173562886   6035.923844903921   5942.1454979334885
0.07342531334496233   5835.917366553199   5744.8884013238285
0.07557780916945323   5619.508320364671   5534.588164949533
0.07779340636952398   5387.885355126245   5312.711183028815
0.08007395479015682   5143.96969115792   5082.058737259797
0.08242135850536496   4891.425594115099   4846.003911226484
0.08483757740794096   4635.082863666353   4608.9618469781335
0.08732462884580919   4379.8696101359465   4375.226280732781
0.08988458930634863   4130.840103964202   4148.88792162357
0.09251959615009227   3893.006902069385   3933.8775911759094
0.09523184939525078   3671.2610842916997   3733.9186760048974
0.09802361355455057   3470.1205598771808   3552.0351727197462
0.10089721952591899   3293.1850018987307   3390.4570004801744
0.10385506653859616   3141.97085682298   3249.7452890411423
0.10689962415629803   3016.524311044928   3129.31788968746
0.11003343433910281   2913.8454059739092   3026.2030717908697
0.11325911356578279   2829.5631446975276   2936.5193701290164
0.11657935501835284   2757.4317238384074   2855.416237497534
0.11999693083066039   2690.7366945250533   2777.943309198091
0.12351469440289359   2622.5263810114225   2699.2734778372264
0.12713558278394044   2546.547905630931   2615.577367223519
0.13086261912358757   2458.0451649221286   2524.2715597499537
0.13469891519660646   2354.6425823027407   2424.392843024595
0.13864767400083483   2236.8936460923437   2316.917999767837
0.14271219243142114   2107.8891705194305   2204.489808420164
0.14689586403346616   1972.8534421647698   2090.93899894379
0.1512021818353596   1838.7746804845538   1980.4553759097635
0.15563474126517718   1713.5630401863461   1877.7398519326596
0.16019724315257297   1604.1284052454107   1785.8098895620124
0.1648934968186736   1514.2853622161342   1705.7842179977395
0.1697274232565544   1443.5939592307873   1637.6373419770434
0.17470305840495237   1388.355660722317   1577.3729952636954
0.17982455651794954   1343.2846962772062   1522.75205725608
0.18509619363343993   1301.9026234472403   1470.4540534820692
0.19052237114327647   1256.9784721599833   1417.28938528783
0.19610761946807834   1203.0379244025492   1361.0717283042868
0.20185660183976684   1138.989250289005   1301.7817655098138
0.20777411819498756   1068.1295746104483   1241.6517113338448
0.21386510918267082   995.8492356493083   1183.3418425254845
0.22013466028907505   928.1193837780995   1128.371130885491
0.22658800608375756   869.9837692115074   1078.581792286726
0.23323053459001789   823.333178007928   1033.8536808853232
0.2400677917834628   786.3857867051098   993.262377097153
0.24710548622244882   754.8407992585171   955.2541643691444
0.25434949381426813   723.2294067236365   918.200411821582
0.2618058627210567   687.5804993656546   880.9858391774322
0.2694808184095226   647.6864810546641   844.1526521855244
0.27738076884870827   606.121411391725   808.1633386327143
0.2855123098601282   566.6058564420769   774.2438485944909
0.29388223062474755   532.4106005628674   742.4872010918385
0.3024975193514008   504.0793842519965   713.0181065752013
0.31136536911138296   479.52047225759355   685.1934767896473
0.3204931838440838   455.7973774670517   658.5346329635466
0.32988858453867975   430.76732409544786   632.6739871524428
0.3395594155970457   404.6032274966634   607.5357490757206
0.34951375138319807   379.2480353962602   583.5786736544054
0.3597599029647371   356.40062765764145   561.0160859261625
0.37030642505191835   336.4438952293998   539.6505453861039
0.3811621231401457   318.2700963961565   519.3368664654059
0.3923360608618501   300.4298428821343   499.8857592188918
0.4038375675538918   282.50095029979764   481.148014310727
0.41567624604680364   265.1703667542585   463.27472822135104
0.42786198068238046   249.2398859034595   446.31657647666844
0.4404049455663077   234.77928146397284   430.188403760284
0.4533156130627191   221.20290711212252   414.8026379194573
0.4666047625377753   208.01221242775588   400.05802085653363
0.4802834893595659   195.324891231164   385.9652069790459
0.49436321416184764   183.47093968488971   372.5316457809667
0.5088556923793517   172.49696485477347   359.7560087052379
0.5237730240626238   162.1469679380393   347.54255300742176
0.5391276639805903   152.25932708702518   335.84314217875357
0.5549324320192869   142.91109582083772   324.67199982295045
0.5712005238854289   134.17326864184008   314.01025414690014
0.5879455221237613   125.96815630325541   303.8186395167258
0.6051814074573895   118.20087681144945   294.0612909910183
0.622922570460556   110.87535791648465   284.7183408253426
0.6411838235736077   104.0020423041611   275.7840870339796
0.6599804134701901   97.53797664731201   267.2243311461639
0.6793280337869897   91.44992754108287   259.01656941975915
0.6992428382266549   85.72441547067639   251.1474511668009
0.7197414540448374   80.34145881042005   243.59756209104737
0.7408409959326054   75.281755910991   236.34843641677097
0.7625590803058332   70.52700570455124   229.38280620780856
0.7849138400134885   66.05986201897537   222.6845159748612
0.8079239394770964   61.863889545186886   216.23844420292775
0.8316085902740278   57.923522031186344   210.03041223850747
0.8559875671776167   54.224040184118266   204.0465032773236
0.8810812246675007   50.75153040331504   198.27294861860602
0.9069105139239728   47.49282094314184   192.69686512947857
0.9334970003205227   44.435445637496215   187.30624103699768
0.960862881429187   41.567610565675146   182.08987629258513
0.9890310055537336   38.87816195952059   177.03732798063965
1.0180248908061487   36.3565551786287   172.13885475336414
1.047868744742366   33.992816306831635   167.38503920880072
1.0785874845736239   31.77751176181652   162.7666036302315
1.1102067579703248   29.701736052254876   158.27489893119238
1.1427529644757777   27.75708603723645   153.9019120498229
1.1762532775476793   25.93563497932505   149.64022748661452
1.210735667245765   24.229907762665444   145.48299205752355
1.246228923584555   22.632857225158883   141.42388257069726
1.2827626805706884   21.137840086728836   137.45708166836735
1.3203674409449337   19.738594473150346   133.57725520691915
1.3590746016495152   18.429222646171688   129.77951571391858
1.3989164800420282   17.204171693364703   126.0593973894893
1.4399263408778291   16.05821475080658   122.41283416761905
1.4821384240834183   14.986433146321227   118.8361391691825
1.525587973344019   13.98419942531545   115.32598570579941
1.5703112655292182   13.047161104903257   111.87956026500635
1.6163456409812174   12.17122521551097   108.49479157598842
1.6637295346910133   11.352544079280102   105.16991150504504
1.7125025083885144   10.587501549304779   101.9033643471987
1.7627052835733923   9.87269990248971   98.69379475013345
1.814379775514258   9.20494741260814   95.54003592244321
1.8675691282445197   8.581246572785817   92.44109810238912
1.922317750584177   7.99878267673011   89.39636902153704
1.9786713532176083   7.454912741238706   86.40607185952857
2.0366769868582977   6.947156393902563   83.47059798436007
2.0963830815323896   6.473186574788001   80.59033295201156
2.1578394870138577   6.030820531590765   77.76565235191481
2.2210975144450407   5.618011308077742   74.9969177811805
2.286209979177315   5.232839701432777   72.28447295827904
2.3532312448676476   4.873506281729704   69.628766021865
2.4222172688678643   4.538323071479216   67.03075685025398
2.4932256489445366   4.225708405840443   64.49142770271538
2.5663156713684585   3.9341810060552946   62.01160937410675
2.641548360413907   3.662353850363563   59.59198554793573
2.7189865293089923   3.408928401141037   57.233097434999145
2.798694832679631   3.1726891688989416   54.935348653804844
2.8807398205309562   2.952498985083004   52.69909544574578
2.9651899938111903   2.747295896445755   50.52504928825933
3.05211586160442   2.556086599207564   48.413882719282235
3.1415899999999994   2.377941308636144   46.36603311807742
