0.01   5734.234279231606   5734.03353309615
0.010293154462191829   5807.162628355908   5806.948131019422
0.010594902878253955   5878.3825380247945   5878.153029195054
0.010905497183778876   5947.720735739498   5947.474881311766
0.011225196699963396   6014.992150020192   6014.728408167509
0.011554268350120923   6080.008222008203   6079.724824870068
0.011892986882540897   6142.577170906356   6142.272128742736
0.012241635099881474   6202.497789073341   6202.168938157597
0.012600504095286909   6259.5645685617355   6259.209592673167
0.012969893495426888   6313.571314353851   6313.187743964301
0.013350111710660605   6364.304719498774   6363.889769862041
0.013741476192534558   6411.54286420414   6411.093222561893
0.014144313698828986   6455.064774732399   6454.576584476217
0.01455896056637426   6494.649608193401   6494.118533705254
0.014985762991865008   6530.069415755004   6529.490926019408
0.01542507732090645   6561.097834474907   6560.467296077934
0.015877270345534218   6587.513805825452   6586.826478870279
0.016342719610456153   6609.0955025271005   6608.346063892803
0.016821813728271667   6625.622269014202   6624.804377495466
0.017314952703931925   6636.882807109674   6635.989111230269
0.017822548268711737   6642.674868645252   6641.697053123374
0.01834502422397195   6642.802722782755   6641.731589143824
0.018882816794999403   6637.083683071063   6635.909213153627
0.019436374995219892   6625.350939690503   6624.0623725825235
0.02000616100108813   6607.4565008648315   6606.042513860104
0.020592650537967844   6583.272151912512   6581.721014477912
0.021196333277324068   6552.6899784380375   6550.9896508792
0.02181771324555934   6515.630698205237   6513.769061254309
0.022457309244835088   6472.052026653182   6470.017243062968
0.02311565528622961   6421.936793064253   6419.717443153392
0.023793301035594242   6365.296711522468   6362.882068062667
0.024490812272480036   6302.203214175109   6299.584597716478
0.025208771362518027   6232.767102745913   6229.93848039845
0.0259477777436476   6157.122928448679   6154.0809165379405
0.02670844842659881   6075.466851340426   6072.211226235933
0.027491418510046592   5988.070433527467   5984.604809787302
0.028297341710866907   5895.224915672005   5891.556625567774
0.029126890909937666   5797.255380479059   5793.395695152929
0.029980758713939952   5694.597202204368   5690.563199446583
0.030859658033628758   5587.717533054067   5583.532269938388
0.031764322679055976   5477.083890639191   5472.775794185696
0.03269550797224261   5363.25523086023   5358.856702281639
0.033653991377811755   5246.871516789647   5242.417569688982
0.03464057315210884   5128.548046772885   5124.07577567943
0.03565607701135116   5008.909122299771   5004.457830068191
0.036701350819364466   4888.677043364305   4884.289725257554
0.03777726729548091   4768.549783848594   4764.272874854759
0.038884724743189276   4649.174019989746   4645.0561023144255
0.04002464780014597   4531.201848951095   4527.284419297812
0.041197988210172884   4415.267961917599   4411.579680024035
0.04240572561788674   4301.944775022561   4298.502464935628
0.04364886838662332   4191.8296452516915   4188.637327655168
0.04492845444033957   4085.6489879764376   4082.6944086936214
0.04624555213019635   3984.0764483462867   3981.3321537311476
0.04760126112654554   3887.6393451933495   3885.0633781125857
0.04899671333706607   3796.4091619566   3793.941415953275
0.05043307385181555   3710.307229986211   3707.869348295398
0.05191154191598653   3629.2098830839027   3626.707246859597
0.053433351931179485   3552.7351648861672   3550.060793488618
0.05499977448602865   3480.435216619289   3477.471578898915
0.05661211741704101   3411.80865469402   3408.430501550977
0.05827172690053434   3346.14138723697   3342.2224808602336
0.05997998857658587   3282.715850901416   3278.1312124056
0.06173832870592997   3220.67394392017   3215.3152869158894
0.0635482153607709   3159.049533432302   3152.838360784165
0.06541115965050462   3096.83987754295   3089.7409521823774
0.06732871698337338   3032.8647450810813   3024.9191742065477
0.06930248836510605   2965.9826106912396   2957.313302347849
0.07133412173562886   2895.0309840989826   2885.859652283829
0.07342531334496233   2818.9776978781924   2809.629087434568
0.07557780916945323   2737.128742114044   2728.0639458980118
0.07779340636952398   2649.099260913074   2640.906084660057
0.08007395479015682   2555.1141248817935   2548.4417082518453
0.08242135850536496   2455.8083314299706   2451.3312415767905
0.08483757740794096   2352.426864387952   2350.837693340389
0.08732462884580919   2246.5040205068135   2248.4667655442454
0.08988458930634863   2139.883308469641   2145.958100756491
0.09251959615009227   2034.5566651018287   2045.154105934658
0.09523184939525078   1932.5193835743946   1947.8789514540317
0.09802361355455057   1835.708277484202   1855.8253536076336
0.10089721952591899   1745.9465523301515   1770.5285960416861
0.10385506653859616   1664.6888539676877   1693.1833436286702
0.10689962415629803   1592.9925268148193   1624.6195385140172
0.11003343433910281   1531.075326458518   1564.8470482527098
0.11325911356578279   1478.4858835806042   1513.2879856016632
0.11657935501835284   1433.781686982123   1468.5618171242559
0.11999693083066039   1394.9000332182227   1428.7811013668702
0.12351469440289359   1359.274517553413   1391.666023542509
0.12713558278394044   1324.126762347517   1354.8589784910812
0.13086261912358757   1286.8210877954216   1316.2178862169008
0.13469891519660646   1245.1436401796282   1274.0465971136693
0.13864767400083483   1197.7115590970693   1227.4176166921757
0.14271219243142114   1144.2541328551088   1176.2939151642327
0.14689586403346616   1085.6782633100092   1121.5537323271813
0.1512021818353596   1023.9516920409379   1064.8976952453925
0.15563474126517718   961.816463432712   1008.5830091142205
0.16019724315257297   902.4125680082275   954.9900483082549
0.1648934968186736   848.735481326688   906.2097304809057
0.1697274232565544   802.9134943337591   863.6737144361956
0.17470305840495237   765.5718947984376   827.6851678076849
0.17982455651794954   735.6876694540248   797.2050961466698
0.18509619363343993   711.0218635438277   770.3988368248231
0.19052237114327647   688.6998507939097   745.2267452108999
0.19610761946807834   665.6376274487575   719.6470503987448
0.20185660183976684   639.1671077826852   692.0917130704686
0.20777411819498756   608.0689280583699   661.8451197804151
0.21386510918267082   573.1955138897154   629.771487051207
0.22013466028907505   536.9545068204227   597.5081401898603
0.22658800608375756   502.25895935528575   566.7959255741551
0.23323053459001789   471.68072349607064   539.0967857126983
0.2400677917834628   446.6233676403329   514.9880039996228
0.24710548622244882   426.6998525633611   494.12275048759807
0.25434949381426813   409.9531674587156   475.177666095438
0.2618058627210567   393.71213318047876   456.7387445721681
0.2694808184095226   375.67837510689264   437.65489244084205
0.27738076884870827   355.1218732987141   417.83697306260393
0.2855123098601282   333.1561398333437   397.872793955895
0.29388223062474755   311.86166055237743   378.7595880948798
0.3024975193514008   293.1464043671821   361.28891461556645
0.31136536911138296   277.7502824053896   345.57224531051025
0.3204931838440838   264.77494906902   331.2263449104938
0.32988858453867975   252.45170107760447   317.4290758100433
0.3395594155970457   239.3439612275631   303.67435241758017
0.34951375138319807   225.23352878614372   290.0346222037234
0.3597599029647371   211.18695409982368   276.8538185777092
0.37030642505191835   198.4937539856379   264.53173828716314
0.3811621231401457   187.61097318319804   253.12597117712247
0.3923360608618501   177.9470077540617   242.42684518908942
0.4038375675538918   168.45813859045208   232.12001220660676
0.41567624604680364   158.65624727436636   222.06165299029925
0.42786198068238046   148.95429470029492   212.3831308453615
0.4404049455663077   140.04718271043092   203.2652606552545
0.4533156130627191   132.13719622073694   194.68845007306714
0.4666047625377753   124.79478375045139   186.53110901420612
0.4802834893595659   117.55726623017695   178.71322288317674
0.49436321416184764   110.43815663842214   171.19955812333697
0.5088556923793517   103.7831775151035   164.07171223202482
0.5237730240626238   97.71306937948135   157.33139091873016
0.5391276639805903   92.01396569495624   150.90558662847997
0.5549324320192869   86.49227815269725   144.76741959465934
0.5712005238854289   81.22143240735124   138.90761539064675
0.5879455221237613   76.32583044864307   133.34259321595772
0.6051814074573895   71.75331421811164   128.05413130982262
0.622922570460556   67.39424391883169   123.00070145408736
0.6411838235736077   63.25617296574716   118.18070491142943
0.6599804134701901   59.38606920437692   113.59805593912363
0.6793280337869897   55.750052101879795   109.23204964761226
0.6992428382266549   52.310031193913176   105.06516537523598
0.7197414540448374   49.07044530563702   101.09360844637216
0.7408409959326054   46.022242793164715   97.3077426005226
0.7625590803058332   43.15440002083002   93.69742075761123
0.7849138400134885   40.456534083453775   90.25311584210354
0.8079239394770964   37.91888259646143   86.96587203242728
0.8316085902740278   35.532467895749974   83.82718567295011
0.8559875671776167   33.28892763617491   80.82901192199877
0.8810812246675007   31.180313231585615   77.96379636381839
0.9069105139239728   29.19907022629009   75.22444319994304
0.9334970003205227   27.33802247497889   72.6042845599527
0.960862881429187   25.590356668016696   70.09705204668153
0.9890310055537336   23.94960721290002   67.69685019550278
1.0180248908061487   22.40963431497394   65.39796603443484
1.047868744742366   20.964598939741983   63.194563950179976
1.0785874845736239   19.608970055302546   61.081113064472056
1.1102067579703248   18.33751428636573   59.05245320791414
1.1427529644757777   17.145281725050783   57.103768026965625
1.1762532775476793   16.02759228403528   55.23056029142147
1.210735667245765   14.980022581281856   53.428629206047404
1.246228923584555   13.998393349194362   51.69403797235029
1.2827626805706884   13.078757410110082   50.022915999950186
1.3203674409449337   12.217388053220336   48.411501731490674
1.3590746016495152   11.41076786443468   46.85629510592064
1.3989164800420282   10.655578091888843   45.3540440491765
1.4399263408778291   9.948688469854263   43.90172720765733
1.4821384240834183   9.287147485705193   42.49653810484318
1.525587973344019   8.668173076494798   41.13587058548875
1.5703112655292182   8.089143308928977   39.81729130006085
1.6163456409812174   7.547586965256326   38.53849326077038
1.6637295346910133   7.041176988298606   37.29732974170355
1.7125025083885144   6.567723080983804   36.09181568825407
1.7627052835733923   6.12516426441834   34.92011735153066
1.814379775514258   5.7115617961620755   33.78054268793134
1.8675691282445197   5.325092434598797   32.67153244689517
1.922317750584177   4.964041978605279   31.591652984355214
1.9786713532176083   4.626797987776338   30.53961281845728
2.0366769868582977   4.31184440809932   29.514251616024463
2.0963830815323896   4.017757510451453   28.514506100805544
2.1578394870138577   3.7432006429100526   27.539402821481826
2.2210975144450407   3.486919198269025   26.588052501967805
2.286209979177315   3.2477358506063907   25.659644682681368
2.3532312448676476   3.0245460481078488   24.75344262271382
2.4222172688678643   2.816314296783036   23.868841369862796
2.4932256489445366   2.6220717646547964   23.00556898271677
2.5663156713684585   2.440910140615807   22.163440607764958
2.641548360413907   2.271977371178966   21.34226918153504
2.7189865293089923   2.1144744022757997   20.541864885729193
2.798694832679631   1.9676520914771927   19.762034649612577
2.8807398205309562   1.8308082831308172   19.002581692935276
2.9651899938111903   1.7032849149788296   18.263301716625215
3.05211586160442   1.5844614943598263   17.543871861234187
3.1415899999999994   1.4737531220438065   16.843846674302913
