0.01   5339.503321971048   5339.258310780668
0.010293154462191829   5389.6824097332255   5389.433416383764
0.010594902878253955   5437.518891635629   5437.267070730627
0.010905497183778876   5482.853892063285   5482.600083295638
0.011225196699963396   5525.525022322964   5525.26928762753
0.011554268350120923   5565.370650164351   5565.112259710319
0.011892986882540897   5602.226138840557   5601.964049360192
0.012241635099881474   5635.922967204749   5635.6564763663455
0.012600504095286909   5666.294894537467   5666.023697605793
0.012969893495426888   5693.176706559531   5692.900823994553
0.013350111710660605   5716.39592209347   5716.115314738881
0.013741476192534558   5735.781613921937   5735.496067371985
0.014144313698828986   5751.168410007187   5750.877532126598
0.01455896056637426   5762.39081383775   5762.094003630005
0.014985762991865008   5769.284118335978   5768.980535873579
0.01542507732090645   5771.6921845411825   5771.380752891854
0.015877270345534218   5769.465916640072   5769.1453192882
0.016342719610456153   5762.457092871241   5762.125753614822
0.016821813728271667   5750.527653166313   5750.183740600071
0.017314952703931925   5733.55286553522   5733.1942989376585
0.017822548268711737   5711.418322969229   5711.042676527513
0.01834502422397195   5684.022243387458   5683.626681294203
0.018882816794999403   5651.280111915386   5650.861413683034
0.019436374995219892   5613.126469039766   5612.68110262818
0.02000616100108813   5569.516830374361   5569.041092610281
0.020592650537967844   5520.427411376664   5519.9174806536585
0.021196333277324068   5465.856998408648   5465.3089948459565
0.02181771324555934   5405.839179226122   5405.249427697095
0.022457309244835088   5340.437017934064   5339.802208989645
0.02311565528622961   5269.735743319142   5269.052960261011
0.023793301035594242   5193.859127917915   5193.126229847427
0.024490812272480036   5112.983572151484   5112.199883858595
0.025208771362518027   5027.3075602288845   5026.473889656416
0.0259477777436476   4937.055064116228   4936.173725103377
0.02670844842659881   4842.524348342277   4841.599805831272
0.027491418510046592   4744.049390701687   4743.088412144044
0.028297341710866907   4641.971461481498   4640.982904880454
0.029126890909937666   4536.690155381011   4535.685155152275
0.029980758713939952   4428.680686597551   4427.6729758751035
0.030859658033628758   4318.411708892021   4317.4173074220025
0.031764322679055976   4206.359386578868   4205.396256678378
0.03269550797224261   4093.101801450773   4092.189611710677
0.033653991377811755   3979.221402438415   3978.381202186816
0.03464057315210884   3865.2620265766577   3864.5158732472564
0.03565607701135116   3751.811435746536   3751.1814724615756
0.036701350819364466   3639.499682000323   3639.0072701997888
0.03777726729548091   3528.8971787778996   3528.5627894687195
0.038884724743189276   3420.540221378365   3420.382493380829
0.04002464780014597   3315.014205978605   3315.04655070914
0.041197988210172884   3212.857093939783   3213.087461791516
0.04240572561788674   3114.5317415231834   3114.9631754526285
0.04364886838662332   3020.3950345520448   3021.023508281509
0.04492845444033957   2930.7154893652123   2931.5284504472847
0.04624555213019635   2845.7164247790897   2846.6938535941035
0.04760126112654554   2765.5845839285766   2766.6971780120075
0.04899671333706607   2690.478460459165   2691.6806774677843
0.05043307385181555   2620.5311780785337   2621.761551740111
0.05191154191598653   2555.766594804728   2556.950594416139
0.053433351931179485   2495.564109031303   2496.6246660729034
0.05499977448602865   2439.080653998896   2439.942309745641
0.05661211741704101   2385.5532111625735   2386.1418703588183
0.05827172690053434   2334.348576551212   2334.5910707265693
0.05997998857658587   2284.913894269478   2284.737935469455
0.06173832870592997   2236.655204635861   2235.9933522477695
0.0635482153607709   2188.715963364224   2187.5194137677768
0.06541115965050462   2140.2342704125467   2138.475979567005
0.06732871698337338   2090.249093672918   2087.9370392297383
0.06930248836510605   2037.7049579404127   2034.8955096650684
0.07133412173562886   1981.6724685627184   1978.47375922147
0.07342531334496233   1921.386445754341   1917.9727347533808
0.07557780916945323   1856.3161894603488   1852.9218463552938
0.07779340636952398   1786.5431122995437   1783.449723690198
0.08007395479015682   1712.478379082217   1709.9993875529876
0.08242135850536496   1635.0154211147178   1633.4739540308644
0.08483757740794096   1555.286806615857   1554.9967860333484
0.08732462884580919   1474.7234056323748   1475.9602765916104
0.08988458930634863   1394.8046458666556   1397.7896948150628
0.09251959615009227   1317.03187825205   1321.9117341738495
0.09523184939525078   1242.822135985968   1249.6560530993156
0.09802361355455057   1173.6107857463746   1182.3411832030733
0.10089721952591899   1110.6460668748325   1121.0837392709636
0.10385506653859616   1054.9730197994159   1066.789495424373
0.10689962415629803   1007.0398191110138   1019.8055192422365
0.11003343433910281   966.7521653120245   979.963620232083
0.11325911356578279   933.2586983949689   946.396135077559
0.11657935501835284   905.1471763613333   917.7231672144775
0.11999693083066039   880.5519938350506   892.2168639049604
0.12351469440289359   857.4556857421176   868.0479410971196
0.12713558278394044   833.8209909635414   843.3960190036026
0.13086261912358757   807.875128315629   816.7332360830499
0.13469891519660646   778.282311756098   786.9665659033418
0.13864767400083483   744.4830355072133   753.6848224536157
0.14271219243142114   706.7204085809617   717.1906208664551
0.14689586403346616   665.983582500538   678.4396659967712
0.1512021818353596   623.8437870129422   638.8551742880908
0.15563474126517718   582.3119347154515   600.1403341769512
0.16019724315257297   543.5998104026111   564.094483437604
0.1648934968186736   509.681064760712   532.2839895165398
0.1697274232565544   481.62225791162723   505.48975916212294
0.17470305840495237   459.19286788415513   483.34307615190187
0.17982455651794954   441.2116621686635   464.81956730944
0.18509619363343993   426.057499813426   448.5411830704373
0.19052237114327647   411.86873724518136   433.00231158133823
0.19610761946807834   396.64335721581466   416.7394838303511
0.20185660183976684   378.87230329498374   398.70468583860645
0.20777411819498756   358.33191160709043   378.8080792930385
0.21386510918267082   336.061814258011   357.9117397011506
0.22013466028907505   313.6679593019343   337.26896773234523
0.22658800608375756   292.8020510138847   318.0141070099303
0.23323053459001789   274.81210701600213   301.018624194017
0.2400677917834628   260.1550937109622   286.5374072858373
0.24710548622244882   248.23522748395558   273.97418126723437
0.25434949381426813   237.79167453467994   262.51675465427104
0.2618058627210567   227.31322008421824   251.1723227061075
0.2694808184095226   215.73284399542277   239.3084533082427
0.27738076884870827   203.07518015746354   227.02078693452532
0.2855123098601282   190.13519532791338   214.86858570379138
0.29388223062474755   177.92536871284437   203.38741465337384
0.3024975193514008   167.2910166708338   193.03287807670108
0.31136536911138296   158.32745321974443   183.79537615959077
0.3204931838440838   150.39831698527257   175.2637211187249
0.32988858453867975   142.70358469553963   167.04632589962188
0.3395594155970457   134.704680601629   158.8488898543028
0.34951375138319807   126.4902148171164   150.79489088079137
0.3597599029647371   118.60740329662136   143.12014109187777
0.37030642505191835   111.48685319922758   135.9889027768382
0.3811621231401457   105.1838220120754   129.4050309630129
0.3923360608618501   99.38158772178322   123.20477327647642
0.4038375675538918   93.70327560688234   117.23529153091184
0.41567624604680364   88.06250774030808   111.46384445817229
0.42786198068238046   82.65500362208691   105.97432116654575
0.4404049455663077   77.67427819296086   100.81725390895014
0.4533156130627191   73.11787532653435   95.96364834601658
0.4666047625377753   68.82376997238912   91.35886248849869
0.4802834893595659   64.67456633274334   86.96645380217988
0.49436321416184764   60.70723295081163   82.78556946057321
0.5088556923793517   57.001422830144186   78.8334287560137
0.5237730240626238   53.55684768940485   75.09974258086753
0.5391276639805903   50.3055826909602   71.55534829751116
0.5549324320192869   47.21027295640751   68.18925510752244
0.5712005238854289   44.290497396319836   64.99659810590619
0.5879455221237613   41.558520963005165   61.97459033349633
0.6051814074573895   38.99081091705166   59.11068306342144
0.622922570460556   36.564252461455084   56.391880689625694
0.6411838235736077   34.279140287312124   53.81440573028869
0.6599804134701901   32.13472183075839   51.37263413336576
0.6793280337869897   30.11804071295891   49.056937195792166
0.6992428382266549   28.220869149193685   46.86053507821544
0.7197414540448374   26.437846703975758   44.777932176673296
0.7408409959326054   24.762572290499584   42.80298608995894
0.7625590803058332   23.188889696852353   40.929832886932864
0.7849138400134885   21.71096942737154   39.152939315716345
0.8079239394770964   20.323293081810245   37.46708401227584
0.8316085902740278   19.020638365825985   35.86733976663542
0.8559875671776167   17.798064846316326   34.34905615052567
0.8810812246675007   16.6509109244219   32.90779007185841
0.9069105139239728   15.574785004689492   31.539261873011895
0.9334970003205227   14.565532232404289   30.239438721226332
0.960862881429187   13.619221326668516   29.004529004996233
0.9890310055537336   12.732134064465306   27.83096703808788
1.0180248908061487   11.900755143064934   26.715398782825726
1.047868744742366   11.12176239953301   25.654668279860484
1.0785874845736239   10.39201365339483   24.645749480540044
1.1102067579703248   9.708534346758706   23.68567592346985
1.1427529644757777   9.068517895400868   22.77165472143613
1.1762532775476793   8.469318217484432   21.90107229619129
1.210735667245765   7.908441281674594   21.071481732501056
1.246228923584555   7.383537047208295   20.28059109868913
1.2827626805706884   6.892391781613952   19.526252629163736
1.3203674409449337   6.432920778353281   18.806417576351613
1.3590746016495152   6.00316144349437   18.119065691972725
1.3989164800420282   5.6012665528247965   17.462294207014015
1.4399263408778291   5.225497925081896   16.834328686562475
1.4821384240834183   4.874220427643433   16.233513520296828
1.525587973344019   4.545896278730868   15.658303192772957
1.5703112655292182   4.239079633884869   15.107254264229043
1.6163456409812174   3.952411385013728   14.57900097931409
1.6637295346910133   3.6846141356617226   14.072202929329363
1.7125025083885144   3.434487796886482   13.585597007039599
1.7627052835733923   3.200905247330365   13.118008187247419
1.814379775514258   2.9828081560734314   12.668343050650941
1.8675691282445197   2.7792030249944824   12.235583849491134
1.922317750584177   2.5891574405640743   11.81878306473971
1.9786713532176083   2.4117964515949577   11.417053233172776
2.0366769868582977   2.2462989455419144   11.02954206125338
2.0963830815323896   2.091894817468993   10.655449619440938
2.1578394870138577   1.9478620854604036   10.294033455735324
2.2210975144450407   1.8135240286841383   9.944604603718888
2.286209979177315   1.6882464845666367   9.606523904827037
2.3532312448676476   1.5714352971202017   9.279198619446412
2.4222172688678643   1.4625338442059626   8.962079675144174
2.4932256489445366   1.361020428351927   8.654660883703828
2.5663156713684585   1.2664065003858045   8.356474426450553
2.641548360413907   1.1782348285777318   8.06708721397236
2.7189865293089923   1.096077567273783   7.786098609228892
2.798694832679631   1.019534438311181   7.513138309566643
2.8807398205309562   0.9482310197254755   7.247864368524956
2.9651899938111903   0.8818172048782409   6.9899675368803775
3.05211586160442   0.8199662090701981   6.739219084979612
3.1415899999999994   0.7623726812633993   6.495434528708049
