0.01   11842.580800349166   11840.37883719825
0.010293154462191829   11988.03738785965   11985.64440296106
0.010594902878253955   12129.191939923074   12126.591094610418
0.010905497183778876   12265.650452092534   12262.8220144088
0.011225196699963396   12397.012707592832   12393.93420125285
0.011554268350120923   12522.858856460924   12519.506630582875
0.011892986882540897   12642.759093263274   12639.10911831236
0.012241635099881474   12756.282408831808   12752.310342683537
0.012600504095286909   12862.983163713563   12858.663249703348
0.012969893495426888   12962.395451769346   12957.698853362772
0.013350111710660605   13054.055064954939   13048.949764955447
0.013741476192534558   13137.498505289623   13131.949457337809
0.014144313698828986   13212.246142997748   13206.215820461077
0.01455896056637426   13277.820762739728   13271.26943297495
0.014985762991865008   13333.756506992124   13326.64234313979
0.01542507732090645   13379.58234546694   13371.860390368489
0.015877270345534218   13414.825074970446   13406.44624798017
0.016342719610456153   13439.03133042784   13429.942631426666
0.016821813728271667   13451.765079252322   13441.909711299768
0.017314952703931925   13452.596676223502   13441.913826653381
0.017822548268711737   13441.123166074809   13429.548322532453
0.01834502422397195   13416.975342200314   13404.440681339844
0.018882816794999403   13379.814022150757   13366.247663731048
0.019436374995219892   13329.336318848937   13314.662103641052
0.02000616100108813   13265.284447379387   13249.422667697243
0.020592650537967844   13187.455704126201   13170.324477397939
0.021196333277324068   13095.712409359638   13077.229690752838
0.02181771324555934   12989.972477663223   12970.05710309791
0.022457309244835088   12870.217004679773   12848.789975726104
0.02311565528622961   12736.535669118915   12713.523619898631
0.023793301035594242   12589.098022605252   12564.435159586368
0.024490812272480036   12428.132278587982   12401.761191843885
0.025208771362518027   12253.99222546682   12225.867806168766
0.0259477777436476   12067.178598172506   12037.272854641524
0.02670844842659881   11868.243968171113   11836.546263085595
0.027491418510046592   11657.822953409996   11624.341206799114
0.028297341710866907   11436.772585034822   11401.539471038546
0.029126890909937666   11206.020726358916   11169.094190041335
0.029980758713939952   10966.512500261173   10927.97405150517
0.030859658033628758   10719.407082179843   10679.362240885379
0.031764322679055976   10466.037619377848   10424.615588754923
0.03269550797224261   10207.694045352357   10165.044730206311
0.033653991377811755   9945.709704698129   9902.001491990477
0.03464057315210884   9681.645663614867   9637.064745416832
0.03565607701135116   9417.007656486117   9371.754815159302
0.036701350819364466   9153.216682135067   9107.50217027495
0.03777726729548091   8891.973619619448   8845.996176737835
0.038884724743189276   8635.0643313412   8588.998886289515
0.04002464780014597   8384.082496942487   8338.080512099279
0.041197988210172884   8140.323951335361   8094.5123805582025
0.04240572561788674   7904.705031707342   7859.183984424553
0.04364886838662332   7677.9927962940665   7632.8370822572915
0.04492845444033957   7460.964033024334   7416.212347305847
0.04624555213019635   7255.116561988229   7210.68529007133
0.04760126112654554   7062.114970545595   7017.772325379633
0.04899671333706607   6883.364199765917   6838.745961139731
0.05043307385181555   6718.697951980475   6673.361865307834
0.05191154191598653   6566.61335445306   6520.08613098548
0.053433351931179485   6425.685495042959   6377.46618465167
0.05499977448602865   6294.565510468693   6244.130223449216
0.05661211741704101   6171.969192775277   6118.775687075231
0.05827172690053434   6056.640658060019   6000.135605943527
0.05997998857658587   5946.786418895319   5886.460442601615
0.06173832870592997   5840.400719073955   5775.817928026754
0.0635482153607709   5735.342794523648   5666.190239167435
0.06541115965050462   5628.969439948816   5555.174111737758
0.06732871698337338   5518.667712290522   5440.4293616401055
0.06930248836510605   5401.488074531584   5319.436849054148
0.07133412173562886   5274.528680599041   5189.778436311048
0.07342531334496233   5135.443694488159   5049.592332610569
0.07557780916945323   4982.479468701466   4897.583986590989
0.07779340636952398   4814.972105096851   4733.523010970202
0.08007395479015682   4633.406339589314   4558.276356195533
0.08242135850536496   4439.535610059545   4373.721481709174
0.08483757740794096   4236.2597200073715   4182.627537994461
0.08732462884580919   4027.259706773128   3988.328575016822
0.08988458930634863   3816.6249293978594   3794.4171643924633
0.09251959615009227   3608.771114898591   3604.6437772408544
0.09523184939525078   3408.1127553228534   3422.619629830664
0.09802361355455057   3219.2355479098596   3251.87879241198
0.10089721952591899   3046.064790523522   3095.317129302036
0.10385506653859616   2892.102482746492   2955.2120445242304
0.10689962415629803   2759.488114591641   2832.764619269145
0.11003343433910281   2648.705518593789   2727.8033284032263
0.11325911356578279   2558.3174705905903   2638.6426581794394
0.11657935501835284   2485.122097502585   2562.236951957168
0.11999693083066039   2424.321838483886   2494.7638690289737
0.12351469440289359   2370.3109641899473   2431.990026936269
0.12713558278394044   2316.9307967424825   2369.342559582328
0.13086261912358757   2258.3128793531964   2302.9428586385825
0.13469891519660646   2189.501285246033   2229.9352294566083
0.13864767400083483   2107.3780201274435   2148.8456124436743
0.14271219243142114   2011.3249273758618   2059.7951447907094
0.14689586403346616   1903.2479576355931   1964.4846852300393
0.1512021818353596   1787.338942543664   1866.062984146631
0.15563474126517718   1669.627004815912   1768.7347218724037
0.16019724315257297   1557.2507757242429   1676.6737365217907
0.1648934968186736   1456.9993613266563   1593.3553421712234
0.1697274232565544   1373.464134246036   1521.0403737555728
0.17470305840495237   1307.732855069003   1459.6879038722702
0.17982455651794954   1257.5256051759764   1406.9390542173412
0.18509619363343993   1218.377547953702   1360.3932078526998
0.19052237114327647   1184.413854916685   1316.6203431195552
0.19610761946807834   1148.8085703850181   1272.2755229885747
0.20185660183976684   1105.507708094691   1225.145394376727
0.20777411819498756   1051.9280935406914   1174.3665499169863
0.21386510918267082   989.9158653791409   1121.388230785353
0.22013466028907505   924.262468154054   1068.5389787354236
0.22658800608375756   860.9853969998726   1018.431059703505
0.23323053459001789   805.6464802694447   972.7252958496309
0.2400677917834628   761.3420052333513   932.486282022603
0.24710548622244882   727.4258066527227   896.2094658679772
0.25434949381426813   700.148238624621   862.9900020643692
0.2618058627210567   674.0501436657414   830.7534795840355
0.2694808184095226   644.2521632824265   798.1483550392078
0.27738076884870827   609.2008010422077   765.5138042117635
0.2855123098601282   570.8916581495263   732.8985545959015
0.29388223062474755   533.2379675217766   701.7671504543293
0.3024975193514008   500.24244772940676   672.8587879368075
0.31136536911138296   473.5515772740199   646.1147783023707
0.3204931838440838   451.5902101255951   621.3064048869744
0.32988858453867975   431.102128322999   597.418969837658
0.3395594155970457   409.16302755765804   574.1716074264076
0.34951375138319807   385.1445678481869   551.419720418045
0.3597599029647371   360.94172232723906   529.5375505006831
0.37030642505191835   338.9330357241918   508.824104920797
0.3811621231401457   320.16707044720346   489.40832600027977
0.3923360608618501   303.7292225302625   470.99260547380953
0.4038375675538918   287.72850294445556   453.34652744252713
0.41567624604680364   271.163191440973   436.25746486482757
0.42786198068238046   254.6365642454581   419.8527446536314
0.4404049455663077   239.3518461825917   404.2820815885411
0.4533156130627191   225.78440661922352   389.5123902348027
0.4666047625377753   213.28470331023868   375.42474029301303
0.4802834893595659   201.03209718584742   361.93656102930606
0.49436321416184764   188.96234397246388   348.96845536204523
0.5088556923793517   177.60892296226905   336.59707787159016
0.5237730240626238   167.22978901703127   324.8423544342839
0.5391276639805903   157.52575767850337   313.6077677190058
0.5549324320192869   148.16141713006996   302.83678190740034
0.5712005238854289   139.2056703110593   292.50831577738484
0.5879455221237613   130.8551704489102   282.6557777908313
0.6051814074573895   123.05978553608277   273.24744398142184
0.622922570460556   115.65003011290676   264.218390392809
0.6411838235736077   108.61297028131048   255.55845558010853
0.6599804134701901   102.01576384894751   247.27604300725497
0.6793280337869897   95.8173135538879   239.34204729261066
0.6992428382266549   89.96999931815068   231.73066395396714
0.7197414540448374   84.4560875150582   224.42415546570942
0.7408409959326054   79.25950297004752   217.40615839315737
0.7625590803058332   74.36464436375259   210.66131611156644
0.7849138400134885   69.75640186564482   204.175210728299
0.8079239394770964   65.42017049216075   197.93430014146858
0.8316085902740278   61.341857463788045   191.92585544958496
0.8559875671776167   57.50757685630727   186.13723638848978
0.8810812246675007   53.90343047223801   180.55522967240333
0.9069105139239728   50.51619225158967   175.16736074835993
0.9334970003205227   47.333361808324604   169.96201652134818
0.960862881429187   44.34312653271935   164.92838569364596
0.9890310055537336   41.53432557243494   160.05640411809964
1.0180248908061487   38.89641560404988   155.33670469584473
1.047868744742366   36.41944009580285   150.76056256809107
1.0785874845736239   34.0940519271443   146.31957695300255
1.1102067579703248   31.911477266729285   142.00561584431304
1.1427529644757777   29.863414089967694   137.81113374379805
1.1762532775476793   27.942005750483922   133.7291556657168
1.210735667245765   26.13981995608745   129.75324216477964
1.246228923584555   24.449828519349666   125.8774571066618
1.2827626805706884   22.86538787116491   122.0963378943133
1.3203674409449337   21.380219245499365   118.4048758166514
1.3590746016495152   19.988378592561947   114.79858400351966
1.3989164800420282   18.6842472651732   111.27342922042745
1.4399263408778291   17.462525954933056   107.82573228310967
1.4821384240834183   16.318218138539653   104.45214656418497
1.525587973344019   15.246614070955413   101.14963926106351
1.5703112655292182   14.243275530705084   97.91547363130023
1.6163456409812174   13.304021288729789   94.74719207505737
1.6637295346910133   12.424913255130969   91.64269484390668
1.7125025083885144   11.602243224213298   88.60072797199685
1.7627052835733923   10.832520445011118   85.6204169599659
1.814379775514258   10.11245975841936   82.70098351798246
1.8675691282445197   9.438970270392371   79.84173689971776
1.922317750584177   8.809144591156278   77.04206621454921
1.9786713532176083   8.220248616509542   74.30143291842556
2.0366769868582977   7.669711827817722   71.61936348784549
2.0963830815323896   7.155117389932675   68.99561414652875
2.1578394870138577   6.674191966916273   66.43056116535712
2.2210975144450407   6.22479989513761   63.92463948418541
2.286209979177315   5.804935830890723   61.47819456750091
2.3532312448676476   5.412717183180843   59.09148382152851
2.4222172688678643   5.046376957748903   56.76467819347561
2.4932256489445366   4.704256992005349   54.49786394494847
2.5663156713684585   4.384801572374776   52.291046732677785
2.641548360413907   4.08655276627016   50.14442980528662
2.7189865293089923   3.8081455407158464   48.05862615354331
2.798694832679631   3.548299430386749   46.03410033003903
2.8807398205309562   3.3058132582726567   44.07110952269623
2.9651899938111903   3.079560499260883   42.169717014415596
3.05211586160442   2.8684848931272655   40.329805606626806
3.1415899999999994   2.671596295211481   38.55109092621061
