0.01   17436.171476767322   17434.630443689006
0.010293154462191829   17541.042578338966   17539.416442480717
0.010594902878253955   17635.57740120624   17633.864405993205
0.010905497183778876   17719.223406170113   17717.418158815817
0.011225196699963396   17791.43926549025   17789.532511694393
0.011554268350120923   17851.68782677285   17849.667349522253
0.011892986882540897   17899.40831006269   17897.26238180228
0.012241635099881474   17934.051284624467   17931.769535138377
0.012600504095286909   17955.08963081453   17952.6629667348
0.012969893495426888   17961.98953131447   17959.407829364936
0.013350111710660605   17954.221573231804   17951.47187470947
0.013741476192534558   17931.291541673916   17928.358090325437
0.014144313698828986   17892.727741446863   17889.59243248794
0.01455896056637426   17838.058672328967   17834.702030697503
0.014985762991865008   17766.855457138467   17763.256928786417
0.01542507732090645   17678.740277498484   17674.878159327414
0.015877270345534218   17573.36481035139   17569.214075644948
0.016342719610456153   17450.428472558444   17445.9597588354
0.016821813728271667   17309.69906240929   17304.879051503558
0.017314952703931925   17151.008875144762   17145.801420910964
0.017822548268711737   16974.25283356157   16968.620614665786
0.01834502422397195   16779.405709315724   16773.31081040577
0.018882816794999403   16566.531319666952   16559.935766936756
0.019436374995219892   16335.807838011213   16328.674399777972
0.02000616100108813   16087.511124852072   16079.803924540092
0.020592650537967844   15822.006624853968   15813.69175239095
0.021196333277324068   15539.806987412236   15530.856660144582
0.02181771324555934   15241.579052763302   15231.976211081275
0.022457309244835088   14928.069273034656   14917.807604112999
0.02311565528622961   14600.142338397898   14589.227282775983
0.023793301035594242   14258.914380442464   14247.368055881636
0.024490812272480036   13905.589065603966   13893.450361330044
0.025208771362518027   13541.411979184419   13528.735338275765
0.0259477777436476   13167.886803375657   13154.74692702237
0.02670844842659881   12786.70243761493   12773.197059547543
0.027491418510046592   12399.505758227757   12385.752393762543
0.028297341710866907   12008.045792853889   11994.179430132755
0.029126890909937666   11614.418339815717   11600.590966480475
0.029980758713939952   11220.639232917147   11207.016356082002
0.030859658033628758   10828.59910875551   10815.35566709524
0.031764322679055976   10440.454480618393   10427.768988968213
0.03269550797224261   10058.381693664447   10046.432075638777
0.033653991377811755   9684.290282500939   9673.251647451567
0.03464057315210884   9320.106504435464   9310.140653286233
0.03565607701135116   8967.983141257824   8959.222491057499
0.036701350819364466   8629.781637893284   8622.330815723963
0.03777726729548091   8307.028609282248   8300.963021630598
0.038884724743189276   8000.895625689843   7996.231025465271
0.04002464780014597   7712.285260680823   7708.972796440921
0.041197988210172884   7441.904710794135   7439.840447569949
0.04240572561788674   7190.5616668651   7189.566578741902
0.04364886838662332   6959.245987404922   6959.039458912555
0.04492845444033957   6748.802337061233   6749.012928420125
0.04624555213019635   6559.189484967671   6559.371532258071
0.04760126112654554   6388.076616105584   6387.7361462090785
0.04899671333706607   6232.955484897223   6231.555653446614
0.05043307385181555   6091.593104686126   6088.5567239828815
0.05191154191598653   5962.033475465893   5956.748794306654
0.053433351931179485   5842.498726158411   5834.321815613513
0.05499977448602865   5730.753205139453   5719.053122246946
0.05661211741704101   5623.74068427753   5607.97262414974
0.05827172690053434   5518.421896399517   5498.149928498535
0.05997998857658587   5410.990299989828   5386.025463538171
0.06173832870592997   5297.42553309161   5267.894091725853
0.0635482153607709   5173.869651419276   5140.269630402144
0.06541115965050462   5036.6224537914995   4999.895437709635
0.06732871698337338   4882.85238273717   4844.370416802671
0.06930248836510605   4711.2309302766425   4672.794066033603
0.07133412173562886   4521.624723992474   4485.36556909367
0.07342531334496233   4316.0503363891685   4284.296935471764
0.07557780916945323   4097.418687725509   4072.5541350565577
0.07779340636952398   3869.649702255708   3853.959236892631
0.08007395479015682   3637.221685259778   3632.747172367788
0.08242135850536496   3405.473326086825   3413.856557579099
0.08483757740794096   3179.8746904366035   3202.1581363685145
0.08732462884580919   2965.910299157422   3002.360237797374
0.08988458930634863   2769.1207132427126   2818.9961076599598
0.09251959615009227   2594.2018624669636   2655.8313451511813
0.09523184939525078   2444.219167565785   2515.005174437262
0.09802361355455057   2320.847397007368   2397.430599810673
0.10089721952591899   2222.925033580578   2301.6841097517863
0.10385506653859616   2147.850440382005   2225.104660761064
0.10689962415629803   2090.8088192347573   2163.0831642069966
0.11003343433910281   2046.0657853814564   2110.5487926945834
0.11325911356578279   2006.84598263814   2062.054466651905
0.11657935501835284   1966.086793020649   2011.9882784720915
0.11999693083066039   1917.1703066395776   1955.374503777001
0.12351469440289359   1854.9367369877937   1888.899379756734
0.12713558278394044   1776.6715890844775   1811.0857736849346
0.13086261912358757   1682.3695026271157   1722.4654893573322
0.13469891519660646   1574.850068380069   1625.7027058040458
0.13864767400083483   1459.7657008152742   1525.366364318802
0.14271219243142114   1345.0660450532325   1427.08025935941
0.14689586403346616   1239.2820037522213   1336.5941346594177
0.1512021818353596   1149.1866831604548   1258.2808247129635
0.15563474126517718   1077.8847174541418   1193.4339070704818
0.16019724315257297   1024.9327183703988   1141.0973335477904
0.1648934968186736   987.52577107224   1098.987665092319
0.1697274232565544   960.7123284741983   1063.316093974317
0.17470305840495237   937.3333881142528   1029.6050809915766
0.17982455651794954   909.5129772129742   993.2301282783405
0.18509619363343993   871.964123970976   952.1397175955234
0.19052237114327647   823.7176669138614   906.2681430755387
0.19610761946807834   767.4203711508377   857.1848746906184
0.20185660183976684   708.4272893239104   808.2442778869367
0.20777411819498756   653.4370256174884   762.8018481804896
0.21386510918267082   607.7500487317416   722.988530323374
0.22013466028907505   573.3108297571812   689.5318574423685
0.22658800608375756   548.6243600042726   660.6681692703063
0.23323053459001789   529.1439521011185   634.5888101710224
0.2400677917834628   509.0665022693457   608.7750837716761
0.24710548622244882   484.54642074054266   581.8094416757572
0.25434949381426813   454.9707625637065   553.9805810369267
0.2618058627210567   422.6769229162006   526.0629760704691
0.2694808184095226   391.99918547853565   499.8801927555995
0.27738076884870827   366.4142849934374   476.10805490582845
0.2855123098601282   346.5315213200551   454.87143341707963
0.29388223062474755   330.4269746419136   435.36331924209645
0.3024975193514008   314.82075707208446   416.4791196778642
0.31136536911138296   297.34496291596713   397.80386900852005
0.3204931838440838   278.1875090335796   379.5638624497344
0.32988858453867975   259.27661960173515   362.0120933940732
0.3395594155970457   242.6395221050017   345.6499854891986
0.34951375138319807   228.83368666150102   330.58931242635987
0.3597599029647371   216.6515027626574   316.339373741758
0.37030642505191835   204.4818186856507   302.65397394390925
0.3811621231401457   191.80396337709098   289.44309812093167
0.3923360608618501   179.33296218703754   276.8017587352249
0.4038375675538918   168.0706456283253   264.89788033928676
0.41567624604680364   158.163482007609   253.72889906896714
0.42786198068238046   148.95442635259698   243.12069142864203
0.4404049455663077   139.84990871278154   232.93440744544048
0.4533156130627191   130.96201875545515   223.24309752770006
0.4666047625377753   122.72081022168615   214.052051495169
0.4802834893595659   115.2302009208653   205.36313263350857
0.49436321416184764   108.1925912161118   197.10296836548127
0.5088556923793517   101.40671219627679   189.20800814529554
0.5237730240626238   94.97684983726872   181.70040503278912
0.5391276639805903   89.02068866084159   174.5853868442975
0.5549324320192869   83.46112672146947   167.82054932113627
0.5712005238854289   78.18502745479049   161.37212217312432
0.5879455221237613   73.2045317854498   155.23312170316555
0.6051814074573895   68.55540410756055   149.39815057477597
0.622922570460556   64.20110902423694   143.8455297997155
0.6411838235736077   60.10643652761161   138.55691538717986
0.6599804134701901   56.25681966253148   133.5176040836458
0.6793280337869897   52.63998524756122   128.7142034428204
0.6992428382266549   49.24400527957195   124.13411879860604
0.7197414540448374   46.057318508926464   119.76550166225307
0.7408409959326054   43.068747423113976   115.59720169827324
0.7625590803058332   40.267510785552986   111.61872171777443
0.7849138400134885   37.64298990256348   107.81988918283224
0.8079239394770964   35.18438701672756   104.19034469435445
0.8316085902740278   32.88143330273624   100.72026845345644
0.8559875671776167   30.72449031028061   97.40048728300293
0.8810812246675007   28.704510985947724   94.22242743835902
0.9069105139239728   26.81300315830721   91.17807123037484
0.9334970003205227   25.04199532548967   88.25991712841741
0.960862881429187   23.384029242894385   85.46085262381222
0.9890310055537336   21.832208478360517   82.7738043675826
1.0180248908061487   20.380062821116024   80.1920552484552
1.047868744742366   19.021488823748907   77.70934513470303
1.0785874845736239   17.75073127139194   75.3198376289476
1.1102067579703248   16.562365410842048   73.01808960186466
1.1427529644757777   15.451279917437363   70.799023270903
1.1762532775476793   14.412657817246242   68.65786970650932
1.210735667245765   13.44194349351164   66.58993726529211
1.246228923584555   12.534844725876171   64.5907473355995
1.2827626805706884   11.687329345882517   62.65613893623876
1.3203674409449337   10.895610375819897   60.78224784128949
1.3590746016495152   10.156131888799665   58.96548671309103
1.3989164800420282   9.465555628438436   57.20252689077583
1.4399263408778291   8.82074850592303   55.49027911279015
1.4821384240834183   8.218772571188756   53.82584414928158
1.525587973344019   7.656872505705449   52.206512556226656
1.5703112655292182   7.132463123900056   50.62978132097486
1.6163456409812174   6.643119381877588   49.09334206080466
1.6637295346910133   6.186566973140641   47.59506939683168
1.7125025083885144   5.7606734373146   46.13301016712504
1.7627052835733923   5.363439742465578   44.70537642268125
1.814379775514258   4.992991931556889   43.310627717134246
1.8675691282445197   4.647573695061442   41.947465168072725
1.922317750584177   4.325539857471763   40.61470629449983
1.9786713532176083   4.025349687819166   39.31127158549401
2.0366769868582977   3.7455605582108196   38.036178454132425
2.0963830815323896   3.484821965247097   36.78853546436803
2.1578394870138577   3.241869890276977   35.56753759000413
2.2210975144450407   3.0155210049752807   34.37254155493869
2.286209979177315   2.80466744170536   33.2031158031322
2.3532312448676476   2.608273069977261   32.05888374650187
2.4222172688678643   2.425369113447439   30.939502743726543
2.4932256489445366   2.255049919538681   29.844661181003776
2.5663156713684585   2.0964689836315955   28.77407563404008
2.641548360413907   1.9488352136359472   27.727488178092084
2.7189865293089923   1.8114098805712062   26.704770346934417
2.798694832679631   1.6835040293690418   25.70610930180805
2.8807398205309562   1.5644739698894947   24.731704114071256
2.9651899938111903   1.4537181624600972   23.781701871994628
3.05211586160442   1.3506745736939945   22.856199677732594
3.1415899999999994   1.254818188678604   21.95524669997128
