0.01   17881.068448440572   17875.209333561055
0.010293154462191829   18057.164420201705   18050.802130959855
0.010594902878253955   18225.455060936816   18218.551351072605
0.010905497183778876   18385.41279274148   18377.928445788435
0.011225196699963396   18536.49160543546   18528.379889839885
0.011554268350120923   18678.145305391343   18669.350956247334
0.011892986882540897   18809.829049441323   18800.288739152107
0.012241635099881474   18930.97667797193   18920.623418695235
0.012600504095286909   19041.016413950034   19029.78194996259
0.012969893495426888   19139.386927576797   19127.201979234018
0.013350111710660605   19225.52297153548   19212.314600511076
0.013741476192534558   19298.848337058003   19284.53568534863
0.014144313698828986   19358.803370974834   19343.29755307771
0.01455896056637426   19404.844811607694   19388.04952480363
0.014985762991865008   19436.42455229502   19418.237850554688
0.01542507732090645   19453.013312938005   19433.32858937471
0.015877270345534218   19454.113482423625   19432.819972890855
0.016342719610456153   19439.245036365548   19416.22541637584
0.016821813728271667   19407.948578478317   19383.076532392428
0.017314952703931925   19359.807811861054   19332.94883038285
0.017822548268711737   19294.45197727115   19265.46446558049
0.01834502422397195   19211.554079169975   19180.290659810646
0.018882816794999403   19110.841028231116   19077.14989511765
0.019436374995219892   18992.10022941336   18955.826639043997
0.02000616100108813   18855.199095554286   18816.18744728452
0.020592650537967844   18700.08226893118   18658.178095174324
0.021196333277324068   18526.761779437256   18481.813439278063
0.02181771324555934   18335.347895492065   18287.20939788805
0.022457309244835088   18126.083628765493   18074.618678050392
0.02311565528622961   17899.287468981838   17844.371310743478
0.023793301035594242   17655.36142767132   17596.883732495506
0.024490812272480036   17394.903686914247   17332.78072828629
0.025208771362518027   17118.629104766536   17052.80919675663
0.0259477777436476   16827.30410191334   16757.767455089786
0.02670844842659881   16521.87307287269   16448.634100296975
0.027491418510046592   16203.502539911928   16126.612697985296
0.028297341710866907   15873.383811274685   15792.929958859122
0.029126890909937666   15532.777377402159   15448.881976391795
0.029980758713939952   15183.258773525078   15096.088850452974
0.030859658033628758   14826.454760724311   14736.220900077346
0.031764322679055976   14463.941208179755   14370.892331115803
0.03269550797224261   14097.509731291824   14001.926085822022
0.033653991377811755   13729.122912024759   13631.308856104974
0.03464057315210884   13360.613726610696   13260.8922612358
0.03565607701135116   12993.796639450282   12892.499428834883
0.036701350819364466   12630.71778789395   12528.165575634785
0.03777726729548091   12273.29693516404   12169.79399220871
0.038884724743189276   11923.262168650765   11819.092177806135
0.04002464780014597   11582.296871367897   11477.69443326649
0.041197988210172884   11251.980817017375   11147.115843347638
0.04240572561788674   10933.695514194113   10828.67710326938
0.04364886838662332   10628.615732746035   10523.465206662873
0.04492845444033957   10337.70625154467   10232.301429389772
0.04624555213019635   10061.788412544589   9955.869503451857
0.04760126112654554   9801.461977980274   9694.645690194877
0.04899671333706607   9556.490539764221   9448.292561333205
0.05043307385181555   9326.310297187123   9216.159061012799
0.05191154191598653   9110.339630140053   8997.586060374097
0.053433351931179485   8906.881733250128   8790.872778264713
0.05499977448602865   8713.249501250564   8593.396941384293
0.05661211741704101   8526.930223325906   8402.714462128506
0.05827172690053434   8345.72626299331   8216.732235398
0.05997998857658587   8167.730491338941   8033.681411301399
0.06173832870592997   7991.08868037072   7851.865126977626
0.0635482153607709   7813.096554638568   7668.936407923904
0.06541115965050462   7630.747540726979   7482.338275267376
0.06732871698337338   7441.092807381227   7289.648716975706
0.06930248836510605   7240.9290066971635   7088.40981899011
0.07133412173562886   7027.512375312171   6876.5809823193595
0.07342531334496233   6799.314364977132   6653.2806100838925
0.07557780916945323   6555.690706090613   6418.38903476847
0.07779340636952398   6297.970581745979   6173.487782722639
0.08007395479015682   6029.054873198788   5921.478946492003
0.08242135850536496   5752.682940038398   5665.762079265627
0.08483757740794096   5473.305269628485   5410.143517249269
0.08732462884580919   5195.648404697576   5158.51952780725
0.08988458930634863   4924.561731812063   4914.776012201868
0.09251959615009227   4664.669218931354   4682.312690394774
0.09523184939525078   4420.240054912972   4464.067990200521
0.09802361355455057   4195.491491020496   4262.849857637132
0.10089721952591899   3993.804223323853   4080.690496164196
0.10385506653859616   3817.1639664191075   3918.1638507550165
0.10689962415629803   3665.9159619541274   3774.7595831542144
0.11003343433910281   3537.3881533360695   3647.97890448368
0.11325911356578279   3427.455992600146   3534.4301786572346
0.11657935501835284   3329.839255647206   3429.41467031587
0.11999693083066039   3237.935674680433   3328.3147213763755
0.12351469440289359   3145.0573076549217   3226.821135130842
0.12713558278394044   3045.427763348297   3121.7357175787583
0.13086261912358757   2934.709730645158   3010.94524870558
0.13469891519660646   2810.921830363329   2893.697949557001
0.13864767400083483   2674.8047114092883   2771.2482348150315
0.14271219243142114   2529.440646138654   2646.202417461236
0.14689586403346616   2379.701155247704   2521.443805824433
0.1512021818353596   2231.600956526381   2400.4587820269153
0.15563474126517718   2091.8373775410623   2286.597317527891
0.16019724315257297   1966.9305588239072   2182.4577137909455
0.1648934968186736   1861.0902046667823   2089.844322794836
0.1697274232565544   1774.243849780558   2007.7576344211275
0.17470305840495237   1702.6315187922296   1933.6863282685943
0.17982455651794954   1640.745532401825   1864.8161622431626
0.18509619363343993   1582.8553139623127   1798.3542542555494
0.19052237114327647   1523.0581280873103   1732.1046206011179
0.19610761946807834   1456.2226054422058   1664.7396949462284
0.20185660183976684   1380.860870834071   1596.1185510493774
0.20777411819498756   1299.9334543131968   1527.4993269755475
0.21386510918267082   1218.6777251015453   1461.2539778997755
0.22013466028907505   1142.1071911433692   1398.5248572497787
0.22658800608375756   1074.3558870350817   1340.438061471474
0.23323053459001789   1017.2836674713842   1286.9910242106687
0.2400677917834628   969.3668299087599   1237.34847422535
0.24710548622244882   926.8630534062843   1190.3698518618894
0.25434949381426813   885.3291323120832   1144.8873043531182
0.2618058627210567   841.1607235910461   1100.4392889254189
0.2694808184095226   793.9195571659106   1056.7011073177484
0.27738076884870827   746.0350809147687   1014.6468830594287
0.2855123098601282   700.4304254166111   974.4568876155483
0.29388223062474755   659.5571603889209   936.6206184397652
0.3024975193514008   624.1113733966911   901.0129162939988
0.31136536911138296   592.3489051121219   867.1041524989199
0.3204931838440838   561.8977740951842   834.6935169804918
0.32988858453867975   531.150060793643   803.4539594166944
0.3395594155970457   500.04061471998585   773.293868109246
0.34951375138319807   470.0583610514764   744.5093792928401
0.3597599029647371   442.5155174967145   717.2699329493109
0.37030642505191835   417.6020015357895   691.2196013079376
0.3811621231401457   394.5606161501778   666.4322791843583
0.3923360608618501   372.3252931671986   642.7317762080949
0.4038375675538918   350.5287440605663   619.9842965078012
0.41567624604680364   329.638658125901   598.2161627561989
0.42786198068238046   310.16172357349734   577.4842309266344
0.4404049455663077   292.1462567504164   557.7149763183476
0.4533156130627191   275.16552259676524   538.8051343399266
0.4666047625377753   258.9110562396367   520.7057929274569
0.4802834893595659   243.39331437808252   503.3788845993256
0.49436321416184764   228.81682094054514   486.82414822241464
0.5088556923793517   215.17571886538084   471.0081194932285
0.5237730240626238   202.30785270069507   455.86591968988336
0.5391276639805903   190.09544974641557   441.34902344794887
0.5549324320192869   178.56059297518212   427.4541870169632
0.5712005238854289   167.7231713962267   414.1467257767282
0.5879455221237613   157.51982530433736   401.3922721826041
0.6051814074573895   147.88642478733655   389.1515356789195
0.622922570460556   138.80417652632212   377.40476153017784
0.6411838235736077   130.2594280928704   366.12375597574004
0.6599804134701901   122.22014356862857   355.29573792458393
0.6793280337869897   114.6435363652523   344.86578593174767
0.6992428382266549   107.51617019594687   334.83699214076614
0.7197414540448374   100.81271475812979   325.18279575535774
0.7408409959326054   94.50875894972435   315.8782977397437
0.7625590803058332   88.58180336109355   306.9023279233429
0.7849138400134885   83.01052707113934   298.23514271778004
0.8079239394770964   77.77472994562027   289.8583189371002
0.8316085902740278   72.85527946505212   281.7546637078839
0.8559875671776167   68.23405969533114   273.9081318873774
0.8810812246675007   63.89392233970172   266.30375030511664
0.9069105139239728   59.81865879430269   258.9272515636467
0.9334970003205227   55.99300513846062   251.76414165694408
0.960862881429187   52.40252500766454   244.80066692569775
0.9890310055537336   49.03354939856081   238.02408467871467
1.0180248908061487   45.873141082944926   231.42260134608935
1.047868744742366   42.90906027663055   224.9853158624479
1.0785874845736239   40.12973154984976   218.70216774016907
1.1102067579703248   37.52421193134871   212.56388937677434
1.1427529644757777   35.08214833902744   206.56197679451
1.1762532775476793   32.79373495528501   200.6886687830016
1.210735667245765   30.649715929851073   194.936874361381
1.246228923584555   28.641361787016656   189.30013186252378
1.2827626805706884   26.76044179547174   183.7725764130048
1.3203674409449337   24.99919762190469   178.34890938176736
1.3590746016495152   23.350318220632282   173.02436953530625
1.3989164800420282   21.80691593616146   167.7947135520804
1.4399263408778291   20.36250511078387   162.6566696929696
1.4821384240834183   19.01098071072699   157.60811432138797
1.525587973344019   17.746595283165515   152.64726935871522
1.5703112655292182   16.563939267495094   147.77261253744362
1.6163456409812174   15.457922486163941   142.98286109232436
1.6637295346910133   14.423756548167452   138.27695570786486
1.7125025083885144   13.45693812766386   133.6540446865128
1.7627052835733923   12.553232993356632   129.1135091814655
1.814379775514258   11.708659097168978   124.65583746809153
1.8675691282445197   10.919472882489444   120.2824612218595
1.922317750584177   10.182157882549609   115.99473643004897
1.9786713532176083   9.493411784502136   111.79389593903892
2.0366769868582977   8.850134083912513   107.68104812613245
2.0963830815323896   8.249414398852352   103.65717591437692
2.1578394870138577   7.688521412173843   99.72313613178774
2.2210975144450407   7.164892264106053   95.87972643866804
2.286209979177315   6.676121222994508   92.12837118651865
2.3532312448676476   6.219951410229449   88.47071647921807
2.4222172688678643   5.794267129640723   84.90809112883011
2.4932256489445366   5.397085426283794   81.44151211764675
2.5663156713684585   5.02654810375249   78.0716997713726
2.641548360413907   4.680914195905248   74.79909323783271
2.7189865293089923   4.3585528690016995   71.62386616876083
2.798694832679631   4.057937131328931   68.54601155542045
2.8807398205309562   3.777639513832907   65.5657191689708
2.9651899938111903   3.516323917823934   62.68304564571951
3.05211586160442   3.2727389375592137   59.89773320856467
3.1415899999999994   3.0457127496889025   57.209234477330284
