0.01   15964.521315564905   15960.391489159001
0.010293154462191829   16121.79297465539   16117.321510840527
0.010594902878253955   16272.097385135747   16267.258092061698
0.010905497183778876   16414.963393383066   16409.729563136305
0.011225196699963396   16549.903416986395   16544.243231185566
0.011554268350120923   16676.429706552608   16670.305522648196
0.011892986882540897   16794.055714725913   16787.42438296585
0.012241635099881474   16902.275893507045   16895.091729637526
0.012600504095286909   17000.579691827552   16992.79609286315
0.012969893495426888   17088.46587577723   17080.035485590288
0.013350111710660605   17165.42951203347   17156.30245643509
0.013741476192534558   17230.955568823065   17221.07660031988
0.014144313698828986   17284.543756212785   17273.852185309817
0.01455896056637426   17325.70852970814   17314.1385606023
0.014985762991865008   17353.9606509354   17341.44216511873
0.01542507732090645   17368.827899162363   17355.286984230603
0.015877270345534218   17369.866308100653   17355.225608844852
0.016342719610456153   17356.64713617307   17340.82436307065
0.016821813728271667   17328.75956131523   17311.66599041746
0.017314952703931925   17285.83121905529   17267.37225702333
0.017822548268711737   17227.530608276185   17207.606479567166
0.01834502422397195   17153.565980843872   17132.07234997561
0.018882816794999403   17063.693855965492   17040.522722406655
0.019436374995219892   16957.724711649524   16932.765492425355
0.02000616100108813   16835.53986608341   16808.681199732946
0.020592650537967844   16697.089186767276   16668.220570491696
0.021196333277324068   16542.382723259107   16511.39570906558
0.02181771324555934   16371.518515755137   16338.308679839962
0.022457309244835088   16184.713689747394   16149.18344358142
0.02311565528622961   15982.252833850735   15944.31271891697
0.023793301035594242   15764.495078455931   15724.065931701545
0.024490812272480036   15531.974492669218   15488.99706398411
0.025208771362518027   15285.329231050406   15239.76842825216
0.0259477777436476   15025.243500499098   14977.088174751685
0.02670844842659881   14752.56043731684   14701.824916050084
0.027491418510046592   14468.321535657858   14415.04753778967
0.028297341710866907   14173.590438096699   14117.845770136842
0.029126890909937666   13869.492561075444   13811.371194491418
0.029980758713939952   13557.43456838344   13497.063246748412
0.030859658033628758   13238.868868656375   13176.406334184525
0.031764322679055976   12915.202468843308   12850.835548318415
0.03269550797224261   12588.035264000408   12521.973263681582
0.033653991377811755   12259.120024423979   12191.589063485799
0.03464057315210884   11930.093786302725   11861.332857700612
0.03565607701135116   11602.57689845058   11532.830139163827
0.036701350819364466   11278.396141356174   11207.897080533665
0.03777726729548091   10959.265417750004   10888.23298879987
0.038884724743189276   10646.727571958925   10575.363332319861
0.04002464780014597   10342.286047505444   10270.751618505448
0.041197988210172884   10047.352067568268   9975.756963934567
0.04240572561788674   9763.15977408311   9691.564939772881
0.04364886838662332   9490.758422575425   9419.154840401761
0.04492845444033957   9231.009265303228   9159.27329499809
0.04624555213019635   8984.645453661438   8912.543757124558
0.04760126112654554   8752.202364420828   8679.403655001377
0.04899671333706607   8533.469069434015   8459.564105070733
0.05043307385181555   8327.942424854053   8252.455603767137
0.05191154191598653   8135.103343276716   8057.499951618053
0.053433351931179485   7953.436775338953   7873.177090362238
0.05499977448602865   7780.543236451626   7697.133255981357
0.05661211741704101   7614.178955778167   7527.17367708866
0.05827172690053434   7452.381521195384   7361.4165626015365
0.05997998857658587   7293.447943231777   7198.269304818298
0.06173832870592997   7135.7224837057   7036.201948317037
0.0635482153607709   6976.790506162534   6873.08528364927
0.06541115965050462   6813.967501380378   6706.59413517862
0.06732871698337338   6644.620437160387   6534.517714443166
0.06930248836510605   6465.888848334518   6354.59487777083
0.07133412173562886   6275.322588639845   6164.941997464708
0.07342531334496233   6071.55635235571   5964.718966679707
0.07557780916945323   5854.014386771102   5753.778633713983
0.07779340636952398   5623.883673107807   5533.523013039644
0.08007395479015682   5383.755058029152   5306.559536634503
0.08242135850536496   5136.967963935263   5075.973535857431
0.08483757740794096   4887.496649108062   4845.243516449308
0.08732462884580919   4639.561645147591   4617.938104262471
0.08988458930634863   4397.492990686563   4397.62225879695
0.09251959615009227   4165.419560099724   4187.442987773399
0.09523184939525078   3947.1536093079385   3990.139955326383
0.09802361355455057   3746.461604068104   3808.333267746419
0.10089721952591899   3566.362848731607   3643.9398410915533
0.10385506653859616   3408.6301569795733   3497.5716173523642
0.10689962415629803   3273.5715510838004   3368.824697830329
0.11003343433910281   3158.8011398661174   3255.424410125478
0.11325911356578279   3060.6360405595715   3154.254816822075
0.11657935501835284   2973.468377543264   3060.9685918563255
0.11999693083066039   2891.402361359029   2971.2664872116275
0.12351469440289359   2808.4654375144823   2881.1042817441785
0.12713558278394044   2719.499667626655   2787.432943294786
0.13086261912358757   2620.6321787231404   2688.211537976867
0.13469891519660646   2510.093226106488   2582.699259908007
0.13864767400083483   2388.5444695927877   2472.010113373473
0.14271219243142114   2258.738694326719   2358.5394967010525
0.14689586403346616   2125.0253637494657   2245.0323485728277
0.1512021818353596   1992.775625150249   2134.7980895878077
0.15563474126517718   1867.9702029879327   2031.0642283191005
0.16019724315257297   1756.4311614804344   1936.41073880515
0.1648934968186736   1661.918342325738   1852.5895994788668
0.1697274232565544   1584.3669559844486   1778.742441425386
0.17470305840495237   1520.4188180793856   1712.5144002610043
0.17982455651794954   1465.1560518854844   1651.1920088110378
0.18509619363343993   1413.4618765306395   1592.086974894051
0.19052237114327647   1360.0641198731012   1533.0200355999182
0.19610761946807834   1300.3815769686541   1472.5993961778395
0.20185660183976684   1233.0851319061924   1410.6609580249124
0.20777411819498756   1160.8186230063425   1348.4530925997801
0.21386510918267082   1088.2588146726016   1288.2700194644192
0.22013466028907505   1019.8828604297316   1231.338986519646
0.22658800608375756   959.382271882317   1178.8031185345721
0.23323053459001789   908.4178722228593   1130.719140482422
0.2400677917834628   865.6292562260272   1086.2782242533879
0.24710548622244882   827.6740266250649   1044.3244877052284
0.25434949381426813   790.5851964230584   1003.6713587375714
0.2618058627210567   751.1435294870827   963.7962328313483
0.2694808184095226   708.957905116186   924.4273896531316
0.27738076884870827   666.1980431537182   886.5098995292806
0.2855123098601282   625.4737844493966   850.3034135850017
0.29388223062474755   588.9746000157237   816.2961192029894
0.3024975193514008   557.3220420039374   784.3785168426438
0.31136536911138296   528.9587914356526   754.0373602211911
0.3204931838440838   501.76654935823865   725.028872779251
0.32988858453867975   474.3090965352825   697.0444251748246
0.3395594155970457   446.5290711848895   670.0116603565284
0.34951375138319807   419.7553014328341   644.2202009403144
0.3597599029647371   395.1600873646002   619.8345522150454
0.37030642505191835   372.9126060075257   596.5456011253132
0.3811621231401457   352.33703015152355   574.3979168396913
0.3923360608618501   332.4812478956338   553.2281092531159
0.4038375675538918   313.0172263334565   532.9170652413568
0.41567624604680364   294.3627024883692   513.4934287583859
0.42786198068238046   276.9700933707578   495.0067882778902
0.4404049455663077   260.8825860250069   477.3921253523852
0.4533156130627191   245.71900936161416   460.55559059789357
0.4666047625377753   231.20401597182462   444.4531547714003
0.4802834893595659   217.34694159245876   429.05091554617275
0.49436321416184764   204.3302875310087   414.3474385906803
0.5088556923793517   192.14900287987186   400.31254064441106
0.5237730240626238   180.6581841487471   386.8887349628891
0.5391276639805903   169.75264449122042   374.0330250160468
0.5549324320192869   159.45222823167353   361.7414056392391
0.5712005238854289   149.77454012053167   349.9826099127424
0.5879455221237613   140.66307794362635   338.7261379593674
0.6051814074573895   132.06059606649774   327.937175859023
0.622922570460556   123.95028552132132   317.5974779919727
0.6411838235736077   116.31993829298999   307.68224719320904
0.6599804134701901   109.14095722433365   298.1788386069502
0.6793280337869897   102.37515410876884   289.04031160702027
0.6992428382266549   96.01053157239576   280.2675501225217
0.7197414540448374   90.02445060424292   271.83717198306044
0.7408409959326054   84.39510851434417   263.72713480053653
0.7625590803058332   79.10241633139604   255.91850018915193
0.7849138400134885   74.12733700215475   248.39359586377455
0.8079239394770964   69.45183390250077   241.1359206196212
0.8316085902740278   65.05882341135201   234.1300628635525
0.8559875671776167   60.93212939202683   227.3616258352435
0.8810812246675007   57.05643952677302   220.8171589186781
0.9069105139239728   53.417280230398326   214.48381827216627
0.9334970003205227   50.00102068925602   208.34850216096277
0.960862881429187   46.794768969814456   202.39875569855207
0.9890310055537336   43.78631846429805   196.6230230569189
1.0180248908061487   40.96411610179677   191.0105894676656
1.047868744742366   38.317231681164486   185.55152813481126
1.0785874845736239   35.83532831367315   180.23665156975764
1.1102067579703248   33.508633932751614   175.0574667753305
1.1427529644757777   31.327903326680318   170.00608460144778
1.1762532775476793   29.284380128287673   165.07511542775967
1.210735667245765   27.36979908405885   160.2577514304845
1.246228923584555   25.57636496539174   155.54775353457015
1.2827626805706884   23.89672789822238   150.93942008172397
1.3203674409449337   22.323959838687625   146.4275576167058
1.3590746016495152   20.851532152228767   142.00745353721766
1.3989164800420282   19.473294274965237   137.6748555455677
1.4399263408778291   18.183454578238855   133.42626161390547
1.4821384240834183   16.97656127609631   129.25902861628956
1.525587973344019   15.847481909120132   125.17084046989908
1.5703112655292182   14.791385765708501   121.15964400209275
1.6163456409812174   13.803727351368769   117.22363323458828
1.6637295346910133   12.880230673283796   113.36123408830775
1.7125025083885144   12.016874306597936   109.57108945266914
1.7627052835733923   11.209877132664987   105.85207517011979
1.814379775514258   10.45568326357112   102.20395185562579
1.8675691282445197   9.750949805159744   98.62724000451765
1.922317750584177   9.092536641981741   95.12245485000264
1.9786713532176083   8.47749488577673   91.69006855563451
2.0366769868582977   7.903055852519511   88.33050688269657
2.0963830815323896   7.366620628308605   85.044146066891
2.1578394870138577   6.8657501960582055   81.8313099136394
2.2210975144450407   6.398155963189943   78.69232188010224
2.286209979177315   5.961689635916849   75.62806144690605
2.3532312448676476   5.554335837658372   72.63963221541387
2.4222172688678643   5.174205267743109   69.72792027121345
2.4932256489445366   4.819527163415884   66.89359585734535
2.5663156713684585   4.48864217118724   64.13712291984436
2.641548360413907   4.179995623991568   61.458768891741116
2.7189865293089923   3.8921312027170005   58.85861465622661
2.798694832679631   3.623685318383683   56.33663415005871
2.8807398205309562   3.373383252642889   53.89306869475932
2.9651899938111903   3.1400318802471636   51.528089258560506
3.05211586160442   2.9225137073129033   49.24160822545132
3.1415899999999994   2.719782307393044   47.03329876322504
