0.01   11432.143120640456   11429.7034979035
0.010293154462191829   11571.20093110979   11568.550652787879
0.010594902878253955   11706.219256385933   11703.341517923904
0.010905497183778876   11836.834593844542   11833.710099328093
0.011225196699963396   11962.677452617849   11959.284080057758
0.011554268350120923   12083.37414873722   12079.68699240605
0.011892986882540897   12198.535445647207   12194.527519419658
0.012241635099881474   12307.764112246388   12303.406753600206
0.012600504095286909   12410.663287202413   12405.926211410504
0.012969893495426888   12506.826236540455   12501.677222009106
0.013350111710660605   12595.829642346214   12590.233965843892
0.013741476192534558   12677.253055259764   12671.173515148757
0.014144313698828986   12750.679669467509   12744.076550105308
0.01455896056637426   12815.683085017727   12808.513435455108
0.014985762991865008   12871.84073062219   12864.05819829968
0.01542507732090645   12918.742470781737   12910.297457065544
0.015877270345534218   12955.980002331997   12946.819079828541
0.016342719610456153   12983.14654917024   12973.211756143502
0.016821813728271667   12999.854670335744   12989.083758628365
0.017314952703931925   13005.73717216768   12994.063926419287
0.017822548268711737   13000.441109435596   12987.795592262952
0.01834502422397195   12983.63934556225   12969.948339207698
0.018882816794999403   12955.036599140347   12940.2241033727
0.019436374995219892   12914.374832958123   12898.36174340669
0.02000616100108813   12861.435615660626   12844.13959762341
0.020592650537967844   12796.040444441493   12777.376668870616
0.021196333277324068   12718.062831253032   12697.94540873566
0.02181771324555934   12627.448159816011   12605.792718905688
0.022457309244835088   12524.191991302345   12500.9168254259
0.02311565528622961   12408.341923422968   12383.369080418455
0.023793301035594242   12280.054049779215   12253.312793723318
0.024490812272480036   12139.56806700899   12110.997189538026
0.025208771362518027   11987.168160687474   11956.716560355651
0.0259477777436476   11823.239365731604   11790.868742993767
0.02670844842659881   11648.320817746942   11614.01030016492
0.027491418510046592   11462.994371607807   11426.740769233762
0.028297341710866907   11267.89153865616   11229.709398944962
0.029126890909937666   11063.845062169656   11023.76970372246
0.029980758713939952   10851.770744780832   10809.85863700774
0.030859658033628758   10632.579134355485   10588.906355624491
0.031764322679055976   10407.320288167408   10361.982408336155
0.03269550797224261   10177.230501074226   10130.342699021703
0.033653991377811755   9943.50600076669   9895.20067545763
0.03464057315210884   9707.33147405401   9657.7547346834
0.03565607701135116   9470.077405844968   9419.381873650349
0.036701350819364466   9233.094404631993   9181.435578637216
0.03777726729548091   8997.632224134202   8945.166092330774
0.038884724743189276   8765.039611030978   8711.908753444415
0.04002464780014597   8536.750711473416   8483.071324106244
0.041197988210172884   8314.062707335737   8259.92501358187
0.04240572561788674   8098.066495077541   8043.530771619081
0.04364886838662332   7889.5006775884285   7834.581357090611
0.04492845444033957   7688.964121375294   7633.629678494874
0.04624555213019635   7496.998709199   7441.172646774258
0.04760126112654554   7314.364176451707   7257.8880150449195
0.04899671333706607   7141.947698665876   7084.557056900356
0.05043307385181555   6980.533801454463   6921.866026515909
0.05191154191598653   6829.877864446994   6769.517334584897
0.053433351931179485   6688.182095857619   6625.7284199270525
0.05499977448602865   6553.644526717877   6488.7187751455995
0.05661211741704101   6424.696225383035   6356.944448864825
0.05827172690053434   6300.0471949724315   6229.146221950044
0.05997998857658587   6178.494005639223   6104.155732898775
0.06173832870592997   6058.465032963908   5980.50259629395
0.0635482153607709   5938.0842198605815   5856.470610290991
0.06541115965050462   5815.4816682762485   5730.3786436800765
0.06732871698337338   5688.380613057066   5600.274077550468
0.06930248836510605   5554.566382733024   5464.290329877557
0.07133412173562886   5411.966985293828   5320.7710652683
0.07342531334496233   5258.728918195628   5168.308871119213
0.07557780916945323   5093.844984074492   5006.282164005804
0.07779340636952398   4917.375706532211   4835.063299479808
0.08007395479015682   4730.243079388557   4655.72637299622
0.08242135850536496   4534.594334358353   4470.358915064843
0.08483757740794096   4333.2006431289865   4281.540104431396
0.08732462884580919   4129.636008341983   4092.514596869459
0.08988458930634863   3927.5382989929153   3906.403983809216
0.09251959615009227   3730.538766135142   3726.140237133139
0.09523184939525078   3542.1843123669746   3554.4936429336144
0.09802361355455057   3365.7860839914165   3393.9632835776933
0.10089721952591899   3204.4259528494854   3246.648695192633
0.10385506653859616   3060.4857111700153   3114.065695905697
0.10689962415629803   2935.0076973896275   2996.5146138033965
0.11003343433910281   2827.9369243777855   2893.4693718343165
0.11325911356578279   2736.95640426307   2802.7801440761596
0.11657935501835284   2658.6688480443577   2721.571177649231
0.11999693083066039   2588.2577961963507   2646.051304042053
0.12351469440289359   2520.6419809057757   2572.4465450334246
0.12713558278394044   2450.779620955936   2497.265886007045
0.13086261912358757   2374.375490056452   2417.945427296909
0.13469891519660646   2288.437278099211   2332.946505436617
0.13864767400083483   2191.773617926272   2241.938529874025
0.14271219243142114   2085.442107125411   2146.0161994288
0.14689586403346616   1972.3158140770831   2047.376302103402
0.1512021818353596   1856.6392108840823   1948.9936595706345
0.15563474126517718   1743.5211850791266   1854.1567806698158
0.16019724315257297   1638.4187559116112   1765.7629519157497
0.1648934968186736   1546.0185435213405   1686.183073226354
0.1697274232565544   1468.8221266545195   1616.381598071295
0.17470305840495237   1406.1025366368285   1555.1407751475067
0.17982455651794954   1354.3599698819075   1500.2510686028786
0.18509619363343993   1308.9251863955365   1449.0141380589398
0.19052237114327647   1264.8843350527516   1398.9946477090311
0.19610761946807834   1217.4023223658667   1348.007064020288
0.20185660183976684   1163.0097487422913   1294.6165481247008
0.20777411819498756   1101.5410610087856   1239.4149064287851
0.21386510918267082   1036.2392636676996   1184.4527588181531
0.22013466028907505   971.6986226340341   1131.2986424536853
0.22658800608375756   912.2476336810851   1081.5865451745144
0.23323053459001789   860.9524658917518   1036.3226335203008
0.2400677917834628   818.6169991038511   995.1531257821789
0.24710548622244882   783.1631336217629   957.1556314536577
0.25434949381426813   750.8881226960654   920.9356564813639
0.2618058627210567   717.8840766894212   885.521982540797
0.2694808184095226   681.6810219961445   850.0552539691868
0.27738076884870827   642.7900193877365   815.2038450274118
0.2855123098601282   603.8265156362028   781.3882602771495
0.29388223062474755   567.582740271858   749.4903944400951
0.3024975193514008   535.9953631642671   719.6779331048391
0.31136536911138296   508.94037250160477   691.7295816331687
0.3204931838440838   484.3529853291294   665.146642603847
0.32988858453867975   460.0098924156793   639.4664890688058
0.3395594155970457   434.7668688287726   614.6375552507683
0.34951375138319807   409.193211913641   590.5440386683747
0.3597599029647371   384.95586285986656   567.6756944687479
0.37030642505191835   363.1267431599638   546.0059052107889
0.3811621231401457   343.5604435849947   525.4199801477191
0.3923360608618501   325.21944984788155   505.7867277118138
0.4038375675538918   307.1202550443385   486.91496456182335
0.41567624604680364   289.22300067688224   468.7837162125862
0.42786198068238046   272.2022358470391   451.4713652596353
0.4404049455663077   256.53527756847177   435.01023650603577
0.4533156130627191   242.07632794329135   419.3203305867683
0.4666047625377753   228.30436618335364   404.2979835487781
0.4802834893595659   214.97373215673935   389.9022841037169
0.49436321416184764   202.26308306432415   376.127290819055
0.5088556923793517   190.39555504257945   362.99224286432144
0.5237730240626238   179.30055210996898   350.4525636497929
0.5391276639805903   168.76559413402563   338.4374310736839
0.5549324320192869   158.7212488397496   326.93802058566285
0.5712005238854289   149.24761317284648   315.93315031921577
0.5879455221237613   140.35855362183418   305.41139176599467
0.6051814074573895   131.96689849731604   295.33392290727863
0.622922570460556   124.01785742635177   285.66793753698846
0.6411838235736077   116.52227684689842   276.4060131978938
0.6599804134701901   109.46946471163845   267.53104948231226
0.6793280337869897   102.8189995340866   259.01204604533143
0.6992428382266549   96.546146631237   250.83583142031713
0.7197414540448374   90.63713799759338   242.98320612444084
0.7408409959326054   85.0722723265672   235.43571890818617
0.7625590803058332   79.83271840773864   228.17612548670726
0.7849138400134885   74.90059394050628   221.1883001895263
0.8079239394770964   70.25892305238945   214.45715797683573
0.8316085902740278   65.89159537768153   207.9685826739497
0.8559875671776167   61.783326660998135   201.70936088339113
0.8810812246675007   57.91963819137918   195.666877461184
0.9069105139239728   54.286875384026864   189.82821630603678
0.9334970003205227   50.872098552003024   184.18103544356464
0.960862881429187   47.6630261837825   178.71386327806118
0.9890310055537336   44.6480065113667   173.41604000422467
1.0180248908061487   41.815989931363525   168.27766387015365
1.047868744742366   39.15650227987628   163.2895418712874
1.0785874845736239   36.659618916612914   158.4431438174786
1.1102067579703248   34.31593024314608   153.73042597168887
1.1427529644757777   32.116509430577075   149.1436484197023
1.1762532775476793   30.052911377988437   144.67563048549908
1.210735667245765   28.11715232125976   140.31975867403102
1.246228923584555   26.30168706910607   136.0699530922336
1.2827626805706884   24.599387185775655   131.9206363251753
1.3203674409449337   23.003520093852764   127.86670449776236
1.3590746016495152   21.507729056884948   123.90350853892194
1.3989164800420282   20.10601368500839   120.0270571245267
1.4399263408778291   18.79271170809198   116.23398847072409
1.4821384240834183   17.56248195779384   112.52126677539034
1.525587973344019   16.410287662515554   108.88614844055058
1.5703112655292182   15.331380478342703   105.3261649153275
1.6163456409812174   14.321285255939173   101.8391062273044
1.6637295346910133   13.375785516930454   98.42300511869311
1.7125025083885144   12.490909358507588   95.07619270035212
1.7627052835733923   11.66291413768012   91.79790930560002
1.814379775514258   10.88827566809149   88.58788691529594
1.8675691282445197   10.163677857830399   85.44588687521686
1.922317750584177   9.486001213125851   82.37168892161218
1.9786713532176083   8.8523119011417   79.36508612047236
2.0366769868582977   8.259851368125137   76.42587997851388
2.0963830815323896   7.70602648857234   73.55387573318252
2.1578394870138577   7.1883998165179435   70.74901993613442
2.2210975144450407   6.704679495978994   68.01186266809128
2.286209979177315   6.25271259363967   65.34299980133136
2.3532312448676476   5.8304776474477995   62.74287416140074
2.4222172688678643   5.436077031165323   60.21178124319915
2.4932256489445366   5.067729733457482   57.74987513945568
2.5663156713684585   4.723764531141816   55.35717463154325
2.641548360413907   4.402613543746294   53.03357054793318
2.7189865293089923   4.102807389710918   50.77904964008463
2.798694832679631   3.82297041466965   48.59390637709224
2.8807398205309562   3.5618123341672354   46.478268916172766
2.9651899938111903   3.3181228583419333   44.43204563259202
3.05211586160442   3.0907670086452694   42.45494175712394
3.1415899999999994   2.878680686759773   40.546475760822425
