0.01   3441.0278692788734   3440.8398476597226
0.010293154462191829   3495.5182702928264   3495.318135048181
0.010594902878253955   3549.465263006542   3549.2514376622403
0.010905497183778876   3602.7723802425903   3602.543224563094
0.011225196699963396   3655.3401134828932   3655.0939586587297
0.011554268350120923   3707.0657726193463   3706.800915208396
0.011892986882540897   3757.8395428090325   3757.5541716153007
0.012241635099881474   3807.5470565088253   3807.2392182388653
0.012600504095286909   3856.071633244102   3855.7392308152225
0.012969893495426888   3903.2923135705555   3902.9330511527505
0.013350111710660605   3949.082884354028   3948.6941824972964
0.013741476192534558   3993.315271292035   3992.894256222174
0.014144313698828986   4035.859256575462   4035.402762855808
0.01455896056637426   4076.57848446795   4076.08308304318
0.014985762991865008   4115.334185684599   4114.79619678997
0.01542507732090645   4151.9873840568625   4151.402878466137
0.015877270345534218   4186.396695081905   4185.761364321808
0.016342719610456153   4218.418278998876   4217.727277826063
0.016821813728271667   4247.909546760284   4247.157488401809
0.017314952703931925   4274.729180586062   4273.910144509757
0.017822548268711737   4298.735079398077   4297.842619979145
0.01834502422397195   4319.787636162367   4318.814800487023
0.018882816794999403   4337.751442569224   4336.690792401094
0.019436374995219892   4352.496119977455   4351.339706747267
0.02000616100108813   4363.897124338592   4362.63647286436
0.020592650537967844   4371.8365264401755   4370.462674362927
0.021196333277324068   4376.2055609291965   4374.709104841247
0.02181771324555934   4376.909319113704   4375.280462481907
0.022457309244835088   4373.863038701489   4372.091651183829
0.02311565528622961   4366.992538666312   4365.068252387709
0.023793301035594242   4356.246030188238   4354.158722539354
0.024490812272480036   4341.591429818929   4339.331595476229
0.025208771362518027   4323.008113377687   4320.5669364896
0.0259477777436476   4300.497699819214   4297.867218066525
0.02670844842659881   4274.099851088839   4271.2732611929405
0.027491418510046592   4243.869293938343   4240.8410266158035
0.028297341710866907   4209.87554837872   4206.6413538134875
0.029126890909937666   4172.238804664472   4168.7963534943465
0.029980758713939952   4131.110932475414   4127.460124790954
0.030859658033628758   4086.651127587784   4082.7940370115853
0.031764322679055976   4039.05013822042   4034.991052941715
0.03269550797224261   3988.5515667049995   3984.297108997473
0.033653991377811755   3935.404631358501   3930.963640473689
0.03464057315210884   3879.868527622462   3875.251791097559
0.03565607701135116   3822.2844177463335   3817.5036785696334
0.036701350819364466   3763.0216280045925   3758.089074062093
0.03777726729548091   3702.4355375537834   3697.363682933591
0.038884724743189276   3640.8568369052414   3635.6585445815995
0.04002464780014597   3578.586502213428   3573.275075086854
0.041197988210172884   3515.9090300072153   3510.498111984207
0.04240572561788674   3453.1197658701362   3447.622252809423
0.04364886838662332   3390.643751208736   3385.066297211141
0.04492845444033957   3328.928316422405   3323.2697918638823
0.04624555213019635   3268.386771755773   3262.6386704098873
0.04760126112654554   3209.3285780358406   3203.4735536590433
0.04899671333706607   3151.9530633325176   3145.9632453937147
0.05043307385181555   3096.438593564735   3090.2761495757745
0.05191154191598653   3042.8587860376447   3036.4779087501697
0.053433351931179485   2991.0388615072966   2984.389926165406
0.05499977448602865   2940.7741734610026   2933.804660449897
0.05661211741704101   2891.8212013210737   2884.47793594534
0.05827172690053434   2843.8105350740548   2836.045303604338
0.05997998857658587   2796.370810943381   2788.1413753877955
0.06173832870592997   2749.099627134578   2740.3748616517
0.0635482153607709   2701.5416105654263   2692.308758926295
0.06541115965050462   2653.254884294728   2643.521234573879
0.06732871698337338   2603.733275769084   2593.5387388395698
0.06930248836510605   2552.4678872864315   2541.889566999578
0.07133412173562886   2498.9413541733215   2488.1036114107756
0.07342531334496233   2442.620807865994   2431.707325284408
0.07557780916945323   2383.070842405823   2372.326679624575
0.07779340636952398   2320.004378629867   2309.7455804756437
0.08007395479015682   2253.3129940578447   2243.913092090965
0.08242135850536496   2183.25169462583   2175.1152242232356
0.08483757740794096   2110.294365447478   2103.8423232980504
0.08732462884580919   2035.3021775793989   2030.9607967837637
0.08988458930634863   1959.2798996698193   1957.4426243733542
0.09251959615009227   1883.410281674576   1884.3757275735518
0.09523184939525078   1808.8616355658253   1812.8279901021292
0.09802361355455057   1736.7550433605381   1743.8190349290503
0.10089721952591899   1668.1068546546076   1678.2275745652637
0.10385506653859616   1603.7880024045448   1616.7839133716807
0.10689962415629803   1544.4565705140699   1560.0071966899511
0.11003343433910281   1490.5507834416608   1508.2119861095387
0.11325911356578279   1442.021475641803   1461.2528611853863
0.11657935501835284   1398.4431605940217   1418.6613544408451
0.11999693083066039   1358.760514102162   1379.4538022596275
0.12351469440289359   1321.5879270510236   1342.3856446676768
0.12713558278394044   1285.2714290045521   1306.0153606997596
0.13086261912358757   1248.2217032408146   1269.0424371065662
0.13469891519660646   1209.110036010079   1230.4282271585093
0.13864767400083483   1167.058567157562   1189.5256715568885
0.14271219243142114   1121.800623236133   1146.204751964108
0.14689586403346616   1073.7162718159238   1100.8605308388928
0.1512021818353596   1023.8163935061435   1054.3903610901739
0.15563474126517718   973.5852167372391   1008.0572244913991
0.16019724315257297   924.6816274819126   963.140839118684
0.1648934968186736   878.7070112928016   920.841556962392
0.1697274232565544   836.9913270758864   882.1003900958093
0.17470305840495237   800.3303577857707   847.3308121258949
0.17982455651794954   768.6410444815135   816.4116363710249
0.18509619363343993   740.815657629397   788.4079330831192
0.19052237114327647   715.0679713102899   761.9741998662171
0.19610761946807834   689.5713780337275   735.8319353343567
0.20185660183976684   662.9159967218527   709.0448603335765
0.20777411819498756   634.2719973211753   681.1815624915442
0.21386510918267082   603.6113900814182   652.4219008598857
0.22013466028907505   571.9500940254867   623.4174775649917
0.22658800608375756   541.0208054321464   595.3035603885132
0.23323053459001789   512.4098796846542   569.0748619220507
0.2400677917834628   486.98735712903454   545.1077229604376
0.24710548622244882   464.81873249968095   523.3552021492895
0.25434949381426813   445.1274510066049   503.2755600147074
0.2618058627210567   426.51399747626994   484.0364509664115
0.2694808184095226   407.6475020679604   464.925257561638
0.27738076884870827   387.85274228942677   445.7210859809753
0.2855123098601282   367.3525226012692   426.4908592077881
0.29388223062474755   347.1809025794664   407.8605186549436
0.3024975193514008   328.47243976152095   390.3460552830283
0.31136536911138296   311.69622833983254   374.06334158318447
0.3204931838440838   296.67376764995345   358.86472904036265
0.32988858453867975   282.6256073633485   344.39489051015266
0.3395594155970457   268.6853219547536   330.3167178420177
0.34951375138319807   254.5598045457077   316.47966795850596
0.3597599029647371   240.5793694115746   303.0935390682299
0.37030642505191835   227.35948876017054   290.34713439314595
0.3811621231401457   215.28643296594086   278.3306887139788
0.3923360608618501   204.18579861870296   266.95864129728994
0.4038375675538918   193.6001573591379   256.06444779271243
0.41567624604680364   183.20715683294415   245.5486561804345
0.42786198068238046   173.05124152239082   235.42800930043393
0.4404049455663077   163.4235817614064   225.7758930313581
0.4533156130627191   154.48496117462798   216.60703583981135
0.4666047625377753   146.10999111397797   207.86921540789862
0.4802834893595659   138.0845299518441   199.50736095757296
0.49436321416184764   130.33853032910764   191.48921077368294
0.5088556923793517   122.97036611522583   183.83093574838836
0.5237730240626238   116.0567629403478   176.53833247542457
0.5391276639805903   109.5391581212388   169.57846393621054
0.5549324320192869   103.32508722235666   162.92946565808765
0.5712005238854289   97.40138446480401   156.57116203129974
0.5879455221237613   91.80428858809519   150.50572741262977
0.6051814074573895   86.5267922305132   144.72089219493134
0.622922570460556   81.52391955729817   139.19434557770387
0.6411838235736077   76.77694350800499   133.9137823031481
0.6599804134701901   72.29102653254381   128.87410069258968
0.6793280337869897   68.05604380173294   124.06413467913715
0.6992428382266549   64.0494725684442   119.46861490913653
0.7197414540448374   60.26079047724339   115.07769266332127
0.7408409959326054   56.68257488301027   110.88317557530358
0.7625590803058332   53.30451839308336   106.87577825074207
0.7849138400134885   50.116125000732616   103.04590023107029
0.8079239394770964   47.10741244074482   99.38448797931804
0.8316085902740278   44.26888876285437   95.88300091706654
0.8559875671776167   41.59153057512724   92.53337806712764
0.8810812246675007   39.066832598724176   89.32782714246997
0.9069105139239728   36.68682668839461   86.25866728559171
0.9334970003205227   34.44391789093229   83.31864788084583
0.960862881429187   32.33085547258903   80.50095894154471
0.9890310055537336   30.34072148195563   77.79920155311996
1.0180248908061487   28.46691936541051   75.20736049257265
1.047868744742366   26.703162666401   72.7197788512496
1.0785874845736239   25.043459803250848   70.33105854512299
1.1102067579703248   23.482083724555697   68.03565161154123
1.1427529644757777   22.013582255530068   65.82819193491544
1.1762532775476793   20.632777622890277   63.70367379257326
1.210735667245765   19.334754703519366   61.6574267017043
1.246228923584555   18.114849604188812   59.68509185765922
1.2827626805706884   16.968638599866114   57.7826004743053
1.3203674409449337   15.891927433346764   55.94614868375624
1.3590746016495152   14.88074107173675   54.1720222319884
1.3989164800420282   13.931313696959473   52.456574423230364
1.4399263408778291   13.04007891843431   50.79641039996335
1.4821384240834183   12.203660473561028   49.188381398271495
1.525587973344019   11.418863276392115   47.6295682621867
1.5703112655292182   10.682664800366119   46.11726628304812
1.6163456409812174   9.992206789189   44.64897123469581
1.6637295346910133   9.34478664753916   43.22236687967968
1.7125025083885144   8.73784833169032   41.835314046162175
1.7627052835733923   8.16897733519816   40.485838301711915
1.814379775514258   7.635894159450598   39.17211934834535
1.8675691282445197   7.136447440395173   37.89248149668385
1.922317750584177   6.668607375485738   36.64538477416643
1.9786713532176083   6.230459441381468   35.429416601718714
2.0366769868582977   5.820198272960487   34.243287146001386
2.0963830815323896   5.43612045537813   33.08586287977629
2.1578394870138577   5.0766199638704945   31.956141542140266
2.2210975144450407   4.740184305748476   30.85320973598703
2.286209979177315   4.42538947129458   29.77623639975373
2.3532312448676476   4.13089509943416   28.724467417716223
2.4222172688678643   3.855439882641659   27.69722045588968
2.4932256489445366   3.5978372071947   26.693880711937908
2.5663156713684585   3.35697230211719   25.714050321853183
2.641548360413907   3.1317994018017585   24.757703447867037
2.7189865293089923   2.921334929044691   23.824839198468702
2.798694832679631   2.7246536742321936   22.915430238200212
2.8807398205309562   2.5408855998171194   22.02942341296236
2.9651899938111903   2.369212798394949   21.166740417404462
3.05211586160442   2.208866598681922   20.327278501937368
3.1415899999999994   2.0591237699273894   19.510889375755212
