0.01   1167.3459756436007   1167.3087954976986
0.010293154462191829   1181.3665436916071   1181.3287965198326
0.010594902878253955   1194.9838611267073   1194.9456910450062
0.010905497183778876   1208.1615346504707   1208.1230436870005
0.011225196699963396   1220.8623777116034   1220.8235973491865
0.011554268350120923   1233.0488086917221   1233.009700784154
0.011892986882540897   1244.681187897955   1244.6417112155264
0.012241635099881474   1255.7181941128138   1255.6783622068676
0.012600504095286909   1266.1184500569234   1266.0783349655242
0.012969893495426888   1275.8400619380213   1275.7997653131836
0.013350111710660605   1284.8396202553931   1284.7991906953043
0.013741476192534558   1293.0738560836332   1293.0332734054937
0.014144313698828986   1300.4998945458553   1300.4590752393974
0.01455896056637426   1307.0730628186072   1307.0319352005629
0.014985762991865008   1312.7481214615339   1312.7066722603777
0.01542507732090645   1317.4810556240504   1317.439331553331
0.015877270345534218   1321.2282896580084   1321.1863657632173
0.016342719610456153   1323.9459524668493   1323.9038698033069
0.016821813728271667   1325.5919990783898   1325.549757193002
0.017314952703931925   1326.1264422522463   1326.0840015416184
0.017822548268711737   1325.509789871508   1325.4670896180664
0.01834502422397195   1323.7046156590625   1323.6615821350508
0.018882816794999403   1320.6768179865578   1320.6333647965432
0.019436374995219892   1316.3954445749794   1316.3514609372946
0.02000616100108813   1310.8328274804103   1310.7881621519248
0.020592650537967844   1303.9655851412692   1303.920046917576
0.021196333277324068   1295.7752630672348   1295.728625553888
0.02181771324555934   1286.2496704815883   1286.201686884123
0.022457309244835088   1275.38217141698   1275.3325808377424
0.02311565528622961   1263.1716557394323   1263.1201875893476
0.023793301035594242   1249.626224053045   1249.572638131477
0.024490812272480036   1234.7631557660236   1234.707280573009
0.025208771362518027   1218.6053151357555   1218.547048625429
0.0259477777436476   1201.1842479620163   1201.123565091391
0.02670844842659881   1182.5474918166062   1182.4844719720809
0.027491418510046592   1162.7491744277165   1162.6840019667288
0.028297341710866907   1141.8484562880183   1141.7814162057198
0.029126890909937666   1119.9228862127954   1119.8543942081
0.029980758713939952   1097.0626991456475   1096.9933167887818
0.030859658033628758   1073.359062880511   1073.289482577221
0.031764322679055976   1048.914497635407   1048.8455585237307
0.03269550797224261   1023.8560607250846   1023.7888036278637
0.033653991377811755   998.3098439084363   998.2454937331131
0.03464057315210884   972.3993615775859   972.3392887474878
0.03565607701135116   946.2683823501249   946.2139943711651
0.036701350819364466   920.0646250462156   920.017307776832
0.03777726729548091   893.924572043729   893.8856789494743
0.038884724743189276   867.9964124458205   867.9672530007259
0.04002464780014597   842.4525230482549   842.434352983051
0.041197988210172884   817.450120000828   817.4441414176287
0.04240572561788674   793.1243441185035   793.1316107111436
0.04364886838662332   769.5717943286616   769.5926458133414
0.04492845444033957   746.8680608327842   746.9019950393007
0.04624555213019635   725.0792932348701   725.1250717204633
0.04760126112654554   704.314746222146   704.3705631574176
0.04899671333706607   684.7323241658438   684.7959738510214
0.05043307385181555   666.4739415235367   666.5428801620401
0.05191154191598653   649.6002288466964   649.6715660508318
0.053433351931179485   633.9895047934383   634.0598982725822
0.05499977448602865   619.5015521039112   619.5672143640838
0.05661211741704101   606.0058573131944   606.0623612465403
0.05827172690053434   593.3755319534938   593.4172312114979
0.05997998857658587   581.4919275585802   581.5119439073587
0.06173832870592997   570.2094137344368   570.2001759725175
0.0635482153607709   559.3393773623562   559.2933556883223
0.06541115965050462   548.6948787555451   548.6048607871079
0.06732871698337338   538.0431472657   537.9037392881553
0.06930248836510605   527.1406228550355   526.9489279944694
0.07133412173562886   515.730123591514   515.4864639313055
0.07342531334496233   503.5352669054691   503.24407931225386
0.07557780916945323   490.31881590812895   489.9885170562923
0.07779340636952398   475.90285805878216   475.5456064061524
0.08007395479015682   460.17943022198887   459.810432643812
0.08242135850536496   443.1677595156674   442.804032467047
0.08483757740794096   424.9744489333958   424.6344454724697
0.08732462884580919   405.8469694056491   405.5511024874649
0.08988458930634863   386.09272589844454   385.86158229480765
0.09251959615009227   366.08646112470336   365.93793811427116
0.09523184939525078   346.2222086653215   346.17083387783293
0.09802361355455057   326.9036562920375   326.9598565404542
0.10089721952591899   308.5526230823185   308.7179442787664
0.10385506653859616   291.5488133241987   291.81502449179374
0.10689962415629803   276.225848856804   276.5744732102659
0.11003343433910281   262.8396733007152   263.2430460781645
0.11325911356578279   251.4727779714233   251.89529385401772
0.11657935501835284   242.0795165066563   242.4804447296777
0.11999693083066039   234.39790963941098   234.73808303392084
0.12351469440289359   228.05050895870383   228.29522457108078
0.12713558278394044   222.537596233799   222.66014331362143
0.13086261912358757   217.30919894949332   217.29642066389462
0.13469891519660646   211.81585513185627   211.67252993490618
0.13864767400083483   205.5646377342684   205.3164272154397
0.14271219243142114   198.21001748306807   197.90090675949156
0.14689586403346616   189.6053595607502   189.293641145413
0.1512021818353596   179.84147351243183   179.5937956756784
0.15563474126517718   169.23125124062975   169.1109665712952
0.16019724315257297   158.26527194987568   158.3210420456794
0.1648934968186736   147.55645600449378   147.81052008435856
0.1697274232565544   137.7454330274285   138.18276768228563
0.17470305840495237   129.34355346137693   129.9109812869869
0.17982455651794954   122.5694241041988   123.19996299460715
0.18509619363343993   117.31598951646855   117.93065736907006
0.19052237114327647   113.23956111098894   113.76773451183583
0.19610761946807834   109.85169129025726   110.24805796891249
0.20185660183976684   106.56147800252882   106.82010863113067
0.20777411819498756   102.77463621086635   102.93730905212037
0.21386510918267082   98.1203741742687   98.26948401269405
0.22013466028907505   92.62220229727686   92.85029011283962
0.22658800608375756   86.6332067283587   87.01573692155824
0.23323053459001789   80.66372363163558   81.2334558200461
0.2400677917834628   75.2481140614541   75.98578536566987
0.24710548622244882   70.76034218770575   71.59205267334994
0.25434949381426813   67.26915662563681   68.11204777862089
0.2618058627210567   64.52881206515292   65.30029396884473
0.2694808184095226   62.092702189912224   62.76466902418361
0.27738076884870827   59.47668522861308   60.085175149663215
0.2855123098601282   56.41274674407464   57.029971839076445
0.29388223062474755   52.974981499148626   53.68063567974134
0.3024975193514008   49.46456990345381   50.297151417500054
0.31136536911138296   46.25403299349685   47.19970751829158
0.3204931838440838   43.589414293778354   44.57489890255116
0.32988858453867975   41.42908005178039   42.390081557462246
0.3395594155970457   39.51927421650074   40.42359220297395
0.34951375138319807   37.5698969180005   38.439156959417815
0.3597599029647371   35.43441374568914   36.32123826038527
0.37030642505191835   33.209903870025336   34.162395068692454
0.3811621231401457   31.11344561795369   32.128690862903596
0.3923360608618501   29.29213238671645   30.32791460634435
0.4038375675538918   27.72842406300125   28.743302400940113
0.41567624604680364   26.26926171564569   27.254696212996315
0.42786198068238046   24.78183906856801   25.76288482763162
0.4404049455663077   23.26963331965367   24.275484354814065
0.4533156130627191   21.83284093687883   22.866086453620657
0.4666047625377753   20.54728122513395   21.584118928820075
0.4802834893595659   19.386957499958797   20.407853279059207
0.49436321416184764   18.274726242090722   19.283907153345922
0.5088556923793517   17.173996394691617   18.18665029410385
0.5237730240626238   16.120947654422796   17.14219760209303
0.5391276639805903   15.15316688767916   16.172483290269135
0.5549324320192869   14.260456079814732   15.268409111347687
0.5712005238854289   13.407522294051127   14.40745062975018
0.5879455221237613   12.586851143451456   13.585014288585574
0.6051814074573895   11.816187317452577   12.810650324213166
0.622922570460556   11.100109987971488   12.085725437241955
0.6411838235736077   10.424454431736613   11.4007259528877
0.6599804134701901   9.781638197850333   10.75113964911642
0.6793280337869897   9.176902505830013   10.138582965710958
0.6992428382266549   8.611189724047208   9.56297952658951
0.7197414540448374   8.078277567363708   9.019876943546947
0.7408409959326054   7.57610497925145   8.507345128539061
0.7625590803058332   7.103185479677402   8.023837876261222
0.7849138400134885   6.658074416589097   7.567867053539972
0.8079239394770964   6.239371038374518   7.13800257770209
0.8316085902740278   5.845720117086954   6.732872117661424
0.8559875671776167   5.475813160718438   6.3511605501390775
0.8810812246675007   5.128386326238409   5.991607366344458
0.9069105139239728   4.802173765391668   5.652975855075906
0.9334970003205227   4.495929493722725   5.334064555340886
0.960862881429187   4.208476595809372   5.033736810403244
0.9890310055537336   3.9387050842741447   4.7509186069571605
1.0180248908061487   3.685568212016932   4.484595447212341
1.047868744742366   3.4480789827178557   4.233809345834971
1.0785874845736239   3.225306849104553   3.997655949741138
1.1102067579703248   3.0163758349698657   3.775282931184363
1.1427529644757777   2.820468628748249   3.5658939925582973
1.1762532775476793   2.636816588799942   3.368739954455933
1.210735667245765   2.464692952247   3.183112483805125
1.246228923584555   2.3034108099087605   3.0083421389875227
1.2827626805706884   2.152321176803492   2.8437964963641456
1.3203674409449337   2.0108111361910073   2.6888783401389973
1.3590746016495152   1.8783020558645438   2.543023916156592
1.3989164800420282   1.7542473661803526   2.4057005328472116
1.4399263408778291   1.6381299303660917   2.276403488032386
1.4821384240834183   1.5294621850738024   2.1546568462595186
1.525587973344019   1.4277849556216216   2.040012428128341
1.5703112655292182   1.3326659201558273   1.9320482864043855
1.6163456409812174   1.24369814830934   1.830367255205509
1.6637295346910133   1.1604987113654033   1.7345955698488833
1.7125025083885144   1.0827073612063332   1.6443815407882778
1.7627052835733923   1.009985288385064   1.5593933162301616
1.814379775514258   0.9420139337292676   1.479317307606397
1.8675691282445197   0.8784938311846611   1.403858825520943
1.922317750584177   0.8191435323400783   1.3327411176649175
1.9786713532176083   0.7636985884742532   1.2657042917849022
2.0366769868582977   0.7119105851481292   1.2025043006293645
2.0963830815323896   0.6635462269972937   1.1429119856276246
2.1578394870138577   0.6183864611760427   1.0867119697972112
2.2210975144450407   0.5762255121807589   1.033698527238605
2.286209979177315   0.536870176064461   0.9836760840977269
2.3532312448676476   0.5001392325099242   0.9364617401515307
2.4222172688678643   0.4658627408373111   0.8918845038049175
2.4932256489445366   0.43388137025769347   0.8497844780777262
2.5663156713684585   0.4040457674926402   0.8100121045270139
2.641548360413907   0.3762159598500398   0.7724274608398065
2.7189865293089923   0.3502608259176592   0.7368991343547773
2.798694832679631   0.32605774934660714   0.7033009087662349
2.8807398205309562   0.303491920890246   0.6715136754911215
2.9651899938111903   0.28245575894782604   0.6414264302527695
3.05211586160442   0.262848478571619   0.6129356806377977
3.1415899999999994   0.2445756846504904   0.58594489434246
