0.01   2767.719382805322   2767.6543982741937
0.010293154462191829   2807.280819568671   2807.2144966870233
0.010594902878253955   2846.1811025203247   2846.1132452883426
0.010905497183778876   2884.339335032796   2884.2697939443055
0.011225196699963396   2921.669618454067   2921.598255376952
0.011554268350120923   2958.081139832033   2958.0077916209248
0.011892986882540897   2993.4813932142824   2993.405869487418
0.012241635099881474   3027.775578148103   3027.6976683236953
0.012600504095286909   3060.8644728414356   3060.78397200529
0.012969893495426888   3092.647219767812   3092.563935274906
0.013350111710660605   3123.022056025879   3122.9358026175432
0.013741476192534558   3151.882767638206   3151.7932762118403
0.014144313698828986   3179.11989262539   3179.02673723642
0.01455896056637426   3204.624163687987   3204.5267560013936
0.014985762991865008   3228.2856264251113   3228.183245464357
0.01542507732090645   3249.9918198334262   3249.8836955737215
0.015877270345534218   3269.631313368141   3269.516642361746
0.016342719610456153   3287.0945192088525   3286.9724573337107
0.016821813728271667   3302.2711522646664   3302.140710551956
0.017314952703931925   3315.0521648647414   3314.9121472776656
0.017822548268711737   3325.332400124466   3325.181405411726
0.01834502422397195   3333.010856744627   3332.8472914147196
0.018882816794999403   3337.990933534863   3337.8130352341077
0.019436374995219892   3340.1818855708952   3339.9877337729436
0.02000616100108813   3339.5000363578292   3339.2875651603154
0.020592650537967844   3335.8722332700504   3335.639260506401
0.021196333277324068   3329.2347865218953   3328.9790356577478
0.02181771324555934   3319.532708195734   3319.251825932294
0.022457309244835088   3306.726004480634   3306.4176830502256
0.02311565528622961   3290.7932659679104   3290.455421442708
0.023793301035594242   3271.7237156225715   3271.354514437455
0.024490812272480036   3249.520346463326   3249.1182744031908
0.025208771362518027   3224.2170598295666   3223.781261384224
0.0259477777436476   3195.864827374056   3195.3952153789755
0.02670844842659881   3164.524754200693   3164.021993769934
0.027491418510046592   3130.290631031105   3129.756193221611
0.028297341710866907   3093.2923038125527   3092.7285236936373
0.029126890909937666   3053.6671841756915   3053.0772173182313
0.029980758713939952   3011.5683530110823   3010.9562442079578
0.030859658033628758   2967.198249877657   2966.569399264547
0.031764322679055976   2920.7714878018965   2920.132684696166
0.03269550797224261   2872.5032648883666   2871.862532075744
0.033653991377811755   2822.6603449609634   2822.0261971051095
0.03464057315210884   2771.5527069273626   2770.933487891437
0.03565607701135116   2719.478965001134   2718.882784650688
0.036701350819364466   2666.726341464549   2666.161437294291
0.03777726729548091   2613.5769076394863   2613.0528666112127
0.038884724743189276   2560.297720761184   2559.825586943489
0.04002464780014597   2507.1441350243936   2506.7359277162714
0.041197988210172884   2454.437434317626   2454.1015265326846
0.04240572561788674   2402.535677445514   2402.273766750477
0.04364886838662332   2351.768627450366   2351.5762270771124
0.04492845444033957   2302.4243368005   2302.2919926944332
0.04624555213019635   2254.7324172937747   2254.647817984055
0.04760126112654554   2208.896516535862   2208.845014255862
0.04899671333706607   2165.069255014356   2165.0338312542003
0.05043307385181555   2123.1921415275156   2123.152120007025
0.05191154191598653   2083.135365511255   2083.0661256405283
0.053433351931179485   2044.7578364240726   2044.631238447625
0.05499977448602865   2007.8065435007568   2007.5921095405179
0.05661211741704101   1971.9982636498246   1971.6637332962068
0.05827172690053434   1937.037687347226   1936.550124164497
0.05997998857658587   1902.55280770013   1901.8816534638179
0.06173832870592997   1868.1747436860053   1867.2926873609058
0.0635482153607709   1833.4853813218115   1832.3740278055445
0.06541115965050462   1798.0265522810787   1796.681513336078
0.06732871698337338   1761.3411109667593   1759.7747860221054
0.06930248836510605   1722.9202082464326   1721.1696249504093
0.07133412173562886   1682.2982433936443   1680.4262506920813
0.07342531334496233   1639.08400367674   1637.185910867199
0.07557780916945323   1592.98527718452   1591.1877237835017
0.07779340636952398   1543.9692853316726   1542.4251284852287
0.08007395479015682   1492.182197697398   1491.0633827377758
0.08242135850536496   1438.0911513873382   1437.574888581849
0.08483757740794096   1382.3316692515898   1382.591774593832
0.08732462884580919   1325.762405002469   1326.9630643244911
0.08988458930634863   1269.2941827803188   1271.5782808055071
0.09251959615009227   1213.8828436844915   1217.351204901643
0.09523184939525078   1160.4527665241635   1165.1537650466714
0.09802361355455057   1109.8652874436896   1115.7903590661313
0.10089721952591899   1062.8613289441305   1069.9352253882564
0.10385506653859616   1020.0616602348163   1028.1357914860494
0.10689962415629803   981.782423409448   990.6514908566988
0.11003343433910281   948.0692472383851   957.486333252705
0.11325911356578279   918.4622848196962   928.1667873196656
0.11657935501835284   892.1806037267697   901.9293248925654
0.11999693083066039   868.0426240275416   877.6683591825954
0.12351469440289359   844.747177633456   854.1829812298529
0.12713558278394044   820.9779591376483   830.2775408878603
0.13086261912358757   795.6050015794037   804.9670078045475
0.13469891519660646   767.8335158885802   777.5805010121305
0.13864767400083483   737.3181634953053   747.8563991285055
0.14271219243142114   704.2849410002302   716.0602272133333
0.14689586403346616   669.4918936667867   682.9143820165968
0.1512021818353596   634.0891607399398   649.4450448378848
0.15563474126517718   599.4410964620838   616.8242945216214
0.16019724315257297   566.9401330342481   586.2334139092462
0.1648934968186736   537.7955311574766   558.6561830133289
0.1697274232565544   512.7267591233762   534.6079397427733
0.17470305840495237   491.6790534359271   513.9856807815836
0.17982455651794954   473.7893571607746   496.0043259118867
0.18509619363343993   457.693259083615   479.47768569288644
0.19052237114327647   441.94604699997797   463.2352698373218
0.19610761946807834   425.28242155648246   446.30961501750005
0.20185660183976684   406.82782773196584   428.0945463365971
0.20777411819498756   386.4610267632741   408.53274183443637
0.21386510918267082   365.00578529691904   388.3355663139892
0.22013466028907505   343.84290508460833   368.58562373193337
0.22658800608375756   324.2714948971109   350.22435531894166
0.23323053459001789   307.148860325869   333.854691979569
0.2400677917834628   292.6847600842775   319.5131486328971
0.24710548622244882   280.2923484621041   306.75323401755213
0.25434949381426813   268.8280733205604   294.7276252625732
0.2618058627210567   257.13636827721547   282.65450959325585
0.2694808184095226   244.52019505469977   270.12326413293704
0.27738076884870827   231.090872932143   257.2111607227944
0.2855123098601282   217.68507982198898   244.56647165678464
0.29388223062474755   205.23331015515225   232.721806712696
0.3024975193514008   194.28640736532066   221.98018727224948
0.31136536911138296   184.79301644790024   212.2723497894531
0.3204931838440838   176.0942490603259   203.15231694031726
0.32988858453867975   167.42865420168377   194.2117995877164
0.3395594155970457   158.4590258021674   185.27830747370078
0.34951375138319807   149.4001928605079   176.47658148788844
0.3597599029647371   140.8123211137484   168.1273743051123
0.37030642505191835   133.0829930708373   160.39268671521197
0.3811621231401457   126.1288323073496   153.19338843932783
0.3923360608618501   119.56666946759414   146.3429276805255
0.4038375675538918   113.05809785838652   139.67984214010022
0.41567624604680364   106.60465061082148   133.20910920325932
0.42786198068238046   100.46915714441909   127.05116037660693
0.4404049455663077   94.83494360458032   121.26779680256847
0.4533156130627191   89.62745746787964   115.80470691079128
0.4666047625377753   84.64155162757291   110.57754764709156
0.4802834893595659   79.79053735296114   105.55936711463185
0.49436321416184764   75.15778789162059   100.7706229067867
0.5088556923793517   70.84053913347269   96.24022518383238
0.5237730240626238   66.80140860572034   91.94149732165778
0.5391276639805903   62.94987656761115   87.83962804063782
0.5549324320192869   59.26419784134412   83.92690555213241
0.5712005238854289   55.78697807965553   80.20743621284255
0.5879455221237613   52.525012422521655   76.6763700400421
0.6051814074573895   49.43792205495506   73.31613935958008
0.622922570460556   46.50522800554845   70.11466738804913
0.6411838235736077   43.73731817153966   67.07095535815826
0.6599804134701901   41.13199687695728   64.17818440178883
0.6793280337869897   38.669336294681614   61.426371898556866
0.6992428382266549   36.34354170384409   58.809179081828944
0.7197414540448374   34.14972928038239   56.31987101690154
0.7408409959326054   32.08095847941888   53.95209202002044
0.7625590803058332   30.130585678814846   51.69979941906502
0.7849138400134885   28.2922897179379   49.55724849148005
0.8079239394770964   26.56005810387671   47.51897882059233
0.8316085902740278   24.928181553049892   45.57977392729899
0.8559875671776167   23.39128107786307   43.7345039413525
0.8810812246675007   21.944253142271513   41.9782476975673
0.9069105139239728   20.582235773008197   40.306358149236814
0.9334970003205227   19.30059952923781   38.714446646683626
0.960862881429187   18.094938689616   37.19836792738414
0.9890310055537336   16.96106259691744   35.75420600915492
1.0180248908061487   15.894987061054035   34.37825905898025
1.047868744742366   14.892920084496682   33.06692384499029
1.0785874845736239   13.951252612528368   31.816649699511288
1.1102067579703248   13.066560693349778   30.62409165839199
1.1427529644757777   12.235598091915875   29.486110323778526
1.1762532775476793   11.455288272968339   28.399757997956787
1.210735667245765   10.722716657808677   27.362265830159327
1.246228923584555   10.0351231520542   26.3710318970947
1.2827626805706884   9.389894913375397   25.423584662636006
1.3203674409449337   8.784559279722343   24.517444454266602
1.3590746016495152   8.216777234643752   23.650233312065467
1.3989164800420282   7.684337050305912   22.819731530545603
1.4399263408778291   7.185148102146455   22.023866273170988
1.4821384240834183   6.717234929081129   21.260700959992324
1.525587973344019   6.278731533778536   20.528425508293218
1.5703112655292182   5.867875901417798   19.82534645168899
1.6163456409812174   5.4830040168827345   19.149834387486607
1.6637295346910133   5.122544765115933   18.50030350899594
1.7125025083885144   4.785016347382682   17.875271994643164
1.7627052835733923   4.4690217172106586   17.273359814737002
1.814379775514258   4.173244125904355   16.69328148922308
1.8675691282445197   3.8964428730580507   16.133839434134057
1.922317750584177   3.6374492547756563   15.593917842959039
1.9786713532176083   3.395162506344644   15.072463533562756
2.0366769868582977   3.1685452599288024   14.568416601025277
2.0963830815323896   2.9566210548500798   14.080766720156456
2.1578394870138577   2.758471444477318   13.608580446535257
2.2210975144450407   2.573232762397974   13.15099599982455
2.286209979177315   2.4000930525501873   12.707218413847599
2.3532312448676476   2.23828915689893   12.276515067849125
2.4222172688678643   2.087103977064238   11.858212984083423
2.4932256489445366   1.9458648479691794   11.451757660542064
2.5663156713684585   1.813941097885505   11.056723620643904
2.641548360413907   1.6907401363476988   10.672718702125527
2.7189865293089923   1.5757052105485265   10.299375171115338
2.798694832679631   1.468313390861324   9.936348192002415
2.8807398205309562   1.368073657360287   9.583314378668202
2.9651899938111903   1.2745250832432848   9.23997042117932
3.05211586160442   1.1872342909327878   8.90600859644087
3.1415899999999994   1.105790447899488   8.581012999104463
