0.01   4673.883889228531   4673.705186197601
0.010293154462191829   4734.520084344264   4734.333434315903
0.010594902878253955   4793.76508586105   4793.5699190673395
0.010905497183778876   4851.4808454793065   4851.276806209543
0.011225196699963396   4907.519554567886   4907.3061035174915
0.011554268350120923   4961.729706504315   4961.5060207761335
0.011892986882540897   5013.957869894254   5013.722847755461
0.012241635099881474   5064.04405639496   5063.79652880836
0.012600504095286909   5111.823261000287   5111.562163147252
0.012969893495426888   5157.129976226961   5156.854359909871
0.013350111710660605   5199.795023280727   5199.503927979615
0.013741476192534558   5239.640407565541   5239.332527337087
0.014144313698828986   5276.487903513423   5276.161531071892
0.01455896056637426   5310.160388860545   5309.813433654528
0.014985762991865008   5340.475546675868   5340.105738181029
0.01542507732090645   5367.250281486288   5366.855285489357
0.015877270345534218   5390.305800204219   5389.8832283678585
0.016342719610456153   5409.463392483032   5409.010674716101
0.016821813728271667   5424.54174534757   5424.055906385658
0.017314952703931925   5435.366152074607   5434.843800721757
0.017822548268711737   5441.769376727437   5441.206689589155
0.01834502422397195   5443.586939335076   5442.979490258386
0.018882816794999403   5440.662883201362   5440.005599298866
0.019436374995219892   5432.853647925155   5432.140843727252
0.02000616100108813   5420.02778098389   5419.253222359309
0.020592650537967844   5402.066948339746   5401.223927946579
0.021196333277324068   5378.869050601764   5377.950445293525
0.02181771324555934   5350.351173032972   5349.349544925765
0.022457309244835088   5316.455430796953   5315.363245614602
0.02311565528622961   5277.145064596934   5275.954798223653
0.023793301035594242   5232.4047652660465   5231.109009131713
0.024490812272480036   5182.257502021178   5180.849586658041
0.025208771362518027   5126.761405211153   5125.235902379483
0.0259477777436476   5065.9958249637175   5064.3485844720435
0.02670844842659881   5000.07729503114   4998.305760447613
0.027491418510046592   4929.185147889036   4927.289135177451
0.028297341710866907   4853.5224685512085   4851.504209018192
0.029126890909937666   4773.314118002988   4771.178270849948
0.029980758713939952   4688.862438716333   4686.61722731537
0.030859658033628758   4600.513993971614   4598.171667169438
0.031764322679055976   4508.619515869182   4506.195998525583
0.03269550797224261   4413.584875185126   4411.0995117401535
0.033653991377811755   4315.907087363864   4313.3824504736995
0.03464057315210884   4216.076491909245   4213.537946578284
0.03565607701135116   4114.580192858479   4112.055501386698
0.036701350819364466   4011.989076089065   4009.5083619437873
0.03777726729548091   3908.879663251995   3906.4750923021516
0.038884724743189276   3805.789328626265   3803.4945722591333
0.04002464780014597   3703.3204232229155   3701.167720051759
0.041197988210172884   3602.1549918573064   3600.1719323786665
0.04240572561788674   3502.9148286034406   3501.124492360515
0.04364886838662332   3406.1297740129608   3404.5508935011217
0.04492845444033957   3312.164043989279   3310.810456364216
0.04624555213019635   3221.309044736681   3220.189957820589
0.04760126112654554   3133.8310569971222   3132.950913273056
0.04899671333706607   3050.2109104538467   3049.5574452849974
0.05043307385181555   2971.091141709367   2970.6263019397466
0.05191154191598653   2897.045771153379   2896.708175173986
0.053433351931179485   2828.2362573613236   2827.947916431845
0.05499977448602865   2764.1236845728063   2763.799931869623
0.05661211741704101   2704.135967923178   2703.6867977058364
0.05827172690053434   2647.7390965283075   2647.0698629334015
0.05997998857658587   2594.423091150613   2593.435662118123
0.06173832870592997   2543.7081509294603   2542.30148828774
0.0635482153607709   2494.9799194725024   2493.0570537671956
0.06541115965050462   2447.4832832721336   2444.958712354761
0.06732871698337338   2400.465132973933   2397.2690025293186
0.06930248836510605   2352.99565354101   2349.094681081748
0.07133412173562886   2304.135027331987   2299.539230580952
0.07342531334496233   2252.875860265621   2247.6589889799043
0.07557780916945323   2198.1718563692166   2192.4885746667032
0.07779340636952398   2139.159042517541   2133.24593176353
0.08007395479015682   2075.215583152377   2069.394195705626
0.08242135850536496   2006.0383574961247   2000.7082706189346
0.08483757740794096   1931.828417302736   1927.4643246314104
0.08732462884580919   1853.1594319362341   1850.2769375330818
0.08988458930634863   1771.1387488048185   1770.2449958260254
0.09251959615009227   1687.1040016697475   1688.6651733412682
0.09523184939525078   1602.6132106411662   1607.0247071478623
0.09802361355455057   1519.2848635578614   1526.8379670141746
0.10089721952591899   1438.728872043661   1449.5856786961406
0.10385506653859616   1362.5948889789172   1376.7421939069284
0.10689962415629803   1292.3220312871108   1309.575468919741
0.11003343433910281   1229.1486568973069   1249.1048593786463
0.11325911356578279   1173.9490893966174   1196.0143390147286
0.11657935501835284   1126.883728636308   1150.3354640128614
0.11999693083066039   1087.54940606545   1111.5902275093167
0.12351469440289359   1054.7016472248824   1078.5323249926473
0.12713558278394044   1026.6090535353196   1049.5637177625613
0.13086261912358757   1001.1387574284037   1022.8103078845804
0.13469891519660646   976.0189277956582   996.2837509240242
0.13864767400083483   949.103288537034   968.1852546166095
0.14271219243142114   918.5901397265369   937.1284668222751
0.14689586403346616   883.3835303810703   902.3347692305653
0.1512021818353596   843.2671411439347   863.7464832642225
0.15563474126517718   798.9675334314242   822.0692073872905
0.16019724315257297   752.0449825855009   778.6811958926606
0.1648934968186736   704.6582834988483   735.3910197056427
0.1697274232565544   659.3096411343467   694.1745444427139
0.17470305840495237   618.4336369116616   656.8195667861194
0.17982455651794954   583.7911506187559   624.5239657164827
0.18509619363343993   555.8688172932781   597.5600749096499
0.19052237114327647   533.8103319051618   575.0114437315981
0.19610761946807834   515.8808190516868   555.5142760970954
0.20185660183976684   499.9091733593499   537.4370264073265
0.20777411819498756   483.5056588046834   519.0696220839848
0.21386510918267082   464.51733224983036   499.09760751310176
0.22013466028907505   441.92839415906093   476.9290738681129
0.22658800608375756   416.3775207801171   453.16354277936074
0.23323053459001789   389.6694073257706   429.07327022138304
0.2400677917834628   363.9626698118044   406.12098154613085
0.24710548622244882   341.2151169979093   385.3686718298754
0.25434949381426813   322.5692380224342   367.50833775266346
0.2618058627210567   307.7849789783504   352.063372744675
0.2694808184095226   295.4911103838156   338.2425282155564
0.27738076884870827   283.7547210119594   324.8904611789818
0.2855123098601282   270.8281248183824   311.1036540856686
0.29388223062474755   256.09721669743993   296.7012440945537
0.3024975193514008   240.31665842229654   282.13080339342736
0.31136536911138296   224.89060117164507   268.104763318976
0.3204931838440838   211.18924215450647   255.25628761762664
0.32988858453867975   199.82742256468333   243.76373832638336
0.3395594155970457   190.24568812541239   233.29948739948733
0.34951375138319807   181.26796399544557   223.28763433971835
0.3597599029647371   171.88086916336312   213.39947619521794
0.37030642505191835   161.8443849730257   203.53329520405532
0.3811621231401457   151.81648065059326   193.99131672532906
0.3923360608618501   142.64495163826652   185.04524436254613
0.4038375675538918   134.67667750388634   176.78359956877588
0.41567624604680364   127.59575107264604   169.0488576976488
0.42786198068238046   120.74434548499899   161.61758600300593
0.4404049455663077   113.76701196679826   154.3844202164121
0.4533156130627191   106.86962166533088   147.44905651656708
0.4666047625377753   100.46526597087416   140.88794668953
0.4802834893595659   94.7127265434039   134.7185590761411
0.49436321416184764   89.38565509026111   128.8786506008389
0.5088556923793517   84.20593306464484   123.27396435049315
0.5237730240626238   79.14238659160299   117.90375763920855
0.5391276639805903   74.37757673248444   112.81026058933821
0.5549324320192869   69.99260021510152   107.98506310529443
0.5712005238854289   65.8860265997873   103.40115246429379
0.5879455221237613   61.942640007949954   99.02629175360873
0.6051814074573895   58.18270186515978   94.85588856005371
0.622922570460556   54.668831859097956   90.89880871502447
0.6411838235736077   51.38182446048323   87.1380928995183
0.6599804134701901   48.264445601950136   83.55413548398771
0.6793280337869897   45.30967396831285   80.14220612554602
0.6992428382266549   42.536847887766946   76.89835573990945
0.7197414540448374   39.929640343975684   73.8114043812497
0.7408409959326054   37.473303486057304   70.87140398482096
0.7625590803058332   35.158910493105566   68.07230269784274
0.7849138400134885   32.97916981001329   65.40670483376572
0.8079239394770964   30.927130458420834   62.86755551439896
0.8316085902740278   28.99611718755554   60.44820461680799
0.8559875671776167   27.179727241716513   58.14238198615412
0.8810812246675007   25.471826339064066   55.94417425349743
0.9069105139239728   23.86654395880691   53.84800314952828
0.9334970003205227   22.358242104112556   51.84855466832074
0.960862881429187   20.94139655919297   49.94052650882595
0.9890310055537336   19.61072151774625   48.11883942003107
1.0180248908061487   18.361219658188134   46.3787339962339
1.047868744742366   17.18816755770107   44.71574862419836
1.0785874845736239   16.087101688005678   43.125698926573534
1.1102067579703248   15.053805065361464   41.6046587542957
1.1427529644757777   14.084294654340573   40.14894133415745
1.1762532775476793   13.174820977133527   38.75496137300361
1.210735667245765   12.321862079214645   37.419141211862296
1.246228923584555   11.522089289617892   36.13812108585057
1.2827626805706884   10.772355417488301   34.90876737959235
1.3203674409449337   10.069685983970764   33.72815618632418
1.3590746016495152   9.411270792086823   32.5935582114094
1.3989164800420282   8.794455828192962   31.50242490007801
1.4399263408778291   8.216735071439683   30.452364558086014
1.4821384240834183   7.675739127380005   29.44102066187213
1.525587973344019   7.169231037000464   28.466124355359693
1.5703112655292182   6.695102521649806   27.5255670437282
1.6163456409812174   6.251367192916198   26.61739026591879
1.6637295346910133   5.83615403272474   25.739775181935805
1.7125025083885144   5.447701183294065   24.891032919804474
1.7627052835733923   5.084350035026249   24.069595699163575
1.814379775514258   4.744539502261916   23.27400487963064
1.8675691282445197   4.426800503204294   22.502896008861143
1.922317750584177   4.129751187021108   21.755002825783084
1.9786713532176083   3.852092152708873   21.029153234677263
2.0366769868582977   3.5926018405635634   20.324263184026734
2.0963830815323896   3.350132157999694   19.639330985986547
2.1578394870138577   3.12360432951154   18.97343203332038
2.2210975144450407   2.912004934706406   18.325714632984297
2.286209979177315   2.7143815849833697   17.695413309488572
2.3532312448676476   2.5298395640008438   17.081842344093126
2.4222172688678643   2.357539208215941   16.48437089270718
2.4932256489445366   2.1966927174742903   15.902418488610804
2.5663156713684585   2.0465611054891455   15.335451761972113
2.641548360413907   1.9064513182322   14.782981329263396
2.7189865293089923   1.7757135118177267   14.244558836714637
2.798694832679631   1.653738699543179   13.719803355228423
2.8807398205309562   1.5399572127443717   13.208526786719899
2.9651899938111903   1.433835320597995   12.710600993082759
3.05211586160442   1.3348726384274279   12.225893293088568
3.1415899999999994   1.2426001612196536   11.754266363007757
