0.01   105.18775840967822   105.18776138845718
0.010293154462191829   105.98177503364467   105.9817753576332
0.010594902878253955   106.7169844886558   106.71698222761096
0.010905497183778876   107.38989605872816   107.38989266866079
0.011225196699963396   107.9970193430806   107.99701726715465
0.011554268350120923   108.5347105770948   108.53471140075756
0.011892986882540897   108.99934790319182   108.99935182764659
0.012241635099881474   109.38740581175831   109.38741167600193
0.012600504095286909   109.6953956840637   109.69540193292326
0.012969893495426888   109.91989260248812   109.91989820203474
0.013350111710660605   110.0576327442719   110.05763722613864
0.013741476192534558   110.10538046781085   110.1053838485308
0.014144313698828986   110.0596139633739   110.05961647531086
0.01455896056637426   109.91695290511385   109.9169549427332
0.014985762991865008   109.67427341734589   109.67427550747297
0.01542507732090645   109.32860053338769   109.32860297906802
0.015877270345534218   108.87718498587992   108.87718762161201
0.016342719610456153   108.31763609822914   108.31763829350257
0.016821813728271667   107.6478108108155   107.64781167779209
0.017314952703931925   106.86566259775717   106.86566144791405
0.017822548268711737   105.96956279812179   105.96955920364152
0.01834502422397195   104.95837588085409   104.95836961422663
0.018882816794999403   103.83147494691393   103.8314654837906
0.019436374995219892   102.58877385349273   102.58876013428004
0.02000616100108813   101.23075660759297   101.23073707189354
0.020592650537967844   99.7585227483496   99.75849560199697
0.021196333277324068   98.17381814610846   98.17378177490762
0.02181771324555934   96.47899778311897   96.47895079764825
0.022457309244835088   94.67713056195949   94.67707182727568
0.02311565528622961   92.77254126669231   92.77247006239429
0.023793301035594242   90.77033602840258   90.77025209258021
0.024490812272480036   88.67612857705168   88.67603208234446
0.025208771362518027   86.49677063788438   86.49666226514418
0.0259477777436476   84.24043568153238   84.24031670459108
0.02670844842659881   81.91554875882677   81.91542098664011
0.027491418510046592   79.53113567079752   79.53100149179117
0.028297341710866907   77.09832458224386   77.09818738631343
0.029126890909937666   74.62851084354494   74.62837500571497
0.029980758713939952   72.13275007981171   72.13262078313697
0.030859658033628758   69.62382766529045   69.6237107286078
0.031764322679055976   67.11574917769975   67.11565088954764
0.03269550797224261   64.62136793742933   64.62129489792481
0.033653991377811755   62.15337291725386   62.15333194939181
0.03464057315210884   59.72651493258538   59.726513126506795
0.03565607701135116   57.35428496510431   57.35432958059604
0.036701350819364466   55.04842305540793   55.04852129551013
0.03777726729548091   52.82181629472788   52.821973700496365
0.038884724743189276   50.687251523726346   50.68747111638468
0.04002464780014597   48.65517948052688   48.65546215187697
0.041197988210172884   46.7340860693982   46.73443156241162
0.04240572561788674   44.93096103536944   44.9313695871432
0.04364886838662332   43.25122416645001   43.25169673259765
0.04492845444033957   41.69903940624097   41.69957639346125
0.04624555213019635   40.278188072644774   40.2787778317615
0.04760126112654554   38.99197336162583   38.992587604962274
0.04899671333706607   37.842858695801795   37.843455459321376
0.05043307385181555   36.823932555026495   36.824490893743445
0.05191154191598653   35.91838699487364   35.91894411139002
0.053433351931179485   35.110658511553495   35.111304126688935
0.05499977448602865   34.386944754077305   34.387728396395104
0.05661211741704101   33.734948031905176   33.73577380667426
0.05827172690053434   33.14288247610599   33.14352406868892
0.05997998857658587   32.5926975080806   32.59294681960711
0.06173832870592997   32.06272087070131   32.06248141978823
0.0635482153607709   31.530275974198688   31.529554579984715
0.06541115965050462   30.967040500645517   30.96593000176123
0.06732871698337338   30.345382549285176   30.344048121268887
0.06930248836510605   29.6395815349982   29.638188137020038
0.07133412173562886   28.827013817359827   28.825683661849887
0.07342531334496233   27.89404705360877   27.892831219030217
0.07557780916945323   26.836708101140378   26.83556270435639
0.07779340636952398   25.66139811046352   25.660240798783292
0.08007395479015682   24.38599369648223   24.38477490381762
0.08242135850536496   23.033160707547214   23.03192810512677
0.08483757740794096   21.629593863720995   21.62854885650029
0.08732462884580919   20.20810457061618   20.207492009183998
0.08988458930634863   18.80500052078161   18.805009559107745
0.09251959615009227   17.45903649768795   17.459711911646174
0.09523184939525078   16.2070065483448   16.20824140709469
0.09802361355455057   15.08501111033099   15.086597115259686
0.10089721952591899   14.118702181033774   14.120398909881919
0.10385506653859616   13.321471232423498   13.323130384801694
0.10689962415629803   12.695303075500746   12.696856447226848
0.11003343433910281   12.22537058106768   12.226777776085978
0.11325911356578279   11.888169022918463   11.889367895756038
0.11657935501835284   11.649618253362405   11.650477332449283
0.11999693083066039   11.468754169559887   11.469135848237624
0.12351469440289359   11.300122575313413   11.299928852245293
0.12713558278394044   11.097153840673935   11.09633906382583
0.13086261912358757   10.819997329806519   10.818583299443544
0.13469891519660646   10.440639624464858   10.438750629154407
0.13864767400083483   9.948382759815928   9.946332121168037
0.14271219243142114   9.351142605370391   9.349390183847666
0.14689586403346616   8.677064643247746   8.67601561700396
0.1512021818353596   7.97411899789649   7.9738553371343945
0.15563474126517718   7.301691314133145   7.3020383193570115
0.16019724315257297   6.711451716271631   6.712248173234602
0.1648934968186736   6.234058606951842   6.235261643094306
0.1697274232565544   5.877429007085097   5.878906653949221
0.17470305840495237   5.633015968725011   5.634322380334165
0.17982455651794954   5.476981606326251   5.477664208955389
0.18509619363343993   5.367792833344085   5.367758695955197
0.19052237114327647   5.252222208539931   5.2516283614356905
0.19610761946807834   5.085886049758729   5.0848344104643965
0.20185660183976684   4.84824545693088   4.8469233147530675
0.20777411819498756   4.543122011353057   4.541967782551592
0.21386510918267082   4.196563153130246   4.195973246964698
0.22013466028907505   3.8515688101682226   3.851599498332334
0.22658800608375756   3.550254230522065   3.5508037916495927
0.23323053459001789   3.3172094666965815   3.317983228159663
0.2400677917834628   3.1551174286093278   3.155707321061544
0.24710548622244882   3.04350958854925   3.04367145367962
0.25434949381426813   2.9457036913888794   2.945410519158875
0.2618058627210567   2.829053628667631   2.82835292495195
0.2694808184095226   2.6777115065545156   2.6769170738893773
0.27738076884870827   2.4959232590829368   2.4954118527875364
0.2855123098601282   2.3080552329760655   2.3079365378174024
0.29388223062474755   2.1423359080399043   2.1425214896757074
0.3024975193514008   2.0127354602904037   2.01299722092508
0.31136536911138296   1.9155257310577138   1.9155684015103172
0.3204931838440838   1.8322320141649338   1.8319695317401175
0.32988858453867975   1.7421784413430774   1.7417287019454883
0.3395594155970457   1.6378736804391907   1.6374345666467494
0.34951375138319807   1.52660291819114   1.526361208687712
0.3597599029647371   1.422835175941051   1.422784227800495
0.37030642505191835   1.3364874767108534   1.3364614907066439
0.3811621231401457   1.2651648514773879   1.2650120295276053
0.3923360608618501   1.198442744155162   1.198147402358578
0.4038375675538918   1.1285392155390155   1.1282057008449597
0.41567624604680364   1.0560283872275786   1.0557751415122207
0.42786198068238046   0.9876798082713676   0.9875173930802624
0.4404049455663077   0.9278226764530618   0.9276588161876095
0.4533156130627191   0.8747038473647636   0.874468307473273
0.4666047625377753   0.8233416218746301   0.8230557224850067
0.4802834893595659   0.772047502253841   0.7717828465769581
0.49436321416184764   0.7230074245638313   0.7227813304950064
0.5088556923793517   0.6784758706926239   0.6782489295735271
0.5237730240626238   0.637655306197701   0.6373962502049546
0.5391276639805903   0.5985588945733533   0.5982842946176748
0.5549324320192869   0.5608976680413481   0.5606362783306047
0.5712005238854289   0.5256715358641927   0.5254166875942364
0.5879455221237613   0.4931132171264525   0.49284684778495463
0.6051814074573895   0.46241943391411194   0.4621426909580467
0.622922570460556   0.4332427461115869   0.4329665262059954
0.6411838235736077   0.4058537919951766   0.40557954092711934
0.6599804134701901   0.3803064556981354   0.3800254614784956
0.6793280337869897   0.3563117496750162   0.3560238623844229
0.6992428382266549   0.3337256598883223   0.3334334370185386
0.7197414540448374   0.31248185180085297   0.3121870807385547
0.7408409959326054   0.29251535122811295   0.29221918626131815
0.7625590803058332   0.27376259673128683   0.2734656846246589
0.7849138400134885   0.25616162386517527   0.25586421191491626
0.8079239394770964   0.2396522178346183   0.23935424613247164
0.8316085902740278   0.22417577408324452   0.22387696538155102
0.8559875671776167   0.20967181472585456   0.20937191209867217
0.8810812246675007   0.19608004558287667   0.19577895191427222
0.9069105139239728   0.18334385132422415   0.18304160552284449
0.9334970003205227   0.1714101530095427   0.171106905172641
0.960862881429187   0.16022918131030084   0.1599251709670452
0.9890310055537336   0.1497542648719538   0.14944980198498015
1.0180248908061487   0.13994164005710064   0.13963708833422242
1.047868744742366   0.1307507037673582   0.13044645665059365
1.0785874845736239   0.12214394481674065   0.12184040082217167
1.1102067579703248   0.11408601440235334   0.11378357072005096
1.1427529644757777   0.10654354971291011   0.10624259806219352
1.1762532775476793   0.09948507497752514   0.09918599807791241
1.210735667245765   0.09288090642207311   0.09258407502293373
1.246228923584555   0.08670306105484525   0.0864088314721338
1.2827626805706884   0.08092512202308831   0.08063384388536324
1.3203674409449337   0.0755220665149017   0.07523410922779443
1.3590746016495152   0.07047034229217607   0.07018608955293885
1.3989164800420282   0.06574781956427472   0.0654676582793142
1.4399263408778291   0.06133370923545765   0.06105802044841621
1.4821384240834183   0.05720848555553149   0.056937637129520755
1.525587973344019   0.05335381295712498   0.05308815378152534
1.5703112655292182   0.04975247930610111   0.049492337346550924
1.6163456409812174   0.04638834446795695   0.04613404042440216
1.6637295346910133   0.04324626415724354   0.04299811119798185
1.7125025083885144   0.04031202322902372   0.04007031894635639
1.7627052835733923   0.0375722815440698   0.03733730169330517
1.814379775514258   0.035014522809242825   0.0347865166163761
1.8675691282445197   0.03262700620544278   0.03240619301172196
1.922317750584177   0.030398720527368795   0.03018528703901746
1.9786713532176083   0.02831933857759003   0.02811342795566687
2.0366769868582977   0.02637917742481275   0.026180883222012973
2.0963830815323896   0.024569162491793823   0.024378533183156866
2.1578394870138577   0.022880791066884103   0.02269783467992517
2.2210975144450407   0.021306097789323655   0.0211307862482326
2.286209979177315   0.01983762210209066   0.019669895290851322
2.3532312448676476   0.018468377539283213   0.018308147109404396
2.4222172688678643   0.01719182004977049   0.017038974762366058
2.4932256489445366   0.01600181950654091   0.015856231129700443
2.5663156713684585   0.014892639571119725   0.01475416491867852
2.641548360413907   0.013858913801458789   0.013727396352003993
2.7189865293089923   0.012895622578592579   0.012770894074806124
2.798694832679631   0.01199807141464546   0.011879953425648458
2.8807398205309562   0.011161870563715365   0.01105017599649712
2.9651899938111903   0.010382917807950993   0.010277450468371203
3.05211586160442   0.00965738510929779   0.009557934677526322
3.1415899999999994   0.00898169428651462   0.008888038407152918
