0.01   18250.83910273122   18248.81764517483
0.010293154462191829   18367.614151810198   18365.472684735163
0.010594902878253955   18473.618328683253   18471.34709851736
0.010905497183778876   18568.294582134673   18565.88377614091
0.011225196699963396   18651.059770530246   18648.499172656117
0.011554268350120923   18721.322981652884   18718.60178731087
0.011892986882540897   18778.510958098042   18775.61781533732
0.012241635099881474   18822.052466288416   18818.975139479175
0.012600504095286909   18851.365603726394   18848.09032161075
0.012969893495426888   18865.893208242982   18862.404660978606
0.013350111710660605   18865.101970243228   18861.383333599842
0.013741476192534558   18848.439858646118   18844.47248197918
0.014144313698828986   18815.37419912848   18811.137575201505
0.01455896056637426   18765.41729787207   18760.88919658717
0.014985762991865008   18698.10291352543   18693.258592320202
0.01542507732090645   18612.984586713355   18607.795819283296
0.015877270345534218   18509.674864291675   18504.110165675316
0.016342719610456153   18387.843082350846   18381.867907956796
0.016821813728271667   18247.191294147662   18240.767828925465
0.017314952703931925   18087.48872772174   18080.57620541541
0.017822548268711737   17908.585986505263   17901.141191510367
0.01834502422397195   17710.410552148816   17702.387828341998
0.018882816794999403   17492.97244619982   17484.323875957838
0.019436374995219892   17256.375480698258   17247.05161307776
0.02000616100108813   17000.833879533584   16990.78562417849
0.020592650537967844   16726.6959576065   16715.87826219461
0.021196333277324068   16434.412410762478   16422.78529788426
0.02181771324555934   16124.54001260456   16112.069609378277
0.022457309244835088   15797.83026952154   15784.494488181077
0.02311565528622961   15455.175306383104   15440.966706539679
0.023793301035594242   15097.54363210077   15082.468976974456
0.024490812272480036   14726.087400064114   14710.171420028944
0.025208771362518027   14342.210916057471   14325.502763830445
0.0259477777436476   13947.36127081149   13929.932935369
0.02670844842659881   13543.05417019354   13524.999202256611
0.027491418510046592   13131.152211880104   13112.591099956073
0.028297341710866907   12713.592001500367   12694.67109110226
0.029126890909937666   12292.23473867322   12273.121633660065
0.029980758713939952   11869.179118310805   11850.06071020081
0.030859658033628758   11446.767693904596   11427.848365212147
0.031764322679055976   11027.152975924235   11008.649615275574
0.03269550797224261   10612.415844408968   10594.551755586624
0.033653991377811755   10204.972114609312   10187.967792829228
0.03464057315210884   9807.056383217143   9791.125657382661
0.03565607701135116   9420.601678716628   9405.948605628912
0.036701350819364466   9047.675734645822   9034.470758602756
0.03777726729548091   8690.348629912756   8678.713636443747
0.038884724743189276   8350.319463266236   8340.33414381066
0.04002464780014597   8028.9450419899995   8020.639842271801
0.041197988210172884   7727.282092580612   7720.6111868780745
0.04240572561788674   7446.140987704803   7440.989371504081
0.04364886838662332   7186.140225028149   7182.327514320302
0.04492845444033957   6947.810762784882   6945.026529053339
0.04624555213019635   6731.602352219058   6729.381706044264
0.04760126112654554   6537.843416104179   6535.585431253108
0.04899671333706607   6365.267423152402   6362.300692848287
0.05043307385181555   6210.8423541725415   6206.493593374665
0.05191154191598653   6071.742434442805   6065.33527307051
0.053433351931179485   5945.553850569698   5936.382517615407
0.05499977448602865   5830.253623977665   5817.55350874545
0.05661211741704101   5723.904080812747   5706.862324336145
0.05827172690053434   5623.462952609337   5601.350213280228
0.05997998857658587   5525.223144801043   5497.485478160021
0.06173832870592997   5425.367375823803   5391.685181415919
0.0635482153607709   5319.242513969901   5279.710821237394
0.06541115965050462   5202.368669787115   5157.534602589499
0.06732871698337338   5070.769601568786   5021.719970706166
0.06930248836510605   4921.100642974941   4869.479806450752
0.07133412173562886   4751.610445816737   4699.575224672386
0.07342531334496233   4562.2512381590095   4512.390977047689
0.07557780916945323   4354.619946837831   4309.745973591255
0.07779340636952398   4132.143582200021   4095.0521616758583
0.08007395479015682   3898.9067149585476   3872.3270703343533
0.08242135850536496   3659.528667531668   3646.0955281984884
0.08483757740794096   3419.495463469417   3421.3188898412595
0.08732462884580919   3184.781132770449   3203.138397088164
0.08988458930634863   2961.6645028500184   2996.8924063758036
0.09251959615009227   2755.987459019966   2807.416814169477
0.09523184939525078   2573.24082632205   2638.829352660779
0.09802361355455057   2417.18817448348   2493.8539662703793
0.10089721952591899   2289.2763001558887   2373.2073149238727
0.10385506653859616   2189.1790172931615   2276.061219576801
0.10689962415629803   2113.7259073265595   2198.923437433601
0.11003343433910281   2058.4614164062036   2137.577870828415
0.11325911356578279   2017.2686317944795   2086.9814780785164
0.11657935501835284   1983.1091884748985   2041.3757960804453
0.11999693083066039   1948.4197731987924   1994.7892735630107
0.12351469440289359   1905.8903444253078   1942.0893123915655
0.12713558278394044   1849.6888213240425   1879.4676385668797
0.13086261912358757   1776.262444513074   1804.8879349557344
0.13469891519660646   1685.0059900751003   1718.6901429763086
0.13864767400083483   1578.3332260454329   1623.3210150965838
0.14271219243142114   1461.7735620648634   1523.1608376450586
0.14689586403346616   1343.7568558483047   1424.165967137661
0.1512021818353596   1233.8342778051342   1332.3692503381533
0.15563474126517718   1139.5436021419519   1252.6026220550887
0.16019724315257297   1064.6497179793196   1186.4079789229565
0.1648934968186736   1009.2783629976141   1132.6144743930363
0.1697274232565544   971.1192616513274   1090.0126777021965
0.17470305840495237   945.4042082091562   1054.2454004245474
0.17982455651794954   924.6776859308794   1021.3591700952982
0.18509619363343993   900.398893654151   986.6549125402936
0.19052237114327647   866.4658815751209   947.3514685534376
0.19610761946807834   821.0593917995823   902.9603600454103
0.20185660183976684   766.1405607022052   855.2574120202304
0.20777411819498756   706.8801138232344   807.1174817791973
0.21386510918267082   650.4023591030959   761.8573821873559
0.22013466028907505   602.7232689175042   722.037016372022
0.22658800608375756   566.5866414720786   687.975914694218
0.23323053459001789   541.1862782061187   658.8595074886189
0.2400677917834628   522.2135993548678   632.933452232485
0.24710548622244882   503.6032067989094   607.5231612370839
0.25434949381426813   480.93576308321906   581.0316625649338
0.2618058627210567   452.83569001513547   554.1372145305536
0.2694808184095226   421.0782742202931   526.927920848931
0.27738076884870827   390.03456242675946   500.9614648063394
0.2855123098601282   363.64361969210404   477.2922836078878
0.29388223062474755   343.1152177653834   456.2556184261207
0.3024975193514008   326.9940277355659   436.57755280356287
0.31136536911138296   312.00417807347304   418.01544975117054
0.3204931838440838   295.3867131686168   399.6342209282921
0.32988858453867975   276.83929238231275   381.6954054043602
0.3395594155970457   258.0305932291815   364.3674555635353
0.34951375138319807   241.14024507237252   348.1334570713214
0.3597599029647371   227.10967417109183   333.15349367564085
0.37030642505191835   215.01128396281203   318.98241695424593
0.3811621231401457   203.19505417473778   305.4187333758071
0.3923360608618501   190.87335800374848   292.37933414209164
0.4038375675538918   178.53811653316748   279.8332028692645
0.41567624604680364   167.2233701447599   268.00527224516264
0.42786198068238046   157.27895928381   256.887408950983
0.4404049455663077   148.17651182882932   246.33205729433155
0.4533156130627191   139.25460224986085   236.2417723824334
0.4666047625377753   130.48340521562372   226.586805792884
0.4802834893595659   122.2619645664703   217.41647284326854
0.49436321416184764   114.78537189508529   208.74358411308185
0.5088556923793517   107.81875211135186   200.50009036630428
0.5237730240626238   101.12067697100076   192.62013224172995
0.5391276639805903   94.74026294081295   185.1157431898211
0.5549324320192869   88.80738637020985   177.98745457467828
0.5712005238854289   83.28481957505937   171.21795361943558
0.5879455221237613   78.05899495582686   164.7490202347994
0.6051814074573895   73.11508612301246   158.5856747710636
0.622922570460556   68.48842713915322   152.71823117050363
0.6411838235736077   64.15849048762813   147.12583551189803
0.6599804134701901   60.08916421071968   141.79252460878797
0.6793280337869897   56.26254637887104   136.70379941590676
0.6992428382266549   52.666330680054045   131.84610428248482
0.7197414540448374   49.28859800844404   127.206732131513
0.7408409959326054   46.117829844504065   122.77376581167356
0.7625590803058332   43.14291873522511   118.53602386839466
0.7849138400134885   40.353175350261516   114.48301037175236
0.8079239394770964   37.73828461538102   110.60480959388225
0.8316085902740278   35.28786594327868   106.89147215688637
0.8559875671776167   32.991807457978474   103.33330986460433
0.8810812246675007   30.840606796565993   99.92128150512417
0.9069105139239728   28.825339239117206   96.64695143089676
0.9334970003205227   26.93762258379437   93.50244548380422
0.960862881429187   25.169584186939428   90.48041053962343
0.9890310055537336   23.513831842328326   87.57397014929983
1.0180248908061487   21.96348327081462   84.77644794863785
1.047868744742366   20.512133268549448   82.08131439779201
1.0785874845736239   19.15374490116184   79.48247894353915
1.1102067579703248   17.882625494080504   76.97427838620605
1.1427529644757777   16.6934089324206   74.55144679043602
1.1762532775476793   15.5810387179008   72.20908790974427
1.210735667245765   14.540751745075545   69.94264975280792
1.246228923584555   13.568055537889675   67.74784323425355
1.2827626805706884   12.658705211458706   65.62054134197203
1.3203674409449337   11.808708637453078   63.55689993690663
1.3590746016495152   11.014315207607673   61.55336284294748
1.3989164800420282   10.272001965786798   59.60664325361127
1.4399263408778291   9.578460482593579   57.713706581762395
1.4821384240834183   8.930584436571825   55.871754606349526
1.525587973344019   8.32545822941487   54.07822680979999
1.5703112655292182   7.760347318466474   52.330855998542376
1.6163456409812174   7.232685935330511   50.62758655450697
1.6637295346910133   6.740066474945344   48.966529959078365
1.7125025083885144   6.2802302349701975   47.345954615054396
1.7627052835733923   5.851058661205555   45.764276288699115
1.814379775514258   5.450565073397049   44.22004907582446
1.8675691282445197   5.07688681986976   42.71197162163538
1.922317750584177   4.728277576027476   41.23905720237443
1.9786713532176083   4.403100583208526   39.800540064112845
2.0366769868582977   4.0998223487562875   38.395717080858844
2.0963830815323896   3.817006416043785   37.023939983270196
2.1578394870138577   3.553307483294489   35.68461111955332
2.2210975144450407   3.3074658591049473   34.37717936233782
2.286209979177315   3.078302224310396   33.10113863228022
2.3532312448676476   2.8647121408173057   31.85614028917358
2.4222172688678643   2.6656613747394764   30.642017625046066
2.4932256489445366   2.4801824462099646   29.458604919992688
2.5663156713684585   2.307370528656056   28.305722424260807
2.641548360413907   2.146379522686774   27.183175879691134
2.7189865293089923   1.9964183662126145   26.090756112075663
2.798694832679631   1.8567475676140732   25.02823875465855
2.8807398205309562   1.7266763745965967   23.99546800196232
2.9651899938111903   1.6055603589884087   22.992500108181233
3.05211586160442   1.492797246660818   22.019364756795238
3.1415899999999994   1.3878240308970733   21.076018415684576
