0.01   5530.954146602441   5530.687834144291
0.010293154462191829   5601.20793295131   5600.925898383408
0.010594902878253955   5669.778243210382   5669.480332037083
0.010905497183778876   5736.4999826667   5736.186016804132
0.011225196699963396   5801.199441735336   5800.868243010342
0.011554268350120923   5863.700543802583   5863.349849297413
0.011892986882540897   5923.823319188773   5923.450074578878
0.012241635099881474   5981.379287577548   5980.980692429264
0.012600504095286909   6036.1777103398645   6035.751452408881
0.012969893495426888   6088.02691336048   6087.571142909188
0.013350111710660605   6136.726166818325   6136.238859355018
0.013741476192534558   6182.0692932469965   6181.5478064644185
0.014144313698828986   6223.8516724682595   6223.2927312281445
0.01455896056637426   6261.867070486374   6261.266860734265
0.014985762991865008   6295.903951606087   6295.258325813923
0.01542507732090645   6325.75407211721   6325.058586665144
0.015877270345534218   6351.213255136394   6350.463152421022
0.016342719610456153   6372.0734447139885   6371.263422006401
0.016821813728271667   6388.129644483339   6387.253763223555
0.017314952703931925   6399.185762030489   6398.237472206235
0.017822548268711737   6405.0514736363675   6404.023592614628
0.01834502422397195   6405.541853262473   6404.4265316736155
0.018882816794999403   6400.484707543932   6399.27347282664
0.019436374995219892   6389.722187202927   6388.405955382302
0.02000616100108813   6373.111106052312   6371.680037701008
0.020592650537967844   6350.525399471066   6348.968918247126
0.021196333277324068   6321.85824060172   6320.165134657881
0.02181771324555934   6287.029451793134   6285.1881852549095
0.022457309244835088   6245.986084859855   6243.9850975088675
0.02311565528622961   6198.697624815605   6196.525447008987
0.023793301035594242   6145.165548887076   6142.811233460578
0.024490812272480036   6085.440804251429   6082.894961074665
0.025208771362518027   6019.60202695197   6016.857048627151
0.0259477777436476   5947.75490977348   5944.805100115819
0.02670844842659881   5870.073325334916   5866.915927531431
0.027491418510046592   5786.779097585042   5783.4148533230145
0.028297341710866907   5698.112169689191   5694.545202512753
0.029126890909937666   5604.368088079555   5600.606397834765
0.029980758713939952   5505.929195209489   5501.985654591076
0.030859658033628758   5403.191039123602   5399.083153904148
0.031764322679055976   5296.568830156446   5292.318439771668
0.03269550797224261   5186.59315666462   5182.2267808582965
0.033653991377811755   5073.827972981022   5069.376570598301
0.03464057315210884   4958.818496055424   4954.316852381397
0.03565607701135116   4842.164294562469   4837.650299414876
0.036701350819364466   4724.5297996672325   4720.0437133236865
0.03777726729548091   4606.541109027449   4602.125003918804
0.038884724743189276   4488.822285180864   4484.518376900824
0.04002464780014597   4372.1306186420925   4367.976085785751
0.041197988210172884   4257.200961819358   4253.226940279331
0.04240572561788674   4144.688806148427   4140.920786795019
0.04364886838662332   4035.077824129323   4031.535310614173
0.04492845444033957   3928.710263386293   3925.4066389989302
0.04624555213019635   3825.883819282006   3822.82692960104
0.04760126112654554   3726.9909056132965   3724.1757577891067
0.04899671333706607   3632.7307057503385   3630.1197906132993
0.05043307385181555   3543.7831013911227   3541.3062667055665
0.05191154191598653   3460.628839469339   3458.188661063838
0.053433351931179485   3382.869067380498   3380.357711987892
0.05499977448602865   3309.8016620595836   3307.10743209515
0.05661211741704101   3240.7784886840413   3237.786121535339
0.05827172690053434   3175.1904818626635   3171.7822035935487
0.05997998857658587   3112.4694134350007   3108.5255466030476
0.06173832870592997   3052.0090627881254   3047.4128430495666
0.0635482153607709   2992.9775119757933   2987.6305556384923
0.06541115965050462   2934.539200012328   2928.3650881900585
0.06732871698337338   2875.738438127336   2868.7013553946204
0.06930248836510605   2815.509665392453   2807.6323858232035
0.07133412173562886   2752.806331616533   2744.1816535025155
0.07342531334496233   2686.488692646602   2677.314730866272
0.07557780916945323   2615.542778456788   2606.124489066258
0.07779340636952398   2539.2320206193726   2529.993100623667
0.08007395479015682   2457.086614092908   2448.5587813956818
0.08242135850536496   2369.2673865610755   2362.0677989486826
0.08483757740794096   2276.3386092755813   2271.1389872629506
0.08732462884580919   2179.4657661283613   2176.934194970071
0.08988458930634863   2080.0985014805124   2080.859170510352
0.09251959615009227   1980.0087241225456   1984.5960629245747
0.09523184939525078   1881.0012331053795   1889.82613006719
0.09802361355455057   1784.9190436709393   1798.2171319514832
0.10089721952591899   1693.5572215396578   1711.344028516522
0.10385506653859616   1608.6068627388124   1630.6543927717019
0.10689962415629803   1531.450452444198   1557.2866537420487
0.11003343433910281   1463.1855270657652   1492.0905034552968
0.11325911356578279   1404.1500086503675   1435.1978881586883
0.11657935501835284   1354.0493420084847   1386.1557246811037
0.11999693083066039   1311.6033681102892   1343.7414820159274
0.12351469440289359   1274.9769197332885   1306.2883025776728
0.12713558278394044   1241.7381432722395   1271.6270773348751
0.13086261912358757   1209.3497480416383   1237.5946946783079
0.13469891519660646   1175.3301748497781   1202.189085394276
0.13864767400083483   1137.6137583420384   1163.8048936501148
0.14271219243142114   1094.8461071049717   1121.4587462412028
0.14689586403346616   1046.6240092957567   1075.003201319717
0.1512021818353596   993.6703100243052   1025.3263909617142
0.15563474126517718   937.6296059467418   973.7925724529571
0.16019724315257297   880.8216791534063   922.1966936329945
0.1648934968186736   825.958532004912   872.7061910428707
0.1697274232565544   775.7976215356638   827.2436696442269
0.17470305840495237   732.489690660052   787.293002718316
0.17982455651794954   696.877900443347   753.2612720345171
0.18509619363343993   668.2398639015256   724.349164746229
0.19052237114327647   644.6636750894771   699.0533580986269
0.19610761946807834   623.6955285873485   675.6325924227882
0.20185660183976684   602.7205474442515   652.303925328347
0.20777411819498756   579.3009504532757   627.5620924243076
0.21386510918267082   552.0169156976013   600.6073674122803
0.22013466028907505   521.266443621673   571.8998788157454
0.22658800608375756   488.97777430551315   542.9137554486647
0.23323053459001789   457.58749075222846   515.0512234327673
0.2400677917834628   429.310102639531   489.55572867098414
0.24710548622244882   405.5735132698713   467.071039488591
0.25434949381426813   386.3972139784811   447.4386051344073
0.2618058627210567   370.34568127020657   429.7635565031735
0.2694808184095226   355.3284175821561   412.86692167349406
0.27738076884870827   339.32316653103965   395.69317946093594
0.2855123098601282   321.38155974378935   378.0151250343154
0.29388223062474755   302.15223699558135   360.1422500869904
0.3024975193514008   283.1799667109615   342.9884666327166
0.31136536911138296   265.99668053994117   326.9797828196087
0.3204931838440838   251.44569654502925   312.512347099739
0.32988858453867975   239.10589333663825   299.2395918767638
0.3395594155970457   227.69394183020685   286.63989393102435
0.34951375138319807   216.02982614485467   274.2421973963447
0.3597599029647371   203.69667656928257   262.0350541523624
0.37030642505191835   191.2883103661672   250.18667016974166
0.3811621231401457   179.7771853569041   239.00582345709725
0.3923360608618501   169.63674313491907   228.58564460423636
0.4038375675538918   160.61108804557762   218.82365089533562
0.41567624604680364   151.9997984394122   209.47772445924787
0.42786198068238046   143.32859005969252   200.43243702989596
0.4404049455663077   134.7390164076513   191.7280446618838
0.4533156130627191   126.68456620055886   183.4758627350069
0.4666047625377753   119.38806978927802   175.69225457355228
0.4802834893595659   112.65419839562635   168.31441043435737
0.49436321416184764   106.16126485196385   161.2552714547606
0.5088556923793517   99.82737286708598   154.48416543287496
0.5237730240626238   93.83234304209357   148.04889509060092
0.5391276639805903   88.28877539869215   141.94595220477925
0.5549324320192869   83.1085272976847   136.14146160869197
0.5712005238854289   78.15534294088535   130.5995581654063
0.5879455221237613   73.42800481349366   125.31438154713967
0.6051814074573895   68.99459852479131   120.28904772566383
0.622922570460556   64.84682544163849   115.51074245486511
0.6411838235736077   60.921570786719386   110.95335396587669
0.6599804134701901   57.19981851565978   106.60848879548395
0.6793280337869897   53.70102987943447   102.47321230652645
0.6992428382266549   50.41369997452432   98.53253481887697
0.7197414540448374   47.316821944920754   94.7761777296141
0.7408409959326054   44.39791627409543   91.19554355355383
0.7625590803058332   41.6480785626809   87.78132890899799
0.7849138400134885   39.058771462552066   84.52475146783655
0.8079239394770964   36.621765750908445   81.41754017562424
0.8316085902740278   34.329141219871595   78.4519029987097
0.8559875671776167   32.173286100527385   75.62049684951845
0.8810812246675007   30.146892414673992   72.9163950011512
0.9069105139239728   28.24281112421439   70.33282043312428
0.9334970003205227   26.45402424320879   67.86304304877741
0.960862881429187   24.773876105354077   65.50073256832414
0.9890310055537336   23.196074648812957   63.23996112006578
1.0180248908061487   21.714672809647492   61.07517499603923
1.047868744742366   20.32405079365796   59.00116858818211
1.0785874845736239   19.018899189306907   57.01306032327321
1.1102067579703248   17.79420590582592   55.10624275312478
1.1427529644757777   16.645268700746424   53.27609367513297
1.1762532775476793   15.567659463913063   51.51811412101685
1.210735667245765   14.557188606274407   49.82810958486178
1.246228923584555   13.609893497290455   48.20217079784363
1.2827626805706884   12.722027658343077   46.63665324832237
1.3203674409449337   11.890050356560556   45.12815838776919
1.3590746016495152   11.110616593176868   43.673516369353244
1.3989164800420282   10.380565349887116   42.269724334666
1.4399263408778291   9.696905346124213   40.9138120158549
1.4821384240834183   9.056814065555281   39.60298119205638
1.525587973344019   8.457631041984431   38.334636310084505
1.5703112655292182   7.8968492826046   37.10637064870149
1.6163456409812174   7.372107091716801   35.9159536112739
1.6637295346910133   6.881180280111875   34.76131903704089
1.7125025083885144   6.42197474388277   33.640554581110784
1.7627052835733923   5.99251931754256   32.55189955572844
1.814379775514258   5.590959042872334   31.49373828599744
1.8675691282445197   5.21554891847491   30.464579538203978
1.922317750584177   4.864647828150306   29.46304773358519
1.9786713532176083   4.5367127610577125   28.487875736313804
2.0366769868582977   4.230293323092134   27.537898116328687
2.0963830815323896   3.9440265270458195   26.612044838639534
2.1578394870138577   3.676631744752054   25.70934114052903
2.2210975144450407   3.426905071446879   24.82895741245028
2.286209979177315   3.1937156249107503   23.970170592427365
2.3532312448676476   2.976002069538129   23.132317778313322
2.4222172688678643   2.772768563468763   22.31479169537068
2.4932256489445366   2.5830809157436097   21.517036960128948
2.5663156713684585   2.406062954210154   20.738546501194584
2.641548360413907   2.2408930936910116   19.978858123854803
2.7189865293089923   2.086801527212669   19.237617995976624
2.798694832679631   1.9430681557248053   18.514746699288025
2.8807398205309562   1.8090180936660658   17.810209865198793
2.9651899938111903   1.6840185926621898   17.123952820215738
3.05211586160442   1.5674765623977602   16.45590120211162
3.1415899999999994   1.4588362251344902   15.805961602103991
