0.01   1817.4495543407497   1817.388522831025
0.010293154462191829   1837.5250480194802   1837.4633552979074
0.010594902878253955   1856.9140085087672   1856.8517894790875
0.010905497183778876   1875.5611649924463   1875.4984966808513
0.011225196699963396   1893.4108785262488   1893.3477779504015
0.011554268350120923   1910.4054519234671   1910.341917834649
0.011892986882540897   1926.4843416356412   1926.4204191959334
0.012241635099881474   1941.5868865748396   1941.5226741074548
0.012600504095286909   1955.6522576667192   1955.5878923703303
0.012969893495426888   1968.6175413552944   1968.5531181013796
0.013350111710660605   1980.4197428812536   1980.3552860903308
0.013741476192534558   1990.9968209236936   1990.932284719719
0.014144313698828986   2000.2853099658412   2000.2206293084598
0.01455896056637426   2008.2203883747131   2008.1555354079426
0.014985762991865008   2014.7390400224374   2014.6740276918122
0.01542507732090645   2019.779710020776   2019.7145747903182
0.015877270345534218   2023.2804123878423   2023.215149644112
0.016342719610456153   2025.181546036661   2025.1160952350342
0.016821813728271667   2025.4268982856831   2025.3611441770722
0.017314952703931925   2023.9622037482013   2023.8959939060883
0.017822548268711737   2020.7360280236644   2020.6691870583595
0.01834502422397195   2015.701749612919   2015.6340807412807
0.018882816794999403   2008.8178542737444   2008.749128287081
0.019436374995219892   2000.0480734814967   1999.9779990074437
0.02000616100108813   1989.3622361868966   1989.2904578038167
0.020592650537967844   1976.7370598803443   1976.663162890806
0.021196333277324068   1962.159217917782   1962.082741786155
0.02181771324555934   1945.624267052641   1945.544715346863
0.022457309244835088   1927.1352320220774   1927.0520786328054
0.02311565528622961   1906.7072410438946   1906.6200157270505
0.023793301035594242   1884.3710640293937   1884.2794981439424
0.024490812272480036   1860.1655585491326   1860.069594577339
0.025208771362518027   1834.1393429310742   1834.0391264111615
0.0259477777436476   1806.364981815182   1806.2608517920457
0.02670844842659881   1776.9274663956141   1776.8199434363933
0.027491418510046592   1745.9169857106788   1745.8067603462605
0.028297341710866907   1713.4451859350158   1713.3331972254455
0.029126890909937666   1679.6483714658978   1679.5359043171159
0.029980758713939952   1644.66425177692   1644.5529088476073
0.030859658033628758   1608.6384432942305   1608.5301152220711
0.031764322679055976   1571.7539016346218   1571.6507666824798
0.03269550797224261   1534.1976918530058   1534.1021826058009
0.033653991377811755   1496.1493676852563   1496.0641236543236
0.03464057315210884   1457.8087481396428   1457.7365222101998
0.03565607701135116   1419.3903900550524   1419.333966896042
0.036701350819364466   1381.0931475515233   1381.0553167425853
0.03777726729548091   1343.1165956773552   1343.1000032252941
0.038884724743189276   1305.6967895430864   1305.7035394986747
0.04002464780014597   1269.0559097452985   1269.0875392890002
0.041197988210172884   1233.3888055178631   1233.446334581668
0.04240572561788674   1198.8349046540543   1198.9187240388446
0.04364886838662332   1165.493732821944   1165.6035619381444
0.04492845444033957   1133.4507348123334   1133.5857009954182
0.04624555213019635   1102.8202022348078   1102.978234899053
0.04760126112654554   1073.792162330208   1073.968630776806
0.04899671333706607   1046.546124106968   1046.733922093459
0.05043307385181555   1021.1902390988321   1021.3802426740751
0.05191154191598653   997.5480043151263   997.7303332613412
0.053433351931179485   975.3669956156418   975.531415682371
0.05499977448602865   954.417393706522   954.553316659896
0.05661211741704101   934.4967139106898   934.5931589814478
0.05827172690053434   915.4210914578526   915.4667020604836
0.05997998857658587   896.9895288033055   896.9729668063403
0.06173832870592997   878.9297227893265   878.8406829255374
0.0635482153607709   860.9715985064986   860.8010896186222
0.06541115965050462   842.7999496787965   842.5419943206799
0.06732871698337338   824.0696664826191   823.722683211944
0.06930248836510605   804.4452539061608   804.012837956111
0.07133412173562886   783.5755895674242   783.0684056678343
0.07342531334496233   761.1668797491428   760.6028606245255
0.07557780916945323   737.0545279538497   736.4602793965769
0.07779340636952398   711.1707291413122   710.5805912379144
0.08007395479015682   683.6462819806821   683.0993931952652
0.08242135850536496   654.7263448389916   654.2641242004578
0.08483757740794096   624.8398872307966   624.5026764150412
0.08732462884580919   594.4799942546097   594.304558393142
0.08988458930634863   564.2055675201703   564.2215273399981
0.09251959615009227   534.5680726540003   534.7960196641876
0.09523184939525078   506.1200525580552   506.5691475875893
0.09802361355455057   479.39567575790386   480.05864701665877
0.10089721952591899   454.8844090053742   455.73512120915876
0.10385506653859616   432.95295324484016   433.94815553354965
0.10689962415629803   413.85555258563966   414.9364305665607
0.11003343433910281   397.5736098394849   398.6692679985504
0.11325911356578279   383.8912189623072   384.9227079756494
0.11657935501835284   372.3014075116912   373.19744327379993
0.11999693083066039   362.16330336123775   362.86833414208166
0.12351469440289359   352.70620571124414   353.1891566104806
0.12713558278394044   343.1647659483723   343.42737738635003
0.13086261912358757   332.8334622042274   332.9156442083227
0.13469891519660646   321.17606717481493   321.15149162674027
0.13864767400083483   307.91598327004004   307.890231639755
0.14271219243142114   293.08343579913657   293.18287403779055
0.14689586403346616   277.03066383744886   277.3727088142207
0.1512021818353596   260.34976369326176   261.0327400858039
0.15563474126517718   243.79878382874904   244.8810044499726
0.16019724315257297   228.2145158675388   229.69294498778106
0.1648934968186736   214.3752910160331   216.18593880596518
0.1697274232565544   202.7635868056726   204.78274057162437
0.17470305840495237   193.39801059970918   195.47961662862977
0.17982455651794954   185.87317967292248   187.88257116243472
0.18509619363343993   179.54014339711281   181.37827418984085
0.19052237114327647   173.65225127466462   175.28022281722477
0.19610761946807834   167.4324574610636   168.89669801313582
0.20185660183976684   160.24844814793192   161.67764217531197
0.20777411819498756   151.9150870164606   153.4706365104453
0.21386510918267082   142.78887411557483   144.61521240548328
0.22013466028907505   133.5276819870124   135.70869867038152
0.22658800608375756   124.82465863580035   127.34921395338199
0.23323053459001789   117.25822154505532   120.03157558501206
0.2400677917834628   111.06575998394379   113.93581207980252
0.24710548622244882   106.05272298266982   108.85941754063869
0.25434949381426813   101.69978642308322   104.3626423129211
0.2618058627210567   97.37854938474764   99.91497573749606
0.2694808184095226   92.60297386740369   95.1142517387157
0.27738076884870827   87.3125710685492   89.94490465810863
0.2855123098601282   81.83878217081282   84.67222442329317
0.29388223062474755   76.63671088400399   79.6751237667703
0.3024975193514008   72.08686204572594   75.24156268970982
0.31136536911138296   68.27841857657027   71.42603034114423
0.3204931838440838   64.95288101227   68.01242902226987
0.32988858453867975   61.736724781808874   64.71152854506731
0.3395594155970457   58.37166201564039   61.34212116302739
0.34951375138319807   54.86678250609498   57.909328440908865
0.3597599029647371   51.467800222985296   54.606455998322566
0.37030642505191835   48.401022848979245   51.587941827072996
0.3811621231401457   45.70926795821548   48.872334957469356
0.3923360608618501   43.25276398940735   46.356463571258786
0.4038375675538918   40.84248545967987   43.910618804091555
0.41567624604680364   38.41971053963509   41.4985042722378
0.42786198068238046   36.077310209285066   39.18473950529469
0.4404049455663077   33.92287194954767   37.034617405146435
0.4533156130627191   31.96767137965244   35.04631459270224
0.4666047625377753   30.128810010142494   33.16784644457297
0.4802834893595659   28.341373087344735   31.361373390235933
0.49436321416184764   26.618452907332287   29.631751824114517
0.5088556923793517   25.009770577289707   28.007469132859423
0.5237730240626238   23.520907523391873   26.487136860692615
0.5391276639805903   22.11584444458287   25.04830669293973
0.5549324320192869   20.7712096191924   23.678685972574126
0.5712005238854289   19.499083059146876   22.382298890403256
0.5879455221237613   18.31069424273543   21.162559640421673
0.6051814074573895   17.19436952989649   20.01171005780152
0.622922570460556   16.136552557774042   18.921313854991986
0.6411838235736077   15.138371636756043   17.890645259130373
0.6599804134701901   14.201763465600687   16.918963291378937
0.6793280337869897   13.32142850319795   16.001764555245238
0.6992428382266549   12.49234691421506   15.135503221269378
0.7197414540448374   11.711733355805956   14.317461704679406
0.7408409959326054   10.977110454132907   13.545092173129323
0.7625590803058332   10.286092520408246   12.81596347944054
0.7849138400134885   9.636385569805515   12.1277577167538
0.8079239394770964   9.025786929175093   11.478266676298308
0.8316085902740278   8.452184477753178   10.865388235007728
0.8559875671776167   7.913552360118681   10.287121475853167
0.8810812246675007   7.407900964265329   9.741544160460982
0.9069105139239728   6.933299266830178   9.226817197197699
0.9334970003205227   6.487922423809052   8.741199721227954
0.960862881429187   6.070047725821355   8.283044998104705
0.9890310055537336   5.678049189007009   7.8507958716947845
1.0180248908061487   5.310392414728772   7.442980377707629
1.047868744742366   4.965629705689481   7.058207522329508
1.0785874845736239   4.64239687692877   6.69516290393869
1.1102067579703248   4.339416647427107   6.352603042569145
1.1427529644757777   4.055486262453359   6.029353349083396
1.1762532775476793   3.789469070702576   5.7243055408026775
1.210735667245765   3.540291292479371   5.436414133776836
1.246228923584555   3.3069389309045696   5.164693091555184
1.2827626805706884   3.0884548048273945   4.908212629853627
1.3203674409449337   2.8839357008442366   4.66609617137751
1.3590746016495152   2.6925289598313564   4.43751380783383
1.3989164800420282   2.5134286210581953   4.22167246010193
1.4399263408778291   2.34587514594468   4.017824555935281
1.4821384240834183   2.189153416153353   3.825267816788176
1.525587973344019   2.0425903214408483   3.6433424857932937
1.5703112655292182   1.9055524647740611   3.4714287243579074
1.6163456409812174   1.7774439800108945   3.3089441674070206
1.6637295346910133   1.6577044574758442   3.155341536019605
1.7125025083885144   1.5458069678529978   3.010100622614456
1.7627052835733923   1.4412561892125024   2.872724080004703
1.814379775514258   1.3435866397065916   2.742745481584041
1.8675691282445197   1.2523609919887113   2.6197281345590033
1.922317750584177   1.1671684736508665   2.5032630727941716
1.9786713532176083   1.0876233507375137   2.392967191896117
2.0366769868582977   1.0133634906003008   2.2884815160265664
2.0963830815323896   0.9440489851897451   2.1894688685631087
2.1578394870138577   0.8793606387181344   2.095601506509096
2.2210975144450407   0.8189988667531273   2.0065640239504066
2.286209979177315   0.7626827655810183   1.922062475476176
2.3532312448676476   0.7101490080187042   1.8418230553750048
2.4222172688678643   0.6611507940624772   1.7655905823757752
2.4932256489445366   0.6154568604214801   1.6931271080409263
2.5663156713684585   0.5728505459067889   1.6242106379941559
2.641548360413907   0.5331289662858001   1.5586333356879352
2.7189865293089923   0.49610247531680923   1.4961970294269784
2.798694832679631   0.4615935611750904   1.4367153119531089
2.8807398205309562   0.42943594383467953   1.380014476738739
2.9651899938111903   0.3994739021072483   1.325932571677967
3.05211586160442   0.37156163847524165   1.2743185242526203
3.1415899999999994   0.34556267926857415   1.2250313380716138
