0.01   2625.961223694781   2625.8836507735386
0.010293154462191829   2668.1996967236378   2668.1186925445386
0.010594902878253955   2710.0116918620197   2709.926841238025
0.010905497183778876   2751.3198247074915   2751.2307338507826
0.011225196699963396   2792.044404586095   2791.9507066588894
0.011554268350120923   2832.1025053011276   2832.0038444167735
0.011892986882540897   2871.4045575205037   2871.300514488076
0.012241635099881474   2909.857786171597   2909.747857350894
0.012600504095286909   2947.367395128154   2947.250990413557
0.012969893495426888   2983.834316472842   2983.7107702015987
0.013350111710660605   3019.155683991736   3019.0242652904367
0.013741476192534558   3053.227255868427   3053.0871688082534
0.014144313698828986   3085.9420170001367   3085.7924044227957
0.01455896056637426   3117.1869707545015   3117.0269257134073
0.014985762991865008   3146.8476679775854   3146.676237507682
0.01542507732090645   3174.8092944558302   3174.6254716710714
0.015877270345534218   3200.953930910523   3200.7565336880766
0.016342719610456153   3225.1621382519634   3224.9497267171832
0.016821813728271667   3247.3157139460536   3247.086587789026
0.017314952703931925   3267.296421591968   3267.0486358884705
0.017822548268711737   3284.984328891812   3284.715730217482
0.01834502422397195   3300.2619925643885   3299.9702296459677
0.018882816794999403   3313.0155005962724   3312.698022319802
0.019436374995219892   3323.1337652939587   3322.787742871198
0.02000616100108813   3330.510063070201   3330.132358512573
0.020592650537967844   3335.043606548764   3334.630788475475
0.021196333277324068   3336.641562939513   3336.1899700285985
0.02181771324555934   3335.2206026137046   3334.7264381903165
0.022457309244835088   3330.705768599585   3330.1651327739687
0.02311565528622961   3323.032513333642   3322.4414466406247
0.023793301035594242   3312.154871627092   3311.5094775824437
0.024490812272480036   3298.040225488434   3297.3367343971736
0.025208771362518027   3280.6667933343633   3279.901601041111
0.0259477777436476   3260.036450229108   3259.20645726031
0.02670844842659881   3236.1775649590013   3235.28057376532
0.027491418510046592   3209.129978450782   3208.164717694205
0.028297341710866907   3178.952065966735   3177.918229494211
0.029126890909937666   3145.746996009464   3144.64542356451
0.029980758713939952   3109.635443333269   3108.468134784258
0.030859658033628758   3070.746950215311   3069.517038929324
0.031764322679055976   3029.253415312596   3027.965619584198
0.03269550797224261   2985.3635358683355   2984.0245291518677
0.033653991377811755   2939.287626168283   2937.905907726837
0.03464057315210884   2891.2575384406864   2889.8430371369654
0.03565607701135116   2841.571894536159   2840.1350741883152
0.036701350819364466   2790.5331440230507   2789.0847520653215
0.03777726729548091   2738.434017891277   2736.9850648144884
0.038884724743189276   2685.587264392585   2684.149862099402
0.04002464780014597   2632.311998543372   2630.899854254916
0.041197988210172884   2578.9081891154283   2577.5364129090926
0.04240572561788674   2525.6827165772675   2524.365445785768
0.04364886838662332   2472.982444499618   2471.72780693861
0.04492845444033957   2421.1356337989473   2419.9454972736435
0.04624555213019635   2370.4471197931894   2369.3176179124366
0.04760126112654554   2321.230207393572   2320.1523268403316
0.04899671333706607   2273.7891134979536   2272.749191872467
0.05043307385181555   2228.39695733083   2227.3770452261074
0.05191154191598653   2185.1591296026786   2184.1363472955804
0.053433351931179485   2144.0031645664794   2142.9489164892607
0.05499977448602865   2104.848264414777   2103.7285841898897
0.05661211741704101   2067.52983605963   2066.306423634059
0.05827172690053434   2031.7873901818273   2030.418729513906
0.05997998857658587   1997.3623611158228   1995.8042486506863
0.06173832870592997   1963.9108872707593   1962.1195979842364
0.0635482153607709   1931.0438966476875   1928.9782571792157
0.06541115965050462   1898.3590283734504   1895.9832315517494
0.06732871698337338   1865.3685977148311   1862.6603300444792
0.06930248836510605   1831.5881014083818   1828.5409041543164
0.07133412173562886   1796.4643122393209   1793.099507084186
0.07342531334496233   1759.4311054977143   1755.8036592546287
0.07557780916945323   1719.9601741442366   1716.1625335492317
0.07779340636952398   1677.5715142734916   1673.7366756461317
0.08007395479015682   1631.9567986489553   1628.2594565183408
0.08242135850536496   1583.017734872281   1579.675410969678
0.08483757740794096   1530.9141519597863   1528.172625852177
0.08732462884580919   1476.0936548968705   1474.209977914251
0.08988458930634863   1419.2498878361807   1418.4787481192868
0.09251959615009227   1361.2656670666945   1361.8465616964468
0.09523184939525078   1303.146124583178   1305.2801834328056
0.09802361355455057   1245.9236117782768   1249.7589751156013
0.10089721952591899   1190.6550292141217   1196.2701651392374
0.10385506653859616   1138.2917047200262   1145.6875433014827
0.10689962415629803   1089.7306380381183   1098.7938865225365
0.11003343433910281   1045.6674691860544   1056.1858115776436
0.11325911356578279   1006.5352705773167   1018.2193599201994
0.11657935501835284   972.3729202477654   984.873474622977
0.11999693083066039   942.7832690182114   955.7087680263967
0.12351469440289359   916.8756019427017   929.8713893777979
0.12713558278394044   893.4440916238243   906.2444563160772
0.13086261912358757   871.0287486939313   883.4990030020396
0.13469891519660646   848.174814216642   860.348487683965
0.13864767400083483   823.5670192466833   835.6694809124886
0.14271219243142114   796.2282311480399   808.6697762670351
0.14689586403346616   765.6963821996826   779.0298778464257
0.1512021818353596   732.1136929091252   746.9492009725157
0.15563474126517718   696.2441517828622   713.1356597293001
0.16019724315257297   659.3491629763173   678.7011545738084
0.1648934968186736   622.9767368680509   644.9549921644111
0.1697274232565544   588.7540880720586   613.2287669883556
0.17470305840495237   558.12155384589   584.6267434005463
0.17982455651794954   531.9787442427377   559.7663602941865
0.18509619363343993   510.3513941757373   538.6113795440798
0.19052237114327647   492.3484826831593   520.3559477994928
0.19610761946807834   476.49448627024714   503.74572739183157
0.20185660183976684   461.1503857697277   487.5252290161133
0.20777411819498756   444.7823492670892   470.56829913007635
0.21386510918267082   426.2647711945105   452.16064388805387
0.22013466028907505   405.35950784007343   432.1830306912502
0.22658800608375756   382.94018282417744   411.3605855867297
0.23323053459001789   360.5574157314666   390.86346430433025
0.2400677917834628   339.7574393888311   371.73287499573433
0.24710548622244882   321.65523228082213   354.6825055778775
0.25434949381426813   306.61656944736006   339.8373401842972
0.2618058627210567   294.036564594942   326.7514580060826
0.2694808184095226   282.6093115189757   314.5017397304316
0.27738076884870827   270.92654130626295   302.1890152569121
0.2855123098601282   258.0614587878856   289.3412924247324
0.29388223062474755   244.0539687090278   276.0315636098565
0.3024975193514008   229.8484029343882   262.9021705618369
0.31136536911138296   216.58096533773244   250.53993650249348
0.3204931838440838   205.01997024731367   239.34944023193154
0.32988858453867975   195.1926554385848   229.2534349053295
0.3395594155970457   186.33894569167646   219.84007786684646
0.34951375138319807   177.50894139518232   210.59508453041826
0.3597599029647371   168.20649803557328   201.3042124208714
0.37030642505191835   158.63689218090357   192.15989059695949
0.3811621231401457   149.49754380841284   183.43173013559675
0.3923360608618501   141.32536907750244   175.31760118515734
0.4038375675538918   134.08635002429534   167.79205372497313
0.41567624604680364   127.31419918631039   160.63889321080683
0.42786198068238046   120.54206361395603   153.6612506814944
0.4404049455663077   113.72927508750132   146.87144830669575
0.4533156130627191   107.2082094849435   140.39809061874928
0.4666047625377753   101.25263068167747   134.3039229668599
0.4802834893595659   95.80302963408545   128.55382964020183
0.49436321416184764   90.58812813244688   123.05189259080531
0.5088556923793517   85.4684612442228   117.74754278107572
0.5237730240626238   80.54685037183401   112.6779854689271
0.5391276639805903   75.97209728094678   107.87684496350172
0.5549324320192869   71.71506785456839   103.31606954287018
0.5712005238854289   67.65011055709255   98.95884888070474
0.5879455221237613   63.73733279978322   94.7929038168431
0.6051814074573895   60.03957479865539   90.82585037453516
0.622922570460556   56.5799003320588   87.05760622890149
0.6411838235736077   53.30582312443101   83.46411604652694
0.6599804134701901   50.184852988605016   80.03450675209814
0.6793280337869897   47.2351583187378   76.7692973512333
0.6992428382266549   44.4610167432679   73.66213821603257
0.7197414540448374   41.836405298531325   70.69834009284465
0.7408409959326054   39.354817981241084   67.87354345365146
0.7625590803058332   37.01141165656465   65.18247401356132
0.7849138400134885   34.799223409367954   62.61831486006117
0.8079239394770964   32.711565527254265   60.17460059730588
0.8316085902740278   30.74204086403948   57.84521601844591
0.8559875671776167   28.884533731068288   55.62437491487005
0.8810812246675007   27.133189574836553   53.50653492794985
0.9069105139239728   25.48240475744965   51.48636367292963
0.9334970003205227   23.926835967206923   49.55882285878769
0.960862881429187   22.46139194929975   47.71915820508689
0.9890310055537336   21.081223920856257   45.962882237752936
1.0180248908061487   19.781716182868866   44.28575819307559
1.047868744742366   18.55847693839398   42.68378495461786
1.0785874845736239   17.407328956262724   41.15313606381912
1.1102067579703248   16.32429922141419   39.68993021554508
1.1427529644757777   15.305612265006237   38.29042990391031
1.1762532775476793   14.347682678389038   36.95113451760148
1.210735667245765   13.447106952990826   35.668763923390074
1.246228923584555   12.600655567045742   34.44024315418223
1.2827626805706884   11.805265320773024   33.26268826675682
1.3203674409449337   11.058031899275   32.13339062452715
1.3590746016495152   10.35620187752159   31.04969284335659
1.3989164800420282   9.69716575990694   30.0089542912927
1.4399263408778291   9.078452569800591   29.008702458926763
1.4821384240834183   8.497723428008147   28.04663235688108
1.525587973344019   7.9527652780703395   27.12059450680267
1.5703112655292182   7.44148485199197   26.228583913572418
1.6163456409812174   6.961902871461289   25.368729930158388
1.6637295346910133   6.512148241673102   24.539273229661546
1.7125025083885144   6.09045174644251   23.738497537211927
1.7627052835733923   5.695142087159626   22.964780943088144
1.814379775514258   5.32464143480306   22.216616570338065
1.8675691282445197   4.977460657919529   21.49260475029857
1.922317750584177   4.652194760398431   20.791445793447856
1.9786713532176083   4.347518522765272   20.11193332775246
2.0366769868582977   4.062182317084144   19.45294723407271
2.0963830815323896   3.795007288362686   18.813413035023792
2.1578394870138577   3.5448815886223057   18.19229130134301
2.2210975144450407   3.310758026473922   17.58862151232432
2.286209979177315   3.0916506341873022   17.00152025326701
2.3532312448676476   2.886631317526592   16.430176296448966
2.4222172688678643   2.694826672310082   15.873846023897558
2.4932256489445366   2.5154149605789855   15.33184915548086
2.5663156713684585   2.3476236197674636   14.803595613928275
2.641548360413907   2.190727968470985   14.288707183857692
2.7189865293089923   2.0440468110355097   13.78688305819379
2.798694832679631   1.906939324542937   13.297838826054088
2.8807398205309562   1.7788028453300668   12.82130527130936
2.9651899938111903   1.659070763126545   12.357027262266293
3.05211586160442   1.5472105182060938   11.904762688158792
3.1415899999999994   1.442721597248593   11.464278854513838
