0.01   259.2355554116261   259.2355351392381
0.010293154462191829   262.1119899682766   262.1119707361029
0.010594902878253955   264.89074961452343   264.8907344185578
0.010905497183778876   267.5635617440443   267.56355063532163
0.011225196699963396   270.12209009914926   270.1220800879331
0.011554268350120923   272.55797147276553   272.5579583441215
0.011892986882540897   274.8628491338678   274.8628302662283
0.012241635099881474   277.02839415105166   277.02836881163677
0.012600504095286909   279.04619227681155   279.04616153723885
0.012969893495426888   280.9071627174485   280.9071287237091
0.013350111710660605   282.6020870991741   282.60205283959675
0.013741476192534558   284.1218823364778   284.12185156803076
0.014144313698828986   285.4573935788155   285.4573686539375
0.01455896056637426   286.5994176537833   286.5993971446791
0.014985762991865008   287.5390179877695   287.53899651151585
0.01542507732090645   288.26745180548204   288.2674215291114
0.015877270345534218   288.77585699434536   288.77581321144896
0.016342719610456153   289.0556988196287   289.05564125832296
0.016821813728271667   289.0989277296176   289.0988602122048
0.017314952703931925   288.8977915353373   288.8977163509641
0.017822548268711737   288.44495744420726   288.4448709534605
0.01834502422397195   287.733780415388   287.73367298655074
0.018882816794999403   286.75832919209086   286.7581875269447
0.019436374995219892   285.5133824654689   285.51319534478597
0.02000616100108813   283.9945844646641   283.9943436628934
0.020592650537967844   282.19856886892876   282.19826876901647
0.021196333277324068   280.1234349075407   280.1230687224181
0.02181771324555934   277.76857484676896   277.7681325878724
0.022457309244835088   275.13444737487646   275.133916038641
0.02311565528622961   272.223225562605   272.22259208059404
0.023793301035594242   269.039291717006   269.0385479886506
0.024490812272480036   265.5881816538425   265.58732492919756
0.025208771362518027   261.87682624915186   261.87585875920394
0.0259477777436476   257.9155765791767   257.9145042172785
0.02670844842659881   253.71655966555468   253.715391332683
0.027491418510046592   249.29264668593774   249.29139411222292
0.028297341710866907   244.65977700510558   244.65845647063134
0.029126890909937666   239.83741594587227   239.83605040013828
0.029980758713939952   234.84523133311143   234.8438498865785
0.030859658033628758   229.7040237908206   229.70266111753685
0.031764322679055976   224.43993703895708   224.43863320576617
0.03269550797224261   219.07970477262523   219.07850457929263
0.033653991377811755   213.6489873761691   213.64793950865499
0.03464057315210884   208.17632622652692   208.17548211087438
0.03565607701135116   202.6923565001429   202.6917692767477
0.036701350819364466   197.22547282217246   197.22519674328115
0.03777726729548091   191.80417871290925   191.80426575785987
0.038884724743189276   186.46220068207055   186.46269152854316
0.04002464780014597   181.2312864314418   181.23220980200028
0.041197988210172884   176.13927973291882   176.14065345994223
0.04240572561788674   171.20610153082578   171.2079306141357
0.04364886838662332   166.44596927257845   166.4482452190878
0.04492845444033957   161.87109004930946   161.87379245269557
0.04624555213019635   157.49779348735774   157.50087824057454
0.04760126112654554   153.3532307243041   153.3566034639722
0.04899671333706607   149.46305132883637   149.46656904733362
0.05043307385181555   145.8427137784866   145.84619368272058
0.05191154191598653   142.46702342307526   142.47026744295246
0.053433351931179485   139.29994154007292   139.30274420276038
0.05499977448602865   136.3086570467523   136.31080520783897
0.05661211741704101   133.46426600170378   133.46553631763803
0.05827172690053434   130.7405237600276   130.74068261410739
0.05997998857658587   128.1087305103416   128.10754263099844
0.06173832870592997   125.52998276814634   125.52723308434102
0.0635482153607709   122.96569353125392   122.96119302782347
0.06541115965050462   120.37084966066597   120.36446608909517
0.06732871698337338   117.69618246645969   117.68786561777478
0.06930248836510605   114.89378674662511   114.88358456269123
0.07133412173562886   111.9135044721017   111.9016011074596
0.07342531334496233   108.7133662685159   108.70008647008305
0.07557780916945323   105.26987171178072   105.25570560306299
0.07779340636952398   101.57334520833794   101.55893068039184
0.08007395479015682   97.64245619087058   97.62852276030883
0.08242135850536496   93.51220723171174   93.49952757177432
0.08483757740794096   89.24388818706367   89.23320841077144
0.08732462884580919   84.90794286760907   84.89993521007756
0.08988458930634863   80.58416414915258   80.57936456904133
0.09251959615009227   76.35129671828379   76.35006643378269
0.09523184939525078   72.28828301394768   72.2907551118995
0.09802361355455057   68.47143233044216   68.47741648752312
0.10089721952591899   64.970657762928   64.97959357246921
0.10385506653859616   61.838332928977536   61.849318914834825
0.10689962415629803   59.11076652186464   59.12258558341671
0.11003343433910281   56.78530561009792   56.796496824522215
0.11325911356578279   54.83112000969578   54.84005972197722
0.11657935501835284   53.17580539661165   53.18101623187926
0.11999693083066039   51.72782999072748   51.72813921032497
0.12351469440289359   50.37711449940246   50.37182370700783
0.12713558278394044   49.014351818620526   49.00340550612446
0.13086261912358757   47.538782642950544   47.52287784190208
0.13469891519660646   45.87380946550545   45.85430164563206
0.13864767400083483   43.97992018836448   43.95880310297255
0.14271219243142114   41.86143043806225   41.841132662516905
0.14689586403346616   39.568642266929245   39.551438774312196
0.1512021818353596   37.18613182549989   37.173929494350965
0.15563474126517718   34.82217900106394   34.816105306147776
0.16019724315257297   32.59629565811996   32.59626316650171
0.1648934968186736   30.619637561929213   30.624303545369866
0.1697274232565544   28.961134271318283   28.96798847414293
0.17470305840495237   27.62344374258227   27.629452739186
0.17982455651794954   26.54866657508348   26.55100542609044
0.18509619363343993   25.644111538928197   25.64069020749136
0.19052237114327647   24.803138764291063   24.793079922188358
0.19610761946807834   23.914759442198207   23.89897903426419
0.20185660183976684   22.88865760882864   22.869786311715725
0.20777411819498756   21.698405943625524   21.679806594584573
0.21386510918267082   20.394900565918928   20.37969396917409
0.22013466028907505   19.07211054586965   19.062182266745744
0.22658800608375756   17.829052888231818   17.82429383009515
0.23323053459001789   16.74832340028987   16.746837063537775
0.2400677917834628   15.863840781840498   15.862474087250806
0.24710548622244882   15.147814577590653   15.143190549243508
0.25434949381426813   14.52607862616913   14.516500308701383
0.2618058627210567   13.908859716005972   13.894773947500605
0.2694808184095226   13.226758149991184   13.210472522047196
0.27738076884870827   12.47111726570235   12.456035763478294
0.2855123098601282   11.689286962348628   11.677416027435784
0.29388223062474755   10.946260368797008   10.93790009126459
0.3024975193514008   10.296396848959034   10.289659304228502
0.31136536911138296   9.752426716397727   9.744634568119467
0.3204931838440838   9.277428518955844   9.266756765157806
0.32988858453867975   8.818055893314265   8.804689436822398
0.3395594155970457   8.337413884407   8.323336267583182
0.34951375138319807   7.836803723313772   7.824045730818175
0.3597599029647371   7.351317867868419   7.340599260550961
0.37030642505191835   6.913281384458306   6.903556041529144
0.3811621231401457   6.528808806085122   6.5183953963888115
0.3923360608618501   6.177939682356352   6.166011880232649
0.4038375675538918   5.833671382591639   5.820922683294743
0.41567624604680364   5.4876197019821165   5.47534674113038
0.42786198068238046   5.153047268526219   5.141829363535582
0.4404049455663077   4.845320435852084   4.834615296063984
0.4533156130627191   4.566054715873452   4.554936454279675
0.4666047625377753   4.303404207429687   4.291759212206494
0.4802834893595659   4.0480987432865705   4.036570371759194
0.49436321416184764   3.802007846969448   3.7910340081156755
0.5088556923793517   3.5722344079949737   3.5616345527958866
0.5237730240626238   3.3595750399033637   3.3489502878608275
0.5391276639805903   3.1588846305587586   3.148228274459449
0.5549324320192869   2.966826082651763   2.9564681465174516
0.5712005238854289   2.7851240239427995   2.77515258460861
0.5879455221237613   2.6153823017737934   2.605629972040497
0.6051814074573895   2.4559341322097636   2.4463491725906437
0.622922570460556   2.3048425768482237   2.295542505893003
0.6411838235736077   2.1622690821746926   2.153306105174174
0.6599804134701901   2.0284896517433553   2.019817998834608
0.6793280337869897   1.9027482366192459   1.8943464133451853
0.6992428382266549   1.7843275975065258   1.7762209134190858
0.7197414540448374   1.6728298023959165   1.6650428866824984
0.7408409959326054   1.5679010030033715   1.5604528041030572
0.7625590803058332   1.4692004461532844   1.4621048698841446
0.7849138400134885   1.376400476550054   1.3696669746179146
0.8079239394770964   1.2891864808107953   1.2828205919553606
0.8316085902740278   1.2072567790710638   1.2012606251712463
0.8559875671776167   1.130322012638064   1.1246948387785505
0.8810812246675007   1.058097998230902   1.0528379886255668
0.9069105139239728   0.9903089201607158   0.9854143270506701
0.9334970003205227   0.9266941289319024   0.9221630271284897
0.960862881429187   0.8670075635108063   0.862837625113481
0.9890310055537336   0.8110169786881952   0.8072053034635018
1.0180248908061487   0.758503210840641   0.755046204194616
1.047868744742366   0.7092594803205388   0.706152771687083
1.0785874845736239   0.663090936037965   0.6603292609763586
1.1102067579703248   0.6198151404259786   0.6173918733191011
1.1427529644757777   0.5792603008994   0.5771674094221064
1.1762532775476793   0.5412640664574108   0.5394923012395932
1.210735667245765   0.5056730660965832   0.5042121395326763
1.246228923584555   0.4723424676510718   0.4711812208586329
1.2827626805706884   0.441135554013914   0.4402621119881819
1.3203674409449337   0.4119233163684447   0.4113252314730206
1.3590746016495152   0.38458396667144157   0.3842483159684443
1.3989164800420282   0.35900238696176534   0.3589157947910639
1.4399263408778291   0.3350700898376875   0.3352188523925597
1.4821384240834183   0.3126849325147071   0.3130551523359248
1.525587973344019   0.2917507723041292   0.2923284770176741
1.5703112655292182   0.27217713883914635   0.27294838538283683
1.6163456409812174   0.2538789223773451   0.2548298878949939
1.6637295346910133   0.23677607751049387   0.23789313983008054
1.7125025083885144   0.22079334077860968   0.22206326011356842
1.7627052835733923   0.20585996311884022   0.20727008211883638
1.814379775514258   0.19190945769057152   0.19344769210863508
1.8675691282445197   0.1788793591311679   0.18053417335277494
1.922317750584177   0.1667109950749298   0.1684713812063348
1.9786713532176083   0.1553492695393394   0.1572047293388346
2.0366769868582977   0.14474245764486132   0.1466829866896074
2.0963830815323896   0.13484200897291454   0.13685807693493027
2.1578394870138577   0.12560233161786746   0.12768478165453145
2.2210975144450407   0.11698063489790134   0.11912062698658687
2.286209979177315   0.10893679635379092   0.11112583345756895
2.3532312448676476   0.1014332040337272   0.10366315454652908
2.4222172688678643   0.09443460661267276   0.09669772115354533
2.4932256489445366   0.08790797192218272   0.090196895132771
2.5663156713684585   0.08182235345805891   0.08413013140142056
2.641548360413907   0.07614877251469121   0.07846886742389227
2.7189865293089923   0.0708601411601427   0.07318650126989258
2.798694832679631   0.06593110465739987   0.06825816867814131
2.8807398205309562   0.06133791256543789   0.06366057905334385
2.9651899938111903   0.05705832261499635   0.05937192146082754
3.05211586160442   0.05307150998292424   0.055371775895032706
3.1415899999999994   0.04935798161509974   0.05164102937856265
