0.01   1009.176469722048   1009.1513964575898
0.010293154462191829   1018.8446046587928   1018.8192775151799
0.010594902878253955   1028.0669794910684   1028.0414172427036
0.010905497183778876   1036.8116147980702   1036.7858382345787
0.011225196699963396   1045.0465329852886   1045.0205648381896
0.011554268350120923   1052.7390245207578   1052.7128846168869
0.011892986882540897   1059.8553524290255   1059.8290504857907
0.012241635099881474   1066.3620384914677   1066.335573257613
0.012600504095286909   1072.225787497922   1072.199149330705
0.012969893495426888   1077.4121598769918   1077.3853462357272
0.013350111710660605   1081.8868983840346   1081.8599193775558
0.013741476192534558   1085.6166850895665   1085.589563293144
0.014144313698828986   1088.5681019194903   1088.540859082563
0.01455896056637426   1090.7075653412403   1090.6802062264435
0.014985762991865008   1092.0029655342316   1091.975476837791
0.01542507732090645   1092.4236245984227   1092.3959778158082
0.015877270345534218   1091.9393089255047   1091.9114731201753
0.016342719610456153   1090.521604976456   1090.4935504825394
0.016821813728271667   1088.1445858530287   1088.1162840878833
0.017314952703931925   1084.784831756461   1084.7562459289004
0.017822548268711737   1080.4216716078504   1080.392747710799
0.01834502422397195   1075.0376342412305   1075.0083013361111
0.018882816794999403   1068.6189887174617   1068.5891621425362
0.019436374995219892   1061.156726602968   1061.1263171928522
0.02000616100108813   1052.6458622512462   1052.6147790404518
0.020592650537967844   1043.0855496354623   1043.053700965461
0.021196333277324068   1032.4823865694018   1032.4496843769468
0.02181771324555934   1020.8497335399228   1020.8160968800531
0.022457309244835088   1008.2049682239561   1008.170324019814
0.02311565528622961   994.5723474279696   994.536646250753
0.023793301035594242   979.9881980339742   979.951456639234
0.024490812272480036   964.4934290639021   964.455734580253
0.025208771362518027   948.132748661134   948.0942545939049
0.0259477777436476   930.9651686586617   930.9260951732512
0.02670844842659881   913.0589285897591   913.0195600010936
0.027491418510046592   894.4828931332422   894.4435711542086
0.028297341710866907   875.3145693326956   875.2756888539834
0.029126890909937666   855.6499670932241   855.6119752528701
0.029980758713939952   835.584495318379   835.5478840401347
0.030859658033628758   815.211588625736   815.1768870644222
0.031764322679055976   794.6392979425266   794.607072150777
0.03269550797224261   773.9792245466754   773.9500733284326
0.033653991377811755   753.3349766518941   753.3095229839989
0.03464057315210884   732.8173111115109   732.7961441383375
0.03565607701135116   712.5557030175253   712.5392837500493
0.036701350819364466   692.6696501317268   692.658312925243
0.03777726729548091   673.2630517029191   673.2570148315158
0.038884724743189276   654.4086177980312   654.4079765517146
0.04002464780014597   636.1614482009891   636.1661805018164
0.041197988210172884   618.5697218504951   618.5796994985917
0.04240572561788674   601.7085513266078   601.7233511800182
0.04364886838662332   585.6948544018708   585.7134845656788
0.04492845444033957   570.6359930339562   570.6569306904186
0.04624555213019635   556.5873573686422   556.6086557001861
0.04760126112654554   543.4565063835635   543.4760162765389
0.04899671333706607   531.1272334400151   531.1426579693672
0.05043307385181555   519.492396136816   519.501301269576
0.05191154191598653   508.4511464613243   508.45097698278215
0.053433351931179485   497.9097385477553   497.89783057881533
0.05499977448602865   487.75972541256556   487.73339994789137
0.05661211741704101   477.8592363698944   477.81596738684186
0.05827172690053434   468.06897493661444   468.00645013823737
0.05997998857658587   458.2220913936978   458.1385828532763
0.06173832870592997   448.14252697351867   448.03710779126754
0.0635482153607709   437.6523387963316   437.5251634142597
0.06541115965050462   426.5626776195604   426.41542827811116
0.06732871698337338   414.71260786541006   414.5485285301572
0.06930248836510605   401.9870149214943   401.8110535074463
0.07133412173562886   388.3215496873343   388.1402275555013
0.07342531334496233   373.75924488445946   373.580568427779
0.07557780916945323   358.40419035840785   358.23711143213944
0.07779340636952398   342.46055800990075   342.31378493432766
0.08007395479015682   326.17106826590884   326.0525774791535
0.08242135850536496   309.8272821894406   309.744021026294
0.08483757740794096   293.72467413764497   293.68176478013487
0.08732462884580919   278.1599467131415   278.1597401534312
0.08988458930634863   263.42835676286273   263.46983719895445
0.09251959615009227   249.79602119314333   249.87477969237682
0.09523184939525078   237.48227291623488   237.58953755498626
0.09802361355455057   226.65182492342637   226.77444587593658
0.10089721952591899   217.33455475414087   217.45684086319508
0.10385506653859616   209.46476971071874   209.56950139323126
0.10689962415629803   202.81176732126366   202.88133049134322
0.11003343433910281   197.06484768195682   197.08370009272983
0.11325911356578279   191.82789903545242   191.78648755319944
0.11657935501835284   186.68894374862828   186.58418964293622
0.11999693083066039   181.25503335687273   181.09137383323065
0.12351469440289359   175.20072139704465   174.99225887591993
0.12713558278394044   168.32642551514618   168.0949107330283
0.13086261912358757   160.5881654340589   160.3597827561083
0.13469891519660646   152.1177463422358   151.91953689329583
0.13864767400083483   143.1949607215675   143.05093775017593
0.14271219243142114   134.20346700657907   134.12971724695916
0.14689586403346616   125.58545345204058   125.58611721862137
0.1512021818353596   117.77745809029315   117.84245781775773
0.15563474126517718   111.10295084605485   111.20746401362528
0.16019724315257297   105.65956448023874   105.77086417253344
0.1648934968186736   101.2997257881386   101.38441737328304
0.1697274232565544   97.70834101798611   97.73939105905987
0.17470305840495237   94.49358433439559   94.45678232713162
0.17982455651794954   91.23406408313654   91.13204035464857
0.18509619363343993   87.5474544677096   87.40528490934645
0.19052237114327647   83.24052458582645   83.0974348549736
0.19610761946807834   78.414364248366   78.30829584493512
0.20185660183976684   73.38878338010964   73.34627599930555
0.20777411819498756   68.54704535322851   68.57595409633606
0.21386510918267082   64.23357210131324   64.31713781531525
0.22013466028907505   60.65458096136485   60.76160885637307
0.22658800608375756   57.77870903186228   57.86920844344845
0.23323053459001789   55.36451505675775   55.41256911148276
0.2400677917834628   53.075203803612034   53.07705177016496
0.24710548622244882   50.600941583480406   50.579029659565556
0.25434949381426813   47.82222916700805   47.81314032238084
0.2618058627210567   44.86489608869875   44.89903246992039
0.2694808184095226   41.9745398643362   42.06160364529928
0.27738076884870827   39.38794645954029   39.51387895753698
0.2855123098601282   37.21842471866453   37.35298336435061
0.29388223062474755   35.37612310401951   35.49366993592431
0.3024975193514008   33.65596950619912   33.7504430327099
0.31136536911138296   31.880797583371685   31.969845464390048
0.3204931838440838   30.00249474250233   30.11143291004072
0.32988858453867975   28.128874996058908   28.27072324600917
0.3395594155970457   26.407811032689217   26.57580185513444
0.34951375138319807   24.90134129495746   25.07680619983169
0.3597599029647371   23.558519569106057   23.726582277968568
0.37030642505191835   22.267355453574055   22.430129360112705
0.3811621231401457   20.963335952505716   21.134722449914747
0.3923360608618501   19.678005106718686   19.86774881624111
0.4038375675538918   18.481468653165532   18.685655401014817
0.41567624604680364   17.402094672280366   17.6099697969236
0.42786198068238046   16.403323047472462   16.609573567076502
0.4404049455663077   15.437246059585261   15.645978310151405
0.4533156130627191   14.496233597389937   14.714090049704781
0.4666047625377753   13.610162304735569   13.836401907170341
0.4802834893595659   12.793205836023912   13.022369406592015
0.49436321416184764   12.029052293497243   12.258989273276221
0.5088556923793517   11.297760836614312   11.530834496561809
0.5237730240626238   10.601539318521247   10.83942778829559
0.5391276639805903   9.950586080272155   10.191522183247093
0.5549324320192869   9.34197569376074   9.584027868641147
0.5712005238854289   8.766014031600145   9.009726671527895
0.5879455221237613   8.220828936353431   8.466909584541213
0.6051814074573895   7.709338811218747   7.9569468201273095
0.622922570460556   7.229188810112483   7.477524983410377
0.6411838235736077   6.77730610977821   7.026119527010187
0.6599804134701901   6.351929206367906   6.601138154241006
0.6793280337869897   5.951698646701733   6.201168822550589
0.6992428382266549   5.575310663724098   5.824862478608408
0.7197414540448374   5.221510814532026   5.470929661627556
0.7408409959326054   4.889093924555993   5.138139176380605
0.7625590803058332   4.576903812223163   4.825316655758625
0.7849138400134885   4.283828121156748   4.531340557300522
0.8079239394770964   4.0087683538111305   4.2551250163724355
0.8316085902740278   3.750667349465011   3.9956328525170473
0.8559875671776167   3.5085266207033765   3.75188349484069
0.8810812246675007   3.281403409970232   3.5229503139526126
0.9069105139239728   3.0684077709491873   3.307957988918734
0.9334970003205227   2.8686997911826984   3.1060799730067
0.960862881429187   2.681486950095743   2.9165360575025865
0.9890310055537336   2.506023154498544   2.738591449648571
1.0180248908061487   2.341609209517645   2.5715571947095794
1.047868744742366   2.187585462240958   2.4147834294721027
1.0785874845736239   2.043328718623761   2.26765645934548
1.1102067579703248   1.9082504572000023   2.1295970064159166
1.1427529644757777   1.7817951126779044   2.000058517349798
1.1762532775476793   1.663438428067709   1.87852553158169
1.210735667245765   1.5526858617127377   1.7645121207410566
1.246228923584555   1.449070473123215   1.6575609142365761
1.2827626805706884   1.3521513958614861   1.5572417349517351
1.3203674409449337   1.261513439569866   1.4631493307864074
1.3590746016495152   1.1767657829855518   1.3749020149586817
1.3989164800420282   1.0975406482846561   1.292140433130451
1.4399263408778291   1.0234920397417322   1.2145263811710463
1.4821384240834183   0.9542945441586551   1.14174167287137
1.525587973344019   0.8896421885740352   1.0734870827087946
1.5703112655292182   0.8292473349802058   1.009481597744611
1.6163456409812174   0.7728396663472086   0.9494612463754951
1.6637295346910133   0.7201652286849561   0.8931779122727714
1.7125025083885144   0.6709855028671902   0.8403984506404111
1.7627052835733923   0.62507652404859   0.7909038506158009
1.814379775514258   0.5822280469521254   0.7444884374552844
1.8675691282445197   0.5422427549634842   0.7009591133402032
1.922317750584177   0.5049354753700733   0.6601348196413374
1.9786713532176083   0.4701323473583864   0.6218465031614938
2.0366769868582977   0.43767031444594656   0.5859356520935675
2.0963830815323896   0.4073965434568698   0.55225339448835
2.1578394870138577   0.37916781373744585   0.5206599552433384
2.2210975144450407   0.35284994058112795   0.4910241388919951
2.286209979177315   0.32831723113403094   0.46322283738369097
2.3532312448676476   0.3054519716475229   0.43714055595496765
2.4222172688678643   0.28414403933843885   0.41266785906262365
2.4932256489445366   0.26429051846086754   0.3897000126394618
2.5663156713684585   0.2457950478222009   0.36813906997262014
2.641548360413907   0.22856739806930967   0.3478937312298395
2.7189865293089923   0.21252310262716367   0.3288788781985315
2.798694832679631   0.19758310912999955   0.3110151423589769
2.8807398205309562   0.1836734503445539   0.29422850386263405
2.9651899938111903   0.17072491510924426   0.27845003827576903
3.05211586160442   0.15867237319374508   0.26361808664420716
3.1415899999999994   0.14745463631511985   0.24967727006409582
