0.01   2433.992533204159   2433.8807497123635
0.010293154462191829   2460.5951254714055   2460.482208321496
0.010594902878253955   2486.197044847271   2486.083275982931
0.010905497183778876   2510.720253463615   2510.6056607380906
0.011225196699963396   2534.0859608476344   2533.9703577467126
0.011554268350120923   2556.212820692397   2556.0960678957817
0.011892986882540897   2577.0188363648017   2576.9009338262135
0.012241635099881474   2596.422360162262   2596.3034467721805
0.012600504095286909   2614.338790068496   2614.2190114246446
0.012969893495426888   2630.6805667224   2630.5599290198666
0.013350111710660605   2645.3613416939284   2645.23970102726
0.013741476192534558   2658.2956258720246   2658.172744985816
0.014144313698828986   2669.3967700988323   2669.272525891272
0.01455896056637426   2678.5800803606057   2678.4545121773826
0.014985762991865008   2685.763801638415   2685.637097052155
0.01542507732090645   2690.8661493063973   2690.738409712387
0.015877270345534218   2693.8068084055103   2693.677874209987
0.016342719610456153   2694.5101980717013   2694.37964452637
0.016821813728271667   2692.9052417872194   2692.7724639787807
0.017314952703931925   2688.924795143945   2688.7892040749507
0.017822548268711737   2682.5080076505888   2682.369060998903
0.01834502422397195   2673.601324715285   2673.458522100625
0.018882816794999403   2662.159962287264   2662.0127800097675
0.019436374995219892   2648.1479225700073   2647.995783653942
0.02000616100108813   2631.5380336238045   2631.380313343882
0.020592650537967844   2612.315922010672   2612.151957179255
0.021196333277324068   2590.4823229462672   2590.3114233172973
0.02181771324555934   2566.0481086214727   2565.8695646566894
0.022457309244835088   2539.0368203194894   2538.8499593077686
0.02311565528622961   2509.4970547993553   2509.3015069104454
0.023793301035594242   2477.491667883866   2477.2874454797316
0.024490812272480036   2443.092990920229   2442.88047383614
0.025208771362518027   2406.4008115500296   2406.180745306302
0.0259477777436476   2367.5421818030563   2367.3156722646104
0.02670844842659881   2326.6501561624846   2326.418642176392
0.027491418510046592   2283.873631578625   2283.638916702508
0.028297341710866907   2239.4048530948207   2239.169287119914
0.029126890909937666   2193.4433528592285   2193.2098210233607
0.029980758713939952   2146.1884069356083   2145.9602623024944
0.030859658033628758   2097.8799005220467   2097.6608660708844
0.031764322679055976   2048.7811859943126   2048.5752683081982
0.03269550797224261   1999.1423698205695   1998.9537994407594
0.033653991377811755   1949.220990737888   1949.054091303258
0.03464057315210884   1899.3086219348327   1899.167593779513
0.03565607701135116   1849.6805164610391   1849.5693957999392
0.036701350819364466   1800.5937409480237   1800.5163135835282
0.03777726729548091   1752.333452668675   1752.2925882401591
0.038884724743189276   1705.181820021179   1705.1792239835615
0.04002464780014597   1659.389922200233   1659.4262575327318
0.041197988210172884   1615.1562922882601   1615.2309471100768
0.04240572561788674   1572.6182502428196   1572.728928053059
0.04364886838662332   1531.8918082468863   1532.0346737485
0.04492845444033957   1493.0862987085507   1493.255794875056
0.04624555213019635   1456.3458761569575   1456.532939945464
0.04760126112654554   1421.8142347401063   1422.0059766219792
0.04899671333706607   1389.6001331363377   1389.7802935986601
0.05043307385181555   1359.5111512031863   1359.6620774587775
0.05191154191598653   1331.1460114924168   1331.2500654641706
0.053433351931179485   1304.1314938057492   1304.1710783184376
0.05499977448602865   1278.1570397994624   1278.1146412841845
0.05661211741704101   1252.9623550787194   1252.820605367642
0.05827172690053434   1228.289046572431   1228.0311004031362
0.05997998857658587   1203.7717985253548   1203.3835962454853
0.06173832870592997   1179.0194874289064   1178.4907092865585
0.0635482153607709   1153.6173559483623   1152.943427572412
0.06541115965050462   1127.0808353468365   1126.266687847145
0.06732871698337338   1098.9636789306874   1098.0243838358813
0.06930248836510605   1068.864426580738   1067.8286897822393
0.07133412173562886   1036.4579976327711   1035.3681808581339
0.07342531334496233   1001.6624393361056   1000.5719679036896
0.07557780916945323   964.5813771209082   963.5519041296164
0.07779340636952398   925.5449752946028   924.643506191013
0.08007395479015682   885.0650924496331   884.3608223285321
0.08242135850536496   843.8016300220596   843.3581492358045
0.08483757740794096   802.4990097418463   802.3685378264984
0.08732462884580919   761.9103428585233   762.1299728933195
0.08988458930634863   722.75233546416   723.341658284149
0.09251959615009227   685.7379045419923   686.6918544284274
0.09523184939525078   651.5088305169054   652.7954973918075
0.09802361355455057   620.6408581793268   622.1985518350981
0.10089721952591899   593.4960850668735   595.2367887118849
0.10385506653859616   570.1586664086425   571.9682243522267
0.10689962415629803   550.4013323093874   552.1548402941529
0.11003343433910281   533.609063482435   535.1905616632212
0.11325911356578279   518.9300829224751   520.2462367614963
0.11657935501835284   505.3422049211697   506.3357717113909
0.11999693083066039   491.79903524363533   492.4673590008135
0.12351469440289359   477.3440482303415   477.7433983184241
0.12713558278394044   461.21385783246205   461.45503986379424
0.13086261912358757   442.992039606624   443.2428375050764
0.13469891519660646   422.6549694521495   423.1198383009302
0.13864767400083483   400.615022181981   401.4903173147546
0.14271219243142114   377.61001430922636   379.056209937765
0.14689586403346616   354.5928996949284   356.71314883822436
0.1512021818353596   332.63759380378934   335.4536156375872
0.15563474126517718   312.8162372064019   316.24057934532345
0.16019724315257297   295.89532924995086   299.75239994320526
0.1648934968186736   282.04295280461645   286.098407603215
0.1697274232565544   270.7983743422857   274.8237922429098
0.17470305840495237   261.3075451267633   265.14054313289745
0.17982455651794954   252.60355183367884   256.1664696871556
0.18509619363343993   243.69778444470646   247.02954393327457
0.19052237114327647   233.6993292121557   236.9595758652259
0.19610761946807834   222.2028618705461   225.6446015865477
0.20185660183976684   209.55450703963703   213.4305317563792
0.20777411819498756   196.59572633869195   201.03865872474117
0.21386510918267082   184.23208557712152   189.2494571139753
0.22013466028907505   173.21622596017838   178.6906671010028
0.22658800608375756   163.97868250498487   169.66976308654688
0.23323053459001789   156.37675374017613   162.04802415413286
0.2400677917834628   149.8032747416913   155.30221946703227
0.24710548622244882   143.47352838133096   148.7848534615093
0.25434949381426813   136.7023719005339   141.94541105756574
0.2618058627210567   129.27829572748888   134.679825326506
0.2694808184095226   121.5599362866795   127.25385235082844
0.27738076884870827   114.10735357796115   120.11817464940879
0.2855123098601282   107.41080608678942   113.6327161530979
0.29388223062474755   101.67875975282233   107.94434407290721
0.3024975193514008   96.66526597696662   102.82467035629128
0.31136536911138296   91.9108605844594   97.95174435305337
0.3204931838440838   87.0652791304015   93.07289392275297
0.32988858453867975   82.06008390267412   88.1542931335776
0.3395594155970457   77.14878840784269   83.3771337978772
0.34951375138319807   72.6297830728355   78.94342347776129
0.3597599029647371   68.59297784811518   74.89726054515103
0.37030642505191835   64.9131670812072   71.13942536805365
0.3811621231401457   61.36619555353702   67.52957080409233
0.3923360608618501   57.842511364937984   64.00459355291996
0.4038375675538918   54.419668403255976   60.611219321068056
0.41567624604680364   51.225922949600886   57.42322418422133
0.42786198068238046   48.29699417286863   54.45375521984684
0.4404049455663077   45.55371063048531   51.65019691351668
0.4533156130627191   42.91446478729327   48.96851269158099
0.4666047625377753   40.37158588259884   46.402315282660844
0.4802834893595659   37.97766924941875   43.97700434400907
0.49436321416184764   35.74693885200592   41.69530159923209
0.5088556923793517   33.646735231743634   39.53646866512515
0.5237730240626238   31.645138115806244   37.48277426940599
0.5391276639805903   29.74686893533203   35.53505863746143
0.5549324320192869   27.964235730605917   33.69539721880052
0.5712005238854289   26.28795761498866   31.955936202409898
0.5879455221237613   24.702223343364032   30.307778322535782
0.6051814074573895   23.2034076470596   28.74667743313612
0.622922570460556   21.793110746092957   27.270611398270425
0.6411838235736077   20.465294748720535   25.87443379011942
0.6599804134701901   19.212756708711932   24.55292733176259
0.6793280337869897   18.032812024426477   23.302762669511065
0.6992428382266549   16.922016400984734   22.12032369319532
0.7197414540448374   15.876523928257992   21.001984690524083
0.7408409959326054   14.89268830415152   19.944301827570843
0.7625590803058332   13.967055457345303   18.94400613645553
0.7849138400134885   13.096354048291682   17.997995860570693
0.8079239394770964   12.277486406185318   17.103329015237225
0.8316085902740278   11.50752027067913   16.257216154980835
0.8559875671776167   10.783697902137199   15.45701269970439
0.8810812246675007   10.103429879735172   14.700212053497607
0.9069105139239728   9.464259975401108   13.984440125587671
0.9334970003205227   8.863857363186844   13.307449072033888
0.960862881429187   8.300011232395388   12.667111187248372
0.9890310055537336   7.770625553867809   12.061413029362974
1.0180248908061487   7.273714001486569   11.488449776721046
1.047868744742366   6.8073946889423285   10.946418575014441
1.0785874845736239   6.369880330426091   10.433594494438413
1.1102067579703248   5.959476199761007   9.948333287053266
1.1427529644757777   5.574580784379466   9.489084959736378
1.1762532775476793   5.213681271433004   9.054388922134514
1.210735667245765   4.875349069158311   8.64286884748205
1.246228923584555   4.558235523139537   8.253227821128725
1.2827626805706884   4.261067821224982   7.884243761708335
1.3203674409449337   3.9826451277382144   7.5347614303110655
1.3590746016495152   3.721835146709915   7.203663920619226
1.3989164800420282   3.4775702688660184   6.889889023941102
1.4399263408778291   3.2488439800558098   6.59244057384616
1.4821384240834183   3.034707637640783   6.310384182241285
1.525587973344019   2.8342673979404966   6.042843173514719
1.5703112655292182   2.6466812878931916   5.788994800144539
1.6163456409812174   2.4711564155518886   5.548066719423497
1.6637295346910133   2.30694617400696   5.319327532997843
1.7125025083885144   2.153347320932729   5.10206507538312
1.7627052835733923   2.009698145732455   4.895606709740114
1.814379775514258   1.8753763374281247   4.699323885299474
1.8675691282445197   1.749796779720527   4.512628972580788
1.922317750584177   1.632409459017929   4.33497234401689
1.9786713532176083   1.5226974804067954   4.165839679776623
2.0366769868582977   1.420175186248254   4.004749440471496
2.0963830815323896   1.3243862461228328   3.851239074853768
2.1578394870138577   1.2349018442989939   3.7048495561931034
2.2210975144450407   1.1513193996198319   3.565150100875579
2.286209979177315   1.0732610836367336   3.431740043656008
2.3532312448676476   1.0003723706566876   3.3042465304121738
2.4222172688678643   0.9323206674172199   3.182322406665094
2.4932256489445366   0.8687940183996017   3.0656442838424565
2.5663156713684585   0.8094998904587288   2.9539107505007043
2.641548360413907   0.7541643204053269   2.8468400545169117
2.7189865293089923   0.7025308287758963   2.744168479141416
2.798694832679631   0.654358922486956   2.645649977018633
2.8807398205309562   0.6094231207608268   2.551054963735015
2.9651899938111903   0.5675120680745903   2.4601691377403982
3.05211586160442   0.5284276955302896   2.372792394594816
3.1415899999999994   0.49198442831553146   2.288737827205645
