0.01   3151.2580054130667   3151.136553399142
0.010293154462191829   3180.984063608704   3180.8611586187963
0.010594902878253955   3209.2402867256305   3209.116038809543
0.010905497183778876   3235.925036788916   3235.799664804052
0.011225196699963396   3260.93553137528   3260.809310749681
0.011554268350120923   3284.165264490095   3284.0383615350765
0.011892986882540897   3305.5079122464626   3305.380349110656
0.012241635099881474   3324.858043078284   3324.729705797975
0.012600504095286909   3342.105031352528   3341.9758152171285
0.012969893495426888   3357.1357812271845   3357.0056916226554
0.013350111710660605   3369.839976043461   3369.7091322676433
0.013741476192534558   3380.1079848210147   3379.9765507082875
0.014144313698828986   3387.8280715514015   3387.696099062842
0.01455896056637426   3392.8924806928553   3392.7598878497615
0.014985762991865008   3395.198045225092   3395.0646289228994
0.01542507732090645   3394.6396544273034   3394.505202538968
0.015877270345534218   3391.115184129974   3390.9795328870027
0.016342719610456153   3384.5304581962246   3384.393491985494
0.016821813728271667   3374.797033140357   3374.6585574002925
0.017314952703931925   3361.8310999060027   3361.690634474955
0.017822548268711737   3345.5591570402535   3345.415924240427
0.01834502422397195   3325.918857222917   3325.7718194928025
0.018882816794999403   3302.8572237441113   3302.705256892669
0.019436374995219892   3276.3335765017932   3276.1755398993187
0.02000616100108813   3246.3215971722398   3246.1563429638695
0.020592650537967844   3212.812258596736   3212.638599434719
0.021196333277324068   3175.814856656579   3175.63152637017
0.02181771324555934   3135.3547773779624   3135.160444762141
0.022457309244835088   3091.4771669912293   3091.2705073615743
0.02311565528622961   3044.2583317143726   3044.0382698002604
0.023793301035594242   2993.7939816511353   2993.5597532217844
0.024490812272480036   2940.1960025914645   2939.9471613479786
0.025208771362518027   2883.614577227263   2883.3512311834775
0.0259477777436476   2824.233690386806   2823.956692995035
0.02670844842659881   2762.247522839448   2761.958422933153
0.027491418510046592   2697.87543833328   2697.576516205765
0.028297341710866907   2631.394307248246   2631.0888051978523
0.029126890909937666   2563.0895975457815   2562.7816598572335
0.029980758713939952   2493.247950743707   2492.9425065474175
0.030859658033628758   2422.2169700591803   2421.9197733570586
0.031764322679055976   2350.374425899121   2350.092019633113
0.03269550797224261   2278.076260153441   2277.8158120783864
0.033653991377811755   2205.6913755113874   2205.4604386504293
0.03464057315210884   2133.641916369596   2133.4481137904877
0.03565607701135116   2062.3199003235413   2062.1708062352045
0.036701350819364466   1992.0874275312171   1991.9904528658344
0.03777726729548091   1923.3726183919846   1923.334616422538
0.038884724743189276   1856.602561794734   1856.629683771998
0.04002464780014597   1792.143627653408   1792.2413796535961
0.041197988210172884   1730.2874108244687   1730.4592561545749
0.04240572561788674   1671.2463710846882   1671.49155660046
0.04364886838662332   1615.1911900346115   1615.505119669883
0.04492845444033957   1562.2850787033733   1562.6598792720506
0.04624555213019635   1512.818922256042   1513.2439147847158
0.04760126112654554   1467.0983651583576   1467.560492592201
0.04899671333706607   1425.3654499605123   1425.8495465070625
0.05043307385181555   1387.4645397337745   1387.9523515762492
0.05191154191598653   1352.9418384205007   1353.4112169424964
0.053433351931179485   1321.379094956772   1321.8041866285996
0.05499977448602865   1292.3999995978472   1292.7510421533934
0.05661211741704101   1265.6639322608237   1265.9070992546478
0.05827172690053434   1240.836888715268   1240.9349348436049
0.05997998857658587   1217.4312564737345   1217.347324853288
0.06173832870592997   1194.9085163909294   1194.6079839871861
0.0635482153607709   1172.6824538667638   1172.1361902724204
0.06541115965050462   1150.0239083356792   1149.2151778065179
0.06732871698337338   1126.219345461911   1125.145435506125
0.06930248836510605   1100.500810545812   1099.1787476050492
0.07133412173562886   1072.1434683553891   1070.6115201056828
0.07342531334496233   1040.6303189477253   1038.945496303635
0.07557780916945323   1005.6435119967649   1003.878566306731
0.07779340636952398   967.1585434686291   965.4019704388068
0.08007395479015682   925.4343271094181   923.7889136042885
0.08242135850536496   881.0242248413371   879.599297336602
0.08483757740794096   834.7159310555335   833.6196908920241
0.08732462884580919   787.4470677458079   786.778975187701
0.08988458930634863   740.2137345917429   740.057958371766
0.09251959615009227   694.0974282455162   694.5111120589349
0.09523184939525078   650.1743513660148   651.1784609714981
0.09802361355455057   609.5572827592397   611.1239639030363
0.10089721952591899   573.1363911881224   575.1909470287917
0.10385506653859616   541.6239032702597   544.03645311121
0.10689962415629803   515.3481355980005   517.951637067319
0.11003343433910281   494.19034259550295   496.79828492278295
0.11325911356578279   477.6206566330981   480.03864796638476
0.11657935501835284   464.74476941295336   466.7827188534453
0.11999693083066039   454.3736438797097   455.8841432882293
0.12351469440289359   445.16981416071144   446.0684080843733
0.12713558278394044   435.6934340064363   435.9706279390134
0.13086261912358757   424.6166173184344   424.3630984699678
0.13469891519660646   410.8772524860986   410.29058619032924
0.13864767400083483   393.90605117944074   393.26064807616444
0.14271219243142114   373.7096855516894   373.32585742036633
0.14689586403346616   350.86748221793005   351.0649553314725
0.1512021818353596   326.490125870431   327.5303117221888
0.15563474126517718   302.14478166306947   304.17282562176405
0.16019724315257297   279.55957006135554   282.54552833317916
0.1648934968186736   260.14527429168464   263.89400950679743
0.1697274232565544   244.61790160621973   248.82398431875424
0.17470305840495237   232.92432117922485   237.22538229219742
0.17982455651794954   224.44896498305275   228.48454790287948
0.18509619363343993   218.16023436397543   221.66418213122347
0.19052237114327647   212.6089631438117   215.47349048336147
0.19610761946807834   206.18265920952888   208.52163069027276
0.20185660183976684   197.73590332771167   199.8717352430114
0.20777411819498756   187.04236921420576   189.37875814262463
0.21386510918267082   174.6715413719657   177.59219689474938
0.22013466028907505   161.75607378480007   165.4738307874242
0.22658800608375756   149.6821862644228   154.181737980614
0.23323053459001789   139.58482225431183   144.60040846252298
0.2400677917834628   131.8911377434729   137.05870757593127
0.24710548622244882   126.27361970409028   131.1885266263215
0.25434949381426813   121.77774815015516   126.22806123430466
0.2618058627210567   117.16534468943983   121.2006761811016
0.2694808184095226   111.57645933023538   115.45397980385403
0.27738076884870827   104.8978614367652   108.98204036649021
0.2855123098601282   97.65034767225775   102.1796493561677
0.29388223062474755   90.755711667614   95.74076240000845
0.3024975193514008   84.98566002223441   90.2064160189798
0.31136536911138296   80.47524133436174   85.63189776705836
0.3204931838440838   76.78785675799195   81.67027616989202
0.32988858453867975   73.20660356147984   77.82662302295536
0.3395594155970457   69.20396866678308   73.77302044837445
0.34951375138319807   64.82012578509827   69.53813667531296
0.3597599029647371   60.50143866186903   65.44014761239045
0.37030642505191835   56.699549108793015   61.746889173064524
0.3811621231401457   53.537382444042635   58.5119664962804
0.3923360608618501   50.738464477425055   55.54944883048645
0.4038375675538918   47.933159462665365   52.64558028462884
0.41567624604680364   45.00455481488414   49.73707582856911
0.42786198068238046   42.12408536772233   46.929534811456016
0.4404049455663077   39.52505127542275   44.34668279699053
0.4533156130627191   37.23764961353004   41.98393716434898
0.4666047625377753   35.10731717226067   39.760613758903965
0.4802834893595659   32.992594195611815   37.60678852973987
0.49436321416184764   30.92537861038375   35.537691060427505
0.5088556923793517   29.00942413091918   33.59973081336856
0.5237730240626238   27.268498200069164   31.797682760030714
0.5391276639805903   25.62940164768196   30.092163304451088
0.5549324320192869   24.04436649600698   28.465192232825345
0.5712005238854289   22.54096306774449   26.925006803758926
0.5879455221237613   21.148652592112892   25.478891669994436
0.6051814074573895   19.847839003211924   24.116702846118276
0.622922570460556   18.61009318840187   22.8233301497718
0.6411838235736077   17.441012194724983   21.60323948059678
0.6599804134701901   16.349168670400925   20.453131028673603
0.6793280337869897   15.32376759027597   19.367242970829366
0.6992428382266549   14.359114033012762   18.341892818119113
0.7197414540448374   13.451741270092741   17.37382871756153
0.7408409959326054   12.59865121362343   16.459923361893622
0.7625590803058332   11.79696413584209   15.59720643299639
0.7849138400134885   11.043916048738893   14.782858479867238
0.8079239394770964   10.336857708168154   14.01420466240966
0.8316085902740278   9.673253202004071   13.288708612239217
0.8559875671776167   9.050678173335701   12.603966424355258
0.8810812246675007   8.466797150844076   11.957694239664562
0.9069105139239728   7.919308691228421   11.347705095540265
0.9334970003205227   7.406021989568802   10.771927528427016
0.960862881429187   6.924873668366417   10.228406653689461
0.9890310055537336   6.4739206058971   9.715297989771992
1.0180248908061487   6.0513331562612835   9.23086156743535
1.047868744742366   5.655388740270814   8.773456315169193
1.0785874845736239   5.284465821390833   8.341534677573735
1.1102067579703248   4.937043881698103   7.933631691945671
1.1427529644757777   4.6117023014612055   7.548355133390946
1.1762532775476793   4.307102288433213   7.18439361752256
1.210735667245765   4.021980975620984   6.840513539017777
1.246228923584555   3.7551475292961007   6.515554475013866
1.2827626805706884   3.505479424532566   6.208424853029593
1.3203674409449337   3.271918883539445   5.9180978691403645
1.3590746016495152   3.0534694203141237   5.643607168054293
1.3989164800420282   2.849191090981548   5.384029085698282
1.4399263408778291   2.65819762918052   5.138479844717976
1.4821384240834183   2.4796555340331534   4.90613082482137
1.525587973344019   2.3127812328874993   4.686205913948306
1.5703112655292182   2.1568382697587416   4.477977991855772
1.6163456409812174   2.011134638823878   4.28076566045655
1.6637295346910133   1.875020256452038   4.093930202891758
1.7125025083885144   1.7478845629963111   3.9168713846892715
1.7627052835733923   1.6291542279085611   3.749010268970049
1.814379775514258   1.5182910187393397   3.5897952246555977
1.8675691282445197   1.414789787589927   3.4387112472194614
1.922317750584177   1.3181765441404059   3.2952774943211685
1.9786713532176083   1.2280066325435686   3.1590448111083878
2.0366769868582977   1.143863007545176   3.0295934487854006
2.0963830815323896   1.065354604981273   2.9065309603384826
2.1578394870138577   0.9921147544955741   2.789487125493408
2.2210975144450407   0.9237995230592303   2.678097936359762
2.286209979177315   0.8600865843834801   2.5720182623048515
2.3532312448676476   0.8006740226889395   2.4709272154469857
2.4222172688678643   0.7452790927468318   2.374526287941635
2.4932256489445366   0.693637051191015   2.2825376374815387
2.5663156713684585   0.6455000554424203   2.1947025173525723
2.641548360413907   0.6006361266713013   2.110779837418473
2.7189865293089923   0.558828294513317   2.0305440858551984
2.798694832679631   0.5198738693752045   1.9537827478846637
2.8807398205309562   0.48358320078741146   1.8802973514483088
2.9651899938111903   0.4497788057141986   1.809902874827533
3.05211586160442   0.4182946242279946   1.742426759689902
3.1415899999999994   0.3889753177871974   1.6777080043505017
