0.01   11969.507686148965   11966.48831824853
0.010293154462191829   12121.182568859209   12117.881718412327
0.010594902878253955   12269.212810976547   12265.60581648367
0.010905497183778876   12413.241283976386   12409.301622381021
0.011225196699963396   12552.892636247008   12548.590463779565
0.011554268350120923   12687.78643750751   12683.088481671517
0.011892986882540897   12817.533822973228   12812.40354426015
0.012241635099881474   12941.72742189963   12936.125623060687
0.012600504095286909   13059.954972792393   13053.839967639327
0.012969893495426888   13171.802218955105   13165.129829286416
0.013350111710660605   13276.835478743491   13269.558189796255
0.013741476192534558   13374.609408028373   13366.675829434846
0.014144313698828986   13464.682056089847   13456.037016364895
0.01455896056637426   13546.607864674212   13537.192196633421
0.014985762991865008   13619.929537722053   13609.67951139128
0.01542507732090645   13684.196874734824   13673.044315575435
0.015877270345534218   13738.968531448083   13726.840944833433
0.016342719610456153   13783.795151182392   13770.615041749172
0.016821813728271667   13818.234174606036   13803.918968663325
0.017314952703931925   13841.862315015223   13826.324760333015
0.017822548268711737   13854.268718730604   13837.416167992831
0.01834502422397195   13855.054138044465   13836.787450469303
0.018882816794999403   13843.84686061765   13824.060948159222
0.019436374995219892   13820.30616192225   13798.890706381158
0.02000616100108813   13784.122870328498   13760.962962650925
0.020592650537967844   13735.024791776605   13710.001832227257
0.021196333277324068   13672.781330242351   13645.774112334071
0.02181771324555934   13597.21955058007   13568.105885697612
0.022457309244835088   13508.225425534078   13476.883788193101
0.02311565528622961   13405.733423528463   13372.044220497188
0.023793301035594242   13289.747216721193   13253.595389313114
0.024490812272480036   13160.37754900823   13121.65762598695
0.025208771362518027   13017.795024800651   12976.412869077527
0.0259477777436476   12862.228700242125   12818.10302110217
0.02670844842659881   12694.054857361467   12647.123967293843
0.027491418510046592   12513.753323589219   12463.97909232715
0.028297341710866907   12321.843065489691   12269.21089447365
0.029126890909937666   12118.963383335305   12063.485076994832
0.029980758713939952   11905.941470352127   11847.660368866165
0.030859658033628758   11683.633024959774   11622.622976790832
0.031764322679055976   11452.93614133642   11389.300477276698
0.03269550797224261   11214.998056642291   11148.873540138675
0.033653991377811755   10971.037984207138   10902.593949627637
0.03464057315210884   10722.234569436803   10651.669106594572
0.03565607701135116   10469.883956854603   10397.420704805694
0.036701350819364466   10215.422518993544   10141.30729972432
0.03777726729548091   9960.203693260548   9884.700168097233
0.038884724743189276   9705.576504992932   9628.956783015507
0.04002464780014597   9453.178131865505   9375.697498413987
0.041197988210172884   9204.597207695786   9126.487223507385
0.04240572561788674   8961.250707375373   8882.718930301384
0.04364886838662332   8724.183901748382   8645.414389966716
0.04492845444033957   8494.136135191136   8415.290388662499
0.04624555213019635   8271.75043539841   8192.968179862846
0.04760126112654554   8057.874716997032   7979.234281658468
0.04899671333706607   7854.020367392176   7775.435151813256
0.05043307385181555   7661.657039394219   7582.8720724369
0.05191154191598653   7481.823798225045   7402.443088326929
0.053433351931179485   7313.657881635022   7233.243676573212
0.05499977448602865   7155.640860621412   7073.752704894564
0.05661211741704101   7006.371081148993   6922.567075801192
0.05827172690053434   6864.531346565304   6778.372524645314
0.05997998857658587   6728.892776162367   6639.94568995447
0.06173832870592997   6598.1445155041765   6506.005336031288
0.0635482153607709   6470.488192582116   6374.860618101498
0.06541115965050462   6344.1176374930565   6244.830490175783
0.06732871698337338   6216.966451110568   6114.065415374143
0.06930248836510605   6086.7302094037295   5980.565683239192
0.07133412173562886   5951.146012439986   5842.422325761629
0.07342531334496233   5807.750582710721   5697.683326940165
0.07557780916945323   5654.352513625677   5544.665372231652
0.07779340636952398   5489.358897680965   5382.305738939876
0.08007395479015682   5311.753354825061   5210.052874517005
0.08242135850536496   5121.884313255083   5028.58706820476
0.08483757740794096   4920.972705405191   4839.302423646739
0.08732462884580919   4711.537352516466   4644.568195313861
0.08988458930634863   4496.711009771074   4447.172580832847
0.09251959615009227   4280.324703498777   4250.398925345095
0.09523184939525078   4066.280506620948   4057.4660296153747
0.09802361355455057   3858.5620577770223   3871.451792556166
0.10089721952591899   3661.049369534853   3695.174576360186
0.10385506653859616   3477.397887980742   3531.1583879706764
0.10689962415629803   3310.5962757561306   3381.3007365640733
0.11003343433910281   3163.0174781753626   3246.903421015001
0.11325911356578279   3035.3914496094726   3127.899577646742
0.11657935501835284   2927.0804049953604   3023.129826976225
0.11999693083066039   2835.317052412024   2930.2608817924133
0.12351469440289359   2756.1347792322726   2846.2499912110598
0.12713558278394044   2684.276981692148   2767.1701574149115
0.13086261912358757   2614.258288251455   2689.2897954114305
0.13469891519660646   2540.713201007106   2609.3690678752423
0.13864767400083483   2459.1768525743587   2524.895959382239
0.14271219243142114   2366.722095211951   2434.437917965187
0.14689586403346616   2262.4772552810987   2338.0566760401207
0.1512021818353596   2148.004127009256   2237.8053234893173
0.15563474126517718   2026.858625432489   2135.913746360777
0.16019724315257297   1904.0556814873146   2035.10507794819
0.1648934968186736   1785.456269681956   1938.9438085500394
0.1697274232565544   1677.022151981902   1850.0261089018786
0.17470305840495237   1583.402759021483   1770.4223354970159
0.17982455651794954   1506.4199489592502   1700.3800062550729
0.18509619363343993   1444.5124416924525   1638.2380966259566
0.19052237114327647   1393.5471294307138   1581.6453385335947
0.19610761946807834   1348.2193669409523   1528.151460871585
0.20185660183976684   1302.8775520265306   1475.2962670147067
0.20777411819498756   1252.2510115918385   1421.2292884415515
0.21386510918267082   1193.2713842750798   1364.9964173938438
0.22013466028907505   1126.7982154255067   1307.4662674887045
0.22658800608375756   1057.0005696326623   1250.9433416341583
0.23323053459001789   989.1449662004343   1196.8717457725782
0.2400677917834628   928.0186088285784   1146.607736182114
0.24710548622244882   876.7074806403967   1100.641360623196
0.25434949381426813   835.2547448533652   1058.6150194032261
0.2618058627210567   800.5563810378026   1019.46137874326
0.2694808184095226   768.0940335000992   981.8278288364801
0.27738076884870827   733.4959012945761   944.5105593638415
0.2855123098601282   694.7121461479727   907.6326119489787
0.29388223062474755   653.1447503154247   871.3447723964728
0.3024975193514008   612.1334651709096   836.8621042975007
0.31136536911138296   574.9889254404827   804.0331826048538
0.3204931838440838   543.5347216942981   773.4775341093697
0.32988858453867975   516.8603800459093   744.6399714776243
0.3395594155970457   492.1916629418014   717.0974842558079
0.34951375138319807   466.977957313073   690.3146459497074
0.3597599029647371   440.3179391424885   664.5346723773923
0.37030642505191835   413.49547819527976   639.651280724714
0.3811621231401457   388.61243690530756   615.96045308374
0.3923360608618501   366.6924658993566   593.5258126788315
0.4038375675538918   347.18218830668695   572.2565832409504
0.41567624604680364   328.56768512265364   551.8617718030871
0.42786198068238046   309.82367097764103   532.2259356754732
0.4404049455663077   291.25605218630466   513.3335641949452
0.4533156130627191   273.8452997193786   495.32781214871784
0.4666047625377753   258.0728550198294   478.2097738876571
0.4802834893595659   243.51671801669255   461.89506454836993
0.49436321416184764   229.48130945475654   446.23508601605914
0.5088556923793517   215.78972692428636   431.16007359909537
0.5237730240626238   202.83068972556018   416.7616637801118
0.5391276639805903   190.84753401165636   403.0258417273663
0.5549324320192869   179.6497309955393   389.8889390502365
0.5712005238854289   168.94276507039268   377.270277559941
0.5879455221237613   158.72396847249968   365.1612121647097
0.6051814074573895   149.14060492549083   353.5737220557114
0.622922570460556   140.17463471439237   342.4805956274866
0.6411838235736077   131.68969652380304   331.81984353151245
0.6599804134701901   123.64461815502382   321.5768527873027
0.6793280337869897   116.08153970095903   311.74944439241847
0.6992428382266549   108.97555802284694   302.3032208633318
0.7197414540448374   102.28130627108364   293.21663352340425
0.7408409959326054   95.97173810810209   284.4720901141246
0.7625590803058332   90.02761299097567   276.04961095951023
0.7849138400134885   84.43048370717382   267.9304709810146
0.8079239394770964   79.16256770670016   260.09718089518293
0.8316085902740278   74.20674920704431   252.53340186544708
0.8559875671776167   69.54657811252997   245.2238671102545
0.8810812246675007   65.16626008737684   238.154297793949
0.9069105139239728   61.050342188203416   231.31069241738317
0.9334970003205227   57.18365246610409   224.67903271730074
0.960862881429187   53.55180229611445   218.2462203274006
0.9890310055537336   50.14118931554795   212.00009862654096
1.0180248908061487   46.93895716552156   205.929392464578
1.047868744742366   43.93295713537985   200.02365291290178
1.0785874845736239   41.11171162896944   194.27320654143406
1.1102067579703248   38.464385936901486   188.66908962710863
1.1427529644757777   35.98081560596108   183.20281835990636
1.1762532775476793   33.65142897560193   177.86645458602692
1.210735667245765   31.4671699366584   172.65270731872408
1.246228923584555   29.419472939489353   167.55489853169527
1.2827626805706884   27.500239639604697   162.5669293704348
1.3203674409449337   25.701816408240912   157.6832486230097
1.3590746016495152   24.01697269523205   152.8988231772162
1.3989164800420282   22.438875612176293   148.20927087557484
1.4399263408778291   20.961059116312263   143.61125536092138
1.4821384240834183   19.577421959727793   139.1019254913959
1.525587973344019   18.282213190062322   134.67873718320124
1.5703112655292182   17.07001361030936   130.3394354936114
1.6163456409812174   15.9357181043312   126.08203724657793
1.6637295346910133   14.87451879607767   121.90481412871652
1.7125025083885144   13.881889007475483   117.80628788868391
1.7627052835733923   12.953567812194601   113.7858215096084
1.814379775514258   12.085545485547156   109.84379498830997
1.8675691282445197   11.274049988216785   105.98064063887794
1.922317750584177   10.515533841361343   102.19675693992457
1.9786713532176083   9.806661632862387   98.49250450043013
2.0366769868582977   9.144298153057102   94.8682022366036
2.0963830815323896   8.525497133087192   91.32412377029658
2.1578394870138577   7.947490333196434   87.86056040030132
2.2210975144450407   7.407675358962172   84.47844757300638
2.286209979177315   6.90360766278205   81.17896826126344
2.3532312448676476   6.432993031549756   77.96307482799357
2.4222172688678643   5.99367882578467   74.8314914239787
2.4932256489445366   5.5836456727479655   71.78472386258335
2.5663156713684585   5.200999615130022   68.82306974643667
2.641548360413907   4.843964692642492   65.9466287866065
2.7189865293089923   4.510876871107368   63.15546273176061
2.798694832679631   4.20017956875302   60.4499784939528
2.8807398205309562   3.91041393840978   57.830423414498995
2.9651899938111903   3.640212217115356   55.296758157995534
3.05211586160442   3.388292367273728   52.848678585590335
3.1415899999999994   3.153453006693233   50.48563729136729
