0.01   16826.883998961046   16823.906289150294
0.010293154462191829   16998.731463154294   16995.484213823976
0.010594902878253955   17163.09053103505   17159.549663255435
0.010905497183778876   17319.389632944523   17315.52956650439
0.011225196699963396   17467.053472728465   17462.847117719557
0.011554268350120923   17605.475371641623   17600.893556569798
0.011892986882540897   17734.030900431073   17729.042036050407
0.012241635099881474   17852.100091022094   17846.670233702484
0.012600504095286909   17959.053523907194   17953.146261283433
0.012969893495426888   18054.236084845776   18047.812215790553
0.013350111710660605   18137.001236347554   18130.01885627696
0.013741476192534558   18206.714118984557   18199.12862069144
0.014144313698828986   18262.718782150132   18254.481650069138
0.01455896056637426   18304.362888125812   18295.421240417145
0.014985762991865008   18331.021941842544   18321.31879959585
0.01542507732090645   18342.082469749494   18331.556391446138
0.015877270345534218   18336.932609799067   18325.516935910327
0.016342719610456153   18314.999764765547   18302.62299478706
0.016821813728271667   18275.75427944668   18262.340323905926
0.017314952703931925   18218.68932824307   18204.15622010596
0.017822548268711737   18143.345196492988   18127.605124006317
0.01834502422397195   18049.32620877017   18032.286398238313
0.018882816794999403   17936.302344181924   17917.865748425993
0.019436374995219892   17804.013179559646   17784.079187288837
0.02000616100108813   17652.277141141978   17630.742774069826
0.020592650537967844   17481.00418226136   17457.765973549613
0.021196333277324068   17290.229150171814   17265.18714774918
0.02181771324555934   17080.08632768121   17053.14615353236
0.022457309244835088   16850.80319194348   16821.877522142775
0.02311565528622961   16602.778828407554   16571.79401426264
0.023793301035594242   16336.581169234238   16303.483531563623
0.024490812272480036   16052.861908535642   16017.618247326021
0.025208771362518027   15752.408261446448   15715.00885748216
0.0259477777436476   15436.285985704753   15396.754711903624
0.02670844842659881   15105.654963228431   15064.04994569774
0.027491418510046592   14761.729039140953   14718.140920461501
0.028297341710866907   14406.035910728833   14360.593252306646
0.029126890909937666   14040.324875758572   13993.196677959644
0.029980758713939952   13666.309314586437   13617.700274851806
0.030859658033628758   13285.798354750494   13235.946780016977
0.031764322679055976   12900.931676857708   12850.112070852327
0.03269550797224261   12513.782763210982   12462.300398889322
0.033653991377811755   12126.328383427188   12074.511139113316
0.03464057315210884   11741.010593141444   11689.186670971469
0.03565607701135116   11360.424803668853   11308.90853640816
0.036701350819364466   10986.879152206076   10935.968727377487
0.03777726729548091   10622.337185671455   10572.313160464444
0.038884724743189276   10268.371971128883   10219.496357945405
0.04002464780014597   9926.312895774212   9878.82910291164
0.041197988210172884   9597.433940705565   9551.553283584042
0.04240572561788674   9284.088003074214   9239.873920957183
0.04364886838662332   8988.923143512715   8946.250058692465
0.04492845444033957   8714.164790910665   8672.741806079825
0.04624555213019635   8460.432798881959   8419.838785597818
0.04760126112654554   8226.806836964077   8186.521493392015
0.04899671333706607   8012.359885165819   7971.7732689457625
0.05043307385181555   7815.949553140922   7774.359946175619
0.05191154191598653   7636.197450303576   7592.806997964952
0.053433351931179485   7471.766325968291   7425.689534584075
0.05499977448602865   7320.625431930472   7270.941430774217
0.05661211741704101   7180.399297843775   7126.18390558407
0.05827172690053434   7048.579929317177   6988.946485622851
0.05997998857658587   6921.94386234755   6856.159417106467
0.06173832870592997   6797.232672184296   6724.757561668361
0.0635482153607709   6670.475570992676   6591.150853756643
0.06541115965050462   6537.46721701253   6451.61652260649
0.06732871698337338   6394.071288147186   6302.6250329797695
0.06930248836510605   6236.305896679522   6140.908635201997
0.07133412173562886   6061.0477196261945   5964.085214588087
0.07342531334496233   5866.23192146172   5770.838887211677
0.07557780916945323   5651.351582105892   5561.200729896129
0.07779340636952398   5417.618162030276   5336.668608123547
0.08007395479015682   5167.824144034292   5100.175878331327
0.08242135850536496   4906.021850044004   4855.732156111007
0.08483757740794096   4637.344494530463   4607.964236620261
0.08732462884580919   4367.504021952954   4361.761697574059
0.08988458930634863   4102.989842178355   4122.482448017233
0.09251959615009227   3849.91673657625   3895.032743995982
0.09523184939525078   3614.7726557195842   3684.310111453896
0.09802361355455057   3402.8979925854237   3494.113683932646
0.10089721952591899   3218.552431389491   3326.9589785550916
0.10385506653859616   3063.8033881447354   3183.7704153344803
0.10689962415629803   2938.5511780213924   3063.8392851607973
0.11003343433910281   2840.0141299457123   2964.1980318069986
0.11325911356578279   2763.5817806726536   2880.5346544508343
0.11657935501835284   2702.59798647485   2807.603001491887
0.11999693083066039   2649.3511929600977   2739.6992144101027
0.12351469440289359   2595.47049050685   2670.8962657282264
0.12713558278394044   2532.8317808142824   2595.6622209269312
0.13086261912358757   2454.8744170250084   2510.688098441376
0.13469891519660646   2357.6325927641988   2414.5673636449687
0.13864767400083483   2240.6033053401115   2307.257362651633
0.14271219243142114   2106.9732543595974   2191.8404719087275
0.14689586403346616   1963.358125061028   2073.104538647087
0.1512021818353596   1819.031955881212   1956.7997858534648
0.15563474126517718   1684.2379243478647   1848.719700856522
0.16019724315257297   1567.6717650085382   1753.0895087595466
0.1648934968186736   1474.176533401408   1671.7717878285457
0.1697274232565544   1404.096315794336   1604.5118560726473
0.17470305840495237   1354.1025235977831   1547.1199665325694
0.17982455651794954   1317.9047018526942   1497.066763632286
0.18509619363343993   1286.5670077963491   1449.6080171912292
0.19052237114327647   1250.1343240953263   1399.8464718742796
0.19610761946807834   1201.156132501493   1345.3470320908448
0.20185660183976684   1137.53128769149   1286.871889153403
0.20777411819498756   1062.549857311811   1225.2903774986248
0.21386510918267082   983.412732274992   1164.2793439521051
0.22013466028907505   909.1406533774064   1107.1590115575123
0.22658800608375756   847.3373553806806   1056.4336518241446
0.23323053459001789   801.0394561121371   1012.1139347006887
0.2400677917834628   768.3396144710614   973.3266444599634
0.24710548622244882   743.045074651681   937.3228087150522
0.25434949381426813   716.9671164246381   901.3671409045063
0.2618058627210567   684.0428589931211   865.28318935335
0.2694808184095226   643.1214146289184   828.3004544000929
0.27738076884870827   597.8001122708188   791.6390807212612
0.2855123098601282   554.5676303617396   757.1452918362876
0.29388223062474755   518.9403445226527   725.2838916743816
0.3024975193514008   492.11242588177004   696.407921374845
0.31136536911138296   471.01394511721526   669.2974480437088
0.3204931838440838   450.3914774293921   643.328627045727
0.32988858453867975   426.29116528085757   617.7116668590681
0.3395594155970457   398.87359595431843   592.4673947871938
0.34951375138319807   371.55558419027153   568.394969984547
0.3597599029647371   347.9488990367087   545.8554715531027
0.37030642505191835   329.0685066393848   524.7827436964144
0.3811621231401457   312.7523933492517   504.79915989787605
0.3923360608618501   296.000699625613   485.58112242126373
0.4038375675538918   277.8008869613209   466.95829288793783
0.41567624604680364   259.6349312490246   449.05163640072755
0.42786198068238046   243.54054635252055   432.17235509767715
0.4404049455663077   229.8288022607995   416.2588635792705
0.4533156130627191   217.10699640697794   401.057493041982
0.4666047625377753   204.1158744448406   386.3796989234734
0.4802834893595659   191.16566191751846   372.2852107336548
0.49436321416184764   179.29032195591165   358.8927283572012
0.5088556923793517   168.7331488494562   346.2329013691581
0.5237730240626238   158.77888127746652   334.1161656783485
0.5391276639805903   148.9621962012025   322.4278770877817
0.5549324320192869   139.60499402484862   311.2710019686917
0.5712005238854289   131.05293882286708   300.6589377026359
0.5879455221237613   123.10009144259651   290.5192997804625
0.6051814074573895   115.45084958265919   280.76844334800126
0.622922570460556   108.20921057877132   271.43673698327274
0.6411838235736077   101.43761541199531   262.51305698901905
0.6599804134701901   95.08383438544767   253.95585408305118
0.6793280337869897   89.11882490943727   245.74464140357654
0.6992428382266549   83.51684438298167   237.8611901992956
0.7197414540448374   78.25413837547326   230.2883751624747
0.7408409959326054   73.30876708681035   223.01010087925076
0.7625590803058332   68.66045300365674   216.0112286927937
0.7849138400134885   64.29121518274921   209.27669974589006
0.8079239394770964   60.185807974203726   202.79071710024738
0.8316085902740278   56.32986889456429   196.53836230445472
0.8559875671776167   52.70966602349679   190.50575086183414
0.8810812246675007   49.31208451479662   184.6799593025168
0.9069105139239728   46.12461192950516   179.04895838580725
0.9334970003205227   43.135322580193574   173.60155185957487
0.960862881429187   40.3328556566011   168.32731019672488
0.9890310055537336   37.706231765113934   163.21619593634918
1.0180248908061487   35.244854973177034   158.2584935354192
1.047868744742366   32.938726511363605   153.44518481890435
1.0785874845736239   30.77842615300955   148.76792893000845
1.1102067579703248   28.755080452059737   144.21901938341708
1.1427529644757777   26.860332617041312   139.79134451196623
1.1762532775476793   25.086313943435968   135.47835095834645
1.210735667245765   23.425619037105122   131.27401671131983
1.246228923584555   21.871306471052602   127.1729017586615
1.2827626805706884   20.41685720849412   123.17008061459182
1.3203674409449337   19.056128375631012   119.26104660279152
1.3590746016495152   17.78333293752253   115.44168594054706
1.3989164800420282   16.593020808874865   111.70825477426732
1.4399263408778291   15.480060835577175   108.05735748238735
1.4821384240834183   14.43962361689361   104.48592609739379
1.525587973344019   13.467164063852152   100.99129372920677
1.5703112655292182   12.558400402521759   97.5716778496944
1.6163456409812174   11.709305284082529   94.22571504163442
1.6637295346910133   10.916094649624027   90.95217266290055
1.7125025083885144   10.175213908779634   87.74993793968929
1.7627052835733923   9.483324829652089   84.61800820478366
1.814379775514258   8.837293117466267   81.55548140430332
1.8675691282445197   8.234176650189337   78.56154686803248
1.922317750584177   7.671213857958061   75.63565801196877
1.9786713532176083   7.14581215791236   72.77795179370823
2.0366769868582977   6.655539700373484   69.98864636492499
2.0963830815323896   6.198116286208684   67.26787896856791
2.1578394870138577   5.771404352132488   64.61570674025427
2.2210975144450407   5.373400458875661   62.0321076978491
2.286209979177315   5.002227256583663   59.51698191438079
2.3532312448676476   4.656125913120242   57.07015499386569
2.4222172688678643   4.333450300689132   54.69166777184738
2.4932256489445366   4.032661077417215   52.382003346963174
2.5663156713684585   3.7523164149584334   50.14149627608213
2.641548360413907   3.4910658122559757   47.9702686389161
2.7189865293089923   3.247644613501586   45.8682439282235
2.798694832679631   3.020868830773335   43.8351608827189
2.8807398205309562   2.809630256345499   41.87058718566326
2.9651899938111903   2.612891666893499   39.973924614281565
3.05211586160442   2.4296773253363995   38.14418077905238
3.1415899999999994   2.2590698628153043   36.3799970912338
