0.01   3651.521205569831   3651.4191014478615
0.010293154462191829   3703.717327645197   3703.611013843254
0.010594902878253955   3754.93684769109   3754.8258675324046
0.010905497183778876   3805.0617271558244   3804.945553758066
0.011225196699963396   3853.9649688981785   3853.843108048112
0.011554268350120923   3901.5163304434604   3901.3883383327143
0.011892986882540897   3947.582917633467   3947.448390443768
0.012241635099881474   3992.024881786646   3991.8833317654066
0.012600504095286909   4034.6981993096406   4034.5489875535004
0.012969893495426888   4075.4576731823863   4075.3000058405655
0.013350111710660605   4114.153070974166   4113.986050900682
0.013741476192534558   4150.626457667364   4150.4491767441405
0.014144313698828986   4184.719403570003   4184.530955382466
0.01455896056637426   4216.273256358502   4216.072707971245
0.014985762991865008   4245.123841449299   4244.9100324644405
0.01542507732090645   4271.106471625657   4270.8779342715425
0.015877270345534218   4294.059396488495   4293.814356673161
0.016342719610456153   4313.819687196449   4313.556129699747
0.016821813728271667   4330.22259740742   4329.9383534990475
0.017314952703931925   4343.108778179791   4342.801540891497
0.017822548268711737   4352.3247541172095   4351.992030493929
0.01834502422397195   4357.72016047766   4357.35900916509
0.018882816794999403   4359.152413309561   4358.759380907865
0.019436374995219892   4356.489335950311   4356.06047995042
0.02000616100108813   4349.610263469382   4349.141212811992
0.020592650537967844   4338.4072297166285   4337.893251067516
0.021196333277324068   4322.786224019593   4322.222262178717
0.02181771324555934   4302.670946220288   4302.051742896618
0.022457309244835088   4278.01018994114   4277.330585805688
0.02311565528622961   4248.771465676944   4248.0264992282155
0.023793301035594242   4214.941124123871   4214.126101726115
0.024490812272480036   4176.543375575647   4175.654303978399
0.025208771362518027   4133.6353557869625   4132.669263540862
0.0259477777436476   4086.2920190483746   4085.2469682297337
0.02670844842659881   4034.6229307644307   4033.4982798178316
0.027491418510046592   3978.7978856386176   3977.5949413515223
0.028297341710866907   3919.0066406070737   3917.7286759637464
0.029126890909937666   3855.4567446831356   3854.1089387880334
0.029980758713939952   3788.4291873841935   3787.0190460059766
0.030859658033628758   3718.2460223543344   3716.783503566759
0.031764322679055976   3645.229601957964   3643.7268793236854
0.03269550797224261   3569.7471373916005   3568.218486069229
0.033653991377811755   3492.248317375637   3490.7101059920183
0.03464057315210884   3413.17448175737   3411.64489310028
0.03565607701135116   3332.9589870593663   3331.457620843528
0.036701350819364466   3252.110640423613   3250.657571366347
0.03777726729548091   3171.146730911572   3169.7620183670338
0.038884724743189276   3090.544394211693   3089.247919476255
0.04002464780014597   3010.7748487429485   3009.5851681066792
0.041197988210172884   2932.3167078017755   2931.2495685748263
0.04240572561788674   2855.6045263375295   2854.6729730153893
0.04364886838662332   2781.056355386464   2780.2697504183966
0.04492845444033957   2709.203966854974   2708.5617576056475
0.04624555213019635   2640.573448962733   2640.0640467335297
0.04760126112654554   2575.6171025166736   2575.2190265361833
0.04899671333706607   2514.508568813279   2514.1904884422797
0.05043307385181555   2457.226085750065   2456.9469786720083
0.05191154191598653   2403.732477805689   2403.442408071567
0.053433351931179485   2353.8406936776864   2353.4814234182268
0.05499977448602865   2307.259187870873   2306.76466316351
0.05661211741704101   2263.688518737203   2262.9857813007625
0.05827172690053434   2222.661879688237   2221.6749011894653
0.05997998857658587   2183.6644612839655   2182.3158427480794
0.06173832870592997   2146.124940746914   2144.3400371292264
0.0635482153607709   2109.3350186114512   2107.049634541405
0.06541115965050462   2072.578277152904   2069.7417827605705
0.06732871698337338   2034.9770145529505   2031.565952458857
0.06930248836510605   1995.634175527446   1991.657972926587
0.07133412173562886   1953.6260901915427   1949.1430688784858
0.07342531334496233   1908.0573786368861   1903.1838877325263
0.07557780916945323   1858.2297616834023   1853.1389162129612
0.07779340636952398   1803.6588990676507   1798.5774006968147
0.08007395479015682   1744.2437498225106   1739.4591911738723
0.08242135850536496   1680.2366071031042   1676.0948007959903
0.08483757740794096   1612.32639148953   1609.1846674613657
0.08732462884580919   1541.4911162769904   1539.6889324780566
0.08988458930634863   1469.0026691380747   1468.8584628783676
0.09251959615009227   1396.2719926891327   1398.059541825095
0.09523184939525078   1324.8451422737571   1328.7558729839984
0.09802361355455057   1256.2102063739842   1262.3350962955226
0.10089721952591899   1191.8956488689741   1200.1940645583506
0.10385506653859616   1133.1967154004037   1143.4948408555383
0.10689962415629803   1081.1832582168945   1093.1660661563153
0.11003343433910281   1036.3850602795053   1049.6099271548608
0.11325911356578279   998.8433154246916   1012.7627032463065
0.11657935501835284   967.8439325014211   981.9006542133129
0.11999693083066039   942.179464393128   955.856367784201
0.12351469440289359   920.1071674928335   932.9786574829717
0.12713558278394044   899.6107372705961   911.4458014154035
0.13086261912358757   878.5861447728823   889.4132342336695
0.13469891519660646   855.0527788351291   865.1749558746403
0.13864767400083483   827.4816732957271   837.4552000366061
0.14271219243142114   795.0543242160792   805.6640999537543
0.14689586403346616   757.8419021107007   770.0083790248626
0.1512021818353596   716.8406001671578   731.4140021475213
0.15563474126517718   673.8274960478278   691.4691760651162
0.16019724315257297   631.1319554537946   652.1419213512817
0.1648934968186736   591.2764036019117   615.4767998075333
0.1697274232565544   556.4360755828309   583.190570674936
0.17470305840495237   527.8457221526836   556.1487543251567
0.17982455651794954   505.4784449254476   534.1377358968645
0.18509619363343993   488.19327762811065   516.1744529919633
0.19052237114327647   474.10471183313257   500.6607275423048
0.19610761946807834   460.85700948918395   485.7329437189576
0.20185660183976684   445.98223722267454   469.6344565994747
0.20777411819498756   427.6780955724911   451.07077815708635
0.21386510918267082   405.6135121481495   429.9362763946763
0.22013466028907505   380.98364872860043   407.29686202375717
0.22658800608375756   355.8849734500538   384.689320936284
0.23323053459001789   332.63823365263244   363.72569536961555
0.2400677917834628   313.08366560590025   345.5286726427084
0.24710548622244882   297.84139668532487   330.4411099233956
0.25434949381426813   286.10187250171487   317.7456128647218
0.2618058627210567   276.02048531040913   306.19948468053354
0.2694808184095226   265.4379111806607   294.45866640517573
0.27738076884870827   252.84782553736457   281.58712848211263
0.2855123098601282   238.27459753251716   267.8623111779155
0.29388223062474755   222.98018669340087   254.0251384133463
0.3024975193514008   208.71563511882354   241.06036620001345
0.31136536911138296   196.81427715786322   229.6789190391163
0.3204931838440838   187.36641076902998   219.74555085428935
0.32988858453867975   179.28314474970958   210.67930354516022
0.3395594155970457   171.11467172311592   201.75140498164419
0.34951375138319807   161.96533399403737   192.53412935505733
0.3597599029647371   152.1102172338712   183.2354192529746
0.37030642505191835   142.62654453430684   174.390546779713
0.3811621231401457   134.4059807384482   166.31358615590193
0.3923360608618501   127.5150717197773   158.97662596207655
0.4038375675538918   121.22359014779816   152.0643805602976
0.41567624604680364   114.74207914081008   145.26132778044453
0.42786198068238046   107.95651750345274   138.5504049751905
0.4404049455663077   101.39367044007543   132.14529977470713
0.4533156130627191   95.556980412828   126.17232962951779
0.4666047625377753   90.40036169977881   120.60405430822303
0.4802834893595659   85.47612438507667   115.28491335529623
0.49436321416184764   80.50780737600479   110.127012782872
0.5088556923793517   75.67180431692654   105.18621166811093
0.5237730240626238   71.24357944553041   100.53497130593432
0.5391276639805903   67.21217229992538   96.14589998820102
0.5549324320192869   63.35226073418223   91.95486257339797
0.5712005238854289   59.58165019516875   87.93560732554188
0.5879455221237613   56.02109386223549   84.1157108088955
0.6051814074573895   52.735890869028545   80.50425974364792
0.622922570460556   49.63890618911158   77.06797463655049
0.6411838235736077   46.66453599597826   73.78331966338227
0.6599804134701901   43.857447960882546   70.65995181637255
0.6793280337869897   41.23343359827225   67.70139331453844
0.6992428382266549   38.756064164264764   64.88488235650341
0.7197414540448374   36.41528807794858   62.202098544830136
0.7408409959326054   34.20551244868558   59.64735997742736
0.7625590803058332   32.12114877716414   57.21516610376767
0.7849138400134885   30.15664352530635   54.90019925137414
0.8079239394770964   28.306490774104216   52.697308099077915
0.8316085902740278   26.564861056784306   50.6010185617677
0.8559875671776167   24.925683732599136   48.60555150335906
0.8810812246675007   23.383187402106042   46.705439441514145
0.9069105139239728   21.931913416493554   44.89554045460632
0.9334970003205227   20.56669943144116   43.17101724757751
0.960862881429187   19.2826638117602   41.527317655075
0.9890310055537336   18.07519084275554   39.96015647736842
1.0180248908061487   16.93992611498401   38.46547740200713
1.047868744742366   15.87281205818111   37.03932148346397
1.0785874845736239   14.870023632860361   35.677915966123685
1.1102067579703248   13.927929153060877   34.37772270145036
1.1427529644757777   13.043082096029892   33.13542226655235
1.1762532775476793   12.212213220413412   31.947899064187112
1.210735667245765   11.43222289808411   30.812227527947723
1.246228923584555   10.70017363282137   29.725658893494543
1.2827626805706884   10.013277005567168   28.685522465608077
1.3203674409449337   9.368881945891118   27.689128196526706
1.3590746016495152   8.764481424455571   26.733942901839825
1.3989164800420282   8.197707104791947   25.81760428588753
1.4399263408778291   7.666322340888964   24.937908472481553
1.4821384240834183   7.168215480416664   24.092798557449456
1.525587973344019   6.701393463650548   23.28035409151303
1.5703112655292182   6.263975771846843   22.498777268685167
1.6163456409812174   5.854189448882761   21.746325354859863
1.6637295346910133   5.470363045668913   21.021325332679687
1.7125025083885144   5.110920477052116   20.322219665793124
1.7627052835733923   4.774375996141446   19.64755954119816
1.814379775514258   4.4593294226814635   18.9959972746695
1.8675691282445197   4.1644615932570455   18.366279328760207
1.922317750584177   3.8885300252423827   17.757239886458702
1.9786713532176083   3.630364399365178   17.16777969540993
2.0366769868582977   3.3888615241537043   16.596812933054586
2.0963830815323896   3.162983185761017   16.043318297547575
2.1578394870138577   2.9517530244324606   15.506353148623724
2.2210975144450407   2.754253059939682   14.985048293902768
2.286209979177315   2.5696203968911275   14.47860317001995
2.3532312448676476   2.3970441017108612   13.986281378602396
2.4222172688678643   2.2357622635664036   13.507407977739502
2.4932256489445366   2.085060176948631   13.041438473154134
2.5663156713684585   1.9442678048366795   12.587977196616595
2.641548360413907   1.8127556374422378   12.146661171380268
2.7189865293089923   1.689932282208951   11.717149012180347
2.798694832679631   1.575242308514608   11.299119529343015
2.8807398205309562   1.4681642021115147   10.892270399374462
2.9651899938111903   1.3682084246677424   10.49631689791031
3.05211586160442   1.274915099255019   10.110977326471339
3.1415899999999994   1.1878487657355514   9.735867741609654
