0.01   13214.134061036351   13212.940701372776
0.010293154462191829   13305.958174427711   13304.711723914097
0.010594902878253955   13390.420963625702   13389.116879868883
0.010905497183778876   13467.13107132889   13465.763381172268
0.011225196699963396   13535.69403927133   13534.25594752468
0.011554268350120923   13595.700305411283   13594.185613297184
0.011892986882540897   13646.747841925617   13645.151183090496
0.012241635099881474   13688.444620651557   13686.761321687052
0.012600504095286909   13720.38808656228   13718.612675363356
0.012969893495426888   13742.180202622567   13740.305666683971
0.013350111710660605   13753.442541865334   13751.460354669285
0.013741476192534558   13753.80317973603   13751.70349219143
0.014144313698828986   13742.890106805784   13740.662039092666
0.01455896056637426   13720.357369694342   13717.989104990062
0.014985762991865008   13685.885383777122   13683.36410381568
0.01542507732090645   13639.161734048714   13636.47289110042
0.015877270345534218   13579.902405463583   13577.029569589633
0.016342719610456153   13507.863992156703   13504.789006719257
0.016821813728271667   13422.837692496043   13419.540757111894
0.017314952703931925   13324.651463620938   13321.11123430268
0.017822548268711737   13213.1829730191   13209.376796806973
0.01834502422397195   13088.364124705426   13084.268399808572
0.018882816794999403   12950.186927706709   12945.777736501712
0.019436374995219892   12798.701563584105   12793.955038743352
0.02000616100108813   12634.019098070889   12628.911768969836
0.020592650537967844   12456.344481892425   12450.854361008838
0.021196333277324068   12265.967676090733   12260.07512094404
0.02181771324555934   12063.236299819146   12056.924236240007
0.022457309244835088   11848.5922945622   11841.848218709863
0.02311565528622961   11622.624084414207   11615.44456861488
0.023793301035594242   11385.976986486618   11378.367955624068
0.024490812272480036   11139.351245953254   11131.327647716273
0.025208771362518027   10883.635974215236   10875.2231218157
0.0259477777436476   10619.818595587998   10611.052298521481
0.02670844842659881   10348.889405138802   10339.814878522655
0.027491418510046592   10071.968674627426   10062.641963426557
0.028297341710866907   9790.38047624796   9780.87133704212
0.029126890909937666   9505.412990983996   9495.803202116274
0.029980758713939952   9218.34154254684   9208.722583468714
0.030859658033628758   8930.686629218635   8921.156628949097
0.031764322679055976   8643.96583976801   8634.627318224242
0.03269550797224261   8359.56413868416   8350.52218026908
0.033653991377811755   8078.962324131149   8070.319058388215
0.03464057315210884   7803.751354623335   7795.600471899111
0.03565607701135116   7535.336420618107   7527.763076301242
0.036701350819364466   7274.983883025472   7268.061910708226
0.03777726729548091   7023.992573311579   7017.772693669048
0.038884724743189276   6783.513153440868   6778.022711767348
0.04002464780014597   6554.5073531397165   6549.752020481898
0.041197988210172884   6337.803768395513   6333.743331887565
0.04240572561788674   6134.110596046876   6130.642318453764
0.04364886838662332   5944.006547642583   5940.972797026895
0.04492845444033957   5767.772637196546   5764.969334078368
0.04624555213019635   5605.106709881073   5602.292626837134
0.04760126112654554   5455.633633771123   5452.534425837324
0.04899671333706607   5318.838511661666   5315.149348878303
0.05043307385181555   5193.106459052591   5188.496778060363
0.05191154191598653   5076.499602361887   5070.615886749955
0.053433351931179485   4967.2483855228675   4959.719130209171
0.05499977448602865   4863.7244327533945   4854.184764843083
0.05661211741704101   4764.425684689058   4752.527867169313
0.05827172690053434   4667.695293555623   4653.133197463577
0.05997998857658587   4571.064659234213   4553.656633620091
0.06173832870592997   4472.04614674064   4451.75306617521
0.0635482153607709   4367.94812283352   4344.94196792476
0.06541115965050462   4255.919398480969   4230.64754890466
0.06732871698337338   4133.602447892519   4106.781261375856
0.06930248836510605   3999.472290960414   3972.0921897761286
0.07133412173562886   3852.7028192716275   3825.9855044266405
0.07342531334496233   3694.0817023968148   3669.4240126421205
0.07557780916945323   3525.207796935129   3504.1049435492023
0.07779340636952398   3348.8615838979645   3332.778909328104
0.08007395479015682   3168.2580294203426   3158.545708213361
0.08242135850536496   2986.8175151233413   2984.631155165072
0.08483757740794096   2807.9281574006136   2814.1641587750387
0.08732462884580919   2635.4603847727735   2650.584830213477
0.08988458930634863   2473.1278519115613   2497.1236435203773
0.09251959615009227   2324.6314273623348   2356.900997621278
0.09523184939525078   2192.868445600606   2232.1957256957467
0.09802361355455057   2079.954011318326   2124.489316515757
0.10089721952591899   1986.220699511797   2033.7483780669784
0.10385506653859616   1910.4574907092708   1958.591729344555
0.10689962415629803   1849.8678273407527   1896.3566309061457
0.11003343433910281   1800.5099792720378   1843.4609183328241
0.11325911356578279   1757.675188031932   1795.7885831602548
0.11657935501835284   1716.4220286741227   1749.1934295354718
0.11999693083066039   1671.8464182353885   1699.8748865207085
0.12351469440289359   1619.8970561656324   1644.7911816577262
0.12713558278394044   1557.84305944515   1582.019628128136
0.13086261912358757   1485.0053631159774   1511.5626405662842
0.13469891519660646   1402.5203699986487   1434.7035654174695
0.13864767400083483   1313.1941579850952   1353.7834973182153
0.14271219243142114   1221.4015445646764   1272.3155889271613
0.14689586403346616   1132.785200019765   1194.3773094776218
0.1512021818353596   1052.9800151346562   1123.8339460579675
0.15563474126517718   985.9980463168323   1063.2825490723271
0.16019724315257297   932.8171910745787   1012.9039435500392
0.1648934968186736   891.8708762411046   971.240050103972
0.1697274232565544   860.3095839449762   935.9347169797301
0.17470305840495237   834.1592748953511   904.1685271644993
0.17982455651794954   808.3170632880934   872.7193834208207
0.18509619363343993   777.8860426153815   838.7463496965382
0.19052237114327647   740.4569767611938   801.0690862713752
0.19610761946807834   696.884032554184   760.6183288685579
0.20185660183976684   650.0182966889037   719.4291690596528
0.20777411819498756   603.7451157445885   679.5482808133858
0.21386510918267082   562.1648298200814   643.1912580781801
0.22013466028907505   527.8748860839689   611.4319323820997
0.22658800608375756   501.0049428663213   583.9549910682994
0.23323053459001789   479.64378458283244   559.6810903234847
0.2400677917834628   460.3479292763018   536.7319892705659
0.24710548622244882   439.59656674826414   513.5459514328127
0.25434949381426813   415.92330403111265   489.73041182083296
0.2618058627210567   390.03041678512096   465.7894950581956
0.2694808184095226   363.9109529367689   442.45105927584405
0.27738076884870827   340.15587341307025   420.82835642504006
0.2855123098601282   320.2148421473621   401.24596315838966
0.29388223062474755   303.59215228807017   383.3222206442006
0.3024975193514008   288.66997003347984   366.44152671965725
0.31136536911138296   273.6031940418688   349.98300375447576
0.3204931838440838   257.59035482346985   333.94283799052715
0.32988858453867975   241.3588717320531   318.33847276299474
0.3395594155970457   226.11828901905932   303.6087071182833
0.34951375138319807   212.6531658267915   289.8754923663249
0.3597599029647371   200.7956767454548   277.007624195372
0.37030642505191835   189.66211745471995   264.7531320733582
0.3811621231401457   178.57077822603384   252.97595006005918
0.3923360608618501   167.59090917636257   241.7091304703878
0.4038375675538918   157.20940047468332   230.9903979820438
0.41567624604680364   147.76730630340117   220.8958370163681
0.42786198068238046   139.10116578056326   211.33908403725283
0.4404049455663077   130.84356743535045   202.22877236360844
0.4533156130627191   122.84352996701975   193.5431617840203
0.4666047625377753   115.25245786535949   185.28061830023591
0.4802834893595659   108.20760632251623   177.44818190528187
0.49436321416184764   101.64806667374967   170.018154927757
0.5088556923793517   95.42603234131184   162.9431750800767
0.5237730240626238   89.50994248327383   156.20434720383128
0.5391276639805903   83.95454865928912   149.80490345289115
0.5549324320192869   78.7597672235646   143.72572733590223
0.5712005238854289   73.8673504664302   137.94437395999432
0.5879455221237613   69.24685492441166   132.4350498254352
0.6051814074573895   64.9052086561442   127.19676086842962
0.622922570460556   60.83125222234208   122.21492707710021
0.6411838235736077   56.999698198313276   117.47032286861139
0.6599804134701901   53.39411269324143   112.95059932608578
0.6793280337869897   50.00790431102397   108.64628041254657
0.6992428382266549   46.829083964637036   104.54572233238298
0.7197414540448374   43.845217309213375   100.63746518453189
0.7408409959326054   41.04461423583542   96.9107740330074
0.7625590803058332   38.416283416222434   93.35558845203646
0.7849138400134885   35.94988973037382   89.96247588148807
0.8079239394770964   33.63571438582817   86.7225884841166
0.8316085902740278   31.46465585539404   83.62754917115775
0.8559875671776167   29.42833707651806   80.66911945584675
0.8810812246675007   27.518893231357477   77.83947577950028
0.9069105139239728   25.728875788861775   75.13130907938188
0.9334970003205227   24.051233981293507   72.53778762912482
0.960862881429187   22.479296854334503   70.05252277588549
0.9890310055537336   21.006755855341606   67.66953740226664
1.0180248908061487   19.62764309960703   65.38319981590986
1.047868744742366   18.336279724767895   63.187912315656014
1.0785874845736239   17.12729161618698   61.07828739415518
1.1102067579703248   15.99561828975228   59.0493101486317
1.1427529644757777   14.936495894658508   57.096312745327
1.1762532775476793   13.945440846183205   55.214949403294135
1.210735667245765   13.018234290037876   53.401173454362464
1.246228923584555   12.150907655789432   51.65120933136931
1.2827626805706884   11.33973301935195   49.961425684215094
1.3203674409449337   10.581207576643914   48.3283541453647
1.3590746016495152   9.872036703189062   46.74877494262968
1.3989164800420282   9.209122257536546   45.219702841706116
1.4399263408778291   8.589551608142987   43.73837126024391
1.4821384240834183   8.010587217139651   42.30221764448122
1.525587973344019   7.469656735005876   40.90887025809969
1.5703112655292182   6.964342846763987   39.55614586105353
1.6163456409812174   6.492374423737345   38.242039581346724
1.6637295346910133   6.05161925578128   36.9647001932842
1.7125025083885144   5.640076074859756   35.722419407666045
1.7627052835733923   5.255866929797485   34.51362281023017
1.814379775514258   4.897229973741402   33.336861392321396
1.8675691282445197   4.562512642325076   32.1908040373511
1.922317750584177   4.250164925535641   31.074292356040925
1.9786713532176083   3.9587330907285216   29.986387417342335
2.0366769868582977   3.6868545505164265   28.926235600270576
2.0963830815323896   3.43325247307472   27.893046818284063
2.1578394870138577   3.1967306179452852   26.886090216777404
2.2210975144450407   2.976168465219962   25.90469006193268
2.286209979177315   2.770516622704663   24.94822181357036
2.3532312448676476   2.5787922881004928   24.016149102078707
2.4222172688678643   2.4000747816977004   23.10810529002318
2.4932256489445366   2.233502399558905   22.223764798809302
2.5663156713684585   2.078268917049472   21.362810615785786
2.641548360413907   1.933620139422813   20.52493301668703
2.7189865293089923   1.7988506577276435   19.709828354209048
2.798694832679631   1.673300798484462   18.917197912582992
2.8807398205309562   1.5563539642923265   18.14678220463416
2.9651899938111903   1.4474347590286434   17.398509168991122
3.05211586160442   1.3460054265904395   16.672335051050585
3.1415899999999994   1.2515630818887469   15.968171974938393
