0.01   5941.1297921092355   5940.645154935432
0.010293154462191829   6029.51573506204   6028.989850948498
0.010594902878253955   6116.464255442412   6115.893515076344
0.010905497183778876   6201.785703434379   6201.166186230061
0.011225196699963396   6285.275603038313   6284.602856953403
0.011554268350120923   6366.721855640816   6365.9908165545585
0.011892986882540897   6445.908190022487   6445.113173285494
0.012241635099881474   6522.608233588549   6521.743037999014
0.012600504095286909   6596.585506385285   6595.6435333531945
0.012969893495426888   6667.600672378205   6666.574940441113
0.013350111710660605   6735.409041469196   6734.292119091262
0.013741476192534558   6799.7519535167885   6798.535688359156
0.014144313698828986   6860.36741703804   6859.042880998484
0.01455896056637426   6916.993357499221   6915.5508553361615
0.014985762991865008   6969.359433571508   6967.788462651893
0.01542507732090645   7017.190247878048   7015.479478131445
0.015877270345534218   7060.214103925361   7058.3514105710565
0.016342719610456153   7098.159947589856   7096.132242262303
0.016821813728271667   7130.751509328521   7128.544250765942
0.017314952703931925   7157.718954737046   7155.316119972986
0.017822548268711737   7178.801799594407   7176.185939000872
0.01834502422397195   7193.744306198298   7190.896470427566
0.018882816794999403   7202.300387016188   7199.200143439397
0.019436374995219892   7204.239565745366   7200.865126961464
0.02000616100108813   7199.349082625498   7195.677349359343
0.020592650537967844   7187.4359234427175   7183.442458700033
0.021196333277324068   7168.32860660943   7163.987814983894
0.02181771324555934   7141.881239586879   7137.1666768447485
0.022457309244835088   7107.987913652027   7102.873099112718
0.02311565528622961   7066.575300386092   7061.034200500973
0.023793301035594242   7017.598352247652   7011.605654158948
0.024490812272480036   6961.065183546096   6954.597291673235
0.025208771362518027   6897.045447555656   6890.081696575365
0.0259477777436476   6825.639298810889   6818.162195660286
0.02670844842659881   6746.990796703267   6738.986654508183
0.027491418510046592   6661.345201768284   6652.806508276417
0.028297341710866907   6568.99206362014   6559.918053066081
0.029126890909937666   6470.244537156977   6460.641039636438
0.029980758713939952   6365.518136728508   6355.39834249367
0.030859658033628758   6255.321740596647   6244.706778141667
0.031764322679055976   6140.169282155507   6129.087675350962
0.03269550797224261   6020.620305726796   6009.107697328088
0.033653991377811755   5897.382937783893   5885.4825493890075
0.03464057315210884   5771.1724765566605   5758.934426975761
0.03565607701135116   5642.6833154209835   5630.163501960444
0.036701350819364466   5512.722806829224   5499.979818106873
0.03777726729548091   5382.154141195458   5369.246935739658
0.038884724743189276   5251.779221555127   5238.766511696869
0.04002464780014597   5122.366186127516   5109.30453558433
0.041197988210172884   4994.688983423729   4981.629194513689
0.04240572561788674   4869.459110398814   4856.445865495806
0.04364886838662332   4747.34537604068   4734.415318189492
0.04492845444033957   4629.207058443755   4616.369573045633
0.04624555213019635   4515.951548319202   4503.18064609083
0.04760126112654554   4408.382062688092   4395.619448959605
0.04899671333706607   4306.9065514630165   4294.064588904392
0.05043307385181555   4211.522652191248   4198.486980725641
0.05191154191598653   4122.196028801974   4108.827553751534
0.053433351931179485   4038.690087949352   4024.8267530554517
0.05499977448602865   3960.5401765447746   3945.998585741917
0.05661211741704101   3887.278954325689   3871.85663029676
0.05827172690053434   3818.1929135305413   3801.682061083646
0.05997998857658587   3752.431230852446   3734.627799167032
0.06173832870592997   3689.0971647253323   3669.809613578738
0.0635482153607709   3627.047510621484   3606.1225038216303
0.06541115965050462   3565.1249324168234   3542.4559113859705
0.06732871698337338   3501.940086722488   3477.5074695431026
0.06930248836510605   3436.018911992029   3409.913149676997
0.07133412173562886   3365.8662865071983   3338.326732792563
0.07342531334496233   3289.98608960506   3261.4380731096326
0.07557780916945323   3207.163484269049   3178.2111457834103
0.07779340636952398   3116.5383242715266   3087.95256077537
0.08007395479015682   3017.803033658792   2990.5302217777153
0.08242135850536496   2911.29199213022   2886.4584305099447
0.08483757740794096   2798.0045380645497   2776.7770294045995
0.08732462884580919   2679.5066061363095   2662.9720511282867
0.08988458930634863   2557.8458204909994   2547.004633709661
0.09251959615009227   2435.3211764295565   2431.034699173666
0.09523184939525078   2314.5155579044454   2317.3541842876266
0.09802361355455057   2197.882420408882   2208.097758172134
0.10089721952591899   2087.9889722976445   2105.437054737537
0.10385506653859616   1987.047095896412   2011.1756602564935
0.10689962415629803   1896.9203486749536   1926.6757905713796
0.11003343433910281   1818.6857723469655   1852.6270731118175
0.11325911356578279   1752.5561150109459   1788.976966139046
0.11657935501835284   1697.5575935040085   1734.6898111261949
0.11999693083066039   1651.8312808339326   1688.0005230025833
0.12351469440289359   1612.5367755803356   1646.3720295480096
0.12713558278394044   1576.3765761061024   1607.06071382668
0.13086261912358757   1539.8153094453028   1567.3011183016802
0.13469891519660646   1499.4922932010686   1524.5364541717574
0.13864767400083483   1452.72642202972   1476.8998156310945
0.14271219243142114   1397.9394765329203   1423.438873591452
0.14689586403346616   1335.0393960845024   1364.3215156903127
0.1512021818353596   1265.5002732890403   1301.1584649682788
0.15563474126517718   1192.1249378051566   1236.08861258128
0.16019724315257297   1118.6863836238313   1171.8130572607463
0.1648934968186736   1049.3836012447143   1111.4310359815515
0.1697274232565544   988.0249864209235   1057.375963100123
0.17470305840495237   937.0096187009458   1010.7755385052511
0.17982455651794954   896.6340217214507   971.6892990697165
0.18509619363343993   865.1990417248277   938.6655276425913
0.19052237114327647   839.6405699831123   909.4340529728701
0.19610761946807834   816.0848893716853   881.449347013292
0.20185660183976684   790.3811408083773   852.277888526631
0.20777411819498756   759.23976022136   820.200636591942
0.21386510918267082   721.673201977802   785.036955882637
0.22013466028907505   679.3837043492744   747.8813613876679
0.22658800608375756   635.7969294173253   711.057508425793
0.23323053459001789   594.8311327111722   676.4591890598152
0.2400677917834628   559.7726041895618   645.73470635374
0.24710548622244882   532.0311349574162   618.957190997657
0.25434949381426813   510.5518697350288   595.6975773575026
0.2618058627210567   492.39700980370964   574.1033859608252
0.2694808184095226   473.90545327583095   552.76046632707
0.27738076884870827   452.26489942991475   530.5430892474319
0.2855123098601282   427.11053570230195   507.4157549092244
0.29388223062474755   400.38837617708657   484.3750869191719
0.3024975193514008   375.0274377433613   462.6346537682724
0.31136536911138296   353.4770598554054   442.84126320236703
0.3204931838440838   336.23567457493954   424.9252760931636
0.32988858453867975   321.6616603048382   408.3841867252735
0.3395594155970457   307.2801005695977   392.25879581521747
0.34951375138319807   291.36001465983617   376.142071903437
0.3597599029647371   274.07680182983324   360.2056299243303
0.37030642505191835   257.17356645582043   344.96235520471515
0.3811621231401457   242.30078545120793   330.74941827469235
0.3923360608618501   229.78512753581018   317.4549608912312
0.4038375675538918   218.52347276457624   304.9383278342937
0.41567624604680364   207.09149805735802   292.7653172656585
0.42786198068238046   195.1022808481987   280.8871280208987
0.4404049455663077   183.36107466925364   269.52708527621803
0.4533156130627191   172.79889473422338   258.80411396255914
0.4666047625377753   163.48407289149307   248.6914299272709
0.4802834893595659   154.6875740819305   239.03948124396516
0.49436321416184764   145.85217240187907   229.73149761537988
0.5088556923793517   137.18296519552433   220.78605520418168
0.5237730240626238   129.1809436413592   212.3050219783335
0.5391276639805903   121.90537213080813   204.26067704565162
0.5549324320192869   114.98675921322668   196.56593092180182
0.5712005238854289   108.22571632191845   189.17563055061646
0.5879455221237613   101.80254351923818   182.11781941861346
0.6051814074573895   95.86472533263334   175.41281848818528
0.622922570460556   90.28609696563255   169.0130937502545
0.6411838235736077   84.93103123158278   162.87262117407425
0.6599804134701901   79.85511735706696   157.0099412274772
0.6793280337869897   75.11204391286344   151.41478637307725
0.6992428382266549   70.6475840127439   146.07594550834276
0.7197414540448374   66.42059243532742   140.96634191949437
0.7408409959326054   62.421735860372294   136.07463295122014
0.7625590803058332   58.64400219221576   131.39142133649216
0.7849138400134885   55.079884488854006   126.90771576949935
0.8079239394770964   51.721497343556656   122.61491421594584
0.8316085902740278   48.55990648266162   118.50416938669271
0.8559875671776167   45.58411309144826   114.56536946494587
0.8810812246675007   42.78335336890316   110.78875446094688
0.9069105139239728   40.147500119542975   107.16520106072122
0.9334970003205227   37.66702306367902   103.68617719121627
0.960862881429187   35.33295179006665   100.3437002152708
0.9890310055537336   33.13684116412757   97.13029844173835
1.0180248908061487   31.070749702149037   94.03895863486663
1.047868744742366   29.127385895975486   91.06279986490102
1.0785874845736239   27.30000199896193   88.19512440923266
1.1102067579703248   25.58218118094577   85.42968167266284
1.1427529644757777   23.96781891028614   82.76064657575672
1.1762532775476793   22.451111257431123   80.1825900757948
1.210735667245765   21.026543344954817   77.69045208449081
1.246228923584555   19.688877970572154   75.27951656359913
1.2827626805706884   18.43313346383893   72.94531851473128
1.3203674409449337   17.254541725759278   70.68340539026278
1.3590746016495152   16.14858188520766   68.48957170314428
1.3989164800420282   15.110982016422021   66.359925695561
1.4399263408778291   14.137706563400663   64.29086903780025
1.4821384240834183   13.224944320631854   62.27907813232229
1.525587973344019   12.3690969512337   60.321486862269666
1.5703112655292182   11.566768119573041   58.41527233889548
1.6163456409812174   10.814756408821015   56.557902484113136
1.6637295346910133   10.110045187415828   54.74713073497645
1.7125025083885144   9.449788132419744   52.980897564711924
1.7627052835733923   8.831300126012403   51.25731365509818
1.814379775514258   8.252048890997951   49.574649687464806
1.8675691282445197   7.709647003373351   47.93132670785675
1.922317750584177   7.201844269170942   46.32590700473597
1.9786713532176083   6.726519918433595   44.757109508197594
2.0366769868582977   6.281672970935961   43.223931439283234
2.0963830815323896   5.865418573205773   41.72552444909852
2.1578394870138577   5.475983193714721   40.26111687072571
2.2210975144450407   5.111698439333749   38.83000804304978
2.286209979177315   4.770995182760286   37.43156304122759
2.3532312448676476   4.452397991908078   36.065207576369616
2.4222172688678643   4.15451986311151   34.73042517834479
2.4932256489445366   3.8760588475952846   33.42698332223357
2.5663156713684585   3.61579415663534   32.155088783780364
2.641548360413907   3.3725783100499096   30.914936635388816
2.7189865293089923   3.145332681052251   29.706658454390187
2.798694832679631   2.9330436500317263   28.530324784852407
2.8807398205309562   2.7347589505984042   27.385947665958184
2.9651899938111903   2.5495842000463282   26.273483215019485
3.05211586160442   2.376678865208868   25.192817356018832
3.1415899999999994   2.2152465407987   24.14361146674254
