0.01   5664.356588336967   5664.082194388469
0.010293154462191829   5705.213236318645   5704.934627155704
0.010594902878253955   5742.82709410699   5742.545377130013
0.010905497183778876   5777.009861733241   5776.725796736565
0.011225196699963396   5807.574648541149   5807.28847276742
0.011554268350120923   5834.33770560747   5834.049148831385
0.011892986882540897   5857.10847465625   5856.817108844338
0.012241635099881474   5875.694004451753   5875.399494076517
0.012600504095286909   5889.908079465743   5889.610189917777
0.012969893495426888   5899.566394737979   5899.26496699719
0.013350111710660605   5904.479354890872   5904.174241370844
0.013741476192534558   5904.46589472815   5904.1569514566045
0.014144313698828986   5899.355613065409   5899.042678395641
0.01455896056637426   5888.978533747761   5888.661213320889
0.014985762991865008   5873.17258609257   5872.85013858576
0.01542507732090645   5851.792270725214   5851.463615163042
0.015877270345534218   5824.704336609082   5824.36803250848
0.016342719610456153   5791.784460607389   5791.438665930413
0.016821813728271667   5752.92888709807   5752.571374813017
0.017314952703931925   5708.05646299678   5707.6846564539255
0.017822548268711737   5657.10582535287   5656.716883188904
0.01834502422397195   5600.039824221042   5599.630697766082
0.018882816794999403   5536.849094015474   5536.416566841718
0.019436374995219892   5467.557992790607   5467.098791966723
0.02000616100108813   5392.227352825201   5391.738288984908
0.020592650537967844   5310.948233428437   5310.426244538084
0.021196333277324068   5223.847396457752   5223.289670897872
0.02181771324555934   5131.111221407129   5130.5156850507265
0.022457309244835088   5032.96309031236   5032.328547098177
0.02311565528622961   4929.653542514434   4928.97966660886
0.023793301035594242   4821.50014156612   4820.788034307101
0.024490812272480036   4708.887212517215   4708.139963587302
0.025208771362518027   4592.214201777245   4591.436740124602
0.0259477777436476   4471.916614131182   4471.1156848462815
0.02670844842659881   4348.538528530334   4347.723173841097
0.027491418510046592   4222.639686530754   4221.821091057204
0.028297341710866907   4094.7695728278422   4093.960720419068
0.029126890909937666   3965.5732134808813   3964.788866870095
0.029980758713939952   3835.7594053163953   3835.0160067235415
0.030859658033628758   3705.9867774828504   3705.3020358603317
0.031764322679055976   3576.914374301794   3576.3067576010512
0.03269550797224261   3449.306789917112   3448.794851262006
0.033653991377811755   3323.8721896007187   3323.474269160621
0.03464057315210884   3201.2406181269525   3200.9745129391304
0.03565607701135116   3082.1156861757804   3081.9965213179316
0.036701350819364466   2967.205828549611   2967.2449432353633
0.03777726729548091   2857.1062760417276   2857.311733050922
0.038884724743189276   2752.3013917106346   2752.6772192094386
0.04002464780014597   2653.169399687888   2653.7132562805696
0.041197988210172884   2560.0092573765564   2560.7130646220253
0.04240572561788674   2473.0669919314355   2473.917121894268
0.04364886838662332   2392.6456213510237   2393.6162154838103
0.04492845444033957   2319.053764129769   2320.104269520384
0.04624555213019635   2252.538769364882   2253.6157950321544
0.04760126112654554   2192.811304622034   2193.853574740129
0.04899671333706607   2139.0011396262335   2139.944397197441
0.05043307385181555   2090.292127368171   2091.069177277287
0.05191154191598653   2045.9591586087856   2046.4984440259282
0.053433351931179485   2005.3572072225122   2005.5812334427626
0.05499977448602865   1967.8711256810693   1967.6971828213811
0.05661211741704101   1932.6027393151332   1931.9514082895066
0.05827172690053434   1898.4891781594038   1897.2902790930495
0.05997998857658587   1864.4194984213086   1862.6170220177646
0.06173832870592997   1828.99029025683   1826.5571934723603
0.0635482153607709   1790.8273381392055   1787.7696986363378
0.06541115965050462   1748.5966025490616   1744.9653363393074
0.06732871698337338   1701.083846348288   1696.9800901261096
0.06930248836510605   1647.5021717043396   1643.0814090216147
0.07133412173562886   1587.5310440282633   1583.0039813215608
0.07342531334496233   1521.399110883737   1517.0100354585925
0.07557780916945323   1449.9643137518308   1445.9645277855088
0.07779340636952398   1374.3781808110934   1371.021785251911
0.08007395479015682   1296.0561540169376   1293.597959953758
0.08242135850536496   1216.696172008625   1215.3587707188983
0.08483757740794096   1138.161291196513   1138.109868520603
0.08732462884580919   1062.4169616962356   1063.7471433665353
0.08988458930634863   991.3541612212641   994.0763689556626
0.09251959615009227   926.8868220780231   930.8770971738401
0.09523184939525078   870.4516829538265   875.4742731533213
0.09802361355455057   822.9356650317314   828.6580445255415
0.10089721952591899   784.6030282036947   790.6199823250109
0.10385506653859616   754.8009916228258   760.6502166154087
0.10689962415629803   732.3357976369925   737.5546034687484
0.11003343433910281   715.4022389539175   719.5994593783204
0.11325911356578279   701.817114014865   704.7057658009367
0.11657935501835284   689.172539733259   690.6150820996376
0.11999693083066039   674.9845398971597   675.0720481190662
0.12351469440289359   657.1050657647743   656.1556246057373
0.12713558278394044   633.9923953975183   632.5227684799628
0.13086261912358757   605.0536371390527   603.7464382779511
0.13469891519660646   570.6725071180173   570.2676687099423
0.13864767400083483   532.2283103810557   533.4164918642955
0.14271219243142114   492.0449354848487   495.35961988703986
0.14689586403346616   453.1443538914414   458.74379485308083
0.1512021818353596   418.4094737409568   426.0342865662669
0.15563474126517718   389.7451542577707   398.83806764853006
0.16019724315257297   367.7327524404848   377.53279063501907
0.1648934968186736   351.86454030916616   361.50585478598015
0.1697274232565544   340.8839088728915   349.66549369648953
0.17470305840495237   332.73776988977903   340.1416115904925
0.17982455651794954   324.6329610829426   330.626194236544
0.18509619363343993   314.0212241884444   319.0660844655794
0.19052237114327647   299.6176151095937   304.4962803044519
0.19610761946807834   281.61644906397515   287.22398513150216
0.20185660183976684   261.3572232759235   268.4501335726019
0.20777411819498756   241.0235060009208   249.8542154245231
0.21386510918267082   222.93302850940603   233.2445251532387
0.22013466028907505   208.54332233088613   219.64925301197255
0.22658800608375756   198.06673136730296   209.06899242568133
0.23323053459001789   190.52696191985058   200.74973979488365
0.2400677917834628   183.99967028112658   193.185942669692
0.24710548622244882   176.57387327162596   185.01881541506344
0.25434949381426813   167.3258973520806   175.71859757173
0.2618058627210567   156.45677139939573   165.45658827587994
0.2694808184095226   145.15825836512735   155.132697159885
0.27738076884870827   135.0029050637675   145.7518270478921
0.2855123098601282   126.86082400239695   137.8337760362848
0.29388223062474755   120.5646341692952   131.20329199915574
0.3024975193514008   115.17154583775252   125.18550128091363
0.31136536911138296   109.5214017012164   119.13894093982091
0.3204931838440838   103.10779229628625   112.76930674519532
0.32988858453867975   96.30607413656837   106.34251604977248
0.3395594155970457   89.89214494536643   100.29433419816203
0.34951375138319807   84.44611587989793   94.91487481512569
0.3597599029647371   79.8929035769714   90.11370777799173
0.37030642505191835   75.66864258547345   85.5802025463905
0.3811621231401457   71.30652823828213   81.09816953403086
0.3923360608618501   66.81179599116382   76.69676608317991
0.4038375675538918   62.541881402102206   72.52658572041754
0.41567624604680364   58.761233830631596   68.69493791903605
0.42786198068238046   55.39423214428494   65.14764332916042
0.4404049455663077   52.16144741038811   61.75810875073888
0.4533156130627191   48.95010484050722   58.49800536595867
0.4666047625377753   45.87123281123776   55.396938122134586
0.4802834893595659   43.05713751171845   52.49607661544696
0.49436321416184764   40.47514610533312   49.77754159889507
0.5088556923793517   38.010857685818635   47.19261586412055
0.5237730240626238   35.63831365826871   44.73269621711261
0.5391276639805903   33.41307030690271   42.413183724507626
0.5549324320192869   31.35247475208014   40.2296421576368
0.5712005238854289   29.411328364689243   38.16561621522503
0.5879455221237613   27.56677246924864   36.207439217452894
0.6051814074573895   25.834104770084178   34.35955448278406
0.622922570460556   24.215268993943127   32.61547836489478
0.6411838235736077   22.693237789249572   30.967030502702855
0.6599804134701901   21.260818033243677   29.408692505682225
0.6793280337869897   19.913586122015897   27.935637026200475
0.6992428382266549   18.647243482174275   26.543275393934262
0.7197414540448374   17.457623554237014   25.227248247237913
0.7408409959326054   16.34069727067609   23.983416284762846
0.7625590803058332   15.292577158681231   22.80785116469578
0.7849138400134885   14.309492274799178   21.696815286607098
0.8079239394770964   13.387615441462986   20.646680328490497
0.8316085902740278   12.523232229614619   19.653981718093256
0.8559875671776167   11.712849440989366   18.715454565608546
0.8810812246675007   10.95318262597948   17.828022597064127
0.9069105139239728   10.241143661467353   16.988787410981264
0.9334970003205227   9.57382907478928   16.195018320607943
0.960862881429187   8.948510721140435   15.444141277852747
0.9890310055537336   8.362650778450414   14.733706590705784
1.0180248908061487   7.813879502200169   14.061389380385119
1.047868744742366   7.29996020886354   13.425004362012064
1.0785874845736239   6.818781829241468   12.822497889064822
1.1102067579703248   6.368352599826305   12.251939784891261
1.1427529644757777   5.946794012129339   11.711515690963468
1.1762532775476793   5.552334935662455   11.199519374411818
1.210735667245765   5.183302038395936   10.714318359514326
1.246228923584555   4.838113865877254   10.254339794021803
1.2827626805706884   4.515282513189191   9.818108571344254
1.3203674409449337   4.213408934603088   9.404244160956223
1.3590746016495152   3.9311779306946466   9.01145406733033
1.3989164800420282   3.6673533970669956   8.638527771505206
1.4399263408778291   3.4207738229213107   8.284331095424124
1.4821384240834183   3.1903482867472275   7.947785930090027
1.525587973344019   2.975052756808623   7.627843029252014
1.5703112655292182   2.7739255379836516   7.323516968067423
1.6163456409812174   2.5860635599336304   7.033888528055275
1.6637295346910133   2.4106189955136084   6.758099799304281
1.7125025083885144   2.246796059822405   6.495349677119029
1.7627052835733923   2.0938479813045254   6.244889718971435
1.814379775514258   1.9510741036399635   6.006014657089874
1.8675691282445197   1.8178170570979688   5.778036768419956
1.922317750584177   1.6934603524584895   5.560306494378298
1.9786713532176083   1.5774260148744683   5.3522192494377565
2.0366769868582977   1.4691722879474476   5.153212022378168
2.0963830815323896   1.3681914662899637   4.962760257267048
2.1578394870138577   1.2740078500349914   4.78037499388706
2.2210975144450407   1.1861757798320083   4.605598558581405
2.286209979177315   1.1042775158414946   4.437986939162928
2.3532312448676476   1.0279217680579404   4.277117261169633
2.4222172688678643   0.9567423051090885   4.122596704815739
2.4932256489445366   0.8903964084758507   3.9740604023542194
2.5663156713684585   0.828563415031323   3.8311693747006963
2.641548360413907   0.7709433460445843   3.6936086401172816
2.7189865293089923   0.717255632982252   3.561085829203811
2.798694832679631   0.6672382477341826   3.4333378513699366
2.8807398205309562   0.620646457689551   3.3101283853746257
2.9651899938111903   0.577251331540249   3.1912369233896953
3.05211586160442   0.5368387449690929   3.076457265755167
3.1415899999999994   0.49920846410585223   2.965596567059145
