0.01   1765.0618207247685   1765.0360227313686
0.010293154462191829   1790.7482876560834   1790.7224826524237
0.010594902878253955   1816.0523881001288   1816.0266626986886
0.010905497183778876   1840.9232096391586   1840.8977230015334
0.011225196699963396   1865.3065586632522   1865.2814605919307
0.011554268350120923   1889.1452248555674   1889.1205797411656
0.011892986882540897   1912.380829424517   1912.3566090120967
0.012241635099881474   1934.9530528946202   1934.9291719649848
0.012600504095286909   1956.797884919031   1956.7743157931227
0.012969893495426888   1977.850016620221   1977.8268130605245
0.013350111710660605   1998.0433189333091   1998.0206125361494
0.013741476192534558   2017.3087208984768   2017.286641716192
0.014144313698828986   2035.575257002351   2035.5538797679476
0.01455896056637426   2052.7718954057095   2052.75123628712
0.014985762991865008   2068.8263791185036   2068.806398259594
0.01542507732090645   2083.6638689018246   2083.6444785310564
0.015877270345534218   2097.2099129900066   2097.1909775668496
0.016342719610456153   2109.390827586032   2109.372168559001
0.016821813728271667   2120.1315629286114   2120.113001570293
0.017314952703931925   2129.357570484697   2129.3389490699087
0.017822548268711737   2136.996550865978   2136.9777326823173
0.01834502422397195   2142.978007135551   2142.958805369312
0.018882816794999403   2147.233212974277   2147.213280879036
0.019436374995219892   2149.696974434047   2149.6757963193563
0.02000616100108813   2150.308321122926   2150.2852359818507
0.020592650537967844   2149.0113632095536   2148.985687815422
0.021196333277324068   2145.7554780912105   2145.7265516195675
0.02181771324555934   2140.4957378566487   2140.462924454562
0.022457309244835088   2133.196388153093   2133.1590411496745
0.02311565528622961   2123.8316182019867   2123.7890400051338
0.023793301035594242   2112.382535203411   2112.3339806370186
0.024490812272480036   2098.8401432707105   2098.7848904382495
0.025208771362518027   2083.2136606338277   2083.151263787711
0.0259477777436476   2065.5220288393584   2065.4523743845157
0.02670844842659881   2045.79215919983   2045.7154592318468
0.027491418510046592   2024.073403103185   2023.9902154985318
0.028297341710866907   2000.4341378648635   2000.3453762053928
0.029126890909937666   1974.9485095279344   1974.8554231904614
0.029980758713939952   1947.7066389639897   1947.6108625447444
0.030859658033628758   1918.8325729860549   1918.7362951014898
0.031764322679055976   1888.4569054482372   1888.3628559505262
0.03269550797224261   1856.7137026311993   1856.6251041747446
0.033653991377811755   1823.7697864570791   1823.6903400577035
0.03464057315210884   1789.8084933161888   1789.7423440844814
0.03565607701135116   1755.0074643222308   1754.9591400842774
0.036701350819364466   1719.5612811110698   1719.5355036087992
0.03777726729548091   1683.7018746623246   1683.7032614084635
0.038884724743189276   1647.6523848250613   1647.6854032545812
0.04002464780014597   1611.6208050421585   1611.6897348138216
0.041197988210172884   1575.8000584491301   1575.9087719709369
0.04240572561788674   1540.3679060554002   1540.5197964603783
0.04364886838662332   1505.4880882118946   1505.6860886879329
0.04492845444033957   1471.3598873521812   1471.6055498948938
0.04624555213019635   1438.2363181407568   1438.5285666132397
0.04760126112654554   1406.352257092193   1406.6875466246306
0.04899671333706607   1375.8808645935628   1376.253370395168
0.05043307385181555   1346.847232875567   1347.248850754944
0.05191154191598653   1319.2453062894417   1319.6658022480503
0.053433351931179485   1293.0440920256397   1293.4712922106207
0.05499977448602865   1268.130823368485   1268.5508253111375
0.05661211741704101   1244.3819444307185   1244.7792512152253
0.05827172690053434   1221.6392983452151   1221.9974022995914
0.05997998857658587   1199.678336165839   1199.9806554003212
0.06173832870592997   1178.2750346108242   1178.505188120209
0.0635482153607709   1157.156183174272   1157.299539678221
0.06541115965050462   1136.0303420196353   1136.0748865806552
0.06732871698337338   1114.5823549994552   1114.5204351288419
0.06930248836510605   1092.4519037819045   1092.2828962067251
0.07133412173562886   1069.289792851937   1069.0213180816227
0.07342531334496233   1044.7382884675226   1044.3896576269356
0.07557780916945323   1018.4877204071045   1018.0905138383379
0.07779340636952398   990.3241827574328   989.9243451786765
0.08007395479015682   960.1337777216808   959.7897637347537
0.08242135850536496   927.9943505543583   927.7725463528329
0.08483757740794096   894.117432451795   894.0901482685506
0.08732462884580919   858.90783561091   859.1531938944469
0.08988458930634863   822.8729420491333   823.4662472155186
0.09251959615009227   786.6143900565219   787.6179333956218
0.09523184939525078   750.7898034005299   752.2490567682886
0.09802361355455057   716.0395139364836   717.9821882347204
0.10089721952591899   682.9961113857929   685.424381384425
0.10385506653859616   652.2343729053431   655.122471202533
0.10689962415629803   624.2221076353059   627.5109346552051
0.11003343433910281   599.2872971236108   602.8876519570593
0.11325911356578279   577.501087528024   581.3034047312005
0.11657935501835284   558.6933931679634   562.5769370918638
0.11999693083066039   542.3944395123964   546.2387900680588
0.12351469440289359   527.8969600673905   531.6060061551959
0.12713558278394044   514.3502879689162   517.8699061018871
0.13086261912358757   500.83496619715413   504.16577617148056
0.13469891519660646   486.49851638016435   489.69987741290106
0.13864767400083483   470.6516141756464   473.8492372973349
0.14271219243142114   452.8826766153979   456.27260130033204
0.14689586403346616   433.15937246456144   436.9607536710617
0.1512021818353596   411.83933540413676   416.26491210478554
0.15563474126517718   389.61813014282734   394.8465157664643
0.16019724315257297   367.42312035627356   373.5611154507387
0.1648934968186736   346.28276125502896   353.33465480654127
0.1697274232565544   327.15831978634316   335.00835165239886
0.17470305840495237   310.7186974601235   319.14773482500897
0.17982455651794954   297.12910599526276   305.87105543277767
0.18509619363343993   285.99223888260235   294.7641758726799
0.19052237114327647   276.4937412098431   285.085492324132
0.19610761946807834   267.6315377232531   275.96595958562864
0.20185660183976684   258.39437017143734   266.5248957157338
0.20777411819498756   247.95813375294208   256.07970552011693
0.21386510918267082   235.991318561658   244.41638200074553
0.22013466028907505   222.8547956559839   231.85483671168745
0.22658800608375756   209.42551016788767   219.14224174445079
0.23323053459001789   196.70297303503506   207.11715924343164
0.2400677917834628   185.50328335012142   196.41425183085715
0.24710548622244882   176.221509361021   187.32747978575543
0.25434949381426813   168.64685179407778   179.63012797497444
0.2618058627210567   162.0475551521691   172.72973172311657
0.2694808184095226   155.5077400662386   165.90078701179226
0.27738076884870827   148.30571221972062   158.60740731997214
0.2855123098601282   140.2768125553407   150.77995236665978
0.29388223062474755   131.89177974066538   142.78661281278386
0.3024975193514008   123.8829329468533   135.16563022430228
0.31136536911138296   116.8534408405052   128.35115589326168
0.3204931838440838   110.97753950640023   122.40280211879266
0.32988858453867975   105.87969414414086   117.06194354074621
0.3395594155970457   100.93152178953612   111.88374131770526
0.34951375138319807   95.69051025280613   106.57006042488523
0.3597599029647371   90.15816054108299   101.16188342114944
0.37030642505191835   84.74284756150617   95.93011745930481
0.3811621231401457   79.87229984770113   91.13002187712179
0.3923360608618501   75.64157831443457   86.79004138966738
0.4038375675538918   71.79805601136226   82.75542167624616
0.41567624604680364   67.98795757834615   78.81147705182545
0.42786198068238046   64.08987405740082   74.89903275298556
0.4404049455663077   60.28453155577353   71.12806899152636
0.4533156130627191   56.80376326121601   67.61399374481876
0.4666047625377753   53.67676672777728   64.35943631911101
0.4802834893595659   50.73315384837271   61.272472204077246
0.49436321416184764   47.82919602430391   58.27993062020402
0.5088556923793517   44.99806519470683   55.398077250115435
0.5237730240626238   42.36127357924795   52.68516244369509
0.5391276639805903   39.93849679200378   50.139259892970465
0.5549324320192869   37.64440432520207   47.717892872449724
0.5712005238854289   35.42372971226579   45.397096132502384
0.5879455221237613   33.31315370669709   43.19057356353224
0.6051814074573895   31.349063604889444   41.10901402573174
0.622922570460556   29.5035445805587   39.13630223984667
0.6411838235736077   27.741747846727822   37.25605512720989
0.6599804134701901   26.07228776880595   35.470887555782284
0.6793280337869897   24.507861748631328   33.78145334114028
0.6992428382266549   23.034120770861897   32.178067248631066
0.7197414540448374   21.64171699742307   30.656359079712953
0.7408409959326054   20.326528358664024   29.212807095227166
0.7625590803058332   19.085416909966806   27.84352270898168
0.7849138400134885   17.91523718698976   26.544791454273287
0.8079239394770964   16.81285505599434   25.3130674819166
0.8316085902740278   15.775092423799402   24.144955319376315
0.8559875671776167   14.798457405945669   23.037152588106608
0.8810812246675007   13.879500750813488   21.98650087617413
0.9069105139239728   13.014961121493558   20.990004096984052
0.9334970003205227   12.201755183216797   20.044820811180607
0.960862881429187   11.436968092382733   19.148256826703943
0.9890310055537336   10.71784449293271   18.297758094644553
1.0180248908061487   10.041781050913588   17.490902743528228
1.047868744742366   9.406346919220303   16.725362744002023
1.0785874845736239   8.809270913483413   15.998900002473745
1.1102067579703248   8.248396703259994   15.309400520750472
1.1427529644757777   7.721676157057765   14.654869461580027
1.1762532775476793   7.227164948524448   14.033424315791656
1.210735667245765   6.763018258381646   13.443288462585844
1.246228923584555   6.327486577315912   12.882785100717324
1.2827626805706884   5.918909342132495   12.35031499328475
1.3203674409449337   5.5357052927519   11.844306734893397
1.3590746016495152   5.176377245525207   11.363269966216679
1.3989164800420282   4.839510425832253   10.905806768284114
1.4399263408778291   4.523768369126478   10.470605452822268
1.4821384240834183   4.227888994278701   10.05643479908581
1.525587973344019   3.9506808442600843   9.662138703108601
1.5703112655292182   3.6910195215638466   9.286629351413978
1.6163456409812174   3.447844757682217   8.928852297302292
1.6637295346910133   3.2201568796063462   8.587792337989018
1.7125025083885144   3.007013141935407   8.262499366185773
1.7627052835733923   2.8075247519821813   7.952084653669555
1.814379775514258   2.6208540456475773   7.655716480786056
1.8675691282445197   2.446211791324525   7.372616105599053
1.922317750584177   2.2828546171568767   7.102054025306675
1.9786713532176083   2.130082189055098   6.843325903132612
2.0366769868582977   1.9872343352270847   6.595714914043027
2.0963830815323896   1.8536899094694268   6.358544810560216
2.1578394870138577   1.7288648290738873   6.131187678521729
2.2210975144450407   1.6122099991114323   5.91306025094645
2.286209979177315   1.5032093430072124   5.703620539804301
2.3532312448676476   1.401377934681409   5.502364755516535
2.4222172688678643   1.306260318631781   5.3088256828599265
2.4932256489445366   1.217429727422312   5.122582503034287
2.5663156713684585   1.1344858286040804   4.943251479680367
2.641548360413907   1.057052489399386   4.770474159837429
2.7189865293089923   0.9847764095420503   4.603915484364401
2.798694832679631   0.9173258346715626   4.4432621997154955
2.8807398205309562   0.8543893342106184   4.288221389180313
2.9651899938111903   0.7956746330096064   4.138518951699082
3.05211586160442   0.7409061526691096   3.9938703153447817
3.1415899999999994   0.6898229713322495   3.853952845486408
