0.01   28251.194422575983   28240.536644467426
0.010293154462191829   28481.38995890886   28469.781446577592
0.010594902878253955   28695.986521934516   28683.355141560496
0.010905497183778876   28894.012941543424   28880.284261478184
0.011225196699963396   29074.441517338342   29059.531139734132
0.011554268350120923   29236.2459448685   29220.05809501021
0.011892986882540897   29378.41587385441   29360.843770449625
0.012241635099881474   29499.913171484783   29480.84149417873
0.012600504095286909   29599.69142247635   29578.998350745274
0.012969893495426888   29676.73950911656   29654.297360282853
0.013350111710660605   29730.059293028877   29705.733642646588
0.013741476192534558   29758.6280980961   29732.27466877141
0.014144313698828986   29761.468876773914   29732.933878517026
0.01455896056637426   29737.663818746158   29706.78459458381
0.014985762991865008   29686.311248248752   29652.913032727833
0.01542507732090645   29606.557969618872   29570.452761375775
0.015877270345534218   29497.6405531249   29458.62880717436
0.016342719610456153   29358.875350990227   29316.74659551587
0.016821813728271667   29189.6489679026   29144.181401908303
0.017314952703931925   28989.46034776299   28940.423084291426
0.017822548268711737   28757.93447574718   28705.090406163265
0.01834502422397195   28494.838079170895   28437.94736250588
0.018882816794999403   28200.080850373786   28138.904334680352
0.019436374995219892   27873.71763332316   27808.02029924087
0.02000616100108813   27516.008739796336   27445.56774169457
0.020592650537967844   27127.451785713034   27052.066767539527
0.021196333277324068   26708.698369927137   26628.194829164877
0.02181771324555934   26260.586506006162   26174.8216141655
0.022457309244835088   25784.333120625357   25693.216757444126
0.02311565528622961   25281.361188476698   25184.86286052025
0.023793301035594242   24753.207955289163   24651.356119529653
0.024490812272480036   24201.781118242532   24094.674874137687
0.025208771362518027   23629.388789242897   23517.210473753596
0.0259477777436476   23038.377339339273   22921.387052909846
0.02670844842659881   22431.24411098183   22309.777016726166
0.027491418510046592   21811.136381509084   21685.6145236335
0.028297341710866907   21181.269903818204   21052.195799282355
0.029126890909937666   20544.72263028977   20412.6664153476
0.029980758713939952   19904.95009576876   19770.541968780475
0.030859658033628758   19265.69859596623   19129.620031737526
0.031764322679055976   18630.400237390866   18493.369658767475
0.03269550797224261   18002.481935228396   17865.225853648797
0.033653991377811755   17386.16873621782   17249.35703534735
0.03464057315210884   16785.409294409175   16649.641242073485
0.03565607701135116   16203.592606004282   16069.39690097081
0.036701350819364466   15643.342788146676   15511.163859174838
0.03777726729548091   15106.65132190658   14976.8423521824
0.038884724743189276   14595.151921341629   14467.982583884099
0.04002464780014597   14110.888180227877   13986.445857434604
0.041197988210172884   13657.53028849763   13535.446092038821
0.04240572561788674   13238.539036517415   13117.991762287244
0.04364886838662332   12856.30886584143   12736.098592814955
0.04492845444033957   12508.943462066854   12387.691126778735
0.04624555213019635   12193.077793675484   12069.305883989326
0.04760126112654554   11905.661500014161   11777.790027925026
0.04899671333706607   11643.758341207084   11510.058130808338
0.05043307385181555   11404.628826409058   11263.206288713867
0.05191154191598653   11185.30281650499   11034.167413063666
0.053433351931179485   10981.362830885453   10818.648732421409
0.05499977448602865   10788.298306649996   10612.321454973124
0.05661211741704101   10600.709307391073   10410.202895320574
0.05827172690053434   10412.27993118271   10206.644198606014
0.05997998857658587   10216.58748696812   9996.047762425274
0.06173832870592997   10006.215505052707   9772.268605137231
0.0635482153607709   9774.228846406   9529.743447765142
0.06541115965050462   9514.919974921284   9264.469523670252
0.06732871698337338   9223.908206778588   8973.695043886328
0.06930248836510605   8899.607894390198   8656.922262123322
0.07133412173562886   8542.602908791161   8315.391908601778
0.07342531334496233   8156.874482822443   7953.58474808064
0.07557780916945323   7748.376060246898   7577.505949798919
0.07779340636952398   7325.193243641526   7194.216061444145
0.08007395479015682   6896.217657339798   6811.127138267299
0.08242135850536496   6471.321126372204   6436.385217036965
0.08483757740794096   6060.996883157995   6077.908666900554
0.08732462884580919   5675.73571739793   5743.049742296581
0.08988458930634863   5324.867935319377   5438.008075101571
0.09251959615009227   5016.638804147087   5167.934624311894
0.09523184939525078   4755.60924010449   4934.734031803378
0.09802361355455057   4543.364318754635   4737.750969172427
0.10089721952591899   4376.628973220921   4573.439991672252
0.10385506653859616   4249.264695731613   4436.367692549037
0.10689962415629803   4151.381020349392   4318.357160449314
0.11003343433910281   4071.2977795917213   4210.950930228241
0.11325911356578279   3995.733747558323   4105.847805014029
0.11657935501835284   3911.2349930113064   3994.9176810198796
0.11999693083066039   3806.0043446382033   3871.8238378404612
0.12351469440289359   3671.6574601347106   3733.003576534587
0.12713558278394044   3505.086641282429   3577.6609401084825
0.13086261912358757   3308.797835552522   3409.9163679299604
0.13469891519660646   3090.9011494793986   3236.046339353633
0.13864767400083483   2864.501991175484   3061.8810478574196
0.14271219243142114   2646.0392431145797   2896.8238101815286
0.14689586403346616   2451.2039085797405   2748.2275333386106
0.1512021818353596   2290.508762628342   2618.6784170354704
0.15563474126517718   2167.269160952973   2509.0031507963804
0.16019724315257297   2078.4701086412024   2416.288095810197
0.1648934968186736   2016.3816688888364   2334.250997041634
0.1697274232565544   1968.8560905718482   2259.2913159810387
0.17470305840495237   1920.3208309349525   2184.4035959247117
0.17982455651794954   1856.513290876701   2104.7245331968093
0.18509619363343993   1770.2898123893422   2019.58812676661
0.19052237114327647   1663.3476647061684   1931.1003551141102
0.19610761946807834   1544.180157510613   1841.9050820469927
0.20185660183976684   1425.8132900192143   1756.4127491942372
0.20777411819498756   1321.6589791890956   1678.3245442734706
0.21386510918267082   1239.9032224744312   1608.2624740255485
0.22013466028907505   1181.0930242873142   1546.409598713598
0.22658800608375756   1138.6881966166359   1489.2472719645418
0.23323053459001789   1101.0129776848555   1434.795585271719
0.2400677917834628   1056.7126862248317   1380.6112501220418
0.24710548622244882   1000.5908304494683   1325.8817776032106
0.25434949381426813   934.7506505355733   1271.5682340665903
0.2618058627210567   867.1654581672635   1219.8138266391104
0.2694808184095226   807.4632037047019   1170.8138503409248
0.27738076884870827   760.6210351653915   1126.1108184506068
0.2855123098601282   724.9015747642635   1084.0945919532785
0.29388223062474755   693.8232518381581   1044.314335481767
0.3024975193514008   660.1202933790921   1005.4417222761018
0.31136536911138296   621.0502774163724   967.8186095690434
0.3204931838440838   579.634156452903   931.4350070765801
0.32988858453867975   541.2424630386764   896.7665371160865
0.3395594155970457   509.39079809270055   864.1849969713395
0.34951375138319807   483.0552377978404   833.6434830469308
0.3597599029647371   458.1884682076039   804.2744878799956
0.37030642505191835   431.798499724233   776.0192460835207
0.3811621231401457   404.367936502192   748.7589629075139
0.3923360608618501   378.61814984588955   722.7474875301281
0.4038375675538918   356.26467761304605   698.1249217172636
0.41567624604680364   336.4293971141469   674.8358526955802
0.42786198068238046   317.05110147820903   652.418502585848
0.4404049455663077   297.51302436334817   630.7739412423165
0.4533156130627191   278.8572658069892   610.1269417371126
0.4666047625377753   262.0322266211855   590.5427564061996
0.4802834893595659   246.62525540998598   571.8777501851574
0.49436321416184764   231.74399007720106   553.9325036821509
0.5088556923793517   217.3239617461794   536.6444852876676
0.5237730240626238   203.8795063220149   520.1531846118646
0.5391276639805903   191.48921422433924   504.42421929277356
0.5549324320192869   179.7548344429328   489.3203384233977
0.5712005238854289   168.54488727428588   474.7710701182551
0.5879455221237613   158.04107888473442   460.81691955961895
0.6051814074573895   148.24638576241998   447.48601931736846
0.622922570460556   139.0205855997036   434.66876841509736
0.6411838235736077   130.32103396469716   422.32111729946274
0.6599804134701901   122.12674496663237   410.42163808079124
0.6793280337869897   114.4164230126715   398.9500142703934
0.6992428382266549   107.1686420062407   387.8869768879701
0.7197414540448374   100.36200365828456   377.21424451579105
0.7408409959326054   93.97432262962629   366.9128583461258
0.7625590803058332   87.98075759630392   356.9593274444007
0.7849138400134885   82.357209793077   347.330540404176
0.8079239394770964   77.08108286506281   338.0049984209191
0.8316085902740278   72.13118491135711   328.9627059915166
0.8559875671776167   67.48763728804997   320.18507141781373
0.8810812246675007   63.13178967772742   311.65481616253453
0.9069105139239728   59.04624161029214   303.35585905994736
0.9334970003205227   55.21508610351975   295.273125326404
0.960862881429187   51.62340766371656   287.39260217349045
0.9890310055537336   48.25708555919809   279.701322846735
1.0180248908061487   45.10275808046869   272.1873074653755
1.047868744742366   42.14778788045761   264.8395087163332
1.0785874845736239   39.38022839016447   257.6477618871204
1.1102067579703248   36.78877789201799   250.60274579839827
1.1427529644757777   34.362686386562046   243.69597525239385
1.1762532775476793   32.09179577307008   236.9197298256413
1.210735667245765   29.96654270787119   230.26699914873836
1.246228923584555   27.977925964840054   223.73144844080517
1.2827626805706884   26.117475369498575   217.3073860367407
1.3203674409449337   24.377222309694243   210.98973258516293
1.3590746016495152   22.749672655618273   204.77410880251765
1.3989164800420282   21.227786196056964   198.65763715724694
1.4399263408778291   19.80494581307739   192.63830611982152
1.4821384240834183   18.47492975061765   186.7144259450195
1.525587973344019   17.23188942211704   180.8846059564638
1.5703112655292182   16.070328382703305   175.1477359320758
1.6163456409812174   14.985082384828347   169.5029676593116
1.6637295346910133   13.971300352067434   163.9498062275199
1.7125025083885144   13.024425334299858   158.48920446476768
1.7627052835733923   12.140178375284918   153.1229142950545
1.814379775514258   11.31454333716962   147.8526092889451
1.8675691282445197   10.5437516068195   142.6798652195946
1.922317750584177   9.824267615059561   137.6061553300164
1.9786713532176083   9.152775144526817   132.63284594261913
2.0366769868582977   8.526164235520616   127.76124457006418
2.0963830815323896   7.941516781560514   122.99337622670738
2.1578394870138577   7.396096164241069   118.33168215162587
2.2210975144450407   6.887338506965918   113.7782721244504
2.286209979177315   6.412842257953267   109.33491358355785
2.3532312448676476   5.970358309821112   105.00304398107659
2.4222172688678643   5.557780691220208   100.78378370404192
2.4932256489445366   5.173137922226506   96.6779743242895
2.5663156713684585   4.814587503715508   92.6867689053864
2.641548360413907   4.480407294398107   88.8115520913132
2.7189865293089923   4.168984821212447   85.05327407717995
2.798694832679631   3.8788104920736766   81.41244801985911
2.8807398205309562   3.6084713499025094   77.88918068457082
2.9651899938111903   3.3566451800327166   74.48320286169488
3.05211586160442   3.1220947921206053   71.19388613759125
3.1415899999999994   2.903656659234727   68.0197536309438
