0.01   3056.0446420137946   3055.949620897151
0.010293154462191829   3092.8361374270644   3092.7414490986635
0.010594902878253955   3128.6809225259335   3128.5864266439476
0.010905497183778876   3163.495622065562   3163.4010363110697
0.011225196699963396   3197.191941910266   3197.097148843592
0.011554268350120923   3229.6801001520253   3229.58520659664
0.011892986882540897   3260.8694003843793   3260.7747225899593
0.012241635099881474   3290.665361044137   3290.571178797902
0.012600504095286909   3318.9712762299837   3318.8776781953334
0.012969893495426888   3345.690518727616   3345.597393979928
0.013350111710660605   3370.7247952160574   3370.6319141350823
0.013741476192534558   3393.9724366340124   3393.87961745989
0.014144313698828986   3415.3323919196396   3415.2395223345798
0.01455896056637426   3434.7045854124053   3434.6116103201066
0.014985762991865008   3451.9869170995485   3451.893734948637
0.01542507732090645   3467.077918395191   3466.9843343792713
0.015877270345534218   3479.8789505993022   3479.7846748956736
0.016342719610456153   3490.2924832458625   3490.197096340204
0.016821813728271667   3498.2216323894136   3498.1245360372413
0.017314952703931925   3503.573777398479   3503.474191803966
0.017822548268711737   3506.261039320453   3506.1580302371694
0.01834502422397195   3506.1993379745195   3506.091945923327
0.018882816794999403   3503.310331099243   3503.1976159514584
0.019436374995219892   3497.5227140689003   3497.4037545388987
0.02000616100108813   3488.774460719877   3488.648213830571
0.020592650537967844   3477.0134914706027   3476.878645716105
0.021196333277324068   3462.1964925549623   3462.051471784986
0.02181771324555934   3444.2914756401146   3444.134564597925
0.022457309244835088   3423.2837424351724   3423.113501278278
0.02311565528622961   3399.1701311030124   3398.9854895311682
0.023793301035594242   3371.9584810704855   3371.7587374402315
0.024490812272480036   3341.6814161978346   3341.4662313069757
0.025208771362518027   3308.392781275442   3308.1621693930792
0.0259477777436476   3272.156096734916   3271.910415826582
0.02670844842659881   3233.0549867173886   3232.79511396454
0.027491418510046592   3191.2095145662056   3190.9373040717755
0.028297341710866907   3146.7506289980747   3146.468930781935
0.029126890909937666   3099.8190052552313   3099.531600982471
0.029980758713939952   3050.601920744418   3050.3134990587946
0.030859658033628758   2999.3119144474813   2999.0280145780625
0.031764322679055976   2946.1603937219934   2945.8873138977765
0.03269550797224261   2891.377475354209   2891.1222837508512
0.033653991377811755   2835.227755272063   2834.998383870224
0.03464057315210884   2777.970582310913   2777.775729240991
0.03565607701135116   2719.8677469897393   2719.7166216011033
0.036701350819364466   2661.2604920654226   2661.1617773441926
0.03777726729548091   2602.5070843618564   2602.468539572091
0.038884724743189276   2543.938852975935   2543.9673656113764
0.04002464780014597   2485.8018973117128   2485.9039519136986
0.041197988210172884   2428.2409677085784   2428.423226787038
0.04240572561788674   2371.3829971862133   2371.6522982453334
0.04364886838662332   2315.3999780759154   2315.762200495887
0.04492845444033957   2260.720174397093   2261.1750355995437
0.04624555213019635   2207.813299947997   2208.3533862285913
0.04760126112654554   2157.092390601872   2157.703954277899
0.04899671333706607   2108.6672547221824   2109.332146534168
0.05043307385181555   2062.366803405661   2063.0641882948094
0.05191154191598653   2018.0191565110424   2018.7258026562354
0.053433351931179485   1975.428823213573   1976.119776587692
0.05499977448602865   1934.333560186532   1934.9833721703408
0.05661211741704101   1894.4789812419842   1895.06192829989
0.05827172690053434   1855.5945746012626   1856.085609112246
0.05997998857658587   1817.3483576973583   1817.7252062505752
0.06173832870592997   1779.4213435848726   1779.6647905846025
0.0635482153607709   1741.4752616445612   1741.5718232668653
0.06541115965050462   1703.1444602665624   1703.0895776403224
0.06732871698337338   1664.0773793295607   1663.8764127653708
0.06930248836510605   1623.8484225966508   1623.5244120975974
0.07133412173562886   1582.039858975259   1581.6354166344547
0.07342531334496233   1538.2967064988038   1537.8777839387972
0.07557780916945323   1492.3318835649466   1491.9910871310608
0.07779340636952398   1444.017111774278   1443.8689994369406
0.08007395479015682   1393.4695319253476   1393.6446447320934
0.08242135850536496   1340.9785578593114   1341.6171908326821
0.08483757740794096   1287.1540456155506   1288.3989957097228
0.08732462884580919   1232.6972152881765   1234.6832981075763
0.08988458930634863   1178.4486489333617   1181.28519877534
0.09251959615009227   1125.2218282075062   1128.987773129671
0.09523184939525078   1073.7997016618058   1078.538999232163
0.09802361355455057   1024.8873960353653   1030.600638005232
0.10089721952591899   979.1060991277902   985.7444935619212
0.10385506653859616   936.9698298188193   944.4341085345144
0.10689962415629803   898.8572429712614   907.0035494289448
0.11003343433910281   864.8176928487701   873.4612892429177
0.11325911356578279   834.6711338768836   843.5992327629982
0.11657935501835284   807.7382280264709   816.755512648968
0.11999693083066039   783.1266351401925   792.0807306790132
0.12351469440289359   759.681658747957   768.5010898706458
0.12713558278394044   736.2879325058465   744.9957734734496
0.13086261912358757   711.9488887647183   720.6706824879593
0.13469891519660646   685.9621969910773   694.9169308598027
0.13864767400083483   657.9776874019611   667.4603193774826
0.14271219243142114   628.0831802097472   638.4351862149842
0.14689586403346616   596.821162117029   608.3576072253178
0.1512021818353596   565.0441875996232   577.9946196485544
0.15563474126517718   533.7779043755938   548.2486178597431
0.16019724315257297   504.0672114916773   520.0267542462802
0.1648934968186736   476.87346326164834   494.121705042255
0.1697274232565544   452.89875361478676   471.0841397091669
0.17470305840495237   432.3410766155753   451.02692784152555
0.17982455651794954   414.69950212825984   433.459529960609
0.18509619363343993   398.92702814598204   417.47728987046935
0.19052237114327647   383.8756163261801   402.11915637261745
0.19610761946807834   368.5877321850753   386.6138812104684
0.20185660183976684   352.35479854742806   370.4174351304985
0.20777411819498756   334.86161566869606   353.34439220306484
0.21386510918267082   316.4608327361827   335.7309413698605
0.22013466028907505   298.0989576498465   318.3238306108046
0.22658800608375756   280.7840389555898   301.8874767203418
0.23323053459001789   265.1859461194649   286.91203713590727
0.2400677917834628   251.57250728442514   273.53965172775816
0.24710548622244882   239.7298227404122   261.54024813353476
0.25434949381426813   228.96351950680472   250.42130540200125
0.2618058627210567   218.45324593343668   239.58495695846793
0.2694808184095226   207.62626556453418   228.65338527486495
0.27738076884870827   196.33636987132934   217.55327889133642
0.2855123098601282   184.9898637257442   206.6060450983046
0.29388223062474755   174.22383687343037   196.21224939341778
0.3024975193514008   164.44426255106123   186.6035774693415
0.31136536911138296   155.73466899057627   177.80395924797355
0.3204931838440838   147.82140959600352   169.63113584066087
0.32988858453867975   140.21694124521525   161.76293142498014
0.3395594155970457   132.62163659710285   154.0607211571069
0.34951375138319807   125.05069549642742   146.52148981065233
0.3597599029647371   117.75528036407393   139.3022969395078
0.37030642505191835   111.01212701027922   132.53548914572923
0.3811621231401457   104.85349633334195   126.21214839664772
0.3923360608618501   99.10507356953356   120.23538941009423
0.4038375675538918   93.56936102665136   114.50565541782323
0.41567624604680364   88.17158677803225   108.98512154558567
0.42786198068238046   83.00169534943599   103.71486172139544
0.4404049455663077   78.17101555942475   98.7385296315579
0.4533156130627191   73.67674407760181   94.0367135745362
0.4666047625377753   69.43370951743508   89.57117576082632
0.4802834893595659   65.37045978772022   85.3102944195251
0.49436321416184764   61.496805240522896   81.2506481305609
0.5088556923793517   57.85042351406304   77.40186004398679
0.5237730240626238   54.43148840627246   73.75587710503954
0.5391276639805903   51.20081040112728   70.29127238380076
0.5549324320192869   48.13387509336986   66.99853938301607
0.5712005238854289   45.234851822859895   63.870579773681584
0.5879455221237613   42.507709510993145   60.90433567754713
0.6051814074573895   39.93754059824683   58.089228539783406
0.622922570460556   37.5087961004228   55.4153337520228
0.6411838235736077   35.2174645628076   52.877042540184185
0.6599804134701901   33.06047478124591   50.46898476399079
0.6793280337869897   31.02833311086015   48.18355794852362
0.6992428382266549   29.11348699350062   46.01436884645115
0.7197414540448374   27.310226694472806   43.95577356736126
0.7408409959326054   25.6129790340858   42.00191422384642
0.7625590803058332   24.01594036468072   40.14731493738274
0.7849138400134885   22.5135666235627   38.38679191261987
0.8079239394770964   21.100594883955985   36.71543279532293
0.8316085902740278   19.772030809402107   35.128583078861794
0.8559875671776167   18.52313655589931   33.62183312472909
0.8810812246675007   17.34941911319925   32.19100577601852
0.9069105139239728   16.246622555461666   30.83212544170202
0.9334970003205227   15.210735208920656   29.541303603936946
0.960862881429187   14.237960107850455   28.31482357492658
0.9890310055537336   13.324694995320948   27.1491859475714
1.0180248908061487   12.4675239087756   26.041095386332714
1.047868744742366   11.66320903965867   24.98744808466388
1.0785874845736239   10.908682833797071   23.98532002802151
1.1102067579703248   10.201040304186805   23.031955486059154
1.1427529644757777   9.537528254899522   22.12469759394559
1.1762532775476793   8.915536253951093   21.260936809996412
1.210735667245765   8.332596668180074   20.438216734219257
1.246228923584555   7.786378433587592   19.654236684749332
1.2827626805706884   7.274680256170044   18.90684086162954
1.3203674409449337   6.795424095159077   18.19400832751303
1.3590746016495152   6.346648921102008   17.51384373932657
1.3989164800420282   5.926504703253882   16.86456026735735
1.4399263408778291   5.533246350676965   16.24439065453276
1.4821384240834183   5.1652285147252295   15.65162927794102
1.525587973344019   4.820900635419661   15.084685281430021
1.5703112655292182   4.4988019352074495   14.542074904091853
1.6163456409812174   4.197556639607667   14.022413595648409
1.6637295346910133   3.9158694208118705   13.524408775853836
1.7125025083885144   3.6525210559830135   13.04685316361093
1.7627052835733923   3.406364095691687   12.588601026302424
1.814379775514258   3.1763186455422754   12.148533262463419
1.8675691282445197   2.9613692016786737   11.725599663049104
1.922317750584177   2.7605611733023516   11.31882304581573
1.9786713532176083   2.5729974677459704   10.927293956197568
2.0366769868582977   2.3978352489752437   10.550165804837233
2.0963830815323896   2.2342828620511677   10.186650401469338
2.1578394870138577   2.0815968896781687   9.836012251744997
2.2210975144450407   1.9390789376807755   9.497536548542762
2.286209979177315   1.806073220263336   9.17053348295558
2.3532312448676476   1.6819645626376742   8.854363751306437
2.4222172688678643   1.5661760296527947   8.548436022186188
2.4932256489445366   1.458166667064311   8.252203625868049
2.5663156713684585   1.3574293673683786   7.965161503250651
2.641548360413907   1.2634888539806342   7.6868433885688825
2.7189865293089923   1.1758999874791463   7.416833507980984
2.798694832679631   1.0942465682761933   7.154809178420786
2.8807398205309562   1.0181387665173258   6.900485070319804
2.9651899938111903   0.9472112856146931   6.653593089547046
3.05211586160442   0.8811219074889052   6.413881292463131
3.1415899999999994   0.819550116846865   6.181112862304544
