0.01   12405.127871030854   12401.255528277276
0.010293154462191829   12571.036310692023   12566.795609935123
0.010594902878253955   12733.282993005665   12728.640114169104
0.010905497183778876   12891.474871664966   12886.392254021705
0.011225196699963396   13045.212134333999   13039.648436052441
0.011554268350120923   13194.078831407229   13187.989386140332
0.011892986882540897   13337.640687835832   13330.978138594732
0.012241635099881474   13475.458626399959   13468.173031012451
0.012600504095286909   13607.085157146159   13599.123569451602
0.012969893495426888   13732.04658034927   13723.350992469062
0.013350111710660605   13849.862243263833   13840.369070771367
0.013741476192534558   13960.05191289669   13949.69209547169
0.014144313698828986   14062.121217366848   14050.82072634691
0.01455896056637426   14155.565589783824   14143.24595383931
0.014985762991865008   14239.887078142297   14226.465651236185
0.01542507732090645   14314.588473308217   14299.977702764938
0.015877270345534218   14379.159967383082   14363.264856949607
0.016342719610456153   14433.102150788975   14415.820146204569
0.016821813728271667   14475.93153649048   14457.152943731116
0.017314952703931925   14507.167109598839   14486.775166477151
0.017822548268711737   14526.340881336499   14504.212132650568
0.01834502422397195   14533.012049012248   14509.017108132011
0.018882816794999403   14526.76703540373   14500.770395440379
0.019436374995219892   14507.219907731764   14479.07895939132
0.02000616100108813   14474.02197320926   14443.58793106615
0.020592650537967844   14426.867927612426   14393.98720481335
0.021196333277324068   14365.509820332616   14330.02607255858
0.02181771324555934   14289.752469170355   14251.508348376678
0.022457309244835088   14199.45211837121   14158.290920305246
0.02311565528622961   14094.550735100882   14050.320141627515
0.023793301035594242   13975.085615583825   13927.641924266121
0.024490812272480036   13841.151159294974   13790.36097689812
0.025208771362518027   13692.922626623917   13638.665931533242
0.0259477777436476   13530.737002784894   13472.91500983685
0.02670844842659881   13355.008418123034   13293.546074033233
0.027491418510046592   13166.20469882357   13101.051539083091
0.028297341710866907   12964.973750434725   12896.110456570821
0.029126890909937666   12752.113196476996   12679.556412169683
0.029980758713939952   12528.444995720873   12452.24615708352
0.030859658033628758   12294.903596925167   12215.149856020113
0.031764322679055976   12052.691857902393   11969.51072387245
0.03269550797224261   11803.033053472003   11716.590026056429
0.033653991377811755   11547.140006940233   11457.63497850944
0.03464057315210884   11286.434951422167   11194.100961261876
0.03565607701135116   11022.416522490725   10927.516538244628
0.036701350819364466   10756.496696843189   10659.318392113022
0.03777726729548091   10490.220447371004   10391.060827673244
0.038884724743189276   10225.4278889632   10124.570159606421
0.04002464780014597   9963.840791839068   9861.550028024609
0.041197988210172884   9706.975874577083   9603.497888638762
0.04240572561788674   9455.931600852777   9351.495253898738
0.04364886838662332   9211.583244485038   9106.401049804255
0.04492845444033957   8974.721816381425   8868.987214717514
0.04624555213019635   8746.646187254208   8640.453452328315
0.04760126112654554   8529.25978630931   8422.511381066806
0.04899671333706607   8324.308866433801   8216.724453070941
0.05043307385181555   8132.721650873568   8023.8809022308615
0.05191154191598653   7953.519559653875   7842.955678716126
0.053433351931179485   7785.481249824511   7672.699326036915
0.05499977448602865   7627.422947174463   7511.901313738568
0.05661211741704101   7478.0775524887   7359.267732108348
0.05827172690053434   7336.2336884714905   7213.563908899323
0.05997998857658587   7200.4084980078   7073.33608728196
0.06173832870592997   7068.666982137401   6936.756381820784
0.0635482153607709   6939.092910335372   6802.035917532994
0.06541115965050462   6809.350154594872   6667.085910309853
0.06732871698337338   6676.997253762231   6529.766672501
0.06930248836510605   6539.436781412381   6387.881345003747
0.07133412173562886   6393.832375262139   6239.1218912711975
0.07342531334496233   6237.638684407575   6081.529314009511
0.07557780916945323   6068.693722937269   5913.694497473806
0.07779340636952398   5885.513695280271   5734.763696554974
0.08007395479015682   5687.953869606192   5544.9238631318685
0.08242135850536496   5476.8002967572365   5345.1499462315405
0.08483757740794096   5254.387196686729   5137.894206890869
0.08732462884580919   5023.8173206088295   4926.081385906778
0.08988458930634863   4789.145676230414   4713.115561280282
0.09251959615009227   4554.70304719916   4502.540815843469
0.09523184939525078   4324.979011909358   4297.961573461826
0.09802361355455057   4104.60110234789   4102.7280230948
0.10089721952591899   3897.7989651016183   3919.7558998326613
0.10385506653859616   3708.436643921009   3751.5491650671593
0.10689962415629803   3539.6564754758397   3600.0128680001176
0.11003343433910281   3392.9749915392326   3465.525190833944
0.11325911356578279   3268.523046164438   3347.4638131191455
0.11657935501835284   3163.9867487221513   3243.7117754854717
0.11999693083066039   3075.5472532791314   3151.1268835383844
0.12351469440289359   2997.7636610149534   3065.494067789435
0.12713558278394044   2924.4725853691452   2982.723173638603
0.13086261912358757   2849.41697137038   2899.005452934592
0.13469891519660646   2766.8804419052176   2810.9757980630675
0.13864767400083483   2672.6237581937203   2716.610829713639
0.14271219243142114   2564.5207690904263   2615.244957698907
0.14689586403346616   2443.114415459365   2507.7200676066277
0.1512021818353596   2311.592158104024   2397.1585978190237
0.15563474126517718   2175.1755511936713   2286.5647080736144
0.16019724315257297   2040.464083807186   2179.116843422704
0.1648934968186736   1914.5734106428977   2078.7719175831976
0.1697274232565544   1803.7964813183314   1988.1973748095465
0.17470305840495237   1711.7203017613201   1907.8475504815178
0.17982455651794954   1638.0743747858423   1837.6156977452904
0.18509619363343993   1579.1730973140266   1774.4960763997346
0.19052237114327647   1529.3261818009564   1715.616743477222
0.19610761946807834   1481.9313589225826   1658.527934418244
0.20185660183976684   1430.2724386653883   1600.4302142966865
0.20777411819498756   1369.348714929182   1539.9044520628538
0.21386510918267082   1298.2838763801735   1477.6869249466165
0.22013466028907505   1220.6899451610243   1415.1907890334599
0.22658800608375756   1142.5571342851747   1354.458154337614
0.23323053459001789   1070.0910972325419   1297.5448881494322
0.2400677917834628   1008.1273717771963   1245.219649770872
0.24710548622244882   958.2752883859432   1197.7213536726356
0.25434949381426813   918.2423879406869   1153.8314796812283
0.2618058627210567   882.9097695811932   1112.0223308394877
0.2694808184095226   846.5881725000147   1071.2065548479186
0.27738076884870827   805.3481621003873   1030.443519942805
0.2855123098601282   759.3178311287265   990.1487973875043
0.29388223062474755   711.9662087857838   951.1206793992819
0.3024975193514008   667.6843930856833   914.2088887644767
0.31136536911138296   629.7824948014478   879.4114213854975
0.3204931838440838   598.4868754104847   847.0265636805781
0.32988858453867975   570.9466481678222   816.0847669351294
0.3395594155970457   543.5594955699675   786.2339214221257
0.34951375138319807   514.1740231768664   757.271631062701
0.3597599029647371   483.4369258816644   729.1306788037188
0.37030642505191835   453.9802809889061   702.3503767785219
0.3811621231401457   427.8762560801778   676.990155776228
0.3923360608618501   405.212536886127   652.8688910291049
0.4038375675538918   384.2996740035136   629.8716761161238
0.41567624604680364   363.31056104896925   607.6876402309853
0.42786198068238046   341.98032110967284   586.2500083122932
0.4404049455663077   321.4823002370239   565.7498475314313
0.4533156130627191   302.88293651674184   546.2376279596901
0.4666047625377753   286.0741999450833   527.6723705483708
0.4802834893595659   270.0831773334264   509.87537194736916
0.49436321416184764   254.3277973914138   492.7237221425744
0.5088556923793517   239.14159874821618   476.25412024323157
0.5237730240626238   225.07064524538023   460.5472918077882
0.5391276639805903   212.07648078340034   445.5244627086235
0.5549324320192869   199.71175108104273   431.1005566105789
0.5712005238854289   187.79951078416738   417.2081382748925
0.5879455221237613   176.54914543263882   403.8814001237313
0.6051814074573895   166.06730931866886   391.12500682700613
0.622922570460556   156.1856564390672   378.8668136531322
0.6411838235736077   146.77462878035274   367.0484165771037
0.6599804134701901   137.89647909403294   355.6843961990446
0.6793280337869897   129.55803577965955   344.77420232092027
0.6992428382266549   121.69573155692171   334.26259919477553
0.7197414540448374   114.28193570553294   324.12483343392074
0.7408409959326054   107.29372690662082   314.3407171351094
0.7625590803058332   100.70912550850275   304.8913478097329
0.7849138400134885   94.50707436341399   295.75902327275946
0.8079239394770964   88.66741822613291   286.9271630524594
0.8316085902740278   83.17088192963034   278.3802357651021
0.8559875671776167   77.9990068036507   270.10337706394677
0.8810812246675007   73.13392506598063   262.0806572966166
0.9069105139239728   68.55855373577958   254.2964862590434
0.9334970003205227   64.25667918305754   246.7364296137561
0.960862881429187   60.2129190084028   239.38713710501017
0.9890310055537336   56.41268487625586   232.23627437973357
1.0180248908061487   52.842146625378696   225.27246030846175
1.047868744742366   49.488197656415224   218.4852093853994
1.0785874845736239   46.338426409726246   211.864925264675
1.1102067579703248   43.38108920234158   205.40290960327513
1.1427529644757777   40.605067034781165   199.09120790686157
1.1762532775476793   37.99983446030804   192.9225497800013
1.210735667245765   35.55543155146954   186.89030999847003
1.246228923584555   33.262436922235594   180.98847192181884
1.2827626805706884   31.111941786037438   175.21159296639732
1.3203674409449337   29.095524832871504   169.55479950673717
1.3590746016495152   27.205224399299112   164.01432898917832
1.3989164800420282   25.43351687997944   158.58739496067622
1.4399263408778291   23.773299217454564   153.27152980386148
1.4821384240834183   22.217867684007025   148.0645378985531
1.525587973344019   20.760897397850336   142.96447668303998
1.5703112655292182   19.39642274494931   137.96963820470285
1.6163456409812174   18.118818677094957   133.07853111913633
1.6637295346910133   16.92278238862013   128.29006561237782
1.7125025083885144   15.803314005765461   123.60458257438141
1.7627052835733923   14.755702867614218   119.02286590816006
1.814379775514258   13.77551326047982   114.54556921004833
1.8675691282445197   12.858569498795388   110.17321453965444
1.922317750584177   12.000941728954036   105.9061930374341
1.9786713532176083   11.198932430442367   101.74476586563608
2.0366769868582977   10.44906358128054   97.68906655300518
2.0963830815323896   9.7480631904917   93.73942514832689
2.1578394870138577   9.092852462919469   89.89674225622322
2.2210975144450407   8.480538023687627   86.16172730158941
2.286209979177315   7.908401820956416   82.53478958879677
2.3532312448676476   7.373891065545944   79.01605485189584
2.4222172688678643   6.87460870650826   75.60538192526356
2.4932256489445366   6.408304417073436   72.30237944227194
2.5663156713684585   5.972866219343181   69.10643800504417
2.641548360413907   5.566315400159596   66.01705898975572
2.7189865293089923   5.186797756962438   63.033790843457176
2.798694832679631   4.832572951073538   60.155896224372626
2.8807398205309562   4.502007814467725   57.38236335701062
2.9651899938111903   4.193570149785284   54.711931672997686
3.05211586160442   3.9058228571045204   52.14311664606614
3.1415899999999994   3.637418372760395   49.6742337278906
