0.01   1178.9375187770402   1178.8989106450606
0.010293154462191829   1191.5259683273152   1191.4868768282442
0.010594902878253955   1203.613910345606   1203.5743549004744
0.010905497183778876   1215.1627879059258   1215.122777401323
0.011225196699963396   1226.1338203255684   1226.0933536578773
0.011554268350120923   1236.4863084592228   1236.4453898125391
0.011892986882540897   1246.1781050884365   1246.1367567148077
0.012241635099881474   1255.1672667402834   1255.125529837236
0.012600504095286909   1263.4115307041586   1263.369457348773
0.012969893495426888   1270.867268542092   1270.8248994898922
0.013350111710660605   1277.4913102113555   1277.4486708767145
0.013741476192534558   1283.2411978072857   1283.1982996171926
0.014144313698828986   1288.0727589534843   1288.0296169651456
0.01455896056637426   1291.9415404798845   1291.8981839052253
0.014985762991865008   1294.8047587396732   1294.761231083055
0.01542507732090645   1296.6203798514287   1296.5767252525666
0.015877270345534218   1297.3463250285636   1297.3025624984627
0.016342719610456153   1296.94285935304   1296.8989798636699
0.016821813728271667   1295.3728539470785   1295.3288190109474
0.017314952703931925   1292.6002117474634   1292.5559430819912
0.017822548268711737   1288.59151953984   1288.5468954097441
0.01834502422397195   1283.3173241960033   1283.2721813891833
0.018882816794999403   1276.7518405075966   1276.7060040577833
0.019436374995219892   1268.8730629124536   1268.8263855413152
0.02000616100108813   1259.663928987432   1259.6162944895566
0.020592650537967844   1249.1130332581483   1249.064345611884
0.021196333277324068   1237.2161812179668   1237.1663117646679
0.02181771324555934   1223.9754119172171   1223.924186245651
0.022457309244835088   1209.3988653565184   1209.3460693593925
0.02311565528622961   1193.504870740102   1193.450306241066
0.023793301035594242   1176.3217564211648   1176.2652935920862
0.024490812272480036   1157.8837080837948   1157.8252860135467
0.025208771362518027   1138.2341509716236   1138.1737787284492
0.0259477777436476   1117.4337221924047   1117.3714868740187
0.02670844842659881   1095.5495978114773   1095.4856618340866
0.027491418510046592   1072.6536805412702   1072.5882809677182
0.028297341710866907   1048.8373716783763   1048.770885433796
0.029126890909937666   1024.2049360332244   1024.1379171235953
0.029980758713939952   998.860264619877   998.7934245700854
0.030859658033628758   972.9182329604049   972.8524217658646
0.031764322679055976   946.5189979366462   946.4551877778268
0.03269550797224261   919.7997247138608   919.7389877017799
0.033653991377811755   892.892876741213   892.8363558686503
0.03464057315210884   865.9517735413269   865.9006047846993
0.03565607701135116   839.1322735634236   839.0875448614923
0.036701350819364466   812.5757506581268   812.538496892451
0.03777726729548091   786.4323661291332   786.4036087852336
0.038884724743189276   760.8739924955256   760.8548055282064
0.04002464780014597   736.0543717261678   736.0458775780559
0.041197988210172884   712.103559799065   712.1067750885607
0.04240572561788674   689.1163617615908   689.1313292602032
0.04364886838662332   667.1664618161192   667.1920494014342
0.04492845444033957   646.3161433255025   646.3502148021375
0.04624555213019635   626.6593700057914   626.6994892169646
0.04760126112654554   608.327723530382   608.3718956751882
0.04899671333706607   591.4381323183457   591.484802488481
0.05043307385181555   576.0274179789885   576.0751014797554
0.05191154191598653   561.9456901388633   561.9920635399637
0.053433351931179485   549.0263140805845   549.0681285494339
0.05499977448602865   537.1187525380175   537.1517930913147
0.05661211741704101   526.0873095821588   526.10614687095
0.05827172690053434   515.8071592346943   515.8051844259794
0.05997998857658587   506.12264576252164   506.0927385066068
0.06173832870592997   496.82774207248457   496.76321679496397
0.0635482153607709   487.71722265923734   487.6120786610793
0.06541115965050462   478.5315327507615   478.38180359528087
0.06732871698337338   468.99696517360195   468.8013368119889
0.06930248836510605   458.8331470140939   458.5932953333382
0.07133412173562886   447.74879861787423   447.46980934684586
0.07342531334496233   435.50577713198123   435.19592669120897
0.07557780916945323   421.95414379155653   421.62447052603846
0.07779340636952398   407.0230596901676   406.6867095558532
0.08007395479015682   390.7807450990729   390.4518427358078
0.08242135850536496   373.3817939367006   373.07519378504253
0.08483757740794096   355.1143716722094   354.84636173123556
0.08732462884580919   336.31560061877366   336.10267102249156
0.08988458930634863   317.3750912051269   317.2319341955126
0.09251959615009227   298.69941894159933   298.63745294106104
0.09523184939525078   280.70433710794555   280.7302189438913
0.09802361355455057   263.824597432973   263.9362313453685
0.10089721952591899   248.44443069626942   248.63067905361262
0.10385506653859616   234.87243421039554   235.11424034732096
0.10689962415629803   223.3234861484887   223.59536439452623
0.11003343433910281   213.80784973187087   214.07939896608636
0.11325911356578279   206.20782256256572   206.44585975595342
0.11657935501835284   200.2014521696806   200.37512375452224
0.11999693083066039   195.37002605756925   195.45252727284554
0.12351469440289359   191.19419025134525   191.16525655133586
0.12713558278394044   187.11448125409336   186.96660423424774
0.13086261912358757   182.58543328689407   182.3270094655592
0.13469891519660646   177.13919645907055   176.79439205630126
0.13864767400083483   170.48160886837223   170.0894523962158
0.14271219243142114   162.53115673282238   162.1414860359413
0.14689586403346616   153.43979983061067   153.10685781874082
0.1512021818353596   143.57543039308786   143.35148484308414
0.15563474126517718   133.4912016262891   133.41044192420813
0.16019724315257297   123.84988891730197   123.91740984548821
0.1648934968186736   115.2833147111133   115.47612316708883
0.1697274232565544   108.20753412699152   108.48151926277612
0.17470305840495237   102.7127298643345   103.00533410134014
0.17982455651794954   98.61551277851817   98.8668748218496
0.18509619363343993   95.5526485727121   95.70750864546241
0.19052237114327647   93.00816664990646   93.0349735460744
0.19610761946807834   90.35124567774115   90.25832998983563
0.20185660183976684   87.02413171210893   86.85648891115873
0.20777411819498756   82.78664184932178   82.61165106875085
0.21386510918267082   77.77786890799887   77.67242708829367
0.22013466028907505   72.38309733304604   72.40123406538149
0.22658800608375756   67.13204246848532   67.28886041233831
0.23323053459001789   62.539901175687184   62.80719503315872
0.2400677917834628   58.89488913302317   59.20810140594711
0.24710548622244882   56.166216255948456   56.456418248170735
0.25434949381426813   54.0529327743896   54.265647534814754
0.2618058627210567   52.076760859370665   52.2037108406396
0.2694808184095226   49.802786547240075   49.88479165602986
0.27738076884870827   47.075944104300156   47.17383470482301
0.2855123098601282   44.03244098705223   44.207893324012986
0.29388223062474755   40.99787950718369   41.27296450229659
0.3024975193514008   38.33271683379725   38.68001497529752
0.31136536911138296   36.19521276257186   36.558683799212204
0.3204931838440838   34.47554836189139   34.80557049277209
0.32988858453867975   32.908546436084336   33.19290350234108
0.3395594155970457   31.231048391820597   31.496836586557375
0.34951375138319807   29.371239405496574   29.66608717740054
0.3597599029647371   27.471716584894192   27.821884275665067
0.37030642505191835   25.73125339202139   26.126472969224974
0.3811621231401457   24.256027706043383   24.660774769055404
0.3923360608618501   22.984312041826968   23.370089309844843
0.4038375675538918   21.761155350893702   22.130598343276063
0.41567624604680364   20.49275259817284   20.869937158061052
0.42786198068238046   19.215570383555484   19.619570711199913
0.4404049455663077   18.027927613171325   18.45434756045903
0.4533156130627191   16.977471768482285   17.405791655935605
0.4666047625377753   16.020405906263203   16.43941478693131
0.4802834893595659   15.086550988733851   15.504644819108908
0.49436321416184764   14.164258040048827   14.59271810937671
0.5088556923793517   13.292882883726676   13.731837945779507
0.5237730240626238   12.497945929615538   12.938204699051926
0.5391276639805903   11.759348922830007   12.196055509157723
0.5549324320192869   11.048729485625943   11.486424631131964
0.5712005238854289   10.368021793941802   10.810271127425523
0.5879455221237613   9.732995810769658   10.176871671096272
0.6051814074573895   9.14223405125623   9.584410534217076
0.622922570460556   8.582321785105158   9.02353522587091
0.6411838235736077   8.050792811700957   8.492380868046524
0.6599804134701901   7.552308009800342   7.993326484170783
0.6793280337869897   7.085647824660541   7.524508100521988
0.6992428382266549   6.645836841771084   7.082514768633682
0.7197414540448374   6.231486517395989   6.665919376969646
0.7408409959326054   5.841390696893299   6.273425666342545
0.7625590803058332   5.474370633108318   5.903784913327909
0.7849138400134885   5.129277846855679   5.555796205934138
0.8079239394770964   4.804996493752155   5.228306448418876
0.8316085902740278   4.500443494814489   4.920209103976187
0.8559875671776167   4.21452053122617   4.630415198890018
0.8810812246675007   3.946123382518602   4.357856689364459
0.9069105139239728   3.6942086604405806   4.101523339758748
0.9334970003205227   3.45779394844586   3.8604618403575586
0.960862881429187   3.235954254693952   3.6337728330619394
0.9890310055537336   3.02781867370144   3.4206080713017757
1.0180248908061487   2.8325673788228394   3.220167819321398
1.047868744742366   2.6494353575580756   3.031703738192993
1.0785874845736239   2.4777105787769207   2.8545173962804524
1.1102067579703248   2.316720304874369   2.687949004708129
1.1427529644757777   2.1658283371988563   2.5313748875620132
1.1762532775476793   2.024433282725319   2.3842057769804135
1.210735667245765   1.891966883106576   2.2458851618329128
1.246228923584555   1.767892394547571   2.11588768944747
1.2827626805706884   1.6517018654590234   1.993717447391047
1.3203674409449337   1.5429140168980031   1.8789063741012066
1.3590746016495152   1.4410752318591034   1.7710131868238805
1.3989164800420282   1.3457583350923048   1.669622033447707
1.4399263408778291   1.2565611511774917   1.5743411578147897
1.4821384240834183   1.1731051341000451   1.4848016215556905
1.525587973344019   1.0950340655526585   1.4006560819938694
1.5703112655292182   1.0220129109899003   1.3215778244009948
1.6163456409812174   0.9537267441398064   1.247259873669352
1.6637295346910133   0.8898793942181743   1.177413426412248
1.7125025083885144   0.8301923630462414   1.111766775735936
1.7627052835733923   0.7744038356832933   1.0500643680770358
1.814379775514258   0.7222677415813947   0.9920659044915553
1.8675691282445197   0.673552864033659   0.9375454850216074
1.922317750584177   0.6280419730637584   0.8862905594207869
1.9786713532176083   0.5855309847393414   0.8381007125417994
2.0366769868582977   0.5458282767336999   0.7927876672528366
2.0963830815323896   0.5087539829240281   0.7501747280333523
2.1578394870138577   0.4741393094237044   0.7100960892437297
2.2210975144450407   0.4418258876005074   0.6723961819352802
2.286209979177315   0.41166516228808286   0.6369290573578774
2.3532312448676476   0.38351778167586625   0.6035575660229452
2.4222172688678643   0.3572529634344387   0.5721521187242198
2.4932256489445366   0.33274810782666603   0.5425910938308182
2.5663156713684585   0.30988834398842396   0.5147606163887369
2.641548360413907   0.288566061959871   0.4885540603569962
2.7189865293089923   0.2686804716266354   0.4638715825859537
2.798694832679631   0.2501371871271734   0.4406196865750366
2.8807398205309562   0.23284786831777832   0.41871038673742134
2.9651899938111903   0.2167299856724851   0.39805901111411346
3.05211586160442   0.20170630833697314   0.378585827437278
3.1415899999999994   0.18770451276528516   0.36021657125409
