0.01   2936.714631484655   2936.647073834836
0.010293154462191829   2978.705682480927   2978.6365102078225
0.010594902878253955   3019.9114451575215   3019.8403988824107
0.010905497183778876   3060.236969954465   3060.1637200983464
0.011225196699963396   3099.5801586675475   3099.5044808053976
0.011554268350120923   3137.8363123840677   3137.7581176157087
0.011892986882540897   3174.8985921840504   3174.817913735474
0.012241635099881474   3210.654487580502   3210.5713078488307
0.012600504095286909   3244.9880870815273   3244.902243743848
0.012969893495426888   3277.782531262933   3277.6937118370333
0.013350111710660605   3308.9169289518277   3308.8247424630467
0.013741476192534558   3338.2642282474158   3338.168333223423
0.014144313698828986   3365.6969816165993   3365.5971019509384
0.01455896056637426   3391.087564394354   3390.983460601519
0.014985762991865008   3414.3039286538146   3414.1951971279286
0.01542507732090645   3435.21362108633   3435.099612797748
0.015877270345534218   3453.686548954571   3453.566368679987
0.016342719610456153   3469.5916297663543   3469.4642303366145
0.016821813728271667   3482.7962643121873   3482.660572488733
0.017314952703931925   3493.1721890854124   3493.027119317023
0.017822548268711737   3500.5958809624103   3500.4402942535667
0.01834502422397195   3504.94639934492   3504.7788906932046
0.018882816794999403   3506.1090854751565   3505.927927783768
0.019436374995219892   3503.9776490707363   3503.78080359086
0.02000616100108813   3498.455004454083   3498.2401390364057
0.020592650537967844   3489.4542258817933   3489.2187369130197
0.021196333277324068   3476.899611013901   3476.640644928313
0.02181771324555934   3460.7297382795996   3460.4442846381407
0.022457309244835088   3440.903487714586   3440.588639076581
0.02311565528622961   3417.3948179165377   3417.0478426420586
0.023793301035594242   3390.192829269713   3389.8112086442115
0.024490812272480036   3359.3169275516902   3358.898608907224
0.025208771362518027   3324.8128942898893   3324.3564771676843
0.0259477777436476   3286.740848213996   3286.24558472027
0.02670844842659881   3245.1888407817637   3244.6547579516773
0.027491418510046592   3200.293589229085   3199.7218026728788
0.028297341710866907   3152.2078955317197   3151.6006077868
0.029126890909937666   3101.0988399785583   3100.459331060346
0.029980758713939952   3047.1923236981897   3046.5254713625363
0.030859658033628758   2990.7471447640546   2990.059637556607
0.031764322679055976   2932.0223608749084   2931.322524555679
0.03269550797224261   2871.3132677355266   2870.6108018404884
0.033653991377811755   2808.9817705805017   2808.2874148814108
0.03464057315210884   2745.3830767496197   2744.708418219036
0.03565607701135116   2680.8659361742207   2680.2232074066815
0.036701350819364466   2615.839624859995   2615.2413140364342
0.03777726729548091   2550.720175915046   2550.1788065065375
0.038884724743189276   2485.8913312320506   2485.4193617765955
0.04002464780014597   2421.7320632123065   2421.3411682678543
0.041197988210172884   2358.6272762760495   2358.327417279248
0.04240572561788674   2296.926444767426   2296.7259418332937
0.04364886838662332   2236.965802197462   2236.8706831237782
0.04492845444033957   2179.1731918293517   2179.1830668222015
0.04624555213019635   2123.971921355   2124.0792453744625
0.04760126112654554   2071.7259275709403   2071.916767419724
0.04899671333706607   2022.574878389877   2022.8290122349567
0.05043307385181555   1976.501179648335   1976.792243562327
0.05191154191598653   1933.4748515664419   1933.7708337300317
0.053433351931179485   1893.3454599134434   1893.6089800902794
0.05499977448602865   1855.8785902776333   1856.0671251685899
0.05661211741704101   1820.833458428151   1820.8999047771565
0.05827172690053434   1787.834564190994   1787.7295259231264
0.05997998857658587   1756.4677592855098   1756.140570523244
0.06173832870592997   1726.2734950298602   1725.6747746735423
0.0635482153607709   1696.6821463718925   1695.7685541397636
0.06541115965050462   1667.1175301822448   1665.8537647787628
0.06732871698337338   1636.8735380196774   1635.24106408418
0.06930248836510605   1605.2284421064235   1603.229141287509
0.07133412173562886   1571.4392625181667   1569.1051277323916
0.07342531334496233   1534.7858779320486   1532.184586615465
0.07557780916945323   1494.7067201262169   1491.9412063352595
0.07779340636952398   1450.8123015566775   1448.0191285056035
0.08007395479015682   1403.0212707477428   1400.375606262864
0.08242135850536496   1351.5363824157068   1349.2505755208495
0.08483757740794096   1296.9119016577358   1295.205716676767
0.08732462884580919   1239.9346915191186   1239.016919098687
0.08988458930634863   1181.627519972694   1181.6954112838955
0.09251959615009227   1123.1251483113233   1124.3493936661
0.09523184939525078   1065.6715163596923   1068.1715695828746
0.09802361355455057   1010.4637671319563   1014.2965851118356
0.10089721952591899   958.7311654628005   963.8721358848154
0.10385506653859616   911.5155030803033   917.856860909449
0.10689962415629803   869.6774554178483   877.0225171329331
0.11003343433910281   833.6431884005844   841.7144360495785
0.11325911356578279   803.445784236211   811.8990317268565
0.11657935501835284   778.5107914649385   786.9961888033057
0.11999693083066039   757.8669754713601   766.0601890410554
0.12351469440289359   740.1126307088709   747.7468202773147
0.12713558278394044   723.626002772751   730.5589445533356
0.13086261912358757   706.714611231531   712.9711198803694
0.13469891519660646   687.7850169691382   693.5671417482382
0.13864767400083483   665.6075715812552   671.2828090362268
0.14271219243142114   639.5239474717672   645.608512245887
0.14689586403346616   609.5911991525967   616.6900202183795
0.1512021818353596   576.6108163728208   585.2888120753976
0.15563474126517718   542.0121620697315   552.7126098345632
0.16019724315257297   507.6688809386315   520.6009882967448
0.1648934968186736   475.60998727710285   490.6719827773127
0.1697274232565544   447.58522953599135   464.37252464139937
0.17470305840495237   424.5878259274648   442.4499255389631
0.17982455651794954   406.5960935668265   424.7569678058487
0.18509619363343993   392.69230324687754   410.47095356360535
0.19052237114327647   381.3597918500311   398.25946310493464
0.19610761946807834   370.7036856573783   386.5483272174173
0.20185660183976684   358.73877720171373   373.82087612982934
0.20777411819498756   344.0153021479877   358.9658791515389
0.21386510918267082   326.2670985437121   341.8709258005641
0.22013466028907505   306.45532483742363   323.4167995309442
0.22658800608375756   286.266566299108   304.9203381700709
0.23323053459001789   267.5673864000795   287.77645348618097
0.2400677917834628   251.83808868720592   272.98302922079597
0.24710548622244882   239.5775256077745   260.8488934748645
0.25434949381426813   230.1345118927143   250.77913851178258
0.2618058627210567   222.02526914344605   241.6915706795352
0.2694808184095226   213.51289166295066   232.4005586691346
0.27738076884870827   203.38562844732215   222.08473963907204
0.2855123098601282   191.66328811168356   210.94039648139906
0.29388223062474755   179.36077374631532   199.6341123466016
0.3024975193514008   167.88668004399756   189.052706532406
0.31136536911138296   158.31344354770573   179.84026711942624
0.3204931838440838   150.71381166857404   171.909337861104
0.32988858453867975   144.21176894364447   164.72929482071302
0.3395594155970457   137.64124361105567   157.63171924365727
0.34951375138319807   130.2816893316049   150.22436455186207
0.3597599029647371   122.35442588248956   142.6868175073137
0.37030642505191835   114.72598344013886   135.50944216328736
0.3811621231401457   108.11349805968383   129.00348099360295
0.3923360608618501   102.57059808888556   123.15129709542906
0.4038375675538918   97.50985568768297   117.65636168656333
0.41567624604680364   92.2962683881527   112.22021720222875
0.42786198068238046   86.83808747524508   106.82363306445282
0.4404049455663077   81.55908813571929   101.66833691925483
0.4533156130627191   76.86414563935242   96.8875791879389
0.4666047625377753   72.71627719820673   92.45446620679375
0.4802834893595659   68.7553164799771   88.22026796416955
0.49436321416184764   64.75889837041962   84.1010267923198
0.5088556923793517   60.86891002709095   80.1521509475708
0.5237730240626238   57.3069381666298   76.44531440251193
0.5391276639805903   54.06415581423073   72.95811155941527
0.5549324320192869   50.95931171438778   69.6289311833551
0.5712005238854289   47.92631549287902   66.43469469212454
0.5879455221237613   45.062274953823   63.402193359602
0.6051814074573895   42.41971650528137   60.54097876254501
0.622922570460556   39.9285623003757   57.82171066460869
0.6411838235736077   37.536039396592265   55.22429473474921
0.6599804134701901   35.27808651474392   52.757496986914525
0.6793280337869897   33.167369042071236   50.42402629070229
0.6992428382266549   31.174612981894317   48.20559384344336
0.7197414540448374   29.291737181588882   46.09547291053451
0.7408409959326054   27.51423985968387   44.08903540898066
0.7625590803058332   25.837623327380754   42.18178641975896
0.7849138400134885   24.257418507478917   40.369368146253855
0.8079239394770964   22.769195076140225   38.64755074856887
0.8316085902740278   21.368263543242623   37.01189097160449
0.8559875671776167   20.04974134814406   35.45775104500895
0.8810812246675007   18.808986583938136   33.98073565659318
0.9069105139239728   17.64160882287472   32.5767015451259
0.9334970003205227   16.543455899453324   31.241742392640848
0.960862881429187   15.510601376582398   29.97217465507559
0.9890310055537336   14.539332659482707   28.76452427135653
1.0180248908061487   13.626147268011549   27.615503059845157
1.047868744742366   12.767781303496244   26.52193639235584
1.0785874845736239   11.961157857822222   25.480807372926737
1.1102067579703248   11.203355574824934   24.489279193110136
1.1427529644757777   10.49160205942892   23.54468362607161
1.1762532775476793   9.823267535005971   22.64451020479039
1.210735667245765   9.195858672867883   21.78639614217224
1.246228923584555   8.607012572405049   20.96811662545722
1.2827626805706884   8.05448627370583   20.18751576560443
1.3203674409449337   7.536147334241136   19.442439263695366
1.3590746016495152   7.0499791749019165   18.730856846818142
1.3989164800420282   6.594076773505451   18.050871106743333
1.4399263408778291   6.166641032857226   17.400707913779566
1.4821384240834183   5.765973394587202   16.77870759047981
1.525587973344019   5.390470690775124   16.183316780154367
1.5703112655292182   5.038620276482346   15.613077264404172
1.6163456409812174   4.708996023975424   15.06656693880645
1.6637295346910133   4.400253453041147   14.542414109979536
1.7125025083885144   4.1111247915434985   14.03933901622627
1.7627052835733923   3.8404149330642543   13.556148368073202
1.814379775514258   3.5869975988273457   13.091729099399574
1.8675691282445197   3.349811678042904   12.645042627203454
1.922317750584177   3.1278577401674927   12.215119574402612
1.9786713532176083   2.920194399652102   11.801037982054401
2.0366769868582977   2.725934260962945   11.401865932729637
2.0963830815323896   2.544242195641406   11.016719896074397
2.1578394870138577   2.374332831639863   10.644781694246765
2.2210975144450407   2.2154677581145066   10.285293859278982
2.286209979177315   2.066952874947866   9.93755537673907
2.3532312448676476   1.9281358803943303   9.600917778129016
2.4222172688678643   1.7984039067778452   9.274782258120908
2.4932256489445366   1.677182061059151   8.958632397994052
2.5663156713684585   1.5639313844028928   8.652042095806964
2.641548360413907   1.4581455164911112   8.354617124665868
2.7189865293089923   1.3593487567529188   8.06598867190085
2.798694832679631   1.2670943308311764   7.78581174600121
2.8807398205309562   1.1809627453031197   7.513763681514202
2.9651899938111903   1.1005602269264902   7.2495427339794585
3.05211586160442   1.0255168609056458   6.9928564104968505
3.1415899999999994   0.9554823716881585   6.743339419897195
