0.01   14935.465444989823   14932.794191108656
0.010293154462191829   15093.316147091808   15090.405658582427
0.010594902878253955   15244.943885411898   15241.77382257742
0.010905497183778876   15389.85691427201   15386.404433059586
0.011225196699963396   15527.560063800762   15523.7997154432
0.011554268350120923   15657.552575643856   15653.456422300227
0.011892986882540897   15779.303435116222   15774.841717298461
0.012241635099881474   15892.27289599423   15887.41433301785
0.012600504095286909   15995.92547432921   15990.637334557641
0.012969893495426888   16089.714361808517   16083.961668038832
0.013350111710660605   16173.07885161917   16166.823354904574
0.013741476192534558   16245.46867843924   16238.668907536798
0.014144313698828986   16306.340760721017   16298.951994081675
0.01455896056637426   16355.133645728034   16347.107247118945
0.014985762991865008   16391.296343915925   16382.579742541775
0.01542507732090645   16414.30173503159   16404.83866907706
0.015877270345534218   16423.630833291125   16413.360834104988
0.016342719610456153   16418.775843384283   16407.633745414405
0.016821813728271667   16399.26447368596   16387.180832145943
0.017314952703931925   16364.659915457596   16351.561139283027
0.017822548268711737   16314.550721487141   16300.358193314783
0.01834502422397195   16248.570194245463   16233.200631423728
0.018882816794999403   16166.405497504396   16149.771757661709
0.019436374995219892   16067.806296512665   16049.818304747347
0.02000616100108813   15952.587741530442   15933.153490949351
0.020592650537967844   15820.629774619572   15799.656369149761
0.021196333277324068   15671.895511864997   15649.291158993014
0.02181771324555934   15506.464447993005   15482.14224323192
0.022457309244835088   15324.494658283034   15298.374088153916
0.02311565528622961   15126.221992515613   15098.230337612464
0.023793301035594242   14912.048557007152   14882.12761853297
0.024490812272480036   14682.508935860298   14650.619579297365
0.025208771362518027   14438.198478475686   14404.32073395984
0.0259477777436476   14179.847398000704   14143.983232819346
0.02670844842659881   13908.42461080831   13870.604443516191
0.027491418510046592   13624.955426665134   13585.237650928884
0.028297341710866907   13330.51260715241   13288.98235968308
0.029126890909937666   13026.465457457554   12983.23898362384
0.029980758713939952   12714.326315634407   12669.551528977601
0.030859658033628758   12395.563838206894   12349.416535433658
0.031764322679055976   12071.756858928298   12024.43856184313
0.03269550797224261   11744.732286717172   11696.469440446963
0.033653991377811755   11416.234334074288   11367.27392228833
0.03464057315210884   11087.945537038951   11038.548252528139
0.03565607701135116   10761.953603581176   10712.37219861429
0.036701350819364466   10440.399763850219   10390.86875594413
0.03777726729548091   10125.192430507474   10075.927462456591
0.038884724743189276   9817.896796222845   9769.093198491539
0.04002464780014597   9519.686455783303   9471.517585800544
0.041197988210172884   9231.557227998877   9184.175361345857
0.04240572561788674   8954.5335509365   8908.054168489993
0.04364886838662332   8690.587909588676   8644.985106159551
0.04492845444033957   8441.859737496556   8396.939592898476
0.04624555213019635   8210.134981314193   8165.55549298374
0.04760126112654554   7995.477094665047   7950.801054712744
0.04899671333706607   7796.6050535195   7751.342079195815
0.05043307385181555   7612.296521828995   7565.907611287833
0.05191154191598653   7441.240396244892   7393.134157227406
0.053433351931179485   7282.060116275648   7231.589918504449
0.05499977448602865   7133.399362406987   7079.874338125079
0.05661211741704101   6993.281808853398   6936.034785380273
0.05827172690053434   6859.520389825874   6797.940609623414
0.05997998857658587   6729.768743757102   6663.348342185344
0.06173832870592997   6601.144776541123   6529.581393218366
0.0635482153607709   6470.77938161098   6394.011145591224
0.06541115965050462   6335.277714745584   6253.656934747277
0.06732871698337338   6191.227562146505   6105.586090663014
0.06930248836510605   6035.533147743164   5947.291716831867
0.07133412173562886   5865.511002162196   5776.731187814453
0.07342531334496233   5679.528374391153   5592.805149634039
0.07557780916945323   5477.062253188638   5395.392816294853
0.07779340636952398   5259.101112025188   5185.790643403921
0.08007395479015682   5028.008196178979   4966.54256004506
0.08242135850536496   4787.3557337542   4741.018802634662
0.08483757740794096   4541.437014283175   4513.049679010795
0.08732462884580919   4295.155560087527   4286.948572850312
0.08988458930634863   4053.596243305922   4067.0023763914146
0.09251959615009227   3822.147759386658   3857.4295881062944
0.09523184939525078   3605.6662488445754   3661.910458690237
0.09802361355455057   3408.8853897088734   3483.8277780690146
0.10089721952591899   3235.2420182152227   3325.413655338678
0.10385506653859616   3086.7978105157626   3187.561391303131
0.10689962415629803   2963.423609108433   3069.559075003949
0.11003343433910281   2863.06056801047   2969.2512224507695
0.11325911356578279   2781.400352163496   2882.7928344045954
0.11657935501835284   2712.881082319295   2805.5929355794815
0.11999693083066039   2650.7622001582927   2732.6546508852425
0.12351469440289359   2588.0423116636   2659.1250371148794
0.12713558278394044   2518.08695677637   2580.6753174224905
0.13086261912358757   2435.555237545364   2494.0893972821877
0.13469891519660646   2337.4733387893148   2398.0962971151553
0.13864767400083483   2223.709505365942   2293.579707913153
0.14271219243142114   2097.0887137723525   2183.1726735725874
0.14689586403346616   1963.0453150767794   2070.2868678200257
0.1512021818353596   1829.0045622126652   1959.8949251639528
0.15563474126517718   1703.251014431492   1857.0447471975679
0.16019724315257297   1593.0810502479135   1764.9533727224198
0.1648934968186736   1502.7898753284094   1685.1483664532543
0.1697274232565544   1432.6233097458912   1617.6960490251479
0.17470305840495237   1379.3503944727745   1559.478753151229
0.17982455651794954   1337.4480116460334   1507.300281972601
0.18509619363343993   1299.7244887972527   1457.5399891339448
0.19052237114327647   1258.2143239402353   1406.1924884338537
0.19610761946807834   1206.7083685681794   1351.1740644665465
0.20185660183976684   1143.4991994628058   1293.1635163213443
0.20777411819498756   1071.6481533069575   1232.851816632847
0.21386510918267082   997.1633209471977   1173.49706482761
0.22013466028907505   927.1409005856194   1117.7636946649125
0.22658800608375756   867.6284071356404   1067.5461898384292
0.23323053459001789   821.1906356570513   1023.266835847487
0.2400677917834628   785.9949959971991   983.5881697824589
0.24710548622244882   757.0440834265438   946.7074173278623
0.25434949381426813   727.7935225464629   910.3915229329397
0.2618058627210567   693.2976009474442   873.6569079237689
0.2694808184095226   652.8205192027755   836.5534807077796
0.27738076884870827   609.4245439612081   800.4372780428563
0.2855123098601282   568.0479657071062   765.8067225351358
0.29388223062474755   533.0045863934089   734.351212623316
0.3024975193514008   505.2305046405258   704.8108870482657
0.31136536911138296   482.15631143070226   677.3465497817897
0.3204931838440838   459.7361739023521   650.9484899495804
0.32988858453867975   434.9515653230407   625.0268640503658
0.3395594155970457   407.9304786296419   599.8248422154372
0.34951375138319807   381.3661126615366   575.6766106031031
0.3597599029647371   357.9220612401979   552.9587639907946
0.37030642505191835   338.2983517110261   531.536395776623
0.3811621231401457   320.8588745502402   511.27688492587464
0.3923360608618501   303.3540949037333   491.8127643742778
0.4038375675538918   285.05454931907093   472.9494678270675
0.41567624604680364   267.07229957358527   454.8996906023363
0.42786198068238046   250.84491001154458   437.8182573609088
0.4404049455663077   236.57292623936632   421.6601503665057
0.4533156130627191   223.2407988979395   406.2240530790865
0.4666047625377753   209.95420128361297   391.35435427877087
0.4802834893595659   196.9353976544245   377.1125142525949
0.49436321416184764   184.88461343378057   363.54966726196176
0.5088556923793517   173.94966249645782   350.68666147891054
0.5237730240626238   163.63281916704958   338.36414065265154
0.5391276639805903   153.61404129541717   326.5389834641862
0.5549324320192869   144.0999317022827   315.2253896027426
0.5712005238854289   135.30415448612743   304.44664184275734
0.5879455221237613   127.08113727645697   294.14403203146986
0.6051814074573895   119.23249251415045   284.2472223276911
0.622922570460556   111.8140544274822   274.76562421545583
0.6411838235736077   104.87193908261692   265.7043334583152
0.6599804134701901   98.34362471364496   257.0156901933096
0.6793280337869897   92.20192708731946   248.67628949511007
0.6992428382266549   86.42532744760751   240.6678181920089
0.7197414540448374   80.99341155679141   232.97306920961253
0.7408409959326054   75.88681913053412   225.57586810777806
0.7625590803058332   71.08719519437028   218.46100502539733
0.7849138400134885   66.5771436673137   211.61416648983894
0.8079239394770964   62.34024016550078   205.02101221782033
0.8316085902740278   58.36103224261339   198.66629617877797
0.8559875671776167   54.624867995995224   192.53560681071784
0.8810812246675007   51.117845249885406   186.61554473109678
0.9069105139239728   47.826779796438835   180.89365177624273
0.9334970003205227   44.73917445934131   175.35834602949723
0.960862881429187   41.84318900342998   169.9988622698374
0.9890310055537336   39.12760940643441   164.8051871506102
1.0180248908061487   36.58178352341725   159.76775433729293
1.047868744742366   34.19560275380277   154.87741589350549
1.0785874845736239   31.95952070694012   150.12569903759137
1.1102067579703248   29.864526815554722   145.5047777878384
1.1427529644757777   27.90211883453927   141.00743250301196
1.1762532775476793   26.06427656601971   136.62701253057787
1.210735667245765   24.3434367692519   132.35740163845682
1.246228923584555   22.73246981282382   128.19300099698438
1.2827626805706884   21.22466147480374   124.12882329385113
1.3203674409449337   19.813687176835998   120.16038243912111
1.3590746016495152   18.49358793364062   116.28358307652073
1.3989164800420282   17.258750889800208   112.49469668825799
1.4399263408778291   16.103890798976845   108.79033987394158
1.4821384240834183   15.0240323747822   105.16745373237326
1.525587973344019   14.014493481195293   101.62328421675444
1.5703112655292182   13.070868268579211   98.15552872211968
1.6163456409812174   12.189009533738211   94.76282673136757
1.6637295346910133   11.365017769978882   91.44413252478007
1.7125025083885144   10.59522835056648   88.19849533514075
1.7627052835733923   9.876198249243469   85.02505072735158
1.814379775514258   9.204693446382276   81.92301222501249
1.8675691282445197   8.577676990199354   78.89166317550165
1.922317750584177   7.992297676565507   75.93035064715707
1.9786713532176083   7.445878306704689   73.03875445003962
2.0366769868582977   6.935904839784682   70.21711902297223
2.0963830815323896   6.460019076563806   67.46566755007431
2.1578394870138577   6.0160097390889185   64.7845246424677
2.2210975144450407   5.601803748244305   62.173718465906724
2.286209979177315   5.215457987043222   59.633183055240174
2.3532312448676476   4.855151524953627   57.16276080532087
2.4222172688678643   4.519178374932012   54.762222526993746
2.4932256489445366   4.205942753692214   52.43168293282953
2.5663156713684585   3.9139519028034577   50.17153883261315
2.641548360413907   3.6418072182095083   47.9819787584736
2.7189865293089923   3.3881985190145945   45.86297385957909
2.798694832679631   3.1518987612074216   43.81429336963223
2.8807398205309562   2.9317590427887126   41.83551991544315
2.9651899938111903   2.7267038861961934   39.92606458458064
3.05211586160442   2.535725923696273   38.08514119197056
3.1415899999999994   2.3578752545578423   36.31146494579053
