0.01   13980.065462149976   13970.152679760953
0.010293154462191829   14187.493301619823   14176.59192044131
0.010594902878253955   14391.917874538274   14379.934181762663
0.010905497183778876   14592.924364517283   14579.757289715206
0.011225196699963396   14790.08118818472   14775.621598935737
0.011554268350120923   14982.92721078271   14967.056006597435
0.011892986882540897   15170.988532968437   15153.576223519973
0.012241635099881474   15353.781520224107   15334.68811977846
0.012600504095286909   15530.796458906241   15509.870821858563
0.012969893495426888   15701.504878371203   15678.584323643838
0.013350111710660605   15865.372882471853   15840.283313566108
0.013741476192534558   16021.851845396315   15994.406947398855
0.014144313698828986   16170.367113743674   16140.3664637474
0.01455896056637426   16310.340378910952   16277.56950587984
0.014985762991865008   16441.192106075865   16405.42255090382
0.01542507732090645   16562.323115396932   16523.309772772944
0.015877270345534218   16673.128827702134   16630.60904280691
0.016342719610456153   16773.013202875478   16726.707569413666
0.016821813728271667   16861.379390260427   16810.99160476493
0.017314952703931925   16937.62524403414   16882.84147618269
0.017822548268711737   17001.164902327055   16941.65507786459
0.01834502422397195   17051.432155997132   16986.85090695322
0.018882816794999403   17087.874243934803   17017.858548138458
0.019436374995219892   17109.96332449792   17034.1331669877
0.02000616100108813   17117.20487847616   17035.1657535603
0.020592650537967844   17109.146648970014   17020.49225820315
0.021196333277324068   17085.383552631924   16989.698772704436
0.02181771324555934   17045.555696938278   16942.41996685829
0.022457309244835088   16989.36193197642   16878.353971809593
0.02311565528622961   16916.595800185063   16797.301850413016
0.023793301035594242   16827.116135665452   16699.134988014786
0.024490812272480036   16720.841927802077   16583.789234653814
0.025208771362518027   16597.82389555042   16451.342718698965
0.0259477777436476   16458.236601655422   16302.006869482633
0.02670844842659881   16302.313048121232   16136.054876738845
0.027491418510046592   16130.398029200513   15953.880655078581
0.028297341710866907   15943.058850887623   15756.12097468868
0.029126890909937666   15740.93732744223   15543.490807370155
0.029980758713939952   15524.729690267903   15316.759846916872
0.030859658033628758   15295.378198413553   15076.953221202722
0.031764322679055976   15053.98505200782   14825.259798456842
0.03269550797224261   14801.655874581083   14562.867121075064
0.033653991377811755   14539.637818866802   14291.105405776403
0.03464057315210884   14269.483845036033   14011.61804566112
0.03565607701135116   13992.735922203412   13726.029478550408
0.036701350819364466   13710.902014082701   13435.918872806946
0.03777726729548091   13425.689954039597   13143.046906032412
0.038884724743189276   13138.84466795576   12849.19660899154
0.04002464780014597   12851.996289089133   12556.02577483026
0.041197988210172884   12566.768584369553   12265.162007495077
0.04240572561788674   12284.843368396376   11978.259287326635
0.04364886838662332   12007.77705023824   11696.838583348415
0.04492845444033957   11737.05244746075   11422.323347870786
0.04624555213019635   11474.41798313182   11156.280260903091
0.04760126112654554   11221.609210061051   10900.226024881951
0.04899671333706607   10980.149126778708   10655.477247301107
0.05043307385181555   10750.565377251954   10422.38237744453
0.05191154191598653   10532.60462542771   10200.534614651147
0.053433351931179485   10325.971444747966   9989.498618478108
0.05499977448602865   10129.854262588438   9788.373672227199
0.05661211741704101   9943.029265051957   9595.891009719919
0.05827172690053434   9764.262829475561   9410.790663313912
0.05997998857658587   9591.794977994574   9231.381383692182
0.06173832870592997   9423.691719474167   9055.843975978452
0.0635482153607709   9257.885766342502   8882.309049774049
0.06541115965050462   9091.893240113146   8708.662782538506
0.06732871698337338   8923.24514013366   8532.857921700495
0.06930248836510605   8749.0436026844   8352.677059637654
0.07133412173562886   8566.373753135134   8165.970376601675
0.07342531334496233   8372.40012765815   7970.769174451563
0.07557780916945323   8164.489591002636   7765.350491211659
0.07779340636952398   7940.849494022613   7548.8709629549585
0.08007395479015682   7700.577583953707   7321.3586773934
0.08242135850536496   7444.171922596621   7083.8140395205955
0.08483757740794096   7173.4347968359825   6838.11059910825
0.08732462884580919   6891.604414361041   6587.082433912132
0.08988458930634863   6602.8380504179395   6334.131606647065
0.09251959615009227   6312.105519637615   6083.096294534964
0.09523184939525078   6024.605114119848   5837.745839511919
0.09802361355455057   5745.7406541949895   5601.640471909603
0.10089721952591899   5480.465772827768   5377.845729602527
0.10385506653859616   5233.570743030032   5168.972862449386
0.10689962415629803   5008.848523731395   4976.886900832016
0.11003343433910281   4809.011984589385   4802.5763132874
0.11325911356578279   4634.729497764099   4645.506731184131
0.11657935501835284   4484.736113115035   4503.816924398115
0.11999693083066039   4355.095204899743   4374.694857016069
0.12351469440289359   4240.2512980640395   4254.554805658858
0.12713558278394044   4133.102321214683   4138.855165080003
0.13086261912358757   4026.2450172683   4023.615278067839
0.13469891519660646   3912.694944729634   3905.6976359876203
0.13864767400083483   3786.7970123539158   3782.9887618672387
0.14271219243142114   3645.244935724603   3654.4926486828654
0.14689586403346616   3487.681757930232   3520.643923754947
0.1512021818353596   3316.9365359880867   3383.5911172498245
0.15563474126517718   3138.641398136057   3246.9643405124284
0.16019724315257297   2960.281088674985   3113.8359133174868
0.1648934968186736   2790.153899566847   2987.2120169808854
0.1697274232565544   2636.0668753176833   2870.002853663263
0.17470305840495237   2503.5771591681605   2763.433969394562
0.17982455651794954   2394.199167190693   2666.577225592528
0.18509619363343993   2304.7870617780786   2578.1074609137977
0.19052237114327647   2228.7472188342094   2495.070832001129
0.19610761946807834   2158.00774632912   2414.394211606214
0.20185660183976684   2084.4398969463064   2334.393479729407
0.20777411819498756   2001.3208998896387   2253.5671614257394
0.21386510918267082   1905.7892952165378   2171.6800372538887
0.22013466028907505   1800.6111168302673   2089.861523533589
0.22658800608375756   1692.8133709682058   2010.830891401543
0.23323053459001789   1590.4306197328717   1935.5303100063757
0.2400677917834628   1500.0557316934458   1865.224836643111
0.24710548622244882   1424.9934990813238   1799.0545347157251
0.25434949381426813   1363.712785464959   1737.5348609463563
0.2618058627210567   1310.4729234915862   1678.328862539367
0.2694808184095226   1257.973941966976   1620.988256569712
0.27738076884870827   1200.3648086729595   1565.3802790040031
0.2855123098601282   1136.1492763227002   1510.3551230699475
0.29388223062474755   1068.9157828385696   1456.978705226881
0.3024975193514008   1004.4759912716617   1406.2508375701166
0.31136536911138296   947.6604707961715   1357.6804525211664
0.3204931838440838   899.9995987757964   1312.0186262023794
0.32988858453867975   858.6761797367858   1268.3015058650114
0.3395594155970457   818.7473838336884   1226.32147124668
0.34951375138319807   776.6610061414124   1185.6255968950718
0.3597599029647371   732.2785442432203   1146.0758762608307
0.37030642505191835   688.7044139925766   1108.2762643560968
0.3811621231401457   649.3253030091909   1072.2136646209747
0.3923360608618501   614.9783545451642   1037.8386823589776
0.4038375675538918   583.7951025329211   1004.9429901772538
0.41567624604680364   553.0330452604323   973.2363268492494
0.42786198068238046   521.6560825597895   942.5785608028838
0.4404049455663077   490.9781236459547   913.0593712868961
0.4533156130627191   462.7904834685027   884.8521572579862
0.4666047625377753   437.38558906905433   857.9292758255428
0.4802834893595659   413.5114392831325   832.0902501733598
0.49436321416184764   390.04295895342466   807.1539465301645
0.5088556923793517   367.16814031394017   783.0203380498351
0.5237730240626238   345.79426100937303   759.9079229361837
0.5391276639805903   326.10530141924664   737.7669915687812
0.5549324320192869   307.48531280661865   716.443431739546
0.5712005238854289   289.49656647572243   695.7934482031661
0.5879455221237613   272.3819049898274   675.8873968205214
0.6051814074573895   256.41701735393104   656.7430651991613
0.622922570460556   241.4126964007272   638.2900447005843
0.6411838235736077   227.10534409888254   620.4006912494317
0.6599804134701901   213.53935010308638   603.1117634958915
0.6793280337869897   200.80950511062954   586.4171778540498
0.6992428382266549   188.8092482448716   570.2264071264373
0.7197414540448374   177.4715486568332   554.5237189570449
0.7408409959326054   166.7632053038063   539.2990969352596
0.7625590803058332   156.6562222795065   524.5206418429035
0.7849138400134885   147.123124654558   510.1586664195644
0.8079239394770964   138.13701283008533   496.1856682599831
0.8316085902740278   129.6716013672196   482.57620289234103
0.8559875671776167   121.7001592404719   469.3071041174053
0.8810812246675007   114.19549128698024   456.3574553615438
0.9069105139239728   107.13169296928515   443.70799479055387
0.9334970003205227   100.48421410801063   431.34098761278415
0.960862881429187   94.22979265428853   419.2401432705983
0.9890310055537336   88.34639146504814   407.390538722393
1.0180248908061487   82.81313795616592   395.778547114734
1.047868744742366   77.61030549271719   384.39186923378065
1.0785874845736239   72.71941742821984   373.2199031806724
1.1102067579703248   68.12300457791744   362.25326652952646
1.1427529644757777   63.804478359334325   351.483536458889
1.1762532775476793   59.748093854258066   340.9032005217908
1.210735667245765   55.93891392742615   330.5056096223005
1.246228923584555   52.362774329482725   320.28493265660853
1.2827626805706884   49.006249092267886   310.2361495030146
1.3203674409449337   45.856591425382746   300.3564278762498
1.3590746016495152   42.90170225817193   290.6453084127159
1.3989164800420282   40.1301385032604   281.10267304986644
1.4399263408778291   37.53108365780292   271.72858095219124
1.4821384240834183   35.09431688133598   262.5232474947825
1.525587973344019   32.810183353313846   253.4870235135288
1.5703112655292182   30.669565875326505   244.6203748465947
1.6163456409812174   28.66385782345138   235.92436170187617
1.6637295346910133   26.784937667370702   227.40265089141732
1.7125025083885144   25.02514342350133   219.05935803333432
1.7627052835733923   23.37724863142884   210.8980833621883
1.814379775514258   21.834439683700374   202.92192402006035
1.8675691282445197   20.390294180924126   195.13348810200125
1.922317750584177   19.038760277054067   187.53490964264216
1.9786713532176083   17.774136843124158   180.12788575677789
2.0366769868582977   16.591050123492465   172.91442611940525
2.0963830815323896   15.484436222239871   165.89691351199775
2.1578394870138577   14.44953064283918   159.07711186487904
2.2210975144450407   13.481852076226856   152.45613742897024
2.286209979177315   12.577186587913289   146.0344977942527
2.3532312448676476   11.731572613733926   139.81213098859212
2.4222172688678643   10.941286728216024   133.78844442260757
2.4932256489445366   10.202831984035408   127.96244526197846
2.5663156713684585   9.512931582500235   122.33312173596967
2.641548360413907   8.868508292895564   116.89908858857373
2.7189865293089923   8.266670101902136   111.65846900671981
2.798694832679631   7.704699868682687   106.60894041432765
2.8807398205309562   7.180045494786077   101.74777885416587
2.9651899938111903   6.6903105869954755   97.0719017289509
3.05211586160442   6.233245104428738   92.57788298791459
3.1415899999999994   5.806722222792957   88.26119408048001
